3831826871 -22779609 -43649830 3831826865 3831826873
3831826869 -22779568 -43649321 3831826865 3831826867
3831826867 -22779554 -43649083 3831826869 3831826864
3831826865 -22779548 -43649575 3831826871 3831826869
3831826864 -22779522 -43648982 3831826867 3831826861
3831826861 -22779472 -43648543 3831826860 3831826864
3831826860 -22779470 -43648391 3831826852 3831826861
3831826852 -22779393 -43648170 3831826860 3831826841
3831826841 -22779304 -43647930 3831826852 3831826831
3831826831 -22779196 -43647738 3831826841 3831826826
3831826826 -22779088 -43647599 3831826831 3831826818
3831826818 -22779009 -43647542 3831826826 3831826813
3831826813 -22778919 -43647538 3831826818 3831826802
3831826802 -22778694 -43647529 3831826787 3831826813
3831826787 -22778373 -43647546 3831826781 3831826802
3831826781 -22778302 -43647533 3831826787 3831826770
3831826773 -22778217 -43645204 3831826769 3831826772
3831826772 -22778215 -43645082 3831826773 3831826768
3831826770 -22778212 -43647502 3831826781 3831826656
3831826769 -22778207 -43645282 3831826773 3831826767
3831826768 -22778190 -43644955 3831826772 1314098049
3831826767 -22778178 -43645366 3831826761 3831826769
1314098049 -22778156 -43644797 3831826768 1314098273
1314098273 -22778139 -43644665 3782772571 1314098049
3831826761 -22778116 -43645485 3831826757 3831826767
3831826757 -22778070 -43645597 3831826655 3831826761
3831826656 -22778064 -43647408 3831826630 3831826770
3831826655 -22778049 -43645697 3831826651 3831826757
3831826651 -22778018 -43645908 3831826655 3831826649
3831826649 -22778000 -43645995 3831826646 3831826651
3831826646 -22777962 -43646082 3831826640 3831826649
3831826640 -22777885 -43646202 3831826631 3831826646
3782772571 -22777785 -43641945 1314098273
3831826634 -22777779 -43649894 3831826619
3831826631 -22777757 -43646419 3831826640 3831826627
3831826630 -22777751 -43647233 3831826656 3831826625
3831826627 -22777710 -43646542 3831826631 3831826623
3831826625 -22777696 -43647183 3831826630 3831826622
3831826623 -22777676 -43646682 3831826621 3831826627
3831826622 -22777653 -43647112 3831826617 3831826625
3831826621 -22777641 -43646813 3831826612 3831826623
3831826617 -22777619 -43647002 3831826622 3831826612
3831826612 -22777582 -43646947 3831826617 3831826605 3831826621
3831826605 -22777533 -43647022 3831826601 3831826612
3831826601 -22777460 -43647133 3831826595 3831826605
3831826595 -22777368 -43647219 3831826591 3831826601
3831826591 -22777302 -43647272 3831826595 3831826586
3831826586 -22777239 -43647353 3831826591 3831826583
3831826583 -22777190 -43647452 3831826581 3831826586
3831826581 -22777139 -43647583 3831826580 3831826583
3831826580 -22777112 -43647713 3831826579 3831826581
3831826579 -22777101 -43647828 3831826578 3831826580
3831826578 -22777096 -43648034 3831826577 3831826579
3831826577 -22777083 -43648265 3831826576 3831826578
3831826576 -22777043 -43648671 3831826575 3831826577
3831826575 -22777007 -43648986 3831826573 3831826576
3831826573 -22776986 -43649083 3831826570 3831826575
3831826570 -22776963 -43649153 3831826557 3831826573
3831826560 -22776840 -43649965 3831826564 3831826456
3831826557 -22776816 -43649451 3831826454 3831826570
3831826456 -22776803 -43649889 3831826560 3831826453
3831826454 -22776790 -43649526 3831826557 3831826450
3831826453 -22776784 -43649817 3831826451 3831826456
3831826451 -22776774 -43649716 3831826453 3831826450
3831826450 -22776774 -43649611 3831826451 3831826454
3831826230 -22773839 -43648014 3831826194
3831826194 -22773339 -43648002 3831826180 3831826230
3831826180 -22773142 -43647986 3831826166 3831826194
3831826166 -22772949 -43647941 3831826157 3831826180
3831826157 -22772817 -43647908 3831826166 3831826050
3831826050 -22772739 -43647907 3831826044 3831826157
3831826044 -22772611 -43647947 3831826033 3831826050
3831826033 -22772347 -43648058 3831826009 3831826044
3831826009 -22772051 -43648197 3831825983 3831826033
3831825983 -22771634 -43648396 3831826009 3831825978
3831825978 -22771565 -43648413 3831825983 3831825975
3831825975 -22771509 -43648385 3831825971 3831825978
3831825971 -22771460 -43648321 3831825966 3831825975
3831825966 -22771378 -43648100 3831825971 3831825965
3831825965 -22771358 -43648059 3831825961 3831825966
3831825961 -22771286 -43648034 3831825847 3831825965
3831825847 -22771084 -43648031 3831825961 3831825833
3831825833 -22770954 -43648084 3831825796 3831825847
3831825796 -22770626 -43648355 3831825777 3831825833
3831825777 -22770322 -43648428 3831825796 3831825748
3831825748 -22770041 -43648554 3831825777
