2712403868 -22.779822 -43.7629651 2712403750 2712403569
2712403750 -22.7795006 -43.7632172 2712403657 2712403868
2712403657 -22.779298 -43.7633065 2712403734 2712403750
2712403734 -22.7790952 -43.7633065 2712403762 2712403657
2712403550 -22.7790109 -43.7690269 2712403528 2712403854
2712403528 -22.7790013 -43.768628 2712403550 2712403580
2712403854 -22.7789567 -43.7692396 2712403587 2712403550
2712403580 -22.7788625 -43.7679325 2712403528 2712403755
2712403762 -22.778843 -43.7633709 2712403688 2712403734
2712403587 -22.778823 -43.7694399 2712403754 2712403854
2712403754 -22.77866 -43.7695453 2712403587 2712403503
2712403688 -22.7786303 -43.763564 2712403751 2712403762
2712403755 -22.7785905 -43.7670635 2712403580 2712403759
2712403751 -22.7785264 -43.7637518 2712403688 2712403570
2712403700 -22.7785262 -43.7647943 2712403828 2712403570
2712403828 -22.7785067 -43.7651841 2712403701 2712403700
2712403570 -22.7785017 -43.7639234 2712403700 2712403751
2712403503 -22.7784025 -43.7695633 2712403666 2712403754
2712403759 -22.7783778 -43.7665592 2712403755 2712403574
2712403574 -22.7783385 -43.766332 2712403701 2712403759
2712403701 -22.7783382 -43.7660872 2712403828 2712403574
2712403666 -22.7779873 -43.7696043 2712403649 2712403503
2712403649 -22.777646 -43.7697492 2712403666 2712403760
2712403760 -22.7774185 -43.7699423 2712403820 2712403649
