815256472 -22.7799735 -43.3375724 815256471 815256473
618223828 -22.7799722 -43.3306646 828734138 828733598
815255214 -22.7799636 -43.3342787 815255217 815255209
828733692 -22.7799331 -43.330757 828733697 828733598
752262468 -22.7798988 -43.3338094 752262467 752262469
815243629 -22.7798449 -43.3394392 815249210 815246514 815241747
815255229 -22.779835 -43.3363493 815255227 815255234
815256471 -22.7798054 -43.337626 815256472 815256470
815255227 -22.7797856 -43.3361455 815255223 815255229 815255391
828733598 -22.7797849 -43.3306749 828734665 618223828 828733692
815255234 -22.7797757 -43.3365424 815255229 815255236
815255217 -22.7797361 -43.3351048 815255219 815255214
752262467 -22.7797306 -43.3339275 752262466 752262468
815255223 -22.7796768 -43.3358558 815255227 815255221
815246510 -22.7796669 -43.338302 815246508 815256508
815255219 -22.7796669 -43.3354803 815255217 815255221
815255221 -22.7796471 -43.3357056 815255219 815255223
815256470 -22.7796372 -43.3376153 815256471 815255241
815255236 -22.7796273 -43.3369072 815255728 815255234 815255241
815255391 -22.7796273 -43.3362098 815255227 815255392
815256508 -22.7796108 -43.3383695 815246512 815246510 815256635
815246512 -22.7795779 -43.3384093 815246514 815256508
752262466 -22.7795525 -43.3342386 752262467 828733276 828733495
815246514 -22.7795482 -43.3386238 815246512 815243629 815246998
828734647 -22.7794535 -43.3311593 828734418 828733286 828735084
815255241 -22.7793602 -43.3375831 815255236 815256469 815256470
828733495 -22.7793311 -43.3346097 828733491 752262465 752262466
815255392 -22.7793207 -43.3362313 815255394 815255391
828733282 -22.7793198 -43.3321303 828733283 828733280 828733403
828733283 -22.7793198 -43.3319265 828733282 828733285
828733285 -22.7792703 -43.3317977 828733283 828733389 828733286
815256635 -22.7792316 -43.3380123 815256638 815256508
828733280 -22.7791615 -43.3324522 828733282 828733278
815256469 -22.7791525 -43.3375831 815255911 815255241
828733403 -22.7791417 -43.3319479 828733389 828733282
828733491 -22.7790824 -43.3345014 828733485 828733495
828733389 -22.7790527 -43.3318728 828733387 828733285 828733403
828733286 -22.7789835 -43.3313149 828733285 828734647 828734648
828735084 -22.7789664 -43.331057 828734647
815256638 -22.7789547 -43.3379908 815256640 815256635
815255895 -22.7789448 -43.3391388 815255898 815255892
815249592 -22.7789349 -43.3398469 815255889 815249586 815249737
815255889 -22.7789052 -43.3396431 815249592 815255892
815255892 -22.7789052 -43.3393641 815255889 815255895
815255898 -22.7789052 -43.3389886 815255900 815255895
828733387 -22.7789043 -43.3319265 828733389 828733386
828733485 -22.7788944 -43.3343619 828733491 828733482
828733278 -22.7788648 -43.3330101 828733276 828733280
828734648 -22.7788252 -43.3314866 828734650 828733286
828733482 -22.7788153 -43.3342868 828733481 828733485
815256640 -22.7787964 -43.3378514 815256638 815256641
815255900 -22.7787271 -43.3387097 815255898 815255902 815256166
828733481 -22.7787263 -43.3341795 828733478 828733482
815256166 -22.7787173 -43.3389135 815255900 815256167
828734650 -22.7787065 -43.3315832 828734653 828734648
815256167 -22.778648 -43.3391281 815256166 815256169
828733478 -22.7786471 -43.334201 828733475 828733481
828733276 -22.7786471 -43.3334822 828733274 828733278 752262466
815255911 -22.7786381 -43.3375724 815256641 815256468 815256469
828733386 -22.7785977 -43.3320981 828733387 828733383
815256641 -22.7785906 -43.3378303 815256640 815255908 815255911 815256643
828733475 -22.7785878 -43.3342654 828733478
815255902 -22.7785788 -43.3385273 815255900 815255905
815256169 -22.7785689 -43.3392461 815256170 815256167
618222697 -22.7785576 -43.3300423 618222056 618222690
815255908 -22.7785194 -43.3382161 815255905 815256641
815255905 -22.7785095 -43.3383878 815255902 815255908
752262465 -22.7784644 -43.3360625 815255394 828733495 828733266
828734653 -22.7784592 -43.3315939 828734650 828734655
828733383 -22.7784493 -43.3322376 828733381 828733386
815256170 -22.7784205 -43.339289 815256171 815256169
815255394 -22.7784065 -43.3361706 815255728 752262465 815255392
828733274 -22.7783899 -43.3340615 828733276 828733273
815249737 -22.7783611 -43.3399327 815249592 815249741
828733266 -22.7783603 -43.3358318 752262465 828733267
828733273 -22.7783009 -43.334437 828732239 828733274
815256468 -22.7782919 -43.3375939 815256643 815255911
828733381 -22.7782811 -43.3323986 828733378 828733383
828733267 -22.7782514 -43.3354992 828733266 828733269
815256643 -22.7782317 -43.3375757 815256467 815256468 815256641
815256171 -22.7782128 -43.3392568 815256170 815256178
828733269 -22.7781921 -43.3351988 828732239 828733267
828732239 -22.7781822 -43.3348769 828732237 828733269 828733273
828734655 -22.7781525 -43.3316261 828734653 828734658
815256178 -22.7781138 -43.3390852 815256171 815256181
815256467 -22.7781138 -43.3375402 815256466 815256643
828733378 -22.7780932 -43.3324951 828733377 828733381
815255728 -22.7780365 -43.336861 815256202 815255394 815255236
828734658 -22.778014 -43.3315939 828734655 828734659
828734663 -22.778014 -43.3309931 828734662 828734665
828734662 -22.7779745 -43.3312184 828734663 828734659
828734665 -22.7779743 -43.3307749 618222677 828734663 828733598
815256466 -22.7779655 -43.3374544 815256202 815256467
815256181 -22.7779457 -43.3387204 815256178 815256183
828734659 -22.7779448 -43.3315188 828734658 828734662
618222690 -22.7779344 -43.3305466 618222684 618222697
828733377 -22.7779151 -43.3324951 828733378 828733376
815256183 -22.7779061 -43.3384951 815256181 815256190
815256190 -22.7778764 -43.3382483 815256195 815256183
618222684 -22.7778454 -43.3306968 618222677 618222690
618222677 -22.7778355 -43.3307826 828734665 618223831 618222684
752264312 -22.7778214 -43.3397532 752264311 752264313
815256195 -22.7777973 -43.3378943 815256197 815256190
828732237 -22.7777964 -43.3355636 828732239 828732236
815256197 -22.7777676 -43.337669 815256195 815256198
815256202 -22.7777585 -43.3373798 815256198 815255728 815256466
815256198 -22.777703 -43.3374833 815256202 815256197 752262464
828733376 -22.7776085 -43.3323986 828733375 828733377
752264311 -22.7775741 -43.3382083 752264310 752264312
752264310 -22.7775445 -43.3379186 752264311 752262464
752262464 -22.7775445 -43.3377791 815256198 752264310 828697570 828712255
828732236 -22.7775293 -43.3359391 828732234 828732237
828732234 -22.7774799 -43.3360785 828732230 828732236
618223831 -22.7774398 -43.3308577 618222677 618223834
828711958 -22.7774205 -43.3398658 828711953 828711961
828712255 -22.7773908 -43.3378595 828712251 752262464
828733375 -22.7773908 -43.332302 828733376
828712756 -22.777371 -43.3390719 828712754 828712758
828712758 -22.7773513 -43.3392114 828712756 828712760
828712754 -22.7773513 -43.338868 828712750 828712756
828711961 -22.7773315 -43.3397907 828711958 828711966
828712750 -22.7773117 -43.3386213 828712754 828712743
828732064 -22.7773117 -43.3360571 828731881
828732230 -22.7773018 -43.3364219 828731881 828732234
828712760 -22.7772425 -43.3392757 828712758 828712764
828712743 -22.7772227 -43.3383423 828712251 828712750
828711966 -22.7772128 -43.3399731 828711961 828711967
828731881 -22.7771732 -43.3365721 828731880 828732230 828732064 828732227
618223834 -22.7771727 -43.3308685 618223831 618223835
828712251 -22.7771633 -43.3380741 828712255 828713148 828712743
828712764 -22.7771237 -43.3393079 828712760 828712772
828731880 -22.7771139 -43.3363468 828731878 828731881
828712772 -22.7770248 -43.3392865 828712776 828712764
828731878 -22.7769951 -43.3361858 828731880 828731876
828713148 -22.7769853 -43.3379024 828712251 828713150
828712776 -22.776916 -43.3390933 828712772 828712781
828732227 -22.7769061 -43.3369369 828697570 828731881
828731867 -22.7768665 -43.3354455 828731866 828731874
828731866 -22.7768567 -43.3353061 828731864 828731867
618223835 -22.7768364 -43.3309543 618223834 618223836
828731874 -22.7768171 -43.3356172 828731867 828731875
618223841 -22.7767968 -43.3306861 618223839
828713150 -22.7767874 -43.3377415 828713148 828713152
828712781 -22.7767775 -43.3388466 828712776 828712785
828731876 -22.7767775 -43.3358854 828731875 828731878
828731864 -22.7767676 -43.335113 828731860 828731866
828731875 -22.7767577 -43.3357781 828731874 828731876
618223836 -22.7767474 -43.3308899 618223835 618223839
618223839 -22.7767375 -43.3307719 618223841 618223836
828731860 -22.7766885 -43.3349198 828731858 828731864
828697570 -22.7766291 -43.3372265 828697565 752262464 828732227
828713152 -22.7766094 -43.3376664 828713150 828713155
828712785 -22.7765401 -43.338514 828712790 828712781
828731858 -22.7765302 -43.3346623 828731855 828731860
828712790 -22.7764906 -43.3383852 828712785 828712794
828712794 -22.7764412 -43.3381278 828712790 828712800
828697565 -22.7764412 -43.3370549 828697559 828697570
828713155 -22.7764214 -43.3375055 828713152 828712805
828712800 -22.7763324 -43.3377952 828712794 828712805
828697559 -22.7763225 -43.3368725 828697550 828697565
828731855 -22.7763225 -43.3342868 828731853 828731858
828712805 -22.7761543 -43.3374733 828712800 828713157 828713155
828697550 -22.7761147 -43.3365399 828697546 828697559
618222015 -22.7760846 -43.3301496 618222009 618222023
828709686 -22.7760356 -43.3388037 828709689 828709679
828709679 -22.7760257 -43.3389968 828709676 828709686
828735409 -22.7759565 -43.3319265 828735412
828709689 -22.7759466 -43.3385355 828709686 828709691
828697546 -22.7759268 -43.3362502 828697550 828697541
828709676 -22.7759169 -43.339265 828709674 828709679
618222009 -22.7759164 -43.3301711 618221999 618222015
828713157 -22.775907 -43.3374197 828712805 828713159
828697541 -22.7757883 -43.3360249 828697538 828697546
828709674 -22.7757586 -43.3395761 828709672 828709676 828710406
828713159 -22.7757586 -43.3372909 828713157 828713163
828735412 -22.7757289 -43.3323342 828735415 828735409
828709669 -22.7757092 -43.3398766 828709012 828709672
828709672 -22.7757092 -43.3397478 828709669 828709674
828713163 -22.7756894 -43.3370871 828713159 828713171
828731853 -22.7756696 -43.3335787 828731855 828735419 828731590
828709691 -22.7756498 -43.3378595 828709689 828709695
828735419 -22.7756498 -43.3333642 828735417 828731853
828735417 -22.7756399 -43.3330852 828735415 828735419
828735415 -22.7756201 -43.3327419 828735417 828735412
828697538 -22.7756003 -43.3357567 828731495 828697536 828697541
828711317 -22.7755806 -43.3367545 828711318 828713171
618221999 -22.7755702 -43.3301496 618222009
828713171 -22.7755694 -43.3367999 828711315 828713163 828711317
828711318 -22.7755509 -43.3365077 828711319 828711317
828711315 -22.775541 -43.3369154 828711313 828713171
828731495 -22.7755014 -43.3353919 828697538 828731498
828710406 -22.7754816 -43.3394903 828709674 828710289
828709695 -22.7754618 -43.3376342 828709691 828709698 828709888
828711313 -22.775452 -43.3371085 828711315 828709698
828711319 -22.775452 -43.3362288 828711318 828711320
828731498 -22.7754223 -43.3350808 828731495 828731500
828697536 -22.7753728 -43.3354885 828697538 828697525
828731500 -22.7753728 -43.3348876 828731498 828731501
828731501 -22.775353 -43.334716 828731500 828731502
828710289 -22.7753234 -43.3394045 828710287 828710291 828710406
828710287 -22.7753135 -43.339147 828710285 828710289
828711320 -22.7753135 -43.3358962 828711319 828711321
828731502 -22.7752838 -43.3344907 828731501 828731504
828710291 -22.7752739 -43.3395869 828710293 828710289
828710285 -22.775264 -43.3389539 828710284 828710287
828709698 -22.775264 -43.3373231 828709695 828709700 828711313
828710293 -22.7751552 -43.3397371 828710291 828710297
828710284 -22.7751453 -43.3388359 828710285 828710282
828731504 -22.7751354 -43.3342225 828731502 828731507
828709700 -22.7751156 -43.3370549 828709702 828710692 828709698
828711321 -22.7750958 -43.3355421 828711320 828711323
828710297 -22.7750464 -43.3398122 828710293 828710299
828711323 -22.7750167 -43.335349 828711321 828697525
828697525 -22.7750167 -43.3351666 828697523 828711323 828697536
828710282 -22.7749969 -43.3389002 828710278 828710284
828709888 -22.7749079 -43.3380634 828709695 828709885
828709702 -22.7748683 -43.3366472 828709700 828709705
828731595 -22.7748584 -43.3313686 828731593 828731596
828710299 -22.7748287 -43.3398873 828710297 828710300
828731593 -22.774809 -43.3315724 828731591 828731595
828731596 -22.774809 -43.3311326 828731595 828731597
828709705 -22.7747694 -43.3365292 828709702 828704812
828737342 -22.7747595 -43.3302742 828737343
828737343 -22.7747397 -43.3300382 828737342 828737345
828704812 -22.7747001 -43.3365077 828705863 828704813 828709705
828731597 -22.7747001 -43.3309394 828731596 828731599
828710300 -22.7746804 -43.3399946 828710301 828710299
828704813 -22.7746804 -43.3363468 828704812 828704816
828709885 -22.7746705 -43.3382243 828709881 828709888
828704816 -22.7746309 -43.3361751 828704813 828704822
828710278 -22.774621 -43.3390933 828710282 828710683
828731591 -22.774621 -43.3318943 828731593 828731590
828736280 -22.7746012 -43.3312184 828736281
828731507 -22.7745518 -43.3333534 828731504 828731512
828736281 -22.7745518 -43.3311004 828736282 828736280
828731599 -22.7745518 -43.3307892 828736293 828731597
828704822 -22.7745122 -43.3359927 828704816 828703936
828709881 -22.7744825 -43.3383316 828709880 828709885
828736489 -22.7744825 -43.3301991 828736293 828736492
828736293 -22.7744458 -43.3304731 828731599 828736486 828736489 828731600
828710683 -22.7744429 -43.3388251 828710278 828709880
828697523 -22.7744429 -43.3345443 828697521 828697525
828731600 -22.774433 -43.3304352 828736293
828736282 -22.7743935 -43.3310682 828736281 618221548
828731590 -22.7743836 -43.3322376 828731591 828731853 828717942
618221548 -22.7743831 -43.3310187 618221546 828736282 828736486
828736486 -22.7743737 -43.3308858 828736293 618221548
828709880 -22.7742847 -43.3385462 828709879 828710687 828709881 828710683
828703936 -22.7742847 -43.3357889 828704827 828703935 828704822
828731512 -22.7742847 -43.3329779 828731507 828717942
828697521 -22.7742352 -43.3342332 828697518 828697523
828736956 -22.7742352 -43.3302313 828736954 828736492
828710687 -22.7741561 -43.3384174 828709880 828710690
828697518 -22.7740868 -43.3340079 828697514 828697521
828736954 -22.7740868 -43.3302742 828736951 828736956
828710690 -22.7740571 -43.3381921 828710687 828710692
828717942 -22.7740472 -43.3326668 828717940 828731512 828731590
828709879 -22.7739681 -43.3387715 828709880 828707205
828697514 -22.7739483 -43.3338684 828697518 828697513
828736951 -22.7739483 -43.330285 828736948 828736954
828710692 -22.7739087 -43.3379346 828710690 828710924 828709700
828707205 -22.773889 -43.3387929 828707201 828709663 828709879
828707201 -22.7738692 -43.339147 828707197 828707205
828703935 -22.7738692 -43.3361429 828703934 828703936
828704827 -22.7738692 -43.3354241 828704830 828703936 828705178
828716234 -22.7738593 -43.3314973 828716231 828716241
828717940 -22.7738494 -43.3327312 828717938 828717942
828716231 -22.7738494 -43.3316046 828716230 828716234
828716241 -22.7738197 -43.3312935 828716244 828716234
828707389 -22.7738098 -43.3399517 828707195 828707400
828705178 -22.7737999 -43.3355206 828704827 828705176
828703934 -22.77379 -43.3363146 828703930 828703935
828707197 -22.7737801 -43.3394045 828707201 828706999
828697513 -22.7737801 -43.3337933 828697511 828697514
828707195 -22.7737703 -43.3398444 828706999 828707389 828707888
828703930 -22.7737505 -43.3364648 828703934 828703928
828716230 -22.7737505 -43.3317763 828716231 828716229
828704830 -22.7737406 -43.335349 828704827 828704959
828705176 -22.7737307 -43.3356279 828705174 828705178
828706999 -22.7737208 -43.3396727 828706992 828707195 828707197
828705863 -22.773701 -43.3372802 828705861 828704812
618221546 -22.7736807 -43.3309865 828716244 618221548
828736948 -22.7736614 -43.3301991 828736946 828736951
828703928 -22.7736515 -43.3366257 828703926 828703930
828697511 -22.7736417 -43.3337933 828697510 828697513
828716244 -22.7736416 -43.3309856 618221546 828716286 828716241
828716229 -22.7736219 -43.3318728 828716230 828716226
828705174 -22.773612 -43.3357996 828705169 828705176
828707888 -22.7735922 -43.3399087 828707195 828707891
828717938 -22.7735823 -43.3327741 828717940 828717937
828710924 -22.7735625 -43.338235 828710922 828710692
828705169 -22.7735427 -43.3359498 828705163 828705174
828716226 -22.7735131 -43.331905 828716224 828716229
828704196 -22.7734933 -43.3347589 828704194 828697510
828703926 -22.7734834 -43.3367223 828703925 828703928
828704194 -22.7734735 -43.3349306 828704193 828704196
828705163 -22.7734636 -43.3359498 828705159 828705169
828736946 -22.773424 -43.3301026 828736945 828736948
828705159 -22.7734141 -43.3361107 828705163
828704193 -22.7734141 -43.3350915 828704194 828704192
828697510 -22.7733943 -43.3338684 828704196 828697507 828697511 828717937
828704959 -22.7733736 -43.3353211 828704830 828704958 828704831
828704958 -22.7733647 -43.3356601 828704959
828710922 -22.7733152 -43.3384174 828710924 828710921
828704192 -22.7732756 -43.3351988 828704190 828704193
828736945 -22.7732262 -43.3300168 828736944 828736946
828705861 -22.7732163 -43.3376771 828705855 828705863
828709663 -22.7732064 -43.3386964 828707205
828704831 -22.7731767 -43.3353061 828704187 828704959
828703925 -22.7731569 -43.3369798 828703924 828703926
828704190 -22.7731569 -43.3352632 828704187 828704192
828710921 -22.7731371 -43.3384389 828710918 828710922
828704187 -22.773058 -43.3352632 828704190 828704831 828704833
828710918 -22.7729393 -43.3384067 828710917 828710921
828703924 -22.7729393 -43.3371836 828703925 828703923
828704833 -22.7729294 -43.3351022 828704187 828704835
828736943 -22.7729096 -43.3300275 828736944 828736941
828706470 -22.7728601 -43.3389002 828706474
828703923 -22.7728305 -43.3372051 828703921 828703924
828704835 -22.7727711 -43.334952 828704833 828704836
828736941 -22.7727711 -43.3300597 828736938 828736943
828703921 -22.7727118 -43.3371407 828703919 828703923
828710917 -22.7727019 -43.3383316 828710707 828710918
828706474 -22.7726821 -43.3391685 828706470 828706477
828703919 -22.7726227 -43.3371085 828703916 828703921
828705855 -22.7726029 -43.3381278 828710707 828705861
828705264 -22.7725634 -43.3367008 828705266
828703374 -22.7725634 -43.3358211 828703373
828703373 -22.7725139 -43.3356601 828703372 828703374
828704836 -22.7725139 -43.3347804 828704835 828704838
828703916 -22.7724842 -43.3371836 828703551 828703919
828736938 -22.7724842 -43.3300382 828736935 828736941
828710707 -22.7724719 -43.338209 828694906 828705855 828710917
828703372 -22.7724447 -43.3354777 828703373 828703370
828694906 -22.7723952 -43.3382565 828703563 828705848 828710707
828703370 -22.772326 -43.3352632 828703369 828703372 828705266
828705848 -22.7723161 -43.3383531 828705842 828694906
828717937 -22.7723161 -43.3327312 828697510 828717936 828717938 828718087
828716224 -22.7723161 -43.3318836 828716219 828716226 828716286
828697507 -22.7722567 -43.3341259 828697505 828697510
828736935 -22.7722468 -43.3300275 828736938 828714296
828703551 -22.7722369 -43.3373445 828703563 828703916 828703543
828705842 -22.7721875 -43.3385247 828705848 828705840
828703543 -22.7721281 -43.3372158 828703540 828703551
828706477 -22.7721182 -43.3398015 828706480 828706474
828705266 -22.7720949 -43.3366056 828705264 828703370 828703539
828703540 -22.7720687 -43.3370763 828703539 828703543
828703539 -22.772049 -43.3368725 828705266 828703540
828703369 -22.772049 -43.3347911 828702823 828703370
828704838 -22.772049 -43.3345336 828702825 828704836
828705840 -22.7720292 -43.3388037 828705842 828705839
828697505 -22.7720094 -43.334201 828702825 828697501 828697507 828718697
828718697 -22.7719995 -43.3340079 828697505 828718698
828702825 -22.7719401 -43.3344585 828697505 828704838 828702823 828703173
828702823 -22.7719204 -43.3347053 828702825 828703369 1271832382 828703173
828718698 -22.7719204 -43.3336431 828718697 828718343
828703563 -22.771884 -43.3376516 828694904 828694906 828703551
828705839 -22.7718709 -43.339147 828705840
828703173 -22.7718709 -43.3344263 828702825 828697501 828702823
828697501 -22.7718115 -43.3343405 828697491 828697505 828703173
1271832382 -22.7717825 -43.3353773 828703040 828694902 828702812 828702823
828718087 -22.7717819 -43.3321947 828716219 828717937
828697491 -22.7716038 -43.3344263 828697485 828697501
828703040 -22.7715444 -43.3353275 1271832382 828703042
828716286 -22.7715344 -43.3309362 828716244 828716224 618221545
828694904 -22.7715247 -43.3372265 828694902 828703563 828702810
828702812 -22.7715049 -43.3368832 828702810 1271832382
828702810 -22.771495 -43.3370549 828694904 828702812
828716219 -22.7714356 -43.3318299 828716224 828718087
828697485 -22.7713961 -43.33448 828697491 828697480
828703042 -22.7712279 -43.3352846 828703040 828703044
828697480 -22.7711982 -43.33448 828697477 828697485
828703044 -22.7710003 -43.3352202 828703042 828703045
828695389 -22.7709509 -43.3374197 828695614 828695387
828695387 -22.7708619 -43.337484 828695385 828695389
828703045 -22.7708223 -43.33507 828703044 828703047
828695614 -22.7707926 -43.3372373 828695389 828695616
828697477 -22.7707629 -43.3344263 828697480 828718342
828694902 -22.7707135 -43.3362288 828694904 828694901 828695620 1271832382
828718342 -22.7706838 -43.333965 828697477 828718343
828695385 -22.7706442 -43.3377093 828695268 828695387
828703047 -22.7706343 -43.3348769 828703045 828703048
828718343 -22.7706046 -43.3336324 828718698 828718342 828718346
828695616 -22.7705849 -43.3370549 828695614 828695620
828718346 -22.7705255 -43.3333749 828718343 828718350
618221545 -22.7704756 -43.3309114 828714588 828716519 828716286
828703048 -22.7704464 -43.3347804 828703047 828703050
828716519 -22.7704464 -43.3310896 618221545
828714588 -22.7704266 -43.330521 828714289 618221545
828718350 -22.7703573 -43.3330637 828718352 828718346
828695268 -22.7702782 -43.3381278 828695385
828694901 -22.7702683 -43.3356279 828694902
828703050 -22.7702683 -43.3348018 828703048 828703052
828718352 -22.7702485 -43.3328706 828718350 828717936
828695620 -22.7701694 -43.3366794 828694902 828695616
828717936 -22.7701595 -43.3326882 828718352 828718353 828717937
828718353 -22.7700605 -43.3322269 828717936
828703052 -22.7700408 -43.3348555 828703050
