766749908 -22.7799705 -43.4360506 766749907 746996814 766750199 766749910
767244454 -22.7799274 -43.4329872 767244458 746996696
766749423 -22.7799126 -43.4392167 766749422 766749424
460518218 -22.779876 -43.4302034 460518217
746996695 -22.7798454 -43.4333547 766750262 766749590 766749589 746996696
766749910 -22.7798137 -43.4366739 766749908 766749921
1772847820 -22.7797822 -43.4322515 1772847833 1772847836
766749422 -22.779695 -43.4395385 766749421 766749423
746996696 -22.7796493 -43.4332083 767245640 767244451 767244454 746996695
766749589 -22.7796453 -43.4336044 766749588 746996695
766749921 -22.7796258 -43.437264 766749987 766749910
1772847836 -22.7796214 -43.4323347 1772847822 1772847820
766749421 -22.7795664 -43.4396136 766749414 766749422
766749588 -22.779546 -43.4338814 766749587 766749589
766750018 -22.7795414 -43.4381067 766749494 766750024 766750023
767245639 -22.7795412 -43.4329385 767244458 767245640 746996696
767244451 -22.7795119 -43.4334593 767244448 746996696
766749587 -22.7794873 -43.4341741 766749588 766749586
1772847822 -22.7794805 -43.4324983 1772847836 1772847825
767245640 -22.779451 -43.4329994 767245641 767245639 767246192
766749586 -22.7794477 -43.4345496 766749587 766749585
1772847825 -22.7794399 -43.4325246 1772847822 767246189
1705153326 -22.7794306 -43.4300151 2620349552
766750023 -22.7793785 -43.4381116 766749987 766750018
767246189 -22.7793771 -43.4325289 767245639 1772847825 767246192
767244448 -22.7793734 -43.4337704 767244437 767244451
766749494 -22.7793488 -43.4383476 766749954 766749925 766750018 766749424
767246192 -22.7793395 -43.4327178 766746057 767246189
766749585 -22.7793389 -43.4354508 746996814 766749586
767244437 -22.7793339 -43.4340709 767244448 767246194
767246194 -22.779316 -43.4342106 767244437 767246198 767244435
766749987 -22.7792918 -43.4380326 766750023 766749921 766749924
767244435 -22.7792844 -43.4344571 767244432 767246194
766749414 -22.7792795 -43.4396029 766749409 766749421
767246198 -22.7792745 -43.4339099 767246194 767246199
746996814 -22.7792518 -43.4358545 766749584 766749908 766749585 746996813
766749924 -22.7792202 -43.4381974 766749987 766749954
766749954 -22.7792017 -43.438241 766749494 766749956 766749924 766749925
766746060 -22.7791906 -43.4320634 767246189 766746057
767246199 -22.7791756 -43.4336095 767246198 767246200
767245641 -22.7791663 -43.4330394 767245640 767246203 767246192
767244432 -22.7791657 -43.4353154 746996813 767244435
766749584 -22.779141 -43.4363091 766749583 746996814
766749409 -22.7791114 -43.4396565 766749403 766749926 766749414
766746057 -22.7790976 -43.4321068 766746469 766746054 766746060
746996813 -22.7790738 -43.4358008 767246275 767244424 767244432 746996814
767246200 -22.7790457 -43.4334895 767246236 767246201 767246199
767244424 -22.7789876 -43.4362381 767244420 746996813
766749583 -22.7789828 -43.4368456 766749584 766749582
766749925 -22.778962 -43.4388071 766749926 766749494 766749954
766746467 -22.7789357 -43.4314267 766746416 766746469 766746060
766749403 -22.7789333 -43.439914 766749398 766749409
766746469 -22.7788448 -43.4314677 766746467 767246180 766746471
767244420 -22.7788195 -43.4367852 767244418 767244424
767246201 -22.7788045 -43.4332881 767246200 767246202
766749582 -22.7787849 -43.4373498 766749583 746997568
766749956 -22.778775 -43.4379828 766749954 746997568
2620349552 -22.7787534 -43.4303327 2620349553 2620349564
2620349553 -22.7787252 -43.430334 1705153296
1705153355 -22.7787005 -43.4301604 2620349568
1705153296 -22.7786982 -43.4303251 2620349556
1705153305 -22.7786782 -43.4301767 1705153355
2620349556 -22.7786764 -43.4303081 2620349555
767246121 -22.7786733 -43.4307726 766746467 460518218
1705153323 -22.7786617 -43.4301998 1705153305
2620349555 -22.7786606 -43.4302844 2620349554
1705153306 -22.7786528 -43.4302274 1705153323
2620349554 -22.7786524 -43.4302566 1705153306
766749926 -22.7786269 -43.4392052 766749493 766749409 766749925
767244418 -22.7786117 -43.4373217 746997564 767244420
767246180 -22.7785849 -43.4308115 767246121 590238392
746997568 -22.7785594 -43.4378393 766749581 766749582 766749956
767246202 -22.7785593 -43.4331897 767246201 767246203
767246498 -22.7784733 -43.4352725 767246275 767246499
767246499 -22.7784733 -43.4350579 767246498 767246500
767246500 -22.7784436 -43.4348862 767246499 767246501
746997564 -22.778411 -43.437732 767244415 767244418 767246359
767246275 -22.778404 -43.4356051 767246498 767246497 746996813
2620349564 -22.7783348 -43.430518 2620349561 2620349557
766749581 -22.7783299 -43.4383691 766749580 746997568
767246501 -22.7783249 -43.4346824 767246236 767246500
767246497 -22.7782952 -43.4359913 767246275 767246496
2620349561 -22.7782526 -43.430529 2620349562
767244415 -22.7782457 -43.4380512 767244412 746997564
767246203 -22.7782325 -43.4331704 767245641 767245644 767246202
2620349562 -22.7781996 -43.4305141 2620349563
767246496 -22.7781765 -43.4364097 767246495 767246497
2620349563 -22.7781687 -43.4304817 747090806
2620349565 -22.7781453 -43.4304689 2620349558
2620349558 -22.7781402 -43.4305162 2620349559
767246236 -22.7781369 -43.4345 767246501 767246502 767246200
747090806 -22.7781352 -43.4304216 747090794 2620349565 1705153355
2620349559 -22.7781251 -43.4305599 2620349560
2620349560 -22.7780966 -43.4306072 2620349557
766749580 -22.7780826 -43.4387982 766749579 766749581
2620349557 -22.7780647 -43.4306381 617147463
767246495 -22.7779787 -43.4369676 767246359 767246496
767244412 -22.7779688 -43.4385984 767244409 767244415
767246502 -22.7778105 -43.4341781 767246236 767246503
766749579 -22.7777858 -43.4392274 746996817 766749580
767246359 -22.7777808 -43.437429 767246494 767246495 746997564
767246690 -22.7777002 -43.4359988 767246689 767246691
767246689 -22.7776975 -43.4358999 767246688 767246690 767246705
767246691 -22.7776919 -43.4361696 767246690 767246692
767244409 -22.7776423 -43.4391027 746996816 767244412
767246503 -22.7776324 -43.4340923 767246502 767245779
767246692 -22.7775842 -43.4364963 767246691 767246693
767246494 -22.777583 -43.437783 767246359 767246493
767246688 -22.777583 -43.4356265 767246687 767246689
746996817 -22.7774812 -43.439631 766749493 766749929 766749579 746996816
767246693 -22.7774346 -43.4368496 767246694 767246692
767245779 -22.7774332 -43.4341315 767246503 767245644 767246504
767246493 -22.7774247 -43.4380083 767246494 767246492
767246687 -22.7774049 -43.4354763 767246688 767246686
767245644 -22.7773603 -43.4332927 767245647 767245779 767246203 766746054
746996816 -22.7773328 -43.439513 767246374 767244407 767244409 746996817
767246694 -22.7773327 -43.4370686 767246693 767246695
767246492 -22.7772763 -43.43818 767246491 767246493
767246705 -22.7772565 -43.435884 767246706 767246689
766746054 -22.7772384 -43.4329765 767245647 766746471 767245644 766746057
767246695 -22.7771835 -43.4373384 767246694 767246696
767246491 -22.7770191 -43.4383838 767246490 767246492
767246696 -22.7770092 -43.4375899 767246695 767246697
766746471 -22.7769929 -43.4323027 590238392 766746469 766746474 766746054
767244407 -22.7769499 -43.439961 767244405 746996816
617147463 -22.7767733 -43.4311945 2363028803 2523806190
767246490 -22.776752 -43.4385019 767246489 767246491
590238392 -22.7767512 -43.4316367 767246180 766746471 2363028796
767246697 -22.7767322 -43.4378152 767246696 767246698
767246504 -22.7767071 -43.4342428 767245779 767246505
767246706 -22.7767026 -43.4358411 767246705 767246707
2523806190 -22.7766909 -43.4311803 2523806191 617147463
2523806191 -22.7766355 -43.4311494 617147450 2523806190
617147450 -22.7765953 -43.4311057 2523806191 747090806 766710248
767246707 -22.7765701 -43.435846 767246706 767246708
767246489 -22.7765245 -43.4385555 767246374 767246490
767246704 -22.7764948 -43.4363346 767246703 767246708
747090747 -22.7764906 -43.4303439 747090794 747092581
767246698 -22.7764849 -43.4378581 767246697 767246699
767246699 -22.7763761 -43.4377723 767246700 767246698
767246374 -22.7763077 -43.4385652 767246489 746996816 767241616
767246700 -22.7763069 -43.4376328 767246699 767246701
767246703 -22.7763069 -43.436678 767246704 767246702
767246701 -22.776297 -43.4373861 767246700 767246702
767247197 -22.7762871 -43.4395855 767247196 767247198
767246702 -22.7762871 -43.4369247 767246703 767246701
767246708 -22.7762745 -43.4359808 767246704 767246588 767246707 767246709
767246505 -22.776261 -43.4343415 767246504 2614123509
767247196 -22.7762574 -43.4398537 767246719 767247197
767247198 -22.7762574 -43.4393387 767247197 767247199
767245647 -22.7762189 -43.4334529 766746051 767245644 766746054
766710248 -22.7761928 -43.4301043 617147450 2523620490 766710271
767247199 -22.7761387 -43.4391456 767247198 767247200
766746051 -22.7761178 -43.4335003 766746596 767245647
767246709 -22.7760893 -43.4361067 767246708 767246710
767246686 -22.7760794 -43.4348433 767246589 767246687
767241616 -22.7759606 -43.4382444 767246374 767241624
767246590 -22.7759278 -43.4347362 767246589 2614123518
2614123518 -22.7759278 -43.4346913 767246590 2614123519
767247200 -22.7759211 -43.4389954 767247201 767247199
2614123519 -22.7759156 -43.4346484 2614123520 2614123518
767246589 -22.7759153 -43.4347791 767246686 2614123517 767246590
2614123517 -22.7758931 -43.4348143 2614123516 767246589
2614123520 -22.7758921 -43.4346114 2614123521 2614123519
2614123516 -22.7758626 -43.4348413 767246588 2614123517
767246710 -22.77586 -43.4364273 767246709 767246711
2614123521 -22.7758595 -43.4345836 2614123520 2614123509
767246541 -22.7758518 -43.4378796 767246540 767241624
767246588 -22.7758262 -43.4348578 767246708 2614123515 2614123516
767241624 -22.7758222 -43.4381049 767241616 767246541 767246542
767246540 -22.7758222 -43.4375899 767246539 767246541
2614123509 -22.7758208 -43.4345677 2614123521 767246505 2614123522
767247532 -22.7758123 -43.4395855 767247531
2614123515 -22.7757939 -43.4348625 2614123514 767246588
767246711 -22.7757925 -43.4366565 767246710 767246712
2614123522 -22.775776 -43.4345654 766746585 2614123509
2614123514 -22.7757614 -43.4348588 2614123515 767246544
767246539 -22.7757439 -43.4372754 767246538 767246540
2363028796 -22.775743 -43.4320903 590238390 590238392
766746585 -22.775733 -43.4345788 766746596 2614123510 2614123522
767246544 -22.7757307 -43.4348469 2614123513 2614123514 767246535
767246712 -22.7757274 -43.4368978 767246538 767246711
2614123510 -22.7756996 -43.434603 766746585 767246720
2614123513 -22.7756941 -43.4348181 2614123512 767246544
767247201 -22.7756936 -43.438931 767246543 767247200
767247531 -22.7756837 -43.4395426 767247532 767247530
767246542 -22.7756837 -43.4383302 767246543 767241624
767246538 -22.7756749 -43.4370297 2614123523 767246539 767246712
767246720 -22.7756741 -43.4346367 2614123510 767246506 767246587
2614123512 -22.7756681 -43.4347781 2614123511 2614123513
767246587 -22.7756575 -43.4346823 767246720 2614123511
2614123511 -22.7756555 -43.4347312 2614123512 767246587
766710271 -22.7756554 -43.4303438 766710272 766710248
2614123523 -22.7756058 -43.4369038 767246538 767246537
766710272 -22.7755799 -43.4303224 766710271 766710273
2363028803 -22.7755167 -43.4317482 1705153344
767246537 -22.7754957 -43.4368067 767246536 2614123523 767247794
766746596 -22.7754409 -43.4338361 766746585 766746988 766746051 766746474
767246536 -22.7753078 -43.4364956 767246535 767246537
766710204 -22.7752856 -43.43167 617147450 766710241
767247794 -22.7752583 -43.436678 767246537 767247795
767246543 -22.7752187 -43.4388666 767247201 767247202 767246542
767247530 -22.775189 -43.4394996 767247447 767247531
767246535 -22.7751858 -43.4363614 767246534 767246536 767246544
766746474 -22.7751593 -43.4331297 766746596 590238390 766746471
767247670 -22.7750011 -43.4377723 767247673
767247795 -22.7750011 -43.4366243 767247797 767247794
590238390 -22.7748968 -43.4324711 766746474 766747169 2363028796
767247202 -22.7748923 -43.4387701 767246543 767247203
767246534 -22.7748718 -43.4360563 2614123524 767246535
767247448 -22.7748626 -43.4395855 767247447 767247449 767247577
767247447 -22.7748626 -43.4393924 767247448 767247446 767247530
767247449 -22.7748428 -43.4398 767247448 767247450
767247446 -22.7748329 -43.439167 767247445 767247447 767247535
767247797 -22.7747531 -43.4367054 767247795 767247798
2614123524 -22.7747037 -43.4359207 767246533 767246534 767249386
767247445 -22.7746845 -43.4388666 767247203 767247446
767246533 -22.7746629 -43.4358878 2614123524 767246506
767247673 -22.7746054 -43.4378903 767247670 767247675
767247203 -22.7745757 -43.4386843 767247445 767247202 767247204
767247577 -22.7745658 -43.4394353 767247448 767247578
766746988 -22.7745417 -43.4342186 766746596 766746986 766747169
767247535 -22.7745362 -43.4390383 767247536 767247446
767249386 -22.7744508 -43.4363045 2614123524 767249385 767249387
767247622 -22.7744372 -43.4399503 767247623 767247621
767249387 -22.7743928 -43.4362445 767249388 767249386
767247798 -22.7743869 -43.4368934 767247797 767247799
767247621 -22.7743284 -43.4398108 767247622 767247620
767249388 -22.7743284 -43.436163 767249389 767249387
766709919 -22.7743062 -43.4321204 766709917 766710204
767247578 -22.7742888 -43.4392851 767247579 767247577
767247675 -22.774279 -43.438062 767247673 766747493
767247536 -22.7742592 -43.4389203 767247535 767247537
767247620 -22.7741504 -43.4396928 767247619 767247621
1705153344 -22.7741233 -43.4323748 2620313804 1705153317
2620313804 -22.7740912 -43.4323736 1705153298
766709917 -22.7740663 -43.4314812 766709919 766709980 766710153
1705153298 -22.7740547 -43.4323676 1705153297
1705153302 -22.7740544 -43.4322389 766709919
1705153297 -22.774033 -43.4323255 1705153314
767247204 -22.7740316 -43.4384482 767247203 766747492
766747169 -22.7740306 -43.4328609 766747050 590238390 766746988
1705153314 -22.7740287 -43.4322786 1705153302
767247619 -22.7740119 -43.4396284 767247618 767247620
767249385 -22.7739921 -43.4364741 767249384 767249386
767247579 -22.7739822 -43.4392207 767247578 767247580
767247537 -22.7739624 -43.4388559 767247536 767247538
767247799 -22.7739518 -43.4371187 766747494 767247798
1705153337 -22.7739407 -43.432406 1705153359
1705153335 -22.7739338 -43.4323684 1705153337
1705153359 -22.7739285 -43.4324444 1705153317
1705153362 -22.7739189 -43.4323403 1705153335
767249384 -22.7739129 -43.4364205 767249295 767249385
767246506 -22.7738967 -43.4354553 767246533 767249295 767246720 767246532
1705153299 -22.7738928 -43.4323312 1705153362
1705153317 -22.773881 -43.4324852 2363028814
767247618 -22.7738734 -43.4396284 767247617 767247619
766747492 -22.7738586 -43.4384227 766747493 767247204 767247205
1705153348 -22.7738556 -43.4323275 1705153299 1705153302
766746986 -22.7738178 -43.4345518 766747050 766746943 766746988
766709980 -22.7738069 -43.4308278 766709917 766709982 766710154
767247580 -22.7738041 -43.4392529 767247579 767247581
766747493 -22.7737992 -43.438133 766746970 767247675 766747492
767249389 -22.7737942 -43.4358411 767249388 767249295
767247538 -22.7737645 -43.4388666 767247539 767247537
766746970 -22.7737597 -43.438015 766747493 766747494 766746966
766747494 -22.7737401 -43.437259 766746970 767247799 766747495
767247617 -22.7737151 -43.4397679 767247616 767247618
767249295 -22.7736953 -43.4358304 767249389 767246506 767249384
767247205 -22.7736755 -43.4384589 766747642 766747492
767247581 -22.7736359 -43.4393709 767247580 767247582
766746966 -22.7735519 -43.4379292 766746964 766746970
766709982 -22.7735443 -43.4301666 766709980 766710155 766710353
767247616 -22.773537 -43.4399181 767247617 767247615 767247635
767247539 -22.773537 -43.4389847 766747644 767247538
766746964 -22.7733541 -43.4378112 766746966 767249508 766746962
767246532 -22.7733194 -43.4351008 767246531 767246506
766747050 -22.7732982 -43.4331904 766746982 766746986 766747169
767247582 -22.7732798 -43.4396391 767247581 766747645
767249508 -22.7732798 -43.4381585 767249504 766746964
767246531 -22.7732007 -43.4349828 766746943 767246532
767249504 -22.7731512 -43.4383946 767249500 767249508
766746962 -22.7731463 -43.4375537 766746950 766746964
766746943 -22.77312 -43.4348894 766747495 766746982 767246531 766746986
766747645 -22.7730969 -43.4396995 766747644 766747646 767247582
767249500 -22.7729732 -43.4386521 767249504
766747644 -22.7729683 -43.4393883 766747645 767247539 766747643
766747621 -22.7729683 -43.4379614 766747620 766747622
766747620 -22.7729287 -43.4381438 766747621 766747619
766747622 -22.772899 -43.4377575 766747621 766747623
766747495 -22.772889 -43.4350204 766745600 766747494 766746943
766747643 -22.7728694 -43.4392167 766747642 766747644
617150397 -22.7728663 -43.4327826 1705153348 766710153
766746950 -22.7728397 -43.4366739 766746946 766746962
766747642 -22.7728199 -43.4390665 766747617 766747643 767247205
766747619 -22.7728001 -43.4383047 766747620 766747618
766747623 -22.7727408 -43.4374142 766747622 766747624
766746946 -22.7726913 -43.436395 766746941 766746950
766747624 -22.7726715 -43.4371782 766747623 766747625
767249818 -22.7726665 -43.4398108 767249816 767249820
766710153 -22.7726292 -43.4321223 617150397 766709917 766710154 766709916
766747618 -22.772622 -43.4384871 766747617 766747619
766745600 -22.77262 -43.435101 766747495 766745526 766745396
766746982 -22.7725941 -43.4335073 766747050 766746943 766745536
766747625 -22.7725528 -43.4367919 766747624 766747626
767249820 -22.7725379 -43.4395318 767249821 767249818
766746941 -22.7725132 -43.4361482 766746938 766746946
766747617 -22.7724638 -43.4386158 767249949 766747642 766747618
766747626 -22.772444 -43.4365559 766747625 767250112
767250112 -22.7723988 -43.4365069 767250111 766747626 766747627
766710154 -22.7723665 -43.4314749 766710155 766709980 766709981 766710153
766745526 -22.7723663 -43.4344121 766745488 766745600 766745536
767249821 -22.7723499 -43.4392207 767249820 767249823
767249949 -22.7723202 -43.4384697 767249948 766747617
766746938 -22.7723055 -43.4360409 766746941 766746936
766747627 -22.7722857 -43.4363842 767250112 766747628
767249823 -22.7722015 -43.4388666 767249821 767249825
767249948 -22.7721422 -43.4382658 767249949 767249947
767250099 -22.7721422 -43.4377508 767250097 767250101
766710155 -22.7721182 -43.4308176 766710156 766709982 766710048 766710154
767250101 -22.7720927 -43.4375255 767250099 767250103
766745536 -22.7720915 -43.4337334 2363028797 766746982 766745526
767250097 -22.7720729 -43.4379547 767250099 767249947 767250285
767249947 -22.7720531 -43.4381371 767249948 767250097 767249825
766747628 -22.7720483 -43.4363521 766747627 766747629
766745396 -22.7720305 -43.4353415 766745600 766745479 766745397
766746936 -22.7720186 -43.4360302 766746932 766746938
767250103 -22.7720037 -43.4373324 767250101 767250105
767250105 -22.7718949 -43.4371286 767250103 767250106
767249825 -22.771885 -43.4383731 767249823 767249947
767250285 -22.771885 -43.4380834 767250097 767250287
767250111 -22.771885 -43.4366994 767250108 767250112
766710156 -22.7718649 -43.4301629 766710155 766710058 766710157 766710054
767250106 -22.7718355 -43.4369462 767250105 767250108
767250108 -22.7718256 -43.436796 767250106 767250111
766747629 -22.771801 -43.4363628 766747630 766747628
767250287 -22.7717762 -43.4382444 767250285 767250289
766746932 -22.7717713 -43.4360624 766745398 766746936
2363028797 -22.7716926 -43.4338787 590238389 766745536
590238389 -22.7716389 -43.4339014 2363028821 2363028797
766745445 -22.771613 -43.4373606 766745453 766745436
767250289 -22.7715882 -43.4384053 767250287 767250291 767251764
766745453 -22.7715833 -43.4375 766745445 766745457
766747630 -22.7715734 -43.4365237 766747629 766747631
766745397 -22.7715536 -43.4358478 766745396 766745398
767251029 -22.7715387 -43.439049 767251034
766745436 -22.7715339 -43.4371031 766745427 766745445
740867046 -22.7715218 -43.4333699 617150397 766709916
766745398 -22.7715141 -43.4361267 766746932 766745397 766745473 766745402
2363028814 -22.7714845 -43.4335579 2363028809
767250783 -22.7714596 -43.439843 767250779 767250790
767250291 -22.7714497 -43.4384375 767250289 767250293
766745457 -22.7714448 -43.4375537 766745453 766745462
766745427 -22.7714349 -43.436867 766747631 766745436
766747631 -22.7714203 -43.4366842 766747630 766745427 766745402
766745402 -22.7714152 -43.4366203 766745398 766747631
766745462 -22.7712865 -43.4374679 766745467 766745457
766709916 -22.7712782 -43.432725 766709981 740867046 766710153
767251034 -22.7712716 -43.4386199 767251029 767251038
767250790 -22.7712123 -43.4395426 1223123393 767250783
767251764 -22.7711925 -43.4376436 767250289
767250293 -22.7711826 -43.4383302 767250291 767250295
767251038 -22.7711035 -43.4385126 767251034 767250296
1223123393 -22.7710803 -43.4393782 767250803 767250790 1223123829
766745467 -22.7710491 -43.4372104 766745462 766745473
766709981 -22.7710324 -43.4320743 766709916 766709914 766710154
766709914 -22.7709675 -43.4319026 766709981 766710048
767250295 -22.7709551 -43.4382122 767250296 767250293
767250803 -22.7709452 -43.43921 1223123393 767250811
767250811 -22.7708858 -43.4390276 767250803 767250298
2363028821 -22.7708484 -43.4342664 590238389
767250296 -22.7708265 -43.4382336 767250295 767250298 767251038
766710058 -22.7708117 -43.4306336 766710156 766709910
766710048 -22.7707872 -43.4314252 766710155 766709914 740868667
766745473 -22.7707227 -43.4365666 766745467 766745398 766745479
2363028809 -22.7707097 -43.4339155
766709910 -22.7706534 -43.430698 740868669 766710058 766710157
740868667 -22.7706023 -43.4309357 766710048 740868669
740868669 -22.7705232 -43.4307855 766709910 740868667 740868676
1223129783 -22.7705211 -43.4389661
767252239 -22.7705 -43.4369676 767252240 767252063
767250298 -22.7704901 -43.4384482 767250296 767250811 767252240
766745479 -22.7704754 -43.435998 766745396 766745473 766745484
766745484 -22.7704259 -43.4359014 766745488 767252063 766745479
740868676 -22.770355 -43.4305817 740868669 740868678
767252240 -22.7702931 -43.4381472 767252239 767250298
1223129605 -22.7702738 -43.4397064
766745488 -22.7701934 -43.4353664 766745526 766745484 767251823
767251823 -22.770142 -43.4352682 766745488
740868678 -22.7701373 -43.43041 740868676
767252063 -22.7700836 -43.4360534 767252239 766745484
617150398 -22.7700172 -43.4340271 740867046
