766748971 -22779874 -43457306 766748970 766748972
766748970 -22779587 -43457156 766748968 766748971
766748968 -22779379 -43456887 766748967 766748970
766748967 -22779242 -43456670 766748966 766748968
766748966 -22779045 -43456415 766748965 766748967
766748965 -22778940 -43456207 766748964 766748966
766748963 -22778911 -43455638 766748964 766748962
766748964 -22778881 -43455927 766748965 766748963
766748962 -22778802 -43455166 766748961 766748963
766748961 -22778693 -43454897 3055692970 766748962
3055692970 -22778638 -43454779 766748960 766748961
766748960 -22778540 -43454729 3055692970 766748959
766748959 -22778407 -43454681 766748960 766748958
766748958 -22778240 -43454475 766748957 766748959
766748957 -22778123 -43454251 766748956 766748958
766748956 -22778080 -43454125 766748957 766748955
766748955 -22778050 -43453889 766748954 766748956
766748954 -22778001 -43453449 766748953 766748955
766748950 -22777991 -43451700 766748949 766748951
766748951 -22777981 -43452076 766748950 766748952
766748953 -22777952 -43452913 766748954 766748952
766748949 -22777942 -43451411 766748948 766748950
766748952 -22777932 -43452537 766748951 766748953
766748948 -22777783 -43450971 766748947 766748949
766748947 -22777635 -43450767 766748946 766748948
766748946 -22777576 -43450563 766748945 766748947
