3344320717 -22779969 -43285764 837434551
836429971 -22779963 -43287973 836429777 836429694 836430583
122218045 -22779941 -43285643 3163870904
836429776 -22779858 -43289361 836429687 836429777 836429694 836251517
836429777 -22779805 -43288198 836429776 836429971 836430057 836429819
837624305 -22779479 -43285537 837624308
837436722 -22779413 -43285936 837434439 837436715
837436715 -22779362 -43286128 837436722 837436714
836429819 -22779182 -43287565 836429777 837434439 837436039
836430057 -22778471 -43289627 836429687 837436039 836429777 836430202
837436734 -22778273 -43286024 837436722 837437231
837436039 -22777903 -43289016 836430057 837436714 836429819 837436043
3163870817 -22777556 -43286062 837436734
837436714 -22777278 -43288417 837436713 837436039 837436715 837437231
837429622 -22777075 -43286087 3163870817 837429604
3163870904 -22777065 -43285833 122218046
837437231 -22776712 -43287807 837437233 837436734 837436714 837429604
837429604 -22776121 -43287171 836253204 837437231 837429579 837429622
837624308 -22776105 -43285783 3148247090
837436713 -22775953 -43289864 837437233 836427926 837436714 837436043
836253205 -22775874 -43286152 836253204 837429622
3163870816 -22775809 -43286034 3344320717 3163870817
836253204 -22775538 -43286544 836422885 836253205 836424655 837429604
3148247090 -22775430 -43285842 3802084923
122218046 -22775371 -43285930 3802084922
837437233 -22775369 -43289242 837437236 837436713 837437231 837429579
836424655 -22775243 -43286204 836253205 836253204
3802084922 -22774826 -43285959 3802084923 122218048
837429579 -22774785 -43288621 837437233 836422885 837429594 837429604
837433552 -22774559 -43286243 836424655 837439567
836422885 -22774200 -43287999 836427720 836253204 837439567 837429579
3802084923 -22773818 -43285915 837624309
837439567 -22773631 -43287394 836422885 837438082 837433552 837439561
122218048 -22773121 -43286050
837624309 -22773107 -43285948 838408864
3344320716 -22773095 -43286170 3163870816
837438082 -22773047 -43286728 837439567 837433550 837438380
838409439 -22772915 -43280554 838418424 838409442
836427720 -22772846 -43289470 837437864 836422885 837429594 837439561
837433550 -22772757 -43286351 837433552 837438082
837439561 -22772267 -43288862 836427720 837439567 837437866
837439557 -22772071 -43289139 837437864 837439555 837437866
837437866 -22771945 -43288524 836427927 837439557 837439561 837438380
836427927 -22771911 -43288488 837438382 837437866
837438380 -22771851 -43288080 837437867 837438082 837438382 837437866
838408864 -22771825 -43286030 837624310
837438382 -22771691 -43288253 836427927 836427928 837438380 837445768
837437867 -22771533 -43286667 837438380 837433549
837433549 -22771438 -43286435 837433550 837437867 836427928
837624310 -22771367 -43286062
838418424 -22771291 -43282484 838409439 838409437
838409437 -22771254 -43282528 838418424 838409435
837445768 -22771056 -43288957 837438382 837438390 837445888
837433548 -22770976 -43286488 837433549
836427928 -22770773 -43287276 837438382 837433549 837446086
837432040 -22770672 -43286335 3344320716
838409435 -22770541 -43283258 838409433 838409520 838409437
837438390 -22770416 -43289668 837445768
837446278 -22770389 -43286498 837433548
838409433 -22770363 -43283623 838409431 838409435
838409520 -22770363 -43283237 838409435 838409524
837446086 -22770280 -43287858 836427928 837445888
838409431 -22770205 -43283880 838409433
838409524 -22770185 -43283001 838409520
837445888 -22770161 -43287997 837446086 837445768
