748781271 -22779985 -43398791 621201223 1279202231 748781340
2201073481 -22779946 -43393101 2368552154
750533902 -22779841 -43391353 1279205033 750533903 750533362 750533870
748781373 -22779741 -43397461 748781372 748780404 748781374
748780585 -22779724 -43395716 1279202232 748780717
2201073496 -22779713 -43393540 2201073481
750533268 -22779616 -43392710 750533229 750533107
146885290 -22779485 -43394371 748780342
748781374 -22779479 -43397746 1279202231 621201223 748781373
2201073493 -22779459 -43393976 2201073496
748780717 -22779455 -43396013 748780585 748785954 748780722
146884104 -22779451 -43394212 146884102
750533228 -22779394 -43394307 146884104
750533870 -22779339 -43390398 750533590 750533871 750533902 750533868
748779696 -22779299 -43399364 748779680 748777695
748785954 -22779278 -43396208 748780717 748780588
621201223 -22779242 -43398004 748781271 748781374
748780588 -22779190 -43396306 748780335 748780404 748785954
748780335 -22779170 -43396231 748780332 748780588
2201073490 -22779160 -43394498 2201073493
748779680 -22779065 -43399633 748779696 748778615 748779681
2604298152 -22778995 -43394762 2201073490
2201073473 -22778907 -43394931 2604298152
748780332 -22778880 -43395914 748779913
2217666885 -22778878 -43395511 2523712666
748780339 -22778873 -43395834 748780335
2523712666 -22778864 -43395534 2523712665 2523712664
748780342 -22778842 -43395382 748780132
748780340 -22778841 -43395700 748780339
2523712665 -22778839 -43395634 748780340
748778615 -22778833 -43399894 748779680 748778649 748778614 3846850557
748779913 -22778765 -43395855 2523712663
2523712663 -22778699 -43395867 2523712664
748779636 -22778661 -43399919 748778649 748778572 748779638
2523712664 -22778642 -43395900 2217666875
2201073489 -22778627 -43395369 2201073473
750533298 -22778587 -43393439 750533107 750533299
750533107 -22778577 -43393364 1279205033 750533268 750533298
750533299 -22778567 -43393546 750533298 750533300
2201073486 -22778425 -43395695 2201073489
748780132 -22778407 -43396066 146885289
748778572 -22778290 -43398913 748779702 748779638 748779636 748778650
146885289 -22778164 -43396448 535988534
748779702 -22778161 -43398849 748779704 748778572
2201073476 -22778156 -43396083 2201073486
1279205033 -22778082 -43392418 750533107 750533871 750533902 750533904
748778650 -22778072 -43398194 748778575 748778572
2217666875 -22778062 -43396855 2523712633
748779638 -22777996 -43399238 748779639 748778572 748779634 748779636
2201073471 -22777968 -43396376 2201073476
750533867 -22777944 -43390006 750533866 750533868
2523712633 -22777884 -43397098 2523712632
748778575 -22777835 -43397915 748779704 2625837417 748778650
535988534 -22777774 -43397029 535988526
748779634 -22777751 -43399509 748779633 748779638 748779631 748779635
535988517 -22777679 -43396950 750533228
2625837417 -22777673 -43397592 748778575
2523712632 -22777640 -43397433 2217666898
2201073463 -22777595 -43396891 2201073471
750533871 -22777591 -43391489 1279205033 750533872 750533886 750533870
2217666898 -22777577 -43397520 2253055411
535988526 -22777566 -43397330 146885288
748779704 -22777545 -43398224 748779702 748778575
748779631 -22777506 -43399780 748779630 748779634 748778655 748779632
535988518 -22777465 -43397266 535988517
750533904 -22777459 -43392795 750533907 1279205033 750533905
750533886 -22777431 -43391184 750533871 750533866 750533885
2201073488 -22777362 -43397216 2201073463
748779639 -22777307 -43398531 748779638
750533300 -22777261 -43394222 750533299 750533110
750533905 -22777241 -43392377 750533904
2201073464 -22777189 -43397481 2201073488
750533866 -22777111 -43390576 750533702 750533867 750533886 750533865
2253055411 -22777078 -43398233 2253055413
748779633 -22777065 -43398807 748779634
750533885 -22777063 -43391433 750533886
750533907 -22777054 -43393053 750533906 750533888 750533904
750533110 -22776955 -43394373 750533111 750533300
748779632 -22776828 -43399074 748779631
2201073470 -22776821 -43398026 2201073464
750533906 -22776816 -43392581 750533907
146885288 -22776739 -43398500 2217666882
750533111 -22776727 -43394008 750533110 750533888
146884106 -22776666 -43398382 535988518
748778656 -22776581 -43399363 748778655
750533888 -22776437 -43393446 750533111 750533872 750533907
748778658 -22776356 -43399638 1279211181
2201073495 -22776350 -43398671 2201073470
621118972 -22776342 -43398877 146884106
750533865 -22776193 -43391068 750533866 750533741
2253055413 -22776176 -43399482 748777811
748778576 -22776088 -43399903 748778577
2217666882 -22776020 -43399487 748777817
750533872 -22775950 -43392503 750533747 750533871 750533888
2201073479 -22775807 -43399402 2201073495
750533741 -22775758 -43391390 750533747 750533733 750533865
621118973 -22775614 -43399635 2201073479
750533747 -22775457 -43391547 750533872 750533119 750533741
621118975 -22775405 -43399828 621118973
621118976 -22775320 -43399845 621118975
750533733 -22775274 -43390454 750533702 750533703 750533741
621118977 -22775248 -43399842 621118976
1780628402 -22775148 -43399807 621118977
1780628443 -22775126 -43399934 1780628441
750533119 -22775102 -43390860 750533747 750533114 750533703
1780628380 -22775073 -43399753 1780628402
1780628441 -22775036 -43399830 621118997
750533703 -22774988 -43390638 750533119 750533112 750533733
621119313 -22774846 -43390067 750533112 621119314
1780628448 -22774821 -43399484 1780628380
621118997 -22774743 -43399553 621122736 2217676593
750533112 -22774740 -43390158 621119312 621119313 750533703
621119312 -22774609 -43390271 621119309 750533112
621119309 -22774312 -43390646 621119312 750533116
750533113 -22774244 -43392130 750533114
621122591 -22774198 -43398817 1780628448
2217676593 -22774141 -43398904 621118996 2217676594
568835057 -22774125 -43390202 568835052
621118996 -22774105 -43398865 621122590
2217674153 -22774076 -43398691 621122591
621122590 -22774057 -43398809 2995298698
2217676594 -22774048 -43398869 2217676595
621118978 -22774025 -43398639 2217674153
2995298698 -22774014 -43398759 621122475
2217676595 -22773990 -43398863 2217676596
750533114 -22773947 -43391551 750533115 750533119 750533113
621122475 -22773943 -43398676 621118995 2526043210
2526043210 -22773941 -43398765 621122474
2526043211 -22773931 -43398592 621122475
2217676596 -22773914 -43398902 621122358
621122474 -22773913 -43398853 621122358
621118995 -22773887 -43398607 621118994
621122479 -22773887 -43398489 621118978 2526043211
750533115 -22773868 -43391379 750533114 750533116
621122358 -22773847 -43398951 2526043001
750533116 -22773787 -43391303 621119306 621119309 750533115
2217674145 -22773448 -43398014 621122479
621118994 -22773274 -43397974 2526526486 621122631
568835045 -22773151 -43390157 568834877 568835051 568835052
621119306 -22773145 -43392106 621119304 750533116
1279205031 -22772957 -43391104 1279205032
621119304 -22772927 -43392374 621125227 621119306
2526526482 -22772687 -43397188 2217674145
568835051 -22772657 -43390432 568835045 568835050 568834878
2526526485 -22772649 -43397169 2526526482
621118979 -22772621 -43397116 2526526482
2526526483 -22772611 -43397161 2526526485
2526526484 -22772578 -43397165 2526526483
1279205032 -22772576 -43390707 1279205031 568835050
2526526486 -22772549 -43397178 2526526484 621118992
568835050 -22772408 -43390571 568834879 568835051 1279205032
621125227 -22772065 -43393455 621119303 621119304 621125226
621125226 -22771908 -43393318 621125227 621125225
621119303 -22771849 -43393726 621125227 621119302
621118992 -22771817 -43396402 621118909 621122650
621122631 -22771780 -43399627 621118994 2526625874
2526625874 -22771645 -43399467 2809167187
2809167187 -22771398 -43399175 2991794828
621118895 -22771325 -43395764 621118979
621118909 -22771295 -43395841 621122725 2526526473
621125225 -22771246 -43393940 621125224 621125226
621119302 -22771150 -43394649 621119301 621119303
621122650 -22771137 -43397148 621122629 621122725
2991794828 -22771071 -43398791 2526526486 621122629
2526043013 -22770844 -43398873 2526043014
621122725 -22770573 -43396611 621122650 621119301 621118909 621122724
621125224 -22770533 -43394627 621125223 621125225
621118617 -22770509 -43394880 621118895
2526526473 -22770405 -43394884 621118624
621122629 -22770364 -43398005 2526043015
2526043014 -22770360 -43398311 2526043013 2526043006
621118618 -22770310 -43394683 621118617
621125223 -22770256 -43394906 621125224
2526526478 -22770250 -43394631 621118618
621118624 -22770213 -43394701 2526526474
621118619 -22770177 -43394584 2526526478
621119301 -22770157 -43396215 621122725 621119302
2526043015 -22770155 -43397902 2526043006
2526526474 -22770140 -43394647 621118623
2526043006 -22770127 -43397886 2526043017 2526043014
2526526477 -22770117 -43394554 621118619
621122724 -22770058 -43397213 621122725
621118623 -22770058 -43394616
621118620 -22770040 -43394534 2526526477
2526043017 -22770030 -43397778
