2691341382 -22.779467 -43.596346 2691341376 2691341388
2691341376 -22.778038 -43.59655 2691341373 2691341382
2691341375 -22.777493 -43.598038 2691341372 2691341377
2691341373 -22.7773365 -43.5964959 2691341370 2691341376 2691341366
2691341372 -22.777301 -43.597149 2691341375 2691341370
2691341370 -22.7772176 -43.5967608 2691341373 2691341366 2691341372 2691341365
2691341366 -22.7770516 -43.5964567 2691341370 2691341373 2691341363
2691341365 -22.7769524 -43.5955749 2691341370
2691341363 -22.7762226 -43.5963427 2691341366 2691341362
2691341362 -22.775854 -43.596225 2691341363 2691341361
2691341361 -22.775422 -43.595845 2691341362 2691341360
2691341360 -22.775122 -43.59539 2691341361 2691341359
2691341359 -22.774964 -43.595301 2691341358 2691341360
2691341358 -22.773071 -43.594823 2691341357 2691341359
2691341357 -22.772763 -43.594676 2691341358 2691341356
2691341356 -22.770927 -43.59333 2691341357 2691341355
2691341355 -22.770468 -43.593072 2691341356
