1307603547 -22.7793418 -43.5284812 1307603447 1307603639 1307603262
1307603639 -22.7790995 -43.5281808 1307603380 1307603547 1307603278
1307603443 -22.7790794 -43.5292293 1307603447 1307603325
1307603369 -22.7790698 -43.5272688 1307603345
1307603368 -22.7790154 -43.526727 1307603284 1307603396
1307603460 -22.7790005 -43.5277731 1307603345 1307603407
1307603447 -22.77885 -43.5289542 1307603547 1307603443 1307603530
1307603345 -22.778814 -43.5273877 1307603369 1307603366 1307603460
1307603396 -22.7788046 -43.5264132 1307603214 1307603668 1307603368
1307603366 -22.7787928 -43.5273976 1307603345 1307603393
1307603668 -22.7787236 -43.5262925 1307603396
1307603393 -22.7783922 -43.5277731 1307603284 1307603366 1307603392
1307603284 -22.7783068 -43.527334 1307603214 1307603393 1307603368
1307603214 -22.7782216 -43.5268955 1307603396 1307603387 1307603284
1307603392 -22.7781696 -43.5280306 1307603287 1307603393 1307603407
1307603387 -22.7781597 -43.5265768 1307603214
1307603287 -22.7780954 -43.528154 1307603392 1307603575 1307603326
1307603407 -22.7780409 -43.5287248 1307603392 1307603460 1307603449 1307603278
1307603278 -22.7779267 -43.5293406 1307603639 1307603571 1307603530 1307603407
1307603530 -22.7778135 -43.529951 1307603447 1307603627 1307603278
1307603319 -22.7777986 -43.521207 1307603286
1307603575 -22.7777887 -43.5284329 1307603287 1307603424 1307603370
1307603326 -22.7777442 -43.5261262 1307603287 1307603370
1307603286 -22.777586 -43.5212285 1307603319 1307603484
1307603424 -22.7774969 -43.528728 1307603557 1307603575 1307603298
1307603370 -22.777403 -43.5262389 1307603575 1307603326
1307603484 -22.7772744 -43.5213036 1307603286 1307603570
1307603449 -22.7772496 -43.5294843 1307603407
1307603557 -22.7772447 -43.5274137 1307603424 1307603415 1307603377
1307603570 -22.7771568 -43.5212881 1307603390 1307603484 1307603426
1307603394 -22.7771458 -43.5292161 1307603445 1307603298
1307603298 -22.7771458 -43.5291088 1307603424 1307603394
1307603426 -22.7771111 -43.5212821 1307603570 1307603618
1307603377 -22.7770716 -43.5264213 1307603557 1307603622
1307603445 -22.7770468 -43.5293878 1307603394
1307603390 -22.777032 -43.5216094 1307603565 1307603570
1307603622 -22.776943 -43.5261477 1307603377 1307603614
1307603565 -22.7769331 -43.5218347 1307603523 1307603390
1307603277 -22.7768935 -43.527124 1307603314 1307603606
1307603314 -22.7768638 -43.5269684 1307603277 1307603258 1307603356
1307603258 -22.7768391 -43.5267163 1307603349 1307603314
1307603606 -22.7767995 -43.5276819 1307603277 1307603554 1307603415
1307603523 -22.7767797 -43.5219902 1307603565 1307603597 1307603524
1307603415 -22.776777 -43.527846 1307603606 1307603557 1307603260
1307603349 -22.7767451 -43.5264266 1307603321 1307603258
1307603657 -22.7767253 -43.5294092 1307603515
1307603614 -22.7767204 -43.5258741 1307603622 1307603419
1307603356 -22.7767154 -43.5268987 1307603532 1307603314
1307603515 -22.7766363 -43.5292859 1307603657 1307603383 1307603260
1307603321 -22.7766264 -43.5261959 1307603534 1307603349
1307603597 -22.7766264 -43.5221351 1307603523
1307603524 -22.7766066 -43.5216416 1307603523 1307603656
1307603260 -22.7765913 -43.5291955 1307603515 1307603665 1307603415
1307603532 -22.7765275 -43.5268504 1307603378 1307603356 1307603527
1307603656 -22.7765077 -43.5216147 1307603522 1307603524
1307603383 -22.776483 -43.5296024 1307603515 1307603398
1307603527 -22.7764731 -43.5266144 1307603532 1307603483
1307603419 -22.7764399 -43.5255239 1307603302 1307603402 1307603614
1307603522 -22.7764335 -43.5215343 1307603656 1307603519
1307603398 -22.776394 -43.5297257 1307603389 1307603383 1307603235 1307603564
1307603554 -22.7763791 -43.5280842 1307603606 1307603665 1307603441
1307603534 -22.7763742 -43.5259438 1307603321 1307603296
1307603483 -22.7763544 -43.5263944 1307603682 1307603527 1307603316
1307603519 -22.7763494 -43.5215289 1307603608 1307603522
1307603682 -22.7763198 -43.5262764 1307603483 1307603661
1307603302 -22.7762974 -43.525346 1307603331 1307603419 1307603462
1307603296 -22.7762901 -43.5258419 1307603402 1307603534
1307603402 -22.7762901 -43.5257722 1307603419 1307603296
1307603331 -22.7761466 -43.5254718 1307603302 1307603388
1307603378 -22.7761071 -43.5268343 1307603532 1307603563
1307603441 -22.7761021 -43.5276765 1307603273 1307603554
1307603618 -22.7761021 -43.5209764 1307603608 1307603426 1307603654
1307603661 -22.7760527 -43.5260994 1307603682 1307603388
1307603665 -22.7760049 -43.5283906 1307603274 1307603554 1307603389 1307603260
1307603273 -22.7759884 -43.5275478 1307603468 1307603441
1307603608 -22.7759866 -43.5214323 1307603618 1307603217 1307603519 1307603521
1307603563 -22.7759488 -43.5268504 1307603510 1307603378 1307603439
1307603462 -22.7759178 -43.5248721 1307603302 1307603435 1307603671
1307603521 -22.775916 -43.5217109 1307603423 1307603608
1307603423 -22.7758746 -43.5218454 1307603451 1307603521
1307603388 -22.7758662 -43.5259543 1307603331 1307603661 1307603528
1307603510 -22.7757905 -43.5270972 1307603322 1307603563
1307603671 -22.775657 -43.5253806 1307603611 1307603462
1307603322 -22.7756421 -43.5270221 1307603510 1307603439 1307603660
1307603389 -22.7756322 -43.5286958 1307603665 1307603230 1307603398 1307603601
1307603528 -22.7756322 -43.5263569 1307603388 1307603611 1307603316
1307603451 -22.7756174 -43.5226715 1307603372 1307603423
1307603435 -22.7756075 -43.5244847 1307603650 1307603560 1307603462
1307603439 -22.7755927 -43.5268236 1307603322 1307603563 1307603316
1307603316 -22.7755729 -43.5265339 1307603528 1307603439 1307603483
1307603372 -22.7755581 -43.5228539 1307603381 1307603451
1307603217 -22.7754888 -43.5213143 1307603608
1307603660 -22.7753602 -43.5272581 1307603322 1307603468
1307603468 -22.7753298 -43.5273126 1307603274 1307603207 1307603273 1307603660
1307603274 -22.7752903 -43.5273431 1307603665 1307603601 1307603468
1307603230 -22.7752777 -43.5289966 1307603235 1307603662 1307603389 1307603358
1307603381 -22.7752514 -43.5232133 1307603442 1307603372
1307603560 -22.7752217 -43.5241575 1307603332 1307603435 1307603688
1307603207 -22.775192 -43.5267324 1307603468
1307603611 -22.7750642 -43.5264206 1307603528 1307603190 1307603671
1307603654 -22.7750338 -43.520676 1307603618 1307603232
1307603442 -22.7750288 -43.5234279 1307603381 1307603338
1307603338 -22.7750189 -43.5235298 1307603386 1307603442
1307603386 -22.7749942 -43.5236586 1307603688 1307603338
1307603518 -22.7749942 -43.5211695 1307603414 1307603405
1307603414 -22.7749166 -43.5216225 1307603409 1307603373 1307603518 1307603517
1307603601 -22.7749151 -43.5276336 1307603274 1307603662 1307603389 1307603295
1307603190 -22.7749151 -43.5264373 1307603611 1307603307
1307603358 -22.7749052 -43.5293127 1307603230 1307603391 1307603357 1307603569
1307603603 -22.7748557 -43.5235942 1307603688 1307603237
1307603237 -22.7748409 -43.5234655 1307603603 1307603403
1307603405 -22.7748359 -43.5211641 1307603288 1307603518
1307603688 -22.7748161 -43.5238624 1307603603 1307603560 1307603386 1307603531 1307603309
1307603373 -22.7748013 -43.522296 1307603561 1307603414
1307603561 -22.774748 -43.5227781 1307603431 1307603373 1307603344
1307603403 -22.7747419 -43.5233635 1307603431 1307603361 1307603237
1307603288 -22.7747073 -43.5210837 1307603405 1307603629
1307603295 -22.7746974 -43.5266627 1307603601 1307603307
1307603431 -22.7746974 -43.5232348 1307603561 1307603403
1307603232 -22.774643 -43.520574 1307603191 1307603654
1307603307 -22.7746282 -43.5264213 1307603295 1307603650 1307603190
1307603629 -22.7746232 -43.520912 1307603288 1307603486
1307603191 -22.7746063 -43.5205683 1307603232 1307603486 1307603375
1307603486 -22.7746034 -43.5207886 1307603629 1307603191
1307603409 -22.7745936 -43.5215128 1307603414 1307603664
1307603650 -22.774551 -43.5263626 1307603435 1307603307 1307603535
1307603309 -22.7745352 -43.523832 1307603688 1307603545 1307603360
1307603531 -22.7745251 -43.5243916 1307603688 1307603637 1307603546
1307603662 -22.7745194 -43.527966 1307603230 1307603601 1307603569 1307603374
1307603535 -22.7744798 -43.5263086 1307603650 1307603332
1307603360 -22.7744699 -43.5238249 1307603315 1307603309
1307603374 -22.7744551 -43.527698 1307603641 1307603662
1307603391 -22.7744407 -43.5296975 1307681270 1307681242 1307603358 1307681309
1307603664 -22.7744007 -43.5212607 1307603409 1307603689
1307603689 -22.7742869 -43.5210515 1307603664 1307603548
1307603375 -22.7742671 -43.520515 1307603548 1307603191 1307603437
1307603548 -22.7742523 -43.5207618 1307603689 1307603375
1307603641 -22.774188 -43.5265929 1307603609 1307603374
1307603569 -22.7741541 -43.5282728 1307603662 1307603458 1307603358
1307603332 -22.7741531 -43.5261112 1307603609 1307603560 1307603535
1307681242 -22.7741347 -43.5292701 1307603391 1307681320 1307681264
1307603458 -22.7741102 -43.5283096 1307603275 1307603569 1307603529
1307603437 -22.7740733 -43.520483 1307603330 1307603375 1307603429
1307603330 -22.7740693 -43.5208047 1307603437 1307603595
1307603595 -22.7740544 -43.5211534 1307603330
1307603224 -22.7740445 -43.5220653 1307603344
1307603344 -22.7740327 -43.5227067 1307603224 1307603561 1307603456
1307603609 -22.7740276 -43.5260354 1307603332 1307603371 1307603641
1307603637 -22.7739901 -43.5253645 1307603371 1307603362 1307603531
1307603362 -22.773911 -43.5251419 1307603231 1307603637 1307603546
1307603529 -22.7738862 -43.5273922 1307603458 1307603559 1307603218
1307681320 -22.7738068 -43.5288003 1307681242 1307603400 2448320718
1307603275 -22.773797 -43.5285738 1307603631 1307603458 1307603400
1307603546 -22.7737392 -43.5246586 1307603362 1307603531 1306924989 1307603545
1307603371 -22.7737246 -43.5258524 1307603637 1307603559 1307603609
1307603400 -22.7736991 -43.5286454 1307681320 1307681353 1307603275
1307603545 -22.7735821 -43.5242167 1307603315 1307603309 1307603363 1307603546 1307603208
1307603559 -22.7735638 -43.526148 1307603371 1307603411 1307603529
1307603429 -22.7735202 -43.5203916 1307603437 1307603254 1307603517 1307603558
1307603315 -22.7734611 -43.523753 1307603361 1307603545 1307603360 1307603222
1307603517 -22.7734452 -43.5214966 1307603456 1307603414 1307603429
1307603231 -22.7734114 -43.5253291 1307603362 1307603351 1307603320
1307681353 -22.7733962 -43.5282169 1307603400 590234090 1307681232
1307603631 -22.7733953 -43.52796 1307603275 1307603218
1307603456 -22.7733669 -43.5226501 1307603432 1307603361 1307603344 1307603517
1307603361 -22.7733273 -43.5232402 1307603648 1307603456 1307603315 1307603403
590234090 -22.7732847 -43.5280405 1307681353 590234094
1307603218 -22.773239 -43.5275494 1307603631 1307603411 1307603529 1307603604
590234094 -22.7732094 -43.5278787 590234090 1307603604
1307603320 -22.7731888 -43.5258043 1307603231 3108173687
1307603385 -22.7731493 -43.5243023 1307603208 1307603363
1307603363 -22.773126 -43.5243844 1306924524 1307603385 1307603545
1307603208 -22.7731196 -43.5242218 1307603385 1307603545 1307603353
1307603604 -22.773118 -43.5275829 590234094 1307603256 1307603218
1307603411 -22.7730461 -43.5270972 1307603559 1307603218 1307603256
1307603256 -22.7729759 -43.527122 1306924833 1307603411 1307603604
1307681232 -22.7728719 -43.5284939 1307681228 1307681353 1307681378
1307603558 -22.7728491 -43.5203365 1307603538 1307603690 1307603429 1307603328
3108173687 -22.7728371 -43.5264378 1306924833 1307603320
1306924833 -22.7727717 -43.5264792 1306924800 1307603256 1306924840 3108173687
1307603690 -22.7727486 -43.5217328 1307603432 1307603558
1307603432 -22.7727337 -43.5225767 1307603456 1307603647 1307603690
2448320718 -22.7727085 -43.5293508 1307681320 2448320721
1307681378 -22.7726942 -43.5282505 1307681198 1307681232
1306924840 -22.7725956 -43.5260145 1306924833 1307603351 1306925008
1307681198 -22.7725508 -43.5280435 1307681301 1307681378
1307603351 -22.7724675 -43.5256588 1306924015 1307603231 1306924840
1307681301 -22.7724617 -43.5280467 1307681323 1307681198
1306924015 -22.7724447 -43.525603 1307603351 1306924434 1306924989
1306924989 -22.7722837 -43.5251915 1306924015 1306924524 1306924760 1307603546
1307603328 -22.7722102 -43.520284 1307603299 1307603412 1307603558
1306924524 -22.7721265 -43.524752 1306924373 1306924989 1307603353 1307603363
2448320721 -22.7720815 -43.5296646 1307681376 2448320718
1307603364 -22.7720809 -43.522001 1307603594 1307603647
1307603594 -22.7720788 -43.5219309 1307603299 1307603364
1307603299 -22.772071 -43.5216684 1307603328 1307603594
1307603647 -22.7720667 -43.5224994 1307603364 1307603432 1307603526
1307603353 -22.7719521 -43.5240839 1306924524 1306924868 1307603208
1306924868 -22.7718916 -43.5238464 1307603353 1307603222 1306924636
1307681323 -22.771888 -43.5283524 1307681308 1307681301
1307603222 -22.7718285 -43.5235826 1306924029 1307603315 1306924868
1306924432 -22.771799 -43.5281215 1306924734 1306924736
1306924029 -22.7717941 -43.5234204 1307603648 1306924311 1307603222
1307603648 -22.7717122 -43.5230678 1306924029 1306924635 1307603361
1306924734 -22.7716935 -43.5278195 1306924409 1306924091 1306924432
1306924635 -22.7716921 -43.5229771 1307603648 1306924642 1306924838
1307681308 -22.7716901 -43.5283954 1307681323 1307681347
1306924373 -22.7716709 -43.5249404 1306924524 1306924114 1306924885
1307681376 -22.7716671 -43.529872 1307681228 1306924058 1307681352 2448320721
1306924718 -22.7716018 -43.5200769 1307603412 1306924285 1306924229
1306924642 -22.7715988 -43.5225289 1306924988 1306924635 1307603526
1307603412 -22.7715896 -43.5202123 1306924372 1306924718 1307603328 1306924229
1307603526 -22.7715872 -43.5224519 1306924313 1306924642 1307603647
1306924229 -22.7715423 -43.5202061 1306924718 1307603412 1306924626
1306924091 -22.7715366 -43.5273704 1306924266 1306924800 1306924734
1306924885 -22.7715291 -43.5245012 1306924373 1306924414 1306924636
1306924313 -22.7715236 -43.5220803 1307603526 1306924372 1306924206
1306924372 -22.7714727 -43.5216325 1306924313 1307603412 1306924799
1306924409 -22.7714494 -43.5279566 1306924734 1306924650 1306924266
1306924800 -22.7714149 -43.5270222 1306924833 1306925008 1306924091
1307681228 -22.7714039 -43.5292368 1307681232 1307681376 1307681347
1306924636 -22.7713835 -43.5240502 1306924850 1306924868 1306924885
1306924266 -22.771261 -43.5274827 1306924315 1306924934 1306924409 1306924091
1306925008 -22.7712499 -43.5265497 1306924434 1306924800 1306924837 1306924840
1306924626 -22.7712104 -43.5208476 1306924813 1306924205 1306924229
1307681347 -22.7711708 -43.5286743 1307681228 1307681308
1306924934 -22.7711597 -43.5272278 1306924495 1306924287 1306924266
1306924650 -22.7711388 -43.5281311 1306924409 1306924315 1306925005
1306924434 -22.7711064 -43.5261277 1306925008 1306924854 1306924015 1306924760
1306924287 -22.7710808 -43.5269534 1306924934 1306924837 1306924079
1306924736 -22.7710669 -43.5285239 1306924371 1306925005 1306924432
1306924837 -22.7709779 -43.526657 1306925008 1306924287 1306924852
1306924205 -22.7709779 -43.5212982 1306924799 1306924626
1306924760 -22.7709617 -43.5257024 1306924434 1306924989 1306924114
1306925005 -22.7708822 -43.5282752 1306924955 1306924650 1306924736
1306924114 -22.7708219 -43.5252913 1306924373 1306924414 1306924760
1306924315 -22.7708023 -43.5276887 1306924266 1306924650 1306924495
1306924813 -22.7706698 -43.5204932 1306924884 1306924527 1306924626
1306924414 -22.7706682 -43.5248394 1306924885 1306924850 1306924114
1306924955 -22.7706631 -43.5279802 1306924828 1306925005
1306924495 -22.7706314 -43.5274639 1306924934 1306924315 1306924079
1306924799 -22.7706244 -43.5219308 1306924372 1306924936 1306924205
1306924850 -22.7705224 -43.5244107 1306924311 1306924636 1306924414
1306924206 -22.7704585 -43.5224999 1306924936 1306924313
1306924079 -22.7704517 -43.5272277 1306924495 1306924287 1306924889
1306924852 -22.7703832 -43.5268973 1306924854 1306924837
1306924311 -22.7703733 -43.5239724 1306924029 1306924838 1306924850
1306924936 -22.7703298 -43.5224579 1306924112 1306924799 1306924206
1306924112 -22.7702749 -43.5225562 1306924936
1306924828 -22.7702523 -43.5274269 1306924955 1306924889
1306924838 -22.7702333 -43.5235606 1306924988 1306924311 1306924635
1306924371 -22.7702112 -43.529012 1306924736
1306924889 -22.7701865 -43.5273383 1306924828 1306924079
1306924527 -22.7701222 -43.5201342 1306924943 1306924813 1306924068
1306924854 -22.7701118 -43.5265306 1306924434 1306924852
1306924068 -22.7700961 -43.5201788 1306924527
1306924988 -22.7700776 -43.5231399 1306924642 1306924838
