836251517 -22.7798803 -43.2906098 836424623 836429776 836428610 836251586
836421154 -22.779864 -43.2964163 836421155 836421269 836421153
836420938 -22.7797849 -43.2957189 836420937 836422073
836424623 -22.7796001 -43.2909158 836422634 836428601 836429687 836251517
836420937 -22.7795969 -43.2959764 836421269 836420938
836421269 -22.7795023 -43.2961264 836420936 836421154 836420937
836420936 -22.7794683 -43.2961802 836420935 836421269
836428203 -22.7794551 -43.2936197 836423325 836428683 836428280 836428201
836420026 -22.7794485 -43.2999568 836420337 836419965 833945512
836419587 -22.7793914 -43.2982214 836423368 836419965
836421153 -22.7793892 -43.2971351 836421154
836420935 -22.7793298 -43.2963841 836420936 836427424 836251705
836251705 -22.7791878 -43.2966073 836420935 836420953 836420888
836429687 -22.7790309 -43.2902582 836424623 836430057 836429776 836429585
2292405641 -22.7789168 -43.2978758 836419587
836428683 -22.7788781 -43.2929902 836428203 836422634 836428601 836428671
836427424 -22.778678 -43.2956878 836423325 836420935 836427313 836428201
836420337 -22.778656 -43.2993228 836420887 836419587
836420888 -22.7785612 -43.2975918 836420887 2292405641
836420953 -22.7785383 -43.2965965 836427313 836251705 836420943
836422634 -22.778289 -43.2923477 836424623 836428683 1795738587 836429585
836428201 -22.7781248 -43.2950946 836427424 836428671 836428203 836428202
1795738587 -22.7781029 -43.292551 836422634 836427428
836420943 -22.7780957 -43.2972387 836420888 836420407 836420953
836427313 -22.7778461 -43.2965849 836427424 836251703 836420953
836420887 -22.7778324 -43.2986858 836420407 836420842
836429585 -22.7776918 -43.2917125 836422634 836429687 836430202 836429578
836428671 -22.7775229 -43.2944493 836428683 836428201 836427428 836428916
836251703 -22.7774319 -43.29655 836252364 836427313
836420407 -22.7773811 -43.2983367 836420942 836420943
836252364 -22.7772803 -43.296548 836420943 836253771 836251703
836430202 -22.7771225 -43.291107 836430057 836429585 837436043 836430196
836253771 -22.7770713 -43.2965699 836428122 836252364 836253770
836428202 -22.7769585 -43.2962913 836252364 836428122 836428201
836427428 -22.7769385 -43.2938226 836428671 1795738587 836251592 836429578
836428122 -22.7767286 -43.2965604 836253654 836253771 836428202
837436043 -22.7765523 -43.2905006 837436713 837436039 837436047 836430202
836253770 -22.7764279 -43.2982702 836253769 836253771
836429578 -22.7763585 -43.2931909 836427428 836430196 836429585 836429532
836428916 -22.7763268 -43.2957928 836428671 836428202
836253654 -22.7761709 -43.2965449 836251701 836428122 836253653
836253653 -22.7758838 -43.2973475 833947044 836253654
836430196 -22.7757712 -43.2925512 837436047 836429578 836430202 836430286
836253769 -22.7756563 -43.2994075 836253770 836253767
836251592 -22.77562 -43.2952596 836427428 836428916
836253767 -22.7755574 -43.2995684 836253769 833947044
2292405156 -22.7752072 -43.2957139 836251592
837436047 -22.7751979 -43.2919268 836430196 836427926 837436043 837436050
836429532 -22.7750137 -43.2946495 836251592 836429578 836429695
833947044 -22.7749767 -43.2998938 836253653 833947043 836253767
833946333 -22.774684 -43.299999 833946332
836427926 -22.7746409 -43.2913201 837436713 837436047 837437236 837436711
836251593 -22.7745583 -43.2963927 836251701 836252857 2292405156
836251701 -22.7745484 -43.2965 836252390 836251593 836428939 836253654
836252390 -22.7745293 -43.2998785 833946333 836251701
836430286 -22.7744472 -43.2940299 836252859 836429532 836430196
836252857 -22.7743901 -43.2958455 836251593 836429695
836429695 -22.7742417 -43.2954653 836252857 836252858 836429703 836429532
836252858 -22.7741131 -43.2952125 836252859 836429695
833945515 -22.7740666 -43.2995182 836252390 836429230
837437236 -22.7740566 -43.2907178 837437233 837437237 836427926 837429594
837436050 -22.7738555 -43.2933827 837436047 836252860 836430286
836252859 -22.7738199 -43.2946675 836252858 836252860 836430584 836430286
836429703 -22.7737407 -43.2959978 836429695 836429706
836429706 -22.7736616 -43.2961159 836429703 836429708
836429708 -22.7736319 -43.2962553 836429706 836428939
836428939 -22.7736123 -43.2964636 836251701 836429230 836253281 836429708
836429230 -22.7735941 -43.2991455 836430506 833945515 836428939 836429236
836429236 -22.7735696 -43.2997786 836429230 833945515
837429594 -22.7734429 -43.2900852 837437236 836427720 837437596 837429579
837436711 -22.7732841 -43.2927578 837436707 837436050 836427926
836252860 -22.7732821 -43.2940323 836252859 837436707 837436053 837436050
833945580 -22.7731861 -43.2999796 836429236
836430584 -22.7727812 -43.2958047 836252859 836430585
837437237 -22.7727276 -43.292149 837437236 837437239 837436711
836430585 -22.7726921 -43.2959978 836430584 836430586
837436707 -22.7726913 -43.2934007 836252860 837437239 837436704 837436711
836430586 -22.7726525 -43.2961695 836430585 836253281
836253281 -22.7726193 -43.2964249 836254943 836430506 836428939 836430586
836430506 -22.7726053 -43.2983655 836429230 833945584 836253492 836253281
837437861 -22.7724137 -43.290687 837437596 837437863
837437863 -22.772384 -43.2905475 837437864 837437861
837437596 -22.7723145 -43.2912874 836252365 837429594 837437861
837437864 -22.7722673 -43.290099 836253203 836427720 837439557 837437863
837437239 -22.7721283 -43.2927988 837436707 837437237 837437240 836252861
836252365 -22.7721247 -43.2914896 837437237 837437596 836252863
836254943 -22.7720852 -43.2964219 836253481 837436053 836253281
836252861 -22.7718972 -43.2925518 837437239 836252862
836253481 -22.7718181 -43.2964205 837436058 836254943 836253492
836253488 -22.7717983 -43.2982059 836253511 833945828 836253492
836253492 -22.7717957 -43.2977269 836430506 836252917 836253481 836253488
833945828 -22.7717715 -43.2997436 833945584 833945829 836253488 836253493
836252862 -22.7716499 -43.2923265 836252861 836252863
837436053 -22.7715841 -43.2958887 836254943 836252860 837436058 837436704
836253203 -22.7715508 -43.290878 836252365 836253195 837437864
836252863 -22.7714322 -43.2922621 836253195 836252365 836252862
836252917 -22.7713828 -43.2974012 836253492 836252918
836252918 -22.7711651 -43.2973154 836252917 836252919
837436058 -22.7711376 -43.2964167 836253280 836253481 837436053
837436704 -22.7709899 -43.2952564 837436707 837437240 837436053
837439555 -22.7709741 -43.2902634 836253203 837439557
836252919 -22.7709079 -43.2972939 836252918 836253495
836253511 -22.7707002 -43.2982012 833945829 836253488 836253495
836253495 -22.7707002 -43.2972928 836253511 836252919
836253195 -22.77068 -43.2918875 836253203 836252863
833945829 -22.7706734 -43.2994968 833945828 836253511 836253513
836253513 -22.7706705 -43.299901 833945829 833946050
836253280 -22.7706606 -43.2964141 837436058
837437240 -22.7704258 -43.2946561 837437239 837436704
