618223226 -22.7799129 -43.3297275 618223219 618223231
835388262 -22.7798527 -43.3243678 835387196 835387198 835388208
835387198 -22.7796512 -43.3231971 835388262 835387201 835387917 835387921
835388576 -22.7795226 -43.3277783 835386537 835388578
835386537 -22.7795154 -43.327666 835385915 835385916 580798114 835388576
835387430 -22.7794633 -43.3208368 835387427 835387671 835387673
835387201 -22.7794138 -43.3220277 835387198 835387414
835386513 -22.7793842 -43.3293769 835386287 835386515
835387414 -22.7793446 -43.3218238 835387201 835387416
835386515 -22.7792556 -43.3294949 835386513 835386518
835387416 -22.7792358 -43.321577 835387414 835387421
835387671 -22.7792358 -43.3206329 835387430 835390992
835388210 -22.7791754 -43.3257484 835387196 835386559 835388209
835387427 -22.7791566 -43.321223 835387424 835387430
835388578 -22.7791369 -43.3291409 835388580 835388576
835387421 -22.7791369 -43.3214268 835387424 835387416
618223219 -22.7791116 -43.3297098 618223226 835386522
835387424 -22.7791072 -43.3213303 835387421 835387427
835386518 -22.7790379 -43.3296129 835386515 835386522
580798114 -22.7789857 -43.3269079 835386537 580798113 835386977 835386559
835388580 -22.7789192 -43.3293984 835388578 618222056 835388834 835388996
835388208 -22.7789192 -43.3244095 835388262 835388207 835388209
835386522 -22.7788886 -43.3297581 618222056 835386518 618223219
835390992 -22.7788401 -43.3206222 835390986 835387671
618222056 -22.7788148 -43.3297741 835388836 835388580 835386522 618222697
835388209 -22.778761 -43.3248279 835388208 835388210
835390986 -22.7786521 -43.3211157 835390992
835388201 -22.7786225 -43.3220062 835388203
835388996 -22.7786126 -43.3293984 835388580 835389004
835388207 -22.778573 -43.3239481 835388206 835388208
835387917 -22.778573 -43.3233044 835387198 835388206 835388205
835388206 -22.7785631 -43.323637 835387917 835388207
835388203 -22.7785631 -43.3221993 835388201 835388205
835388834 -22.7785433 -43.3295486 835388580 835388836
835388205 -22.7783455 -43.3229289 835387917 835388203
835386559 -22.7783158 -43.3262441 835386753 580798114 835388210
835388836 -22.7782564 -43.3298055 618222046 618222056 835388834
835390088 -22.7782367 -43.3244416 835390085 835390091
835390085 -22.7782268 -43.3246348 835390088 835390084
835390091 -22.7781971 -43.3241734 835390088 835390094
835390084 -22.7781081 -43.3249352 835390082 835390085
835390908 -22.7781081 -43.3200857 835390907 835390909
835390094 -22.7780685 -43.3239803 835390091 835390096
835390907 -22.7780586 -43.3202574 835390906 835390908
835390082 -22.7780092 -43.3251819 835390078 835390084
835390330 -22.7780092 -43.3217594 835390331 835390326
835390906 -22.7779993 -43.3203754 835390905 835390907
835390331 -22.7779894 -43.3219311 835390333 835390330
835390326 -22.7779597 -43.3215663 835390330 3005116328
835390096 -22.77793 -43.3238408 835390094
835390333 -22.7779201 -43.3220598 835390337 835390331
835389004 -22.777841 -43.3294627 835388996 835389006
835390078 -22.7778212 -43.3254394 835390030 835390082
3005116328 -22.7777863 -43.3213055 835390323 835390326
835390916 -22.7777824 -43.3200434 835390917 835390528 835390530 835390530
835390905 -22.7777223 -43.3206544 835390904 835390906
835390528 -22.7777223 -43.3201394 835390526 835390916
835390230 -22.7777124 -43.3250425 835390232 835390228
835390232 -22.7777124 -43.324903 835390233 835390230
835390233 -22.7776827 -43.3247099 835390232 835390235
835390526 -22.7776333 -43.3202467 835390873 835390528
835390228 -22.7776234 -43.3251927 835390030 835390230
835390337 -22.7776234 -43.32221 3005116331 835390333
835390904 -22.7776135 -43.3208582 835390905 835390903
835390903 -22.7775739 -43.320944 835390323 835390904 835390921
835390323 -22.7775708 -43.321088 3005116328 835390902 835390903
835390902 -22.777564 -43.3211908 835390901 835390323
835390235 -22.7775343 -43.3245489 835390233 835390237
835390901 -22.7775047 -43.3216736 835390902
580798113 -22.7774821 -43.3277769 835389096 835386753 580798114
618222046 -22.7774794 -43.3298492 835388836 618222035
3005116331 -22.7774759 -43.322318 835390340 835390337 3005116330
835390873 -22.7774321 -43.3203804 835390872 835390524 835390526
835390921 -22.7773958 -43.3207295 835390922 835390903
835389006 -22.7773563 -43.329452 835389004 835385915
835390030 -22.7773365 -43.3258578 835390028 835390078 835390228
835390524 -22.7773266 -43.3204505 835390922 835390873
835390872 -22.7773266 -43.3200106 835390873 835390871
3005116330 -22.777299 -43.3221125 3005116331 3005116329
835390922 -22.777261 -43.3205185 835390521 835390524 835390921
835390340 -22.7772277 -43.3224997 835390343 3005116331
3005116329 -22.7771641 -43.3220841 3005116330
835390028 -22.7771386 -43.325933 835390026 835390030
835385915 -22.777109 -43.3290014 835386537 835389096 835389006
835390521 -22.777109 -43.3206758 835390922 835390798 835390520
618222035 -22.777054 -43.3298814 618222046 618222023
835390343 -22.7770199 -43.3227143 835390364 835390340 835390363
835390364 -22.7769309 -43.3229933 835390343 835390363 835390377
835390798 -22.7769309 -43.3206007 835390521 835390801
835390026 -22.776921 -43.3259759 835390025 835390028
835390378 -22.7769111 -43.3236477 835390379 835390377
835390379 -22.7768814 -43.3237443 835390237 835390378
835390377 -22.7768814 -43.3232937 835390378 835390364
835386753 -22.7768697 -43.3270549 835389762 835386559 580798113
835390520 -22.7768518 -43.3208797 835390521 835390518
835390518 -22.7768023 -43.3210835 835390517 835390520
835390237 -22.7767924 -43.3238408 835390235 835390436 835390379 835390408 835390429
835390363 -22.7767924 -43.322725 835390343 835390364
835389096 -22.7767379 -43.3281961 835385915 580798112 580798113
835390517 -22.7767331 -43.3213625 835390515 835390518
835390515 -22.7766737 -43.3215878 835390514 835390517
835390025 -22.7766539 -43.3259222 835390020 835390026
618222023 -22.7766188 -43.3299994 618222015 618222035
835390429 -22.7766144 -43.3236155 835390428 835390237
835390514 -22.7765946 -43.321738 835390515
835390408 -22.7765352 -43.3237657 835390237 835390407
835390436 -22.7765253 -43.3238945 835390237 835390435
835390801 -22.7764561 -43.3206544 835390798 834002694
835390428 -22.7764363 -43.323358 835390427 835390429
835390020 -22.7764264 -43.3258471 835389760 835390025
834002696 -22.7764209 -43.3203536 834002694 834002697
834002697 -22.7764209 -43.3201927 834002696 834002698
834002694 -22.776322 -43.3205897 834002696 835390801
835390407 -22.7763077 -43.3236584 835390406 835390408
835390427 -22.7762978 -43.3232078 835390426 835390428
835390435 -22.7762385 -43.3238408 835390434 835390436
580798112 -22.776206 -43.3284957 835389096 580798111
835390406 -22.7761494 -43.3235619 835390405 835390407
580798111 -22.7760873 -43.3285386 580798110 828737093 580798112
835390434 -22.7760406 -43.3238516 835390433 835390435
835389762 -22.7760206 -43.327531 835386753 580798108 835389760
835390426 -22.7759911 -43.3231005 835390425 835390427
580798110 -22.7759686 -43.3285064 580798109 580798111
835390405 -22.7759417 -43.3233473 835390404 835390406
835389760 -22.7759202 -43.325492 835389762 835390020 835389757
835389757 -22.7758922 -43.3249244 835389760
580798109 -22.7758895 -43.3284099 580798108 580798110
835390425 -22.7758625 -43.323004 835390424 835390426
835390433 -22.7758428 -43.3239052 835390434 835390432
835390404 -22.7757735 -43.3231649 835390403 835390405
835390424 -22.7757735 -43.322886 835390423 835390425
835390432 -22.7756449 -43.3240339 835390431 835390433
835390403 -22.7756449 -43.3231005 835390402 835390404
835391541 -22.7756152 -43.3206973 835391542
580798108 -22.775563 -43.3277876 580798107 835389762 580798109
828737093 -22.7755608 -43.328858 828737090 580798111
835390431 -22.7754965 -43.3241412 835390430 835390432
835390402 -22.7754767 -43.3230576 835390401 835390403
835390423 -22.7754767 -43.3221135 835390424
835390401 -22.7753679 -43.3229933 835390400 835390402
835390430 -22.775358 -43.3242807 835390431
835390400 -22.7752789 -43.3228538 835390399 835390401
828737090 -22.7752244 -43.3290833 828737088 828737093
835390399 -22.7751305 -43.3226821 835390400 835390398
835391542 -22.77506 -43.3207964 835391541 835391624 835391544
828737299 -22.7750464 -43.3290512 828737088 828737301
828737088 -22.7750167 -43.3292443 828737090 828736958 828737299
828737301 -22.7749969 -43.3288795 828737302 828737299
835390398 -22.7749623 -43.3226499 835390399 835390397
580798107 -22.7749497 -43.3265753 828737307 580798108
828737302 -22.7749376 -43.3287508 828737301 828737303
835391624 -22.7749327 -43.3201608 835391348 835391542
828737307 -22.7749255 -43.3265313 580798107 828737306 580798106
828737303 -22.774898 -43.3285684 828737302 828737304
828737306 -22.774898 -43.3267659 828737307 828737305
828737304 -22.7748782 -43.328225 828737303 828737305
828737305 -22.7748683 -43.3279354 828737306 828737304
835390397 -22.7748535 -43.3224997 835390396 835390398
835391544 -22.7748337 -43.3208368 835391542 835391546
828736958 -22.7748188 -43.3295769 828737088 828737345 828736492
828737345 -22.7747892 -43.3299095 828737343 828736958
828736492 -22.7745122 -43.3299202 828736489 828736956 828736958
580798106 -22.7744254 -43.3256204 580798105 828737307
835390396 -22.7743193 -43.3222744 835390397
835391546 -22.7741907 -43.3209762 835391544 835391548
580798105 -22.774099 -43.3250088 580798104 580798106
835391548 -22.7739533 -43.3210084 835391546 835391554
580798104 -22.7739011 -43.3248694 580798105 580798103
835391554 -22.7738049 -43.320944 835391556 835391548
835391556 -22.7736664 -43.3207938 835391558 835391554
580798103 -22.7735153 -43.3247084 835400886 580798104
834058190 -22.7735066 -43.3202585 834058191
835391558 -22.7734587 -43.3205578 835391556 835391560
835391560 -22.7731718 -43.3202896 835391558 835391562
828736944 -22.7730976 -43.3299631 828736943 828736945
835400886 -22.7730639 -43.324493 580798102 580798103 835400885
580798102 -22.7730207 -43.3244724 580798101 835400886
835391562 -22.7727264 -43.3201055 835391560 835391346 834058191
835392755 -22.7725288 -43.3211908 835392754 835392757
835392754 -22.7725288 -43.321105 835392755 835392752
835400885 -22.772509 -43.3246777 835400886 835400884
835392757 -22.772509 -43.3213517 835392755 835392760
835392752 -22.7724695 -43.3210406 835392754 835392749
835400052 -22.77242 -43.3286581 835400060
835392331 -22.77242 -43.32059 835392330
835392760 -22.7723804 -43.3214483 835394018 835392757 835392763
835392749 -22.7723606 -43.3209226 835392747 835392752
835400884 -22.7723211 -43.3247313 835400881 835400885
835400060 -22.7723013 -43.3286259 835400052 835397586
835392330 -22.7722419 -43.3204934 835392328 835392331
835392747 -22.772232 -43.3207187 835392745 835392749
835392745 -22.7721628 -43.3205578 835392747 835391346
835392328 -22.7721529 -43.320354 835392330 835391346
835394018 -22.772143 -43.3213088 835392760 835394017
828714296 -22.7721182 -43.3299631 828736935 828714294
835391346 -22.7721034 -43.3202038 835391562 835392328 835392218 835392745
835397586 -22.7720738 -43.3284971 835400060 835400341 835397583 835400050
835400881 -22.7720441 -43.3247528 835400879 835400884
828714294 -22.7720193 -43.3299846 828714291 828714296
835400341 -22.7720144 -43.3283362 835400338 835397586
835400338 -22.7719847 -43.3281645 835400336 835400341
835399804 -22.7719748 -43.3266196 835399697
835392763 -22.7719653 -43.3220785 835392760 835392765
835400050 -22.771955 -43.3284757 835400330 835397586 835397583
835399698 -22.7719452 -43.3269629 835399697
835394017 -22.7719056 -43.3212123 835394018 835394016
580798101 -22.7719028 -43.3240647 580798102 580798100
835400336 -22.7718858 -43.3280573 835400334 835400338 835400498
835400879 -22.7718858 -43.3248708 835400881 835400873
835397583 -22.7718759 -43.3287868 835397586 835397956 835397580 835400050
835400330 -22.7718759 -43.3284757 835400050 835400332
835400332 -22.7718067 -43.328422 835400330 835400333
835400334 -22.7717968 -43.3281538 835400333 835400336
835400873 -22.7717869 -43.3250103 835400872 835400879
835400333 -22.7717671 -43.328304 835400334 835400332
828714291 -22.7717621 -43.3299953 828714289 828714294
835400872 -22.7717572 -43.3251927 835400870 835400873
835392765 -22.7717572 -43.3224675 835392763 835392767
835400498 -22.7717473 -43.3279285 835400336 835400500
835400870 -22.7717473 -43.3256862 835400868 835400872
835394016 -22.7717473 -43.3212015 835394007 835394017
835400868 -22.7717176 -43.32589 835400870 835400866
835399697 -22.7716978 -43.3269307 835399696 835399698 835399804
580798100 -22.7716852 -43.3240003 580798101 580798099
835392767 -22.7716385 -43.322607 835392769 835392765
835394007 -22.7715989 -43.321223 3819977718 835394016
835400500 -22.771589 -43.3278749 835398416 835400498
835397580 -22.7715495 -43.3294091 835397574 835397583
835400866 -22.7714604 -43.3266089 835399696 835400868 835401317
580798099 -22.7714478 -43.3239896 580798098 580798100
835397574 -22.7713912 -43.329688 835397572 835397580
835398416 -22.7713813 -43.3278427 835400500 835398419
835399696 -22.7713714 -43.3269093 835399697 835399694 835400866
835401317 -22.7713714 -43.3262548 835400866 835401318
835392769 -22.7713615 -43.3227465 835392767 835392771
3819977718 -22.7713569 -43.3212202 3819977719 835394007
3819977723 -22.7713025 -43.3201742 3819977722
835401318 -22.7712725 -43.3259437 835401317 835401320
835392771 -22.7712032 -43.3229074 835392769 835392774
3819977719 -22.771169 -43.3211559 3819977720 3819977718
3819977720 -22.7711096 -43.3208716 3819977719 3819977721
835397572 -22.7710845 -43.329688 835397574 835397571
580798098 -22.7710521 -43.3239789 580798097 580798099
3819977722 -22.7710453 -43.3205604 3819977723 3819977721
3819977721 -22.7710354 -43.3206623 3819977720 3819977722
835399694 -22.7710251 -43.3269629 835399696 835399692
835401320 -22.7709658 -43.3255145 835401324 835401318
835398419 -22.770857 -43.3277998 835398416 835400502
835403872 -22.7708372 -43.3207938
580798097 -22.7707751 -43.3239252 580798098 835392774
835392774 -22.7707679 -43.3237228 580798097 835392771
835397571 -22.7707185 -43.3297953 835397572 835397567
835401324 -22.7706097 -43.325021 835401377 835401320
835400502 -22.7705206 -43.3278035 835398419 835399692
835401377 -22.7704962 -43.3248421 835401324
835399692 -22.7704909 -43.327038 835399689 835399694 835400502
835397567 -22.7704712 -43.3298597 828714289 835397571
835401853 -22.7704316 -43.3262119 835401855
828714289 -22.7703923 -43.329986 828714588 828714291 835397567
835401855 -22.7703228 -43.3261153 835401853
835397954 -22.7702041 -43.3294842 835397956
835399689 -22.7701744 -43.3270058 835399692
835397956 -22.7700851 -43.3287313 835397583 835397954
