1270363480 -22774055 -43509030 1270363103
1270363103 -22773862 -43509550 1270363480 1270363444 1270363367
1270363384 -22773511 -43508585 1270363319
1270363465 -22773481 -43507549 1270363184
1270363319 -22773397 -43509266 1270363384 1270363444
1270363327 -22773387 -43509888 1270363138 1270363403
1270363444 -22773383 -43509426 1270363319 1270363138 1270363103
1270363138 -22773368 -43509604 1270363327 1270363444
1270363184 -22773296 -43507621 1270363424 1270363465 1270363434
1270363434 -22773130 -43507399 1270363219 1270363184
1270363219 -22773076 -43507270 1270363434 1270363469 1270363118
1270363118 -22772937 -43507056 1270363219
1270363334 -22772917 -43509872 1270363088 1270363380
1270363320 -22772858 -43509293 1270363416 1270363380
1270363380 -22772848 -43509491 1270363320 1270363334
1270363469 -22772819 -43507442 1270363265 1270363219
1270363416 -22772804 -43509019 1270363482 1270363320
1270363265 -22772725 -43507560 1270363439 1270363469
1270363482 -22772710 -43508772 1270363416
1270363439 -22772601 -43507608 1270363265 1270363366 1270363399
1270363366 -22772566 -43507372 1270363439
1270363075 -22772334 -43507496 1270363460 1270363225
1270363393 -22772319 -43508960 1270363226 1270363381
1270363225 -22772309 -43507238 1270363474 1270363075
1270363399 -22772304 -43507753 1270363439 1270363221
1270363460 -22772304 -43507608 1270363490 1270363075
1270363424 -22772298 -43508009 1270363136 1270363221 1270363184
1270322235 -22772289 -43504197 1270322168 1270322300
1270322168 -22772255 -43504438 1270322235
1270363226 -22772245 -43508848 1270363172 1270363393
1270363474 -22772225 -43507206 1270363267 1270363225
1270363221 -22772220 -43507807 1270363424 1270363490 1270363399
1270363490 -22772166 -43507773 1270363460 1270363221 1270363376
1270322300 -22772136 -43504025 1270322259 1270322235
1270363172 -22772131 -43508783 1270363244 1270363226
1270363376 -22772116 -43507743 1270363490 1270363407
1270322259 -22772047 -43503773 1270322300 1270322225
1270363244 -22771973 -43508746 1270363172 1270363391
1270363136 -22771963 -43508139 1270363396 1270363424
1270363110 -22771938 -43509754 1270363354
1270363354 -22771889 -43509491 1270363110 1270363391 1270363194
1270363396 -22771829 -43508134 1270363136 1270363459
1270363391 -22771787 -43508755 1270363354 1240924177 1270363244
1240924177 -22771756 -43508533 1240924178 1270363391
1240924178 -22771731 -43508356 1240924177 1270363459
1270363407 -22771730 -43507646 1270363376 1270363458
1270363459 -22771706 -43508129 1270363276 1270363396 1240924178
1270322096 -22771617 -43504556 1270322225
1270363267 -22771577 -43507115 1270363474 1270363484
1270322225 -22771530 -43503932 1270322259 1270322319 1270322096
1270322319 -22771419 -43503966 1270322225 1270322237
1270363194 -22771384 -43509558 1240924140 1270363354 1270363198
1240924140 -22771251 -43508572 1240924141 1270363194
1240924141 -22771232 -43508422 1240924140 1270363276
1270363276 -22771217 -43508204 1270363260 1270363459 1270363458 1240924141
1270363458 -22771147 -43507576 1270363276 1270363170 1270363407
1270322312 -22771122 -43504856 1270322179 1270322237
1270322179 -22771117 -43505007 1270322312 1270322192
1270322237 -22771048 -43504014 1270322312 1270322319 1270322098
1270322192 -22771013 -43505109 1270322179 1270322125
1270322165 -22770924 -43506439 1270322103
1270363198 -22770909 -43509620 1270363305 1270363194 1270363464
1270363484 -22770904 -43507034 1270363267 1270363114
1270322309 -22770870 -43505881 1270322270
1270363305 -22770845 -43509135 1270363198 1270363260 1270363121
1270363260 -22770731 -43508279 1270363305 1270363317 1270363276 1270363486
1270363317 -22770723 -43508191 1270363329 1270363260 1270363109
1270363109 -22770702 -43507952 1270363317 1270363170 1270363329
1270363170 -22770667 -43507631 1270363109 1270363114 1270363458
1270322125 -22770652 -43505330 1270322192 1270322098 1270322274
1270363486 -22770647 -43508316 1270363260 1270363121
1270322098 -22770622 -43503961 1270322125 1270322237 1270322213
1270363114 -22770592 -43507075 1270363170 1270363440 1270363484
1270363329 -22770590 -43508153 1270363317 1270363109 1270363155
1270322270 -22770583 -43505624 1270322309 1270322274
1270363440 -22770568 -43506879 1270363114
1270322103 -22770370 -43506498 1270322165 1270322308
1270322274 -22770366 -43505506 1270322125 1270322270 1270322122
1270322122 -22770306 -43505543 1270322274 1270322308
1270322308 -22770222 -43505552 1270322101 1270322122 1270322103
1270363155 -22770194 -43508864 1270363329
1270322101 -22770187 -43505556 1270322308 1270322213
1270322213 -22770118 -43503607 1270322101 1270322098
1270363121 -22770086 -43509248 1270363305 1270363486
1270363464 -22770078 -43509767 1270363198 1270363394
