568835055 -22.7799811 -43.3864421 568835054 568834881
750533699 -22.7799766 -43.3875085 750533869 750533591 750533698 750533700
750720618 -22.7799712 -43.3801135 750720615 750720621
568834882 -22.7798509 -43.3845204 568834865 568834883 568834892 568834891
750533591 -22.779751 -43.3870799 621119315 750533604 750533699
568835054 -22.7797156 -43.3865871 568834979 568835055 568834866
621119315 -22.7796734 -43.3871269 750533518 750533591
750551400 -22.7795854 -43.3812508 750724690 750551399
568834883 -22.7795221 -43.3838414 568834889 568834882 568834887
750724690 -22.7795162 -43.3810898 750551400 750727093
750551399 -22.7794766 -43.3814224 750713758 750551400 1271842928 750713423
568834866 -22.7793388 -43.3857813 568834865 568834867 568835054 568834892
568834979 -22.7789981 -43.3869791 568834867 568835054 568834924
568834892 -22.7789703 -43.384982 568834893 568834889 568834882 568834866
750533868 -22.778855 -43.3894788 750533867 750533869 750533700 750533870
750713758 -22.7788126 -43.3809741 750551399 750555984 750713572
750533518 -22.7786567 -43.387741 750533241 621119315
568834889 -22.778634 -43.3842793 568834883 568834890 568834892
568834867 -22.7786247 -43.386182 568834979 568834893 568834868 568834866
750555984 -22.7785072 -43.380768 750713758 750555985
750551179 -22.7784083 -43.3803925 750727093
750533700 -22.7783605 -43.3885392 750533699 750533702 750533868 750533241
750555985 -22.7783292 -43.380607 750555984 750551174
568834890 -22.7782877 -43.3844617 568834889
750551174 -22.7782599 -43.3804997 750550995 750713779 750555985
568834924 -22.7782553 -43.3873849 568834868 568835005 568834979
568834893 -22.7782515 -43.3853855 568834867 568834892 750547137 568834894
750713207 -22.7782073 -43.3837224 750544608 750713204 750547137
750533241 -22.7781212 -43.3880846 750533518 750533700 621119314
750713204 -22.7779097 -43.3830876 750713423 750713207 1271842928
568834868 -22.777884 -43.386588 568834867 568834869 568834924 568834894
750547137 -22.7776208 -43.3840489 568834893 568834927 750713207
750713423 -22.7775989 -43.3824245 750713204 750713572 750551399
568835005 -22.777522 -43.3877855 568834869 568835004 568834924
568834894 -22.7775098 -43.3857868 568834893 568834868 568834895 568834925
568834927 -22.7773933 -43.3835668 750535817 750547137 568834925
750713572 -22.7773082 -43.3818043 750713779 750713758 750713423
568834869 -22.7771612 -43.3869855 568834868 568834870 568835005 568834895
750535817 -22.7770199 -43.3827707 568834920 568834927 568834899
750713779 -22.7770055 -43.3811585 750713954 750713572 750551174
568835004 -22.776795 -43.3881827 568834870 568835005 568835053
568834895 -22.7767839 -43.3861674 568834896 568834928 568834894 568834869
750713954 -22.7767248 -43.3805597 750713779 750550995 750714267
568834925 -22.7766589 -43.383965 568834928 568834894 568834899 568834927
750533702 -22.7765989 -43.3896019 750533866 750533700 621119314 750533733
568834870 -22.7764256 -43.38739 568834896 568834869 568834871 568835004
621119314 -22.7763694 -43.3891654 750533702 621119313 750533241
568834899 -22.7762933 -43.3831719 750535817 568834900 568834925 568834921
568835053 -22.7760712 -43.3885781 568834976 568835004 568834871
568834896 -22.7760593 -43.3866032 568834870 568834895 568834897 568834929
568834920 -22.7760005 -43.380597 750535817 750711968 568834921
568834928 -22.775915 -43.3843683 568834900 568834925 568834929 568834895
568834871 -22.7757091 -43.387784 568834870 568834872 568835053 568834897
568834900 -22.7755524 -43.3835909 568834901 568834928 568834922 568834899
568834897 -22.7753201 -43.3869653 568834896 568834898 568834930 568834871
568834921 -22.7752503 -43.3810039 568834920 568834922 568834899 750541848
568834929 -22.7751996 -43.3847563 568834928 568834930 568834896 568834901
568834901 -22.774853 -43.3839873 568834900 568834902 568834929
568834977 -22.7747184 -43.3895835 568834976
568834898 -22.7747026 -43.3873004 568834983 568834897
750541205 -22.7746888 -43.3836433 750541200
568834976 -22.7746393 -43.3893603 568834977 568834873 568835052 568835053
750541200 -22.7745899 -43.3833536 568834915 750541205
568834872 -22.774541 -43.3884263 568834871 568834873 568835008
568834922 -22.7745285 -43.3813953 568834914 568834900 750541852 568834921
568834930 -22.774461 -43.3851567 568834929 750535971 568834897 568834902
750535970 -22.7744316 -43.3861646 568834984 750535971
568834915 -22.7744177 -43.382966 568834914 750541200
568834983 -22.7743781 -43.3866395 568834898 568834984 568835008
568834873 -22.7742507 -43.388586 568834872 568834874 568834976 568834973
568834984 -22.7741882 -43.3862876 568834983 568834985 750535970
568834902 -22.7740963 -43.3843889 568834901 568834930 568834903 568834991
750535971 -22.7740531 -43.3853756 568834930 568834931 750535970
568834985 -22.7740458 -43.3862189 568834931 568834984 568835019
568835019 -22.773935 -43.3862104 568834965 568834985
568835052 -22.7739033 -43.389738 568835057 568835045 568834976 568834875
568835008 -22.7739033 -43.3869227 568834983 568834872 568834973
568834914 -22.7737767 -43.3817901 750541855 568834915 568834922 568834923
568834874 -22.773752 -43.3888603 568835009 568834873 568834875
568834931 -22.773745 -43.3855409 568834932 568834985 750535971 568834903
568834973 -22.7735703 -43.3870978 568834965 568835009 568834873 568835008
568834875 -22.7735309 -43.3889818 568834874 568835052 568834876
568834991 -22.7734364 -43.3829831 568834986 568835015 568834902
568834903 -22.7733651 -43.3847768 568834931 568834986 568834902 568834904
568834965 -22.7733177 -43.3865451 568834932 568834973 568835018 568835019
568834876 -22.7732626 -43.3891294 568834875 568834877 568835010
568835015 -22.7731119 -43.3823136 568834987 568834991 568834923
568835009 -22.7730767 -43.3873698 568834874 568834973 568835010
568834923 -22.7730611 -43.3821997 568834914 568835015 568835072
568834932 -22.7730454 -43.3859453 568834931 568834965 568834933 568834904
568835072 -22.7728745 -43.3817815 568834988 568834923 568835058
568834877 -22.7727874 -43.3893907 568835045 568834876 568834878 568835011
568834986 -22.7727271 -43.383376 568834987 568834903 568834991 568834962
568835058 -22.7726529 -43.3812408 568834978 568835072 750540561
568834904 -22.7726433 -43.3851598 568834932 568834905 568834962 568834903
750540561 -22.7726015 -43.3809289 750540564 568835058
568835010 -22.7725719 -43.387648 568835009 568835011 568834876
750540564 -22.7725125 -43.3806714 750540561 750540567
568834987 -22.7724091 -43.3827031 568834986 568834988 568835015 568834959
750540567 -22.7723245 -43.3802852 750540564 750540132
568834933 -22.7723047 -43.3863734 568834932 568834905 568834934
568834878 -22.772295 -43.3896615 568834879 568835012 568834877 568835051
568834978 -22.7722721 -43.3814534 568834948 568835058 568834989
750540132 -22.7721662 -43.3801135 750539947 750540569 750540567
568834988 -22.7721545 -43.3821765 568834987 568834989 568834956 568835072
568835011 -22.772088 -43.3879147 568835012 568835010 568834877 568835018
568834948 -22.7720356 -43.3809403 750539947 750539948 568834978
568834962 -22.7719864 -43.3837864 568834986 568834959 568834904 568834990
568834905 -22.771909 -43.3855495 568834933 568834990 568834904 568834906
568834989 -22.771904 -43.381659 568834953 568834988 568834978
568835018 -22.7718263 -43.3873624 568834965 568835011 568834934
750539947 -22.7718101 -43.3805748 568834948 750540131 750540132
568834879 -22.7717834 -43.3899428 568835013 568834878 568835003 568835050
568834959 -22.7716716 -43.3831119 568834987 568834956 568834962 568835014
568835012 -22.7716015 -43.3881828 568835013 568835011 568834878 568834935
568834934 -22.7715465 -43.3867718 635734507 568834933 568834935 568835018
568834956 -22.7714216 -43.3825785 568834953 568834988 568834959
568834990 -22.7712521 -43.3841932 568834905 568834962 568834992
750540131 -22.7712264 -43.381283 750539947 750539948 750541866
750539948 -22.7712263 -43.3813792 568834948 750540131 568834947
568834953 -22.7711832 -43.3820615 568834989 568834947 568834956
568834906 -22.7711809 -43.3859872 568834905 635734507
635734507 -22.7711621 -43.3859606 568834934 568834992 568834906 568834907
568835013 -22.7710763 -43.3884723 568835012 568834879 568834936 568835003
568834935 -22.7710707 -43.387051 568834936 568835012 568834934 568834907
568834947 -22.7709276 -43.3815412 568834953 750539948
568834907 -22.7706968 -43.386254 568834993 635734507 568834908 568834935
750541866 -22.7706837 -43.380777 750540131 750540283 750543266 750541870
568835003 -22.7705884 -43.3887411 568835013 568834879 568834937
568834936 -22.7705556 -43.3873347 568835013 568834908 568834935 568834937
568834992 -22.7705174 -43.3846002 568834993 635734507 568834990 568835014
750541870 -22.7703262 -43.38124 750541866
568835014 -22.7701987 -43.3839277 568834959 568834992
568834908 -22.7701854 -43.38654 568834936 568834907
750540283 -22.7700987 -43.3802315 750543229 750541866
568834937 -22.7700564 -43.3876096 568834936 568835003
568834993 -22.7700437 -43.3848614 568834992 568834907
