2712403809 -22.7798468 -43.7772505 2712403651 2712403662
2712403662 -22.7796245 -43.7769911 2712403832 2712403809
2712403832 -22.7795008 -43.7767873 2712403611 2712403662
2712403611 -22.7793772 -43.7763689 2712403832 2712403585
2712403585 -22.7791746 -43.7758346 2712403611 2712403529
2712403529 -22.7789718 -43.7754778 2712403585 2712403632
2712403632 -22.7787589 -43.7752799 2712403529 2712403753
2712403753 -22.7782049 -43.7749634 2712403660 2712403632
2712403660 -22.7780022 -43.7748186 2712403753 2712403730
2712403730 -22.7778832 -43.7746649 2712403660 2712403837
2712403837 -22.7778538 -43.7745021 2712403730 2712403771
2712403771 -22.7778093 -43.7736384 2712403837 2712403723
2712403723 -22.7778048 -43.7732849 2712403769 2712403771
2712403769 -22.7777467 -43.7728844 2712403723 2712403782
2712403782 -22.7774531 -43.7720666 2712403769 2712403617
2712403617 -22.7772699 -43.7715911 2712403782 2712403521
2712403820 -22.7771329 -43.770239 2712403794 2712403760
2712403521 -22.7770374 -43.7709795 2712403505 2712403617
2712403794 -22.7769949 -43.7705182 2712403505 2712403820
2712403505 -22.7769741 -43.7707993 2712403521 2712403794
