2932945900 -22.7862199 -43.4707184 2932945899 2932945898
2932945899 -22.786045 -43.4705206 2932945900 2932945896
2932945898 -22.7859846 -43.470984 2932945900 2932945897
2932945897 -22.7858577 -43.4710532 2932945898 2932945895
2932945896 -22.7858138 -43.4703861 2932945899 2932945893
2932945895 -22.7857606 -43.470987 2932945897 2932945894
2932945894 -22.7855989 -43.4708778 2932945895 2932945892
2932945893 -22.7854901 -43.4702494 2932945890 2932945896
2932945892 -22.7854444 -43.4708193 2932945894 2932945891
2932945891 -22.7852467 -43.4709129 2932945892 2932945888
2932945890 -22.7851265 -43.4701676 2932945887 2932945893
2932945888 -22.7849735 -43.4711 2932945883 2932945891
2932945887 -22.7848161 -43.4700622 2932945882 2932945890
2932945883 -22.7845602 -43.4712676 2932945880 2932945888
2932945880 -22.7844056 -43.4713105 2932945883 2932945879
2932945879 -22.7842978 -43.4712949 2932945880 2932945878
2932945878 -22.78419 -43.471369 2932945879 2932945877
2932945877 -22.7841397 -43.4715912 2932945876 2932945878
2932945876 -22.7841361 -43.471677 2932945877 2932945874
2932945874 -22.7841001 -43.4717199 2932945876 2932945871
2932945871 -22.78396 -43.4718212 2932945874
