1663501661 -22899967 -43705324 1663499946
1663501273 -22899779 -43705607 1663499836
1663501175 -22899693 -43703700 1663500721 1663502016 1663502699
1663501157 -22899645 -43705941 1663499706
1663500898 -22899593 -43706692 1663502106 1663502758 1663500525
1663501112 -22899579 -43709833 1663502390
1663500721 -22899489 -43704032 1663501175 1663502250 1663500245
1663500525 -22899401 -43706998 1663500020 1663500898 1663502522
1663500477 -22899399 -43706247 1663499682
1663500245 -22899298 -43704342 1663500721 1663499946 1663501900
1663500020 -22899204 -43707314 1663502159 1663500525
1663500007 -22899182 -43706549 1663499606
1663499968 -22899110 -43706882 1663499570
1663499946 -22899105 -43704656 1663499836 1663501661 1663500245
1663499836 -22898911 -43704971 1663499946 1663501273 1663499706
1663499706 -22898728 -43705268 1663499836 1663499682 1663501157
1663499682 -22898538 -43705578 1663499706 1663499606 1663500477
1663499606 -22898353 -43705877 1663500007 1663499682 1663499570
1663499570 -22898179 -43706160 1663499968 1663499606
1315214666 -22891714 -43709670 1315214779 1315214680
1315214779 -22889722 -43707750 1315214696 1315214666
1823558779 -22888929 -43704935 1823558831 1823558802
1823558818 -22888879 -43704866 3005417425
1823558831 -22888803 -43705636 1823558835
1823558835 -22888694 -43706135 1315214696
1823558802 -22888557 -43705914 1315214749
1315214696 -22888556 -43706666 1315214709 1315214649 1315214779
1823558870 -22888541 -43705448 1823558818
1315214653 -22888496 -43705883 1823558818
1315214709 -22888438 -43706844 1823558854
1315214649 -22888408 -43706494 1315214696 1315214784
1823558854 -22888353 -43706988 1823558785
1823558819 -22888209 -43705978 1823558870
1315214784 -22888200 -43706312 1315214697 1315214649
1315214749 -22888139 -43707016 1823558861
1823558785 -22888087 -43707487 1823558816
1823558773 -22888078 -43707000 1315214653
1315214697 -22888047 -43706178 1823558819 1315214784
1823558867 -22888021 -43706461 1315214697
1823558771 -22887923 -43707052 1823558867
1823558816 -22887874 -43707846 1823558861
1823558824 -22887838 -43707384 1823558771
1823558861 -22887749 -43708044 1315184430
1823558794 -22887681 -43708053 1823558824 1823558773
