1655274404 -22859866 -43769657 1655274400 1655274406
1655068529 -22859829 -43762721 1655068503 1655068567 1655068505 1655068541
1655068523 -22859754 -43765898 1655068548 1655068501 1655068545 1655068508
1655068518 -22859712 -43768112 1655068511 1655068545 1655274398
1655068516 -22859646 -43760617 1655068552 1655068507 1655068540 1655068495
1655274398 -22859465 -43768739 1655274393 1655068518
1655068511 -22859441 -43767801 1655068506 1655068518 1655274392
1655068508 -22859383 -43763895 1655068503 1655068483 1655068541 1655068523
1655068506 -22859344 -43767371 1655068511 1655068504 1655068501
1655068505 -22859326 -43761360 1655068495 1655068529
1655274393 -22859246 -43769460 1655274389 1655274398
1655068504 -22859227 -43767389 1655068498 1655068506
1655068503 -22859206 -43762855 1655068478 1655068529 1655068508 1655068489
1655274392 -22859192 -43767542 1655068511 1655068498 1655274388
1655068501 -22859119 -43766046 1655068506 1655068491 1655068523
1655068498 -22859083 -43767429 1655068481 1655068504 1655274392
1655068495 -22859031 -43760761 1655068516 1655068505 1655068480
1655274388 -22859011 -43768168 1655274382 1655274392
1655068491 -22858910 -43764806 1655068501 1655068483
1655068489 -22858802 -43761792 1655068503 1655068475
1655274382 -22858786 -43768882 1655274388 1655274380
1655068483 -22858762 -43764021 1655068464 1655068491 1655068478 1655068508
1655068481 -22858722 -43767509 1655068498 1655068479 1655274374
1655068480 -22858701 -43760807 1655068475 1655068495
1655068479 -22858673 -43767051 1655068481 1655068477
1655274380 -22858620 -43769359 1655274382 1655274371
1655068478 -22858564 -43762965 1655068503 1655068461 1655068483 1655068454
1655068477 -22858553 -43766369 1655068476 1655068479
1655068476 -22858453 -43765722 1655068477 1655068474
1655274375 -22858444 -43767814 1655274366 1655274374
1655274374 -22858442 -43767560 1655068481 1655068456 1655274375
1655068475 -22858424 -43760860 1655068489 1655068480
1655068474 -22858380 -43765363 1655068476 1655068472
1655274366 -22858299 -43768342 1655274363 1655274375
1655068472 -22858280 -43764817 1655068464 1655068474
1655274363 -22858187 -43768685 1655274358 1655274366
1654984080 -22858123 -43760284 1654984219 1654984054
1655068464 -22858076 -43764162 1655068445 1655068472 1655068483
1655068461 -22857984 -43763079 1655068478 1655068458
1655274358 -22857962 -43769411 1655274363 1655274346
1655068458 -22857923 -43763026 1655068443 1655068461
1655068456 -22857750 -43767687 1655068451 1655068431 1655274349 1655274374
1655068454 -22857700 -43760951 148714534 1655068478
1655274349 -22857673 -43768243 1655274345 1655068456
1654984067 -22857659 -43760834 1654984080 1654984025
1655068451 -22857657 -43767074 1655068448 1655068456
1655274345 -22857566 -43768470 1655274337 1655274349 1655274343
1655068448 -22857551 -43766440 1655068447 1655068451
1655274343 -22857480 -43768447 1655274327 1655274345
1655068447 -22857402 -43765738 1655068419 1655068448
1655068445 -22857395 -43764308 1655068404 1655068464
148714534 -22857345 -43761282 148714533
1655068443 -22857281 -43761586 1655068458
1655274337 -22857212 -43769620 1655274330 1655274345 1655068370
1654984039 -22857136 -43761133 3782775195 1654984007
1655274327 -22856907 -43768563 1655068431 1655274321 1655274343
1655068431 -22856807 -43767892 1655274327 1655068389 1655068429 1655068456
1654984007 -22856803 -43761587 1654983987 1654984039
3782775195 -22856782 -43760387 3782775188 1654983993 1654984039
1655068429 -22856700 -43767233 1655068406 1655068431 1655068427
1655068427 -22856691 -43767178 1655068429 1655068421
1654983987 -22856580 -43761913 1654984007 1654983960
1655068421 -22856574 -43766544 1655068385 1655068427 1655068419
1655068419 -22856478 -43765864 1655068322 1655068447 1655068421 1655068410
1654983960 -22856353 -43762093 1654983987 1654983921
1655068410 -22856346 -43765210 1655068332 1655068419 1655068404
3782775188 -22856298 -43760389 3782775195 3782775183
1655068406 -22856263 -43767307 1655068397 1655068429
1655068404 -22856235 -43764548 1655068327 1655068445 1655068403 1655068410
3782775183 -22856233 -43760389 1654983929 3782775188
1654983929 -22856196 -43760389 1654983932 1654983952 3782775183
1654983932 -22856180 -43760731 1654983929 1654983956 1654983784
1654983956 -22856175 -43761113 3782775180 1654983932
148714533 -22856172 -43762621 148714532
1655068403 -22856139 -43763871 1655068404
3782775180 -22856136 -43761244 1654983924 1654983956
148713537 -22856132 -43762570 1654984067
1655274321 -22856067 -43768743 1655274320 1655274327
1654983924 -22856053 -43761405 1654983911 3782775180 1654983777
1655068397 -22855948 -43767380 1655068406 1655068360
1655068394 -22855934 -43768549 1655068389 1655274320
1655068389 -22855922 -43768083 1655068365 1655068394 1655068431 1655068343
1655274320 -22855914 -43768696 1655068394 1655274321 1655068370
1654983921 -22855870 -43762706 1654983960 1654983895
1655068385 -22855862 -43766700 1655068350 1655068421
1655068370 -22855849 -43769165 1655274320 1655068367 1655274337
1655068367 -22855731 -43769616 1655068363 1655068370
1655068365 -22855731 -43767559 1655068389 1655068360
1655068363 -22855716 -43769675 1655068367 1655068362 1655068361
1655068362 -22855688 -43769791 1655068363 1655068358 1655274330
1655068361 -22855674 -43769551 1655068363 1655068343
1655068360 -22855623 -43767423 1655068365 1655068397 1655068347
1654983911 -22855616 -43761927 1654983884 1654983924
1654983909 -22855582 -43761872 1654983769
1655068350 -22855539 -43766749 1655068336 1655068385
1654983895 -22855505 -43763146 1654983921 1654983892
1654983892 -22855486 -43763297 148713537 1654983895
1655068347 -22855480 -43767241 1655068340 1655068360
1654983884 -22855295 -43762251 1654983911 1654983882
1655068343 -22855246 -43768325 1655068389 1655068330 1655068361 1655068324
1655068340 -22855173 -43766964 1655068336 1655068347
1654983882 -22855103 -43762449 1654983752 1654983867 1654983884
148713538 -22855065 -43763771 1654983892
1655068336 -22855062 -43766882 1655068330 1655068340 1655068350
148714532 -22854986 -43763960 148714531
1655068332 -22854939 -43765500 1655068314 1655068410
1654983867 -22854703 -43762861 1654983863 1654983882
1655068330 -22854699 -43766612 1655068322 1655068336 1655068343
347653822 -22854643 -43769559 347653823 347653819 1655068324
1655068327 -22854629 -43764859 1655068404
1654983863 -22854624 -43762970 1654983738 1654983851 1654983867
148714531 -22854479 -43764398 148714529
1655068324 -22854402 -43768627 1655068315 347653822 1655068343
148713539 -22854321 -43764441 148713538
1655068322 -22854306 -43766319 1655068312 1655068419 1655068330
1655068315 -22854302 -43768264 1655068310 1655068311 1655068324
1654983851 -22854279 -43763440 1654983847 1654983863
1654983847 -22854228 -43763572 1654983809 1654983821 1654983851
1655068314 -22853986 -43765699 1655068332 1655068313
1654983821 -22853969 -43764250 1654983814 1654983847
1655068313 -22853942 -43765728 1655068312 1655068314
1655068312 -22853924 -43766035 1655068322 1655068309 1655068313
1655068311 -22853915 -43766844 1655068315 1655068306
148714529 -22853767 -43764922 148726105
148713540 -22853767 -43764836 148713539
1655068310 -22853665 -43767562 1655068308 1655068301 1655068315
1654983814 -22853636 -43764921 148713540 1654983821
347653819 -22853623 -43768438 1655068308 347653822
1654983809 -22853559 -43763240 1654983700 1654983847 1654983807
1654983807 -22853349 -43763724 1654983809 1654983763 1654983772
1655068309 -22853291 -43765564 1655068312 1655068306
1655068308 -22853240 -43768027 347653818 1655068310 347653819
1655068306 -22853036 -43765854 1655068301 1655068309 1655068311
1654983772 -22853025 -43764474 1654983682 1654983807 1654983770
347653818 -22852895 -43767657 1655068308 1655068283
1654983770 -22852809 -43764974 1654983772 1654983767
1654983769 -22852787 -43760604 1654983752 1654983777 1654983909 1654983631
1654983767 -22852666 -43765030 1654983746 1654983770
1654983763 -22852603 -43763529 1654983807 1654983696
1655068301 -22852589 -43766364 1655068283 1655068310 1655068306
1654983752 -22852536 -43761207 1654983617 1654983769 1654983882 1654983738
1654983746 -22852408 -43764936 1654983767 1654983660
1654983738 -22852274 -43761840 1654983700 1654983752 1654983609 1654983863
347654348 -22852192 -43765867 1654983814
1655068283 -22852139 -43766859 347653817 347653818 1656322086 1655068301
148726105 -22852075 -43766012 1656322052 1656322087
1654983700 -22852011 -43762473 1654983809 1654983596 1654983696 1654983738
1656322087 -22851873 -43766276 1656322084 148726105
347654099 -22851857 -43766001 347654100 347654348
1656322086 -22851851 -43766568 1655068283 1656322074 1656322073
1656322084 -22851813 -43766380 1656322074 1656322087
1656322074 -22851802 -43766462 1656322084 1656322086
1654983696 -22851759 -43763080 1654983682 1654983700 1654983763
1656322073 -22851734 -43766489 1656322065 1656322086
347653817 -22851655 -43767357 1655068283 347655746
1656322065 -22851571 -43766456 1656322062 1656322073
1654983682 -22851495 -43763716 1654983660 1654983696 1654983772
1656322062 -22851433 -43766492 1656322065 1656322052
347654100 -22851429 -43766095 347654099 347654101
1656322052 -22851294 -43766556 1656322062 148726104
1654983660 -22851227 -43764359 1654983641 1654983682 1654983746
347654101 -22851049 -43766340 347654100 347653810
1654983641 -22850998 -43764912 1654983634 1654983660
1654983634 -22850929 -43765174 1654983641 347653802
347653810 -22850699 -43766601 347653809 347654101
148734296 -22850699 -43766844 347654348
347655746 -22850601 -43768481 347653817 347655747
347653809 -22850578 -43766670 347653808 347653810
1654983617 -22850548 -43760284 1654983752 1654983550 1654983609 1654983631
347654785 -22850534 -43766967 148734296 347653810
347653808 -22850372 -43766798 347653806 347653809
1654983609 -22850291 -43760904 1654983596 1654983617 1654983738
148726104 -22850245 -43767296 148726103
347653806 -22850103 -43766755 347653804 347653808
1654983596 -22850039 -43761512 1654983590 1654983700 1654983525 1654983609
148726103 -22849956 -43767538 148726102
347655747 -22849882 -43769184 347655746 347655749
148734297 -22849868 -43767462 347654785
347653804 -22849818 -43766369 347653803 347653806
347655749 -22849779 -43769202 347655747 347655750
347655750 -22849644 -43769133 347655749 347655751
347653803 -22849565 -43766155 347653802 347653804
148726102 -22849557 -43767934 148726101
347655751 -22849407 -43768884 347655750 347655753
347653802 -22849367 -43766086 347653803 347653801 1654983634
148734300 -22849299 -43768063 148734297
1654983590 -22849248 -43763422 1654983596 1654983571 1654983506
347655753 -22849150 -43768575 1656322020 347655751
148726101 -22849097 -43768495 148726100
347653801 -22849075 -43766086 347653800 347653802
1656322020 -22848992 -43768410 347655753 347655755
1654983571 -22848988 -43764048 1654983567 1654983590 1654983487
148734301 -22848887 -43768612 148734300
347655755 -22848861 -43768283 1656322020 347655757
1654983567 -22848713 -43764713 1654983473 1654983557 1654983571
347653800 -22848711 -43766086 347656007 347653801
148726100 -22848677 -43769161 148726099
148734303 -22848524 -43769213 148734301
1654983557 -22848445 -43765360 1654983567 1654983445 1654983553
148726099 -22848386 -43769752 148726098
347656007 -22848331 -43765974 347653800 1654983553
148734304 -22848294 -43769677 148734303
1654983553 -22848220 -43765905 347656006 347656007 1654983557
347655757 -22848165 -43767579 347655759 347655755
347656006 -22848031 -43765786 347656005 1654983553
347656005 -22847714 -43765520 347656006 347656004
347656004 -22847422 -43765339 347656002 347656005
347655759 -22847414 -43766730 347655760 347655757
1654983525 -22847379 -43760286 1654983596 1654983496 1654983550 1654983506
347656002 -22847129 -43765236 347656001 347656004
347656001 -22846654 -43765211 347655760 347656002
1654983506 -22846614 -43762153 1654983590 1654983487 1654983525
1654983496 -22846523 -43760520 1654983525
1654983487 -22846356 -43762780 1654983473 1654983571 1654983426 1654983506
1654983473 -22846094 -43763419 1654983567 1654983445 1654983487 1654983413
347655760 -22846006 -43765168 347655759 1654983437 347656001
1654983466 -22845971 -43760238 1654983479 1654983451
1654983451 -22845873 -43760309 1654983466 1654983432
1654983445 -22845831 -43764062 1654983473 1654983557 1654983405 1654983437
1654983437 -22845403 -43765099 347655760 1654983445 1654983399
1654983432 -22845289 -43760256 1654983392 1654983451 1654983426 1654983441
1654983426 -22845186 -43762236 1654983487 1654983432 1654983413
1654983413 -22845137 -43762976 1654983473 1654983384 1654983405 1654983426
1654983405 -22845080 -43763751 1654983445 1654983399 1654983413
1654983399 -22844960 -43765049 1654983381 1654983437 1654983405
1654983392 -22844635 -43760216 1654983432 1654983384 1654983395 1654983375
1654983384 -22844461 -43762934 1654983365 1654983392 1654983413 1654983381
1654983381 -22844346 -43764980 1654983384 347655998 1654983399
347655998 -22844187 -43764962 1654983372 1654983381
1654983375 -22844025 -43760178 1654983365 1654983377 1654983346 1654983392
1654983372 -22843969 -43764933 347655997 347655998 1419261864
1654983365 -22843802 -43762893 1654983384 1654983321 1654983375
1654983346 -22843430 -43760141 1654983321 1654983350 1654983375
1654983321 -22843174 -43762854 1654983346 1654983365 2712314705
347655997 -22843169 -43764827 2712314705 1654983372
2712314705 -22843038 -43764819 347655997 1654983321 2712314832
2712314832 -22842963 -43764815 2712314696 2712314705
2712314696 -22842794 -43764795 347655996 2712314832
347655996 -22842234 -43764752 2712314874 2712314696 1654983311
1654983311 -22842101 -43766813 1654983306 1654983309 347655996
1654983309 -22842019 -43768212 1654983259 1419261992 1654983311
1419261992 -22841917 -43769922 1654983309
1654983308 -22841570 -43764673 2712314874
2712314874 -22841564 -43764680 347655994 1654983306 347655996 1654983308
347655994 -22841173 -43764644 2712314874 347655992
1654983306 -22840921 -43765500 1654983311 1654983259 2712314874
1654983259 -22840280 -43766318 2712314744 1654983306 1654983309
347655992 -22840010 -43764635 347655994 347655990
