543772860 -22.8198515 -43.3023069 543772851 543772869
543771375 -22.8198278 -43.3007963 543770861 543771380
1962017853 -22.8197401 -43.308495 543780060 543779454
2088970276 -22.8197 -43.3036675 543774018 543774026
543775509 -22.8193781 -43.3001532 2088970285 543771380
1636774072 -22.8192726 -43.3097404 146442946
543771380 -22.8192509 -43.3004753 483723107 543771375
483723057 -22.8192345 -43.3046938 543774758 483723063
483723107 -22.8192187 -43.3005568 543772869
1636774070 -22.8191727 -43.3097969 144372611
1636774067 -22.8190498 -43.3098534 1636774065
543779454 -22.8190168 -43.3093082 1636774072
1636774066 -22.8189623 -43.3099076 146484745
144372613 -22.8189518 -43.3093752 1636774070
146442948 -22.8188652 -43.3089962 543779454
543772869 -22.8188559 -43.3014196 483723100 543772860
1636774065 -22.8188208 -43.3094597 1636774058
2088970285 -22.8188008 -43.3001342 543775509 483726660
483726660 -22.8187407 -43.300073 483726651 2088970285 2088970277
2088970277 -22.8187387 -43.3001964 483726660 543775405
146484745 -22.8186323 -43.3093659 1636774062 578474275
483723100 -22.8186016 -43.3020245 543774914
483723063 -22.8185937 -43.3039214 483723057 483723069
543774914 -22.8185892 -43.3021186 483723094
483723094 -22.8185621 -43.3023249 543774026
1636774062 -22.8185604 -43.3091931 1636774060
543774026 -22.8185224 -43.3026155 483723086 2088970276
483723069 -22.8185146 -43.3038012 483723063 483723080
483723086 -22.8185146 -43.3028828 2164678594 2164678592
2164678592 -22.8185 -43.3032238 2164678588 483723080
483723080 -22.8184829 -43.303621 483723069 2164678592
2164678594 -22.8184593 -43.3030228 2164678590
2164678588 -22.8184198 -43.3031301 2164678590
2164678590 -22.8183337 -43.3031002 543778477
1636774060 -22.8183105 -43.3087547 1636774058
1636774058 -22.8182417 -43.3085716 144280072
483726664 -22.8181909 -43.300445 483726660
146442949 -22.8181848 -43.3079491 146442948
543775405 -22.8181575 -43.3016797 543774914 543777017 2088970277
552860232 -22.818027 -43.3001125 552860228 552860236 552979765
578474275 -22.8178669 -43.308169 578474266 146484742
1962017857 -22.8176778 -43.3098035 578474161
552860236 -22.8176314 -43.3002842 552860232 552860240
483726668 -22.8176213 -43.3007368 483726664
2368411950 -22.8175607 -43.3069462 146442949
2088970268 -22.8175397 -43.3009281 543775405
144280072 -22.8175223 -43.3073961 1636774053
144372614 -22.8174611 -43.3069877 144372613
146484742 -22.8174146 -43.3074532 2368411951
2088970282 -22.8173736 -43.3008429 483726668 2088970268
146442951 -22.8173462 -43.3066015 2368411950
483726673 -22.8173207 -43.3008656 2088970282
1636774055 -22.8172729 -43.3066652 144372614
2368411951 -22.817241 -43.3071294 1636774051
552860240 -22.8171567 -43.3003786 552860236 552860243
1636774053 -22.8171563 -43.3067421 144280069
483726714 -22.8170727 -43.3059395 146442951
1636774051 -22.8170709 -43.3068121 146484741
543777017 -22.8170583 -43.3028204 2088970274 543777025 543775405
2088970274 -22.8169895 -43.302608 543777017 543777744
144372615 -22.8169718 -43.3059878 1636774055
483727349 -22.8169251 -43.3053888 483726714
483726680 -22.8169014 -43.3009514 483726673
543778477 -22.816855 -43.3042935 2164678587 2164678593
146442952 -22.8168494 -43.3054142 483726714
144280069 -22.81683 -43.3060299 1636774046
2164678593 -22.8167881 -43.3043464 2164676932
2164678587 -22.8167857 -43.3043132 2164676931
483727352 -22.816773 -43.3045771 483727349
2164676932 -22.8167585 -43.3044193 483727352
144372617 -22.8167489 -43.3054095 144372615
2164676931 -22.8167482 -43.3043029 2164678591
578474266 -22.8167431 -43.3090944 3249841863 578474275 578474099 578474161
146484741 -22.8167349 -43.3061001 1636774045
2164678591 -22.8167108 -43.3042818 2164678589
2164678589 -22.8166894 -43.3042632 2164676933
2164676933 -22.8166717 -43.3042303 483727357
146437144 -22.8166694 -43.304843 146442952
578474099 -22.8166626 -43.3089715 578474266 578474098 578474118
1636774046 -22.8165807 -43.3054494 144280067
483727357 -22.8165295 -43.3034491 2368411953
552860243 -22.8165253 -43.3004754 2367039371 552860240
543777744 -22.816522 -43.3020574 2088970274 2201002045 543777757
2368411953 -22.8165001 -43.3033145 543777025
543777025 -22.816482 -43.3032317 543777017 543778142
144372618 -22.8164789 -43.3045459 146437144 144372617
2201002045 -22.8164771 -43.3020537 2201002048 543777744
483726683 -22.8164583 -43.3009888 483726680
1636774045 -22.8164569 -43.3055229 146484740
2201002048 -22.8164451 -43.302058 2201002045 543778142
144280067 -22.8163466 -43.3046548 483730717
146484740 -22.8163178 -43.3051682 483733446 146484738
543778142 -22.8162272 -43.3021292 2201002048 543777757
483733446 -22.816221 -43.3050198 483733450
483727286 -22.8161927 -43.3009968 483726683
146484738 -22.8161674 -43.3045073 483732505
483733450 -22.816134 -43.3049339 483733454
543777757 -22.8161304 -43.301621 483727269 543777744
483732995 -22.8161261 -43.3046936 483732991
483732991 -22.8161261 -43.3045563 483732505
483726689 -22.8161017 -43.3009854 483727286
483732505 -22.8160925 -43.3041685 146484737
483727283 -22.8160786 -43.301063 483727286
483727269 -22.8160311 -43.301166 483727283 483728073
483733454 -22.8160074 -43.3049168 483732995
578474118 -22.8160067 -43.3078461 578474115 578474135 578474099
483728073 -22.8159678 -43.3010973 483728078
483726696 -22.8159421 -43.3009825 483726689
2367039371 -22.8159314 -43.3005098 552860243 2088976441
2205994233 -22.8159129 -43.3050051 483733454
483728078 -22.8158729 -43.3010458 483728081
483729146 -22.8158669 -43.3013524 146437144
146484737 -22.8157956 -43.302825 483730746
2205990704 -22.8157769 -43.3036745 2205990706
2368411955 -22.8157496 -43.303522 2205990704
3249841863 -22.815743 -43.3097923 578474266 578474179 3249841862
483729735 -22.8157403 -43.3013585 144372618
2205990706 -22.8157324 -43.3038247 3249841872
2205990703 -22.8157126 -43.303315 2368411955
2201002674 -22.8156856 -43.3001878 2201002677 552979296
2088976441 -22.8156786 -43.3005245 2367039371 2201002675 2201002677
2201002677 -22.8156728 -43.3003577 2088976441 2201002674
2205994229 -22.815594 -43.3052409 2205994233
483730717 -22.815559 -43.3014268 2201002676
2201002673 -22.8155224 -43.3003907 483729735
2205994231 -22.8155074 -43.305268 2205994229
3249841872 -22.8154463 -43.3040167 2205990707 3249841871
3249841871 -22.815441 -43.3021986 2205990703 3249841872
483730746 -22.8154358 -43.3014433 1050540623
2205994235 -22.8153962 -43.3052033 2205994231
2205990707 -22.8153566 -43.3040768 2205990709
2201002676 -22.815337 -43.3004264 483730713
578474135 -22.815319 -43.3067447 578474115 578474095 578474118 578474133
2201002675 -22.8152779 -43.3004992 2088976441 2201002672
2205990702 -22.8152454 -43.3013948 3249841871
483730713 -22.815244 -43.300027 144280064
483726702 -22.8152241 -43.3009943 483726696
1050540623 -22.8151987 -43.3004327 483730745
483728081 -22.8151925 -43.3010715 2205990700
2205994237 -22.815186 -43.3049139 2205994235
2205990708 -22.8151737 -43.3011585 2205990702
578474115 -22.8151417 -43.3077125 578474112 578474135 578474118 578474098
2201002672 -22.8151367 -43.3004772 2201002675 1050540705
2205990700 -22.8151337 -43.3010801 483728084 2205990708
483730745 -22.8151081 -43.3000761 2368401545
2205990705 -22.815094 -43.3010058 483726702 2205990700
1050540705 -22.8150641 -43.3004625 2201002672 2201006166
2205990709 -22.8150402 -43.3043396 2205990701 2205991439
2205990701 -22.8149882 -43.3044633 483734298
483734298 -22.8149868 -43.3045477 483734303 2205994237
2205991439 -22.8149808 -43.3043665 2205991441
578474098 -22.814973 -43.3087019 578474097 578474115 578474099 3249841862
2205991441 -22.8149388 -43.3043506 483734303
2201006166 -22.8149365 -43.3004211 1050540708 1050540705
483734319 -22.8148685 -43.3010256 2205990705
483734303 -22.8148681 -43.3042816 2205993635
1050540708 -22.8148643 -43.3003588 1050540802 2201006166
2205993635 -22.8148251 -43.3038517 2205993633
3249841862 -22.8148194 -43.3095894 578474136 3249841863 578474098
578474136 -22.8148048 -43.3096737 3249841862 578474137
1050540802 -22.8147908 -43.3002104 1050540682 1050540708 1050540797
2205993633 -22.8147855 -43.3022478 2205993634
2205993634 -22.8147855 -43.3013251 483728084
483728084 -22.8147811 -43.3011316 578474222 483734319
578474137 -22.8147356 -43.309663 578474136 1779453383 578474179
483726717 -22.8146387 -43.3010458 483734319
578474095 -22.8145473 -43.3054396 578474094 578474135 578474286
1050540797 -22.8144418 -43.3003574 1050540620 1050540802
1050540620 -22.8143976 -43.3002638 1050540797 1050540635 1050540770
1779453383 -22.8142127 -43.309563 578474145 1779453369 578474137
578474283 -22.8141521 -43.3036763 578474222
578474222 -22.8141117 -43.3011992 483728590 578474283
1050540793 -22.8140289 -43.3008258 1050540770
483726722 -22.813895 -43.3011145 483726717
1050540770 -22.8138925 -43.3004641 1050540793 1050540620 1050540755
3249841870 -22.8137891 -43.303111 578474147
578474094 -22.8135884 -43.3052856 578474093 578474095 578474144 578474133
1050540630 -22.8134503 -43.3000426 1050540713 1050540832 1050540755
578474133 -22.813414 -43.3064146 578474094 578474112 578474088 578474135
1050540832 -22.813294 -43.3001435 1050540630
578474112 -22.8132697 -43.3073487 578474115 578474097 578474108 578474133
483728590 -22.8131671 -43.3012947 578474225
578474286 -22.8131236 -43.3031506 578474147 578474095
578474097 -22.813122 -43.3083693 578474096 578474112 578474145 578474098
578474147 -22.8131038 -43.303054 3249841870 578474225 578474144 578474286
578474225 -22.8129741 -43.3013124 578474143 578474147
578474145 -22.8129646 -43.3093243 1779453358 578474097 1779453383
1050540777 -22.8127942 -43.3000583 2089048335 1050540765 2089048336
1050540765 -22.8127847 -43.3004145 1050540777 1050540612 1050540625
1050540625 -22.8127823 -43.3006721 1050540765 1050540737
1050540737 -22.8127619 -43.3009356 1050540625
2089048336 -22.8126251 -43.3000431 1050540610 1050540777
1050540612 -22.8123952 -43.3003254 1050540723 1050540765
1779453358 -22.8123715 -43.3092109 578474140 578474145 1779453369
578474093 -22.8123324 -43.3050496 578474094 578474142 578474089
578474144 -22.8123225 -43.3028931 578474094 578474142 578474143 578474147
1050540723 -22.8122424 -43.300303 1050540692 1050540612
578474143 -22.8122122 -43.3013823 483728596 578474144
578474140 -22.8121127 -43.3091614 1779453358 578474096 578474176
1050540692 -22.812078 -43.3002961 1050540723 1050540720 1050540855
1050540731 -22.8120559 -43.3009921 2089048334
1050540855 -22.8120311 -43.3002947 1050540642 1050540692 2089048334
2089048334 -22.8120253 -43.3006287 1050540731 1050540855
578474088 -22.8118082 -43.3061439 578474089 578474129 578474133
1050540674 -22.8117938 -43.3009939 2089048333
1050540642 -22.8117839 -43.3002843 1050540842 1050540855 2089048333 1050540719
2089048333 -22.8117678 -43.300678 1050540674 1050540642
578474176 -22.81165 -43.3090729 578492902 578474140
578474096 -22.811644 -43.3080469 578474097 578474140 578492995
1050540842 -22.8116185 -43.3002879 1050540629 1050540642
578492995 -22.8115961 -43.307933 578474096 578492929 578474108
1050540629 -22.8115936 -43.3009169 1050540842
483728596 -22.8115769 -43.3014406 578474141
483726727 -22.8114819 -43.3013376 483726722
578474142 -22.8113929 -43.3027429 578474141 578474093 578474090 578474144
578474141 -22.8113137 -43.3014651 483728604 578474142
578474089 -22.8112998 -43.3048859 578474088 578474092 578474093 578474090
578474108 -22.8112047 -43.3070024 578474112 578474126 578492995
1050540662 -22.8111114 -43.3009706 1050540791
483728604 -22.8110231 -43.3014921 483728611
483726729 -22.8109914 -43.3014063 483726727
578492902 -22.8109058 -43.3088132 578474174 578492929 578474176 1779453350
578474129 -22.8108786 -43.305983 578474126 578474088
1050540758 -22.8108197 -43.3002679 1050540824
578474126 -22.8107896 -43.3060152 578492925 578474091 578474108 578474129
483726733 -22.810762 -43.3014492 483726729
578492929 -22.8107057 -43.308356 578492925 578492902 578474174 578492995
483728611 -22.8106908 -43.3015865 483728619
1050540824 -22.8106762 -43.3004309 1050540828 1050540758
1050540675 -22.8104418 -43.3002121 1050540617 1050540753
483726736 -22.8104139 -43.3015608 483726733
578474090 -22.8103643 -43.3025712 578474146 578474142 578474089
578474092 -22.8103248 -43.3047492 578474091 578474089
1050540741 -22.8102941 -43.3000749 1050540633 1050540667
1050540828 -22.8102862 -43.3008757 1050540848 1050540824
578474091 -22.8102735 -43.3047881 578474092 578474126 578474139
578474146 -22.8102655 -43.3026034 578474139 578474090
483728619 -22.8102477 -43.3017067 483728628
578474174 -22.8102358 -43.3085794 578492902 578474165 578492929
1050540848 -22.8102263 -43.3008097 1050540828 2096289084
2096289084 -22.810177 -43.3008195 1050540848 1050540617
483726739 -22.810129 -43.3016809 483726736
1050540617 -22.8100304 -43.3006559 2096289085 2096289084 1050540675
2096289085 -22.8099785 -43.3006025 1050540667 1050540617
1050540667 -22.8099225 -43.3006098 1050540827 1050540741 2096289085
578492925 -22.8099011 -43.3064269 578480043 578474126 578492929 578492922
1050540827 -22.8098586 -43.3006082 1050540678 1050540667
483726744 -22.8098521 -43.3018354 483726739
483728628 -22.8098284 -43.301947 483728634
1050540678 -22.8097827 -43.3006326 1050540707 1050540827
2096289090 -22.8097373 -43.3004287 2096289087 2096289086
2367043801 -22.8096413 -43.3019661 483726744
578474139 -22.8096178 -43.303229 578474138 578474091 578474146
2096289087 -22.8095346 -43.3005789 2096289089 2096289090
578474165 -22.8094842 -43.3089334 578480043 578474174 631344530 578492890
483728634 -22.8094486 -43.3022474 483728644
483726748 -22.809409 -43.3021101 2367043801
578474138 -22.8093457 -43.3025819 483728644 578474139
1050540707 -22.8092737 -43.301254 1050540711 1050540678
483728644 -22.8092508 -43.3024105 483728652 578474138
2096289089 -22.8092132 -43.3010134 2096289087
483726752 -22.8091084 -43.3023933 483726748
483728652 -22.8090293 -43.3026422 483728653
483726764 -22.8088077 -43.302771 483726752
578480043 -22.8086875 -43.3069894 578492925 2367043810 578474165 631344516
578492922 -22.8086831 -43.3034295 578492925
1012991615 -22.8085741 -43.3026819 1050540711
483726770 -22.8084754 -43.3032259 483726764
1050540711 -22.8083077 -43.3023493 1050540707 1779440221 1012991615
578492890 -22.8082311 -43.3095415 578479960 578474165 631344525 631344460
631344515 -22.807803 -43.3078609 631344516 631344526
1779440221 -22.8077951 -43.3018419 1050540711 1779440212
631344526 -22.8077436 -43.3080003 631344515 631344525
483728653 -22.8077159 -43.3044104 578474162
2367043810 -22.8077153 -43.3046171 578474162 578480043
2367043809 -22.807697 -43.3042652 483726770
631344516 -22.8076736 -43.3075241 578480043 631344515 631344517
578474162 -22.8076557 -43.3044716 483726772 2367043810 2367043806
483726772 -22.8076526 -43.3043245 578474162 2367043809
631344525 -22.8076165 -43.3080479 631344524 578492890 631344526
631344517 -22.8075557 -43.3072171 631344518 631344516
2367043806 -22.8075401 -43.3045892 483737587
631344524 -22.8074568 -43.3081076 631344523 631344525
2305685650 -22.8074351 -43.3040767 2305685654
631344518 -22.8074173 -43.3071635 631344519 631344517
631344523 -22.8073678 -43.308054 631344524 631344522
2305685654 -22.8073634 -43.3039989 1779440216 2305685650
483737587 -22.8073361 -43.3047966 483737591
1779440216 -22.807328 -43.3040331 1779440199 2305685654
631344519 -22.8072701 -43.307231 631344518 631344520 483737597
631344522 -22.8072417 -43.307731 631344521 578479958 631344523
483736884 -22.8072174 -43.3047623 483726772
2303907341 -22.8071746 -43.3041741 2303907343
631344520 -22.8071601 -43.3072815 631344519 631344521
631344521 -22.8071206 -43.307421 631344520 631344522
1779440212 -22.8069895 -43.3010445 1779440201 1779440221
1012991291 -22.8069049 -43.3047139 1779440210 1779440210
483737591 -22.806901 -43.3051313 483737597
1779440210 -22.8068845 -43.3046864 1779440207 1012991291 1012991291
1779440207 -22.8068643 -43.3046185 1779440210 1779440204
1779440208 -22.8068634 -43.3041373 3723505978
483736888 -22.8068139 -43.3050541 483736884
3723505978 -22.8068064 -43.3040687 1779440208 1779440196
1779440204 -22.806716 -43.3044066 3723505979 1779440207 2305685652
1779440201 -22.806509 -43.3006932 1012991218 1779440212
483737597 -22.8064974 -43.3053717 631344519 483737606
3723505979 -22.8064715 -43.304561 1779440204 1779440195
1779440199 -22.8064047 -43.3030581 1779440216
2305685652 -22.8063918 -43.3039675 1779440186 1779440204
483736891 -22.8063709 -43.305303 483736888
1012991218 -22.806326 -43.3005625 1779440193 1779440201
2303907343 -22.8062847 -43.3031659 2303907341
1779440198 -22.8062656 -43.30444 1779440177
578479958 -22.8062272 -43.3082284 483737616 578479960 578479929 631344522
1779440196 -22.8061645 -43.303295 3723505978
1779440195 -22.8061555 -43.3047605 3723505979 1779440179
1779440193 -22.806129 -43.3006238 1012991218 1779440173
483737606 -22.805999 -43.3055605 2367050042
1779440186 -22.8059673 -43.3034821 1779440183 2305685652
1779440183 -22.8058931 -43.3034065 1779440175 1779440186
2367050059 -22.8058083 -43.3055141 483736891
1779440179 -22.8057271 -43.3049207 1779440195
1779440177 -22.8056672 -43.3047766 1779440198 1779440169
2367050042 -22.8056466 -43.3056624 483737611
483736894 -22.8055953 -43.3055908 2367050059
1779440175 -22.8055604 -43.3029789 1779440154 1779440183
483737611 -22.8055243 -43.3056978 483737616
1779440173 -22.805495 -43.3008928 1779440193 1779440165
2367050044 -22.8054773 -43.3056128 483736894
1779440169 -22.8054193 -43.3049246 1779440177
483736896 -22.8052632 -43.3056549 2367050044
1779440165 -22.8052432 -43.3009875 1779440163 1779440173
483737616 -22.8051721 -43.3057577 578479958 483737624
1779440163 -22.8051249 -43.301032 1779440165 1779440158
578479929 -22.8049792 -43.3088244 578479931 578480085 578479958
1779440158 -22.8049457 -43.3011427 1779440163 1779440152
483736900 -22.8048596 -43.3056463 483736896
1779440154 -22.8048292 -43.3020865 2305685647 1779440175
1779440152 -22.8047401 -43.3012697 1779440158 1779440149
1779440151 -22.8046883 -43.303063 1779440146 1779440148
483737624 -22.8046856 -43.305715 483737632
1779440149 -22.8045242 -43.3014031 1779440152 2305685661
1779440148 -22.804516 -43.3034629 1012991722 1779440151
2305685647 -22.8044657 -43.301577 1779440154 1012991832
1012991832 -22.8044462 -43.3015074 2305685647 2305685661
483736903 -22.8044324 -43.3055862 483736900
2305685661 -22.804422 -43.3014791 1779440149 1779440145 1012991832
1779440146 -22.8043854 -43.301829 1779440144 1779440151
1779440145 -22.8043448 -43.3015365 1779440144 2305685661
1779440144 -22.8043263 -43.3016006 1779440145 1779440146
1012991722 -22.8041986 -43.3039746 1779440141 1779440148
483737632 -22.8041555 -43.3056635 483737635
578480085 -22.8040545 -43.309266 578479929
837573166 -22.8039488 -43.3001273 837573167 837573165
2205997856 -22.803865 -43.3055372 483736903
1779440141 -22.8037395 -43.3042669 1012991722 1779440140
2205997768 -22.8037237 -43.3055737 2205997856
483737635 -22.8037203 -43.3056292 483737639 2205998007
837573165 -22.8037016 -43.3003741 837573164 837573166
2205997769 -22.8035853 -43.3055791 2205997768
1779440140 -22.8035475 -43.3042826 1779440141 1779440135
483736905 -22.8035383 -43.305509 2205997856
2205998007 -22.8034938 -43.3056593 2205998006
837573164 -22.8034642 -43.3006316 837573163 837573165
2205998006 -22.803432 -43.3056596 2205997498
837573163 -22.803306 -43.3009642 837573162 837573164
837573162 -22.8031972 -43.301447 837573161 837573163
837573161 -22.8031873 -43.301801 837573162 837573160
1779440135 -22.8031856 -43.3043147 1779440133 1779440140
483737639 -22.8031823 -43.3057751 483737644
837573160 -22.8031675 -43.3021873 837573159 837573161
2205997498 -22.803155 -43.3056703 2205997769 2205997496
122364397 -22.8031532 -43.3003674 835246383
1779440133 -22.8031421 -43.3043608 1779440135 1779440132
837573159 -22.8030983 -43.3024984 837573158 837573160
835246039 -22.8030323 -43.3003494 122369376
837573158 -22.8029994 -43.3027023 837573157 837573159
122369378 -22.8029158 -43.3006164 835246039
837573157 -22.8028312 -43.302831 837573035 837573158
483737644 -22.8027154 -43.3058952 483737649
1779440132 -22.8026554 -43.304429 1779440133 1779440131
837573035 -22.802584 -43.3029598 837573157 837573034
2205997159 -22.8024281 -43.3056005 2205997165
483737649 -22.8024227 -43.3058866 483737652
2205997165 -22.8023984 -43.3057615 2205996173
2205997155 -22.8023786 -43.3055254 2205997159
2205996173 -22.802349 -43.3058044 2205996174
2205997496 -22.8023193 -43.3056864 2205997498 2205997502
2205996174 -22.8023022 -43.3058312 483737652
2205997163 -22.8022995 -43.3054664 2205997155
1779440131 -22.8022534 -43.3044889 1779440132 1779440130
483737652 -22.8021616 -43.3058094 483737654
837573034 -22.8021488 -43.30311 837573033 837573035
2205997161 -22.802119 -43.3054286 2205997163
2205997502 -22.8020621 -43.3057025 2205997496 2205997497
1779440130 -22.8019604 -43.30452 1779440131 1779440129
483736906 -22.801948 -43.3053717 2205997161 483736905
2205997497 -22.8019336 -43.3056596 2205997502 2205997503
1779440129 -22.8018422 -43.304538 1779440130 1779440128
2205997503 -22.8018149 -43.3056005 2205997497 2205997499
2205997499 -22.801763 -43.3054715 2205997503 2205997500
1779440128 -22.8017296 -43.3046081 1779440129 1779440127
837573033 -22.8017136 -43.3032387 837573032 837573034
483737654 -22.8016789 -43.3055691 483737662
1779440127 -22.8016668 -43.3046963 1779440128 2205997501
2205997500 -22.8016665 -43.3050158 2205997499 2205997501
2205997501 -22.8016468 -43.3047905 2205997500 1779440127
837573032 -22.801407 -43.3033675 837573031 837573033
837573029 -22.8013576 -43.3025628 837573028 837573030
837573031 -22.8012883 -43.3032494 837573032 837573030
837573030 -22.8012883 -43.3031207 837573029 837573031
483737662 -22.8012675 -43.3054146 483737785
3819977709 -22.8010546 -43.3079337 3819977708
483737785 -22.8009163 -43.3053875 483737788
483736908 -22.8009152 -43.3053112 483736906
3819977708 -22.8008709 -43.3091004 3819977707 3819977709
3819977707 -22.8007735 -43.3096452 3819977706 3819977708
835525247 -22.8002803 -43.302108 835525256 835525246 835525250
483736911 -22.8001619 -43.3052487 483736908
483737788 -22.8001596 -43.3053263 835246639
835246640 -22.8001458 -43.3055284 122369378
835525250 -22.8000647 -43.303664 835525254 835525247 835525248
