1327635068 -22838598 -43650029 1327635433 1327635174
1327635174 -22838578 -43650308 1327635068 1327635655
1327635136 -22838405 -43652512 1327635655 1327635704
1327635655 -22838390 -43652158 1327635174 1327635136
1327635704 -22838266 -43653778 1327635361 1327635136
1327635361 -22838197 -43653918 1327635445 1327635144 1327635704
1327635445 -22837871 -43653939 1327635361 1327635806
1327635806 -22836239 -43653869 1327635445 1327635340
1327635340 -22834104 -43653778 1327635502 1327635806
1327635502 -22833882 -43653775 1327635706 3104072804 1327635340
3104072804 -22833681 -43653772 3620040050 1327635502
3620040050 -22832337 -43653754 1327635735 3104072804
1327635706 -22831656 -43651836 1327635338 1327635703 1327635502
1327635735 -22830984 -43653735 1327635507 3620040050
1327635703 -22830618 -43650903 1327635706 1327635559 1327635295
1327635507 -22830321 -43653698 1327635338 1327635735
1327635338 -22830252 -43653703 1327635507 1327635706 1327635380
1327635559 -22829852 -43650243 1327635703 1327635459
1327635295 -22829550 -43652303 1327635703 1327635291
1327635380 -22829351 -43653668 1327635492 1327635338 1327635291
1327635291 -22828895 -43653270 1327635295 1327635380 1327635459
1327635492 -22828541 -43653660 1327635196 1327635380
1327635459 -22828105 -43652583 1327635559 1327635291 1327635108 1327635196
1327635196 -22827389 -43653617 1327635424 1327635492 1327635459
1327635108 -22827291 -43651874 1327635424 1327635390 1327635459 1327635797
1327635017 -22826974 -43650517 1327635797
1327635797 -22826480 -43651161 1327635017 1327635388 1327635108 1327635583
1327635424 -22826020 -43653574 1327635322 1327635196 1327635108
1327635583 -22825699 -43650474 1327635382 1327635029 1327635797 1327635642
1327635029 -22825397 -43650935 1327635589 1327635583
1327635589 -22825189 -43651123 1327635029 1327635692
1327635322 -22825023 -43653534 1327635554 1327635424 1327635388
1327635388 -22824835 -43653373 1327635797 1327635322 1327635692
1327635692 -22824018 -43652670 1327635554 1327635589 1327635388 1327635449
1327635449 -22824003 -43652657 1327635034 1327635692
1327635554 -22823474 -43653505 1327635503 1327635322 1327635692
1327635034 -22823214 -43651960 1327635140 1327635382 1327635579 1327635449
1327635579 -22822401 -43651241 1327635128 1327635034 1327635437 1327635416
1327635140 -22822114 -43653387 1327635034 1327635503
1327635503 -22822060 -43653499 1327635128 1327635554 1327635140
1327635416 -22821595 -43650545 1327635579 1327635625 1327635619 1327635621
1327635128 -22820780 -43653431 1327635561 1327635579 1327635503
1327635561 -22820754 -43653430 1327635128 1327635569 1327635625
