828571902 -22.7998636 -43.3371051 828571898 828568621 828573442
828572643 -22.799833 -43.335763 828572638 828573289 828572646
828579824 -22.799833 -43.3349798 828574386 828579823
828575139 -22.7997093 -43.3379992 618232823 618232827 828575189
828573442 -22.7996828 -43.3372955 828571902 828571907 828573440
827618145 -22.7996811 -43.3384343 827618146 827618144
828568621 -22.799655 -43.3366857 828571902
828579823 -22.7996451 -43.3349369 828579821 828579824
827616402 -22.7996218 -43.3399041 827616403 827616211
827616403 -22.7995921 -43.3397539 827616402
828568622 -22.7995858 -43.3365462 828572109
828579569 -22.7995858 -43.3329628 828579568 828579571
828574383 -22.799566 -43.3355699 828574386 828574381
828572638 -22.7995561 -43.3360312 828572109 828572643
828574413 -22.7995561 -43.3325873 828574415 618240838
828580219 -22.7995363 -43.334261 828580026 828580220
828573440 -22.7994868 -43.3371041 828573438 828573442
618232823 -22.7994382 -43.3377457 828575139 828571907
828572109 -22.7994275 -43.3362351 828568622 828572638 828572635
828574381 -22.7993978 -43.3357308 828579709 828579939 828574383
828573438 -22.7993879 -43.3370183 828573435 828573440
828574415 -22.7993682 -43.3326946 828574417 828574413
828579571 -22.7993583 -43.3329092 828579569 828574417
827616769 -22.7993547 -43.339196 827616770 827616426
827616770 -22.7993547 -43.3389385 827616769 827616773
828579821 -22.7993385 -43.3349476 828579820 828579823
827616426 -22.799325 -43.3392604 827616793 827616769
828571907 -22.7993245 -43.3376728 618232817 618232823 828573442
827616773 -22.7992855 -43.3387883 827616770 827616775
828579709 -22.7992791 -43.3356557 828579711 828574381
827618144 -22.7992459 -43.338327 827618145 827618141
828573435 -22.7992297 -43.3369647 828573432 828573438
618232817 -22.7992206 -43.3376062 618232811 828571907
827616793 -22.7992163 -43.3392617 827616427 827617101 827616426
828579939 -22.7992022 -43.3363575 828572635 828574381 828579938
828572635 -22.7991901 -43.336396 828572109 828573432 828579939
827617101 -22.7991866 -43.3394213 827616793 827617108
828574417 -22.7991802 -43.3328877 828574415 828579572 828579571
827617108 -22.7991569 -43.3396037 827617101 827617115
827617115 -22.799058 -43.3397432 827616582 827617108
618240743 -22.7990525 -43.3315015 618240741 618240746
828573432 -22.7989923 -43.336911 828573435 828573463 828572635
618232811 -22.7989733 -43.3375203 618232817 828573463
618240741 -22.7989338 -43.331244 618240738 618240743
827618141 -22.7988998 -43.3382411 827618139 827618144
828573463 -22.798806 -43.3374907 618232793 828573432 618232811
827616582 -22.798791 -43.3399685 827616581 827617121 827617115
827616775 -22.798791 -43.3385523 827616773 827617926 827619263
828580402 -22.7987846 -43.3318255 828580404
828580404 -22.7987749 -43.3322464 828576202 828580370 828580402
828580220 -22.7986165 -43.3341322 828580219 828580222
827618139 -22.7985734 -43.3381875 827620721 827618141
618232793 -22.798548 -43.3374452 827617910 828573463
828579572 -22.7985077 -43.3329735 828574417 828579574
827617910 -22.7985044 -43.3374352 618232789 618232793 827617909
827617909 -22.7984843 -43.3375223 827617910 827617908 827620882
827620882 -22.7984547 -43.3378549 827620721 827617909
827617908 -22.7984052 -43.3375867 827617907 827617909
828579711 -22.7983692 -43.3355055 828579937 828579709 828579712
827620721 -22.7983651 -43.338148 827618139 827617926 827620882
828579938 -22.7983198 -43.3361385 828579937 828579939
828579820 -22.7983 -43.3348296 828579819 828579821
828579937 -22.7982802 -43.3361064 828579711 828579938
827617907 -22.7982272 -43.3376618 827616778 827617908
618232789 -22.7982216 -43.3373701 618232785 827617910
828580222 -22.7981813 -43.334025 828580220 828579619
828580370 -22.7981312 -43.3322989 828580404 828576204 828580377
828579819 -22.7981121 -43.334776 828579621 828579820
828580377 -22.7980824 -43.3316968 828580370
828579712 -22.7979934 -43.3354304 828579711 828579622
827617926 -22.7979914 -43.3380771 827616775 827616778 827620721
618232785 -22.7978953 -43.3372414 618232789 828579636
828579622 -22.797756 -43.3353446 828567839 828579712 828580230 828579621
828579621 -22.797756 -43.3346365 828579819 828579619 828579622 828579818
828579619 -22.7977461 -43.3339069 828579618 828580222 828580223 828579621
828579618 -22.7977263 -43.3337031 828579574 828580223 828579619 828580000
828567839 -22.7976571 -43.335924 828567834 828579622
828579574 -22.7976571 -43.3330164 828579572 828579618 828579576
827616778 -22.7976535 -43.3378764 827617926 827616780 827617633 827617907
828567834 -22.7976274 -43.3360742 828567839 828579636
828580223 -22.7975081 -43.333729 828579618 828579999 828579619
828576204 -22.7974889 -43.3323513 828580363 828580370 828580320
828579636 -22.7974535 -43.3369676 618232785 828567834 618232782
828580363 -22.7974197 -43.3316861 828576204
618232782 -22.7974106 -43.336941 827620529 828579636
828579818 -22.7973999 -43.3345078 828579816 828579621
827619263 -22.797337 -43.3385845 827616775 827617635
828579816 -22.7971922 -43.3345185 828579815 828579818
828580230 -22.7971763 -43.3351184 828580251 828579622 828567723
828567723 -22.7970439 -43.3355377 828567719 828580230
827620529 -22.7970137 -43.3366761 618232776 827616784 618232782
828579999 -22.7970043 -43.3337889 828580223 828579952
828567719 -22.7969944 -43.3356879 828580257 828567723
827616780 -22.7969513 -43.3374365 827616778 827616783 827620247
618232776 -22.7968963 -43.3365977 828580257 827620529
828580320 -22.7968262 -43.332393 828580307 828576204 828580319
828580319 -22.7967867 -43.3316002 828580320
827617419 -22.7967634 -43.3397432 827616581 827616427
827616427 -22.7967535 -43.3392926 827616793 827616428 827617419 827617422
827617422 -22.7967436 -43.3390243 827616427 827617424
828580257 -22.7967251 -43.3365318 618232772 618232776 828567719
827617424 -22.7966941 -43.3388849 827617637 827617422
827616783 -22.796615 -43.3372326 827616780 3329760628
618232772 -22.7965897 -43.3364797 828580257 618232770
828580251 -22.7965697 -43.3348816 828579713 828580272 828580230
828579815 -22.7964603 -43.3345185 3329760626 828579816
827617637 -22.7964591 -43.3387408 827617424 827617425 827617635
827617635 -22.796437 -43.3385952 827617637 827617633 827619263 827617425
827617633 -22.796348 -43.3384664 827617906 827616778 827617635
3329760628 -22.7963219 -43.3370378 827616783 827616784
618232770 -22.7963028 -43.336426 828580272 618232772
827616784 -22.7962548 -43.3369409 3329760628 827619596 827620529
827617425 -22.7962392 -43.3386059 827617637 827617635 827619265
828580307 -22.7962029 -43.3324323 828576205 828580320 828580306
827617906 -22.79616 -43.3385201 827619945 827617633
827620247 -22.7961501 -43.3377691 827619945 827616780
828580306 -22.7961339 -43.3314608 828580307
828580272 -22.7960957 -43.3363482 618232765 828580251 618232770
828579713 -22.796076 -43.3346392 828580251 3329760626
618232765 -22.7960457 -43.3363294 828580272 827620539
3329760626 -22.7960103 -43.3345467 828579713 828579714 828579815
827620539 -22.7959909 -43.3362774 618232760 618232765 827620704
827619265 -22.7959128 -43.3385952 827619269 827617425
618232760 -22.7958874 -43.3361792 618232753 827620539
827620704 -22.7958732 -43.336385 827620539 827620534
618232753 -22.7957786 -43.3359218 827620907 618232760
618232750 -22.7957687 -43.3349776 827621549 828579714
828579714 -22.7957687 -43.3345662 3329760624 618232750 3329760626
827621549 -22.795767 -43.3350337 618232750 618232751 827623010
827620907 -22.7957577 -43.3357099 618232751 618232753 827621484
618232751 -22.795749 -43.3356213 827621549 827620907
3329760624 -22.7957481 -43.3343809 618232748 828579714
618232748 -22.7957094 -43.3341944 3329760624 828579952
828579952 -22.7955946 -43.3339366 618232746 618232748 828579999
618232746 -22.7955709 -43.3338833 618232745 828579952
618240738 -22.7954918 -43.3309007 618232733 618240741
827619945 -22.7954427 -43.3381342 827617906 827619596 827620247
618232745 -22.7953434 -43.3333897 618232746 828579576
618232734 -22.7953039 -43.3311689 618232733 618232738
618232733 -22.7953039 -43.3309221 827625675 618232734 618240738
827621484 -22.7952896 -43.3359344 827620907 827619594
827625675 -22.7952893 -43.3308813 618232724 618232733 827625674
828579576 -22.7952655 -43.3332357 618232743 618232745 828579574
618232724 -22.7952346 -43.330729 618232716 827625675
827623010 -22.7952303 -43.3352585 827621549 827623578 827623012
827625674 -22.7951907 -43.3309026 827625675 827625672
827616428 -22.7951709 -43.339314 827616427 827616579 827616580
827616580 -22.7951611 -43.3394642 827616428 827616202
618232738 -22.7951555 -43.3316731 618232734 618232739
827616202 -22.7951314 -43.3395822 827616201 827617150 827616580
827616579 -22.7951314 -43.3391102 827616428
828576205 -22.7951063 -43.3324709 828580307 618232741
618232739 -22.7950488 -43.3320096 618232738 827626476
618232743 -22.7950403 -43.3327825 618232741 828579576 827612882
618232716 -22.7950368 -43.330332 618232724 827624114
827624114 -22.7950107 -43.3302349 618232706 618232716 827625015
618232741 -22.7949884 -43.3324941 618232743 828576205 827626476
827626476 -22.794988 -43.3322942 618232741 827625876 618232739
827612882 -22.794983 -43.3328767 618232743 827612881
827619269 -22.7949533 -43.3386166 827613188 827619265 827619596
827612881 -22.7947061 -43.3332844 827612880 827612882
827616201 -22.7946566 -43.3394428 827613185 827616202
827623578 -22.7946566 -43.3336277 827612880 827623010
827623012 -22.7946368 -43.335516 827623010 827623015 827612878
827619596 -22.7946167 -43.3376899 827619269 827619945 827616784 827620534
827612880 -22.7945676 -43.3334132 827612879 827623578 827612881
827613183 -22.7944291 -43.3398505 827613182 827613184
827613185 -22.7944291 -43.3393677 827613184 827613186 827616200 827616201
827613184 -22.7944192 -43.3396573 827613183 827613185
827613186 -22.7944093 -43.339078 827613185 827613187
827620534 -22.7943836 -43.3370485 827619594 827620704 827620551 827619596
827613187 -22.7943797 -43.3389063 827613186 827613188
827612879 -22.7943797 -43.333499 827612880 827625876 827612878
827613188 -22.7943005 -43.3386274 827613187 827632683 827619269 827619272
827625015 -22.7943005 -43.330173 827624114 827625018
827619594 -22.7941621 -43.3364387 827620534 827621484 827613189
827625876 -22.7941423 -43.3325227 827612879 827626478 827625863 827626476
827616200 -22.7941027 -43.3393569 827613185 827616192
827625863 -22.7940928 -43.3321793 827625862 827625876
827632683 -22.7940896 -43.3380601 827613188 827620551 827632799
827625862 -22.7940434 -43.3317931 827625672 827625863
827623015 -22.7940236 -43.335795 827612876 827623012 827623019
827612878 -22.7939544 -43.3336492 827612877 827612879 827623012
827625672 -22.7938937 -43.3311523 827625862 827626128 827625674
827619272 -22.7938159 -43.3386703 827613188 827632637
827620551 -22.7938093 -43.3373063 827632683 827620706 827613189 827620534
827616192 -22.7937664 -43.3393784 827616191 827616200 827616193
827616191 -22.7937467 -43.3391102 827616192
827632799 -22.7937368 -43.338048 827632683 827632800
827625018 -22.7937071 -43.3303125 827625015 827625020
827612877 -22.7935884 -43.3337565 827612876 827626482 827612878
827613189 -22.7935785 -43.3366855 827620551 827613190 827619594 827621485
827613190 -22.7935488 -43.3366103 827613189 827623019
827626482 -22.7935488 -43.3335097 827626481 827612877
827632637 -22.7935274 -43.3386312 827632634 827619272 827619276
827626481 -22.7934895 -43.3331879 827626480 827626482
827632634 -22.79344 -43.338445 827632631 827632637
827632800 -22.79344 -43.3380158 827632799 827632801
827626480 -22.7934301 -43.3329518 827626478 827626481
827619276 -22.7934202 -43.3386166 827619282 827632637
827626478 -22.7933807 -43.3326407 827626475 827626480 827625876 827624045
827626475 -22.7933312 -43.3323725 827626478 827626472
827623722 -22.7933114 -43.33528 827623724 827623721
827623721 -22.7933016 -43.335398 827623722 827623720
827612876 -22.7933016 -43.3338209 827612877 827612875 827623015
827626472 -22.7932422 -43.3320399 827626475 827626128
827623724 -22.7932323 -43.3351083 827623722 827623725
827623720 -22.7932224 -43.335516 827613191 827623721
827623019 -22.7931595 -43.3361439 827613190 827613191 827623015 827623024
827636124 -22.7931334 -43.3391209 827636126
827636126 -22.793084 -43.3392818 827636124 827636137
827625020 -22.793084 -43.3304305 827625018 827624049
827626128 -22.7930644 -43.3313119 827624046 827625672 827626472
827632631 -22.7930642 -43.3381982 827632634 827632629
827632801 -22.7929949 -43.3380373 827632800 827632629
827621485 -22.792985 -43.3369537 827613189 827621488
827613191 -22.7928861 -43.3358164 827613038 827623019 827623720
827612875 -22.7928169 -43.3338852 827612876 827624045 827623727
827632629 -22.792807 -43.3380266 827620706 827632801 827632802 827632631
827623725 -22.7926487 -43.3344324 827623724 827623726
827619282 -22.7926092 -43.3386059 827619284 827619276
827624045 -22.7925597 -43.3328231 827624046 827626478 827626109 827612875
827620706 -22.7925399 -43.3378656 827620551 827621488 827632629
827623024 -22.7924806 -43.3364601 827623019 827623028 827633128
827634553 -22.792441 -43.3392818 827634551 827634569 827634866
827634551 -22.7923916 -43.3391209 827634550 827634553
827632802 -22.7923223 -43.3380373 827632629 827632803
827634550 -22.7923125 -43.3389814 827634549 827634551
827624046 -22.7922927 -43.3314605 827624045 827625966 827624047 827626128
827623726 -22.792263 -43.3340569 827623725 827623727
827633128 -22.7922102 -43.3361432 827623024 827633662 827633214
827624047 -22.7922037 -43.3311172 827624046 827624048
827624048 -22.7922037 -43.3309563 827624047 827624049
827624049 -22.7921938 -43.3306022 827624050 827624048 827625020 827625021
827624050 -22.7921839 -43.3304305 827624049 827624051 827627299
827623727 -22.7921641 -43.3338852 827626116 827612874 827612875 827623726
827634549 -22.7921344 -43.3388419 827634547 827634550
827612874 -22.7921047 -43.3338852 827612873 827623727
827626116 -22.7921047 -43.3337457 827626114 827623727
827626114 -22.792085 -43.3336277 827626111 827626116
827626111 -22.7920454 -43.3334132 827626109 827626114
827634866 -22.791986 -43.3392604 827634553 827634867
827634547 -22.791986 -43.3387454 827619284 827634549
827621488 -22.7919564 -43.337415 827621485 827632804 827620706
827626109 -22.7919366 -43.3329304 827625966 827626111 827624045 827613041
827624055 -22.7918278 -43.3309455 827624056
827637386 -22.7917981 -43.3398934 827637383 827636692
827637383 -22.7917684 -43.3397861 827637373 827637386
827619284 -22.791719 -43.3385845 827619282 827619287 827634545 827634547
827625966 -22.7916279 -43.3315988 827613043 827624046 827626109
827613038 -22.7916003 -43.3343251 827613191 827613039
827634867 -22.7915904 -43.3392711 827634869 827637373 827634866
827634545 -22.7915904 -43.3385201 827634541 827619284
827637373 -22.7915805 -43.3396252 827637383 827637717 827634867
827625021 -22.7915409 -43.3307309 827624058 827624049
827633214 -22.7915014 -43.3364494 827633215 827633128 827633602
827637717 -22.7914915 -43.3396573 827637373 827637719
827627299 -22.7914915 -43.3303554 827624050 827627300
827612873 -22.7914519 -43.333853 827612872 827612874
827633602 -22.791442 -43.3362563 827633606 827633214
827637719 -22.7914124 -43.3398075 827637717 827637721
827624056 -22.7914025 -43.3309133 827624055 827624057
827613039 -22.7913827 -43.3340569 827613038 827612872
827612872 -22.7913332 -43.3338745 827613041 827613039 827612873 827632131
827634869 -22.7913233 -43.3392818 827634867 827634875
827633606 -22.7913233 -43.3360846 827633610 827633602
827624057 -22.7912739 -43.3309026 827624056 827624058
827632131 -22.7911849 -43.3339711 827612872 827632133
827632803 -22.7911651 -43.3380373 827632802 827632804
827624058 -22.7911651 -43.3307953 827624057 827613051 827625021
827619287 -22.7911453 -43.3386059 827619284 827619290
827613041 -22.7911453 -43.3330806 827612872 827613043 827626109 827626861
827633610 -22.7911156 -43.3358701 827633606 827633611
827634541 -22.7911057 -43.338284 827634538 827634545
827634875 -22.7910761 -43.339314 827634869 827634879
827633611 -22.7909969 -43.3358057 827633610 827633613
827633662 -22.7909969 -43.3347328 827633128 827632138 827633935
827632133 -22.7908881 -43.3340891 827632135 827632131
827633613 -22.7908782 -43.3358593 827633611 827633615
827634538 -22.7908585 -43.3381338 827621490 827634541
827634879 -22.7908486 -43.3393891 827634885 827634875
827613043 -22.7908486 -43.3317609 827613041 827630517 827625966 827630516
827627300 -22.7908189 -43.3303447 827613053 827627299
827630517 -22.7907944 -43.3314892 827613043 827630516 827613045
827619290 -22.7907694 -43.3385415 827619294 827619287
827632804 -22.7907694 -43.33793 827621490 827621488 827632803
827613045 -22.7907694 -43.3313639 827630517 827613049
827633215 -22.7907497 -43.3368142 827633214 827633216
827632135 -22.7907398 -43.3341856 827632133 827632138
827630516 -22.7907299 -43.3317287 827630517 827613043 827630514
827613049 -22.7907002 -43.3312352 827613051 827613045
827634885 -22.7906903 -43.3394749 827634879 827637726 827637723
827630514 -22.7906903 -43.3319218 827630516 827630512 827630658
827621490 -22.7906705 -43.3379729 827632804 827634534 827634538
827630512 -22.7906705 -43.3320613 827626861 827630514
827632138 -22.7906409 -43.3343036 827632135 827630508 827633662
827633216 -22.7905617 -43.3368571 827633215 827633217
827637726 -22.7905222 -43.3391638 827634885 827637730
827613051 -22.7905222 -43.3309348 827613053 827624058 827613049 827625022
827626861 -22.7904826 -43.33322 827613041 827630938 827630510 827630512
827633217 -22.7904628 -43.3368035 827633216 827633218
827630658 -22.7904134 -43.3318575 827630657 827630514
827634534 -22.7903936 -43.3378334 827621490 827634531
827633615 -22.7903936 -43.3364387 827633613 827633218
827630510 -22.7903441 -43.33425 827630508 827681585 827626861
827634531 -22.7903243 -43.3377691 827634528 827634534
827633218 -22.7903243 -43.336546 827633217 827633615 827633618
827637730 -22.7902947 -43.3388634 827637726 827637733
827634528 -22.7902749 -43.3376296 827623028 827634531
827630508 -22.7902749 -43.3347328 827630510 827632138 827632140
827623028 -22.7902551 -43.3374579 827634528 827623024 827634523
827630657 -22.7902551 -43.3318467 827630656 827630658
827630938 -22.7902452 -43.3332737 827626861 827630940
827619294 -22.7902353 -43.3385308 827619290 827637738
827637733 -22.7902056 -43.3386488 827637730 827637738
827634523 -22.7901859 -43.3372219 827634519 827623028
827633618 -22.7901661 -43.3366425 827633218 827633619
827637738 -22.7901562 -43.3385308 827619294 827638689 827637733
827613053 -22.7901463 -43.3303125 827613051 827613055 827627300 827627301
827630656 -22.7901166 -43.3319004 827630654 827630657
827634519 -22.7900573 -43.3368893 827633619 827634523
827638689 -22.7900474 -43.3384557 827637738 827638698
827631185 -22.7900474 -43.3320613 827630654 827631187
827633619 -22.7900375 -43.336664 827634517 827633618 827634519
827630654 -22.7900276 -43.3319433 827630656 827631183 827631185
827625022 -22.7900276 -43.3310206 827613051 827625023
827630940 -22.7900177 -43.3333595 827630938 827630942
827631187 -22.7900177 -43.3321793 827631185 827631188
827634517 -22.7899485 -43.336546 827634516 827633619
827638698 -22.7899386 -43.338327 827638689 827638702
827631188 -22.7899188 -43.3323403 827631187 827631189
827631183 -22.7899089 -43.3318467 827630654 827631181
827630942 -22.789899 -43.3334453 827630940 827630945
827638702 -22.7898594 -43.3381124 827638711 827638698
827634516 -22.7898397 -43.3364387 827634515 827634517
827631181 -22.7897704 -43.3318682 827631183 827631179
827638711 -22.7897407 -43.337651 827638702 827638717
827630945 -22.7897309 -43.333499 827630942 827630948
827634515 -22.7896913 -43.3363529 827633935 827634516
827638717 -22.7896814 -43.3374043 827638711 827638722
827681585 -22.7896711 -43.3343112 827681588 827630510
827633935 -22.7896122 -43.3363099 827634515 827633662 827634512
827638722 -22.7895627 -43.3372434 827638717 827638725
827631189 -22.7895429 -43.3326192 827630956 827631188
827630948 -22.7895231 -43.3335097 827630949 827630945
827625023 -22.7895133 -43.3311279 827625024 827625022
827632175 -22.7894737 -43.3399256 827632174 827632176
827627301 -22.7894143 -43.3302696 827613053 827627302
827630949 -22.7894044 -43.333617 827630948 827630950
827638725 -22.789355 -43.3371039 827638722 827638735
827632174 -22.7893253 -43.339711 827632173 827632175
827634512 -22.7893253 -43.3363958 827634507 827633935
827625024 -22.789266 -43.3311386 827625027 827625023
827630950 -22.7892264 -43.3337565 827630949 827630952
827681588 -22.7891963 -43.3344293 827681585 827681320 827681316
827638735 -22.7891671 -43.3370395 827638725 827638743
827632173 -22.7891275 -43.3395179 827632174 827632170
827631179 -22.7891275 -43.3319433 827631177 827631181
827627302 -22.7890681 -43.3302589 827627301 827627303
827630952 -22.7890583 -43.3337457 827630954 827630950
827632140 -22.7890484 -43.3361597 827630508 827680038
827681316 -22.7890182 -43.3347082 827681314 827681588 827681318
827681318 -22.7890182 -43.3345687 827681316 827681320 827682528
827625027 -22.7890088 -43.3311386 827625024 827625031
827638743 -22.788989 -43.3370931 827638751 827638735
827634507 -22.788989 -43.336428 827632143 827634512
827680038 -22.7889653 -43.3362595 827681296 827632140 827632143
827681320 -22.7889193 -43.3344507 827681588 827681318 827681324
827681296 -22.7889094 -43.3361566 827680038 827681297
827681314 -22.7888995 -43.3349335 827681311 827681316
827632170 -22.7888901 -43.3393891 827632168 827632173
827631177 -22.7888703 -43.3320184 827631175 827631179
827630954 -22.7888209 -43.3336385 827630956 827630952
827678802 -22.7888006 -43.3399224 827678799 827678804
827681297 -22.7888006 -43.3360815 827681296 827681298
827632143 -22.7887714 -43.3364923 827680038 827632145 827634507
827632168 -22.7887615 -43.3393247 827678780 827632162 827632170
827627303 -22.7887615 -43.3301945 827627302 827627818 827625031 827628172
827682528 -22.7887017 -43.3347619 827682531 827681318
827631175 -22.7886725 -43.3321042 827631177 827631173
827628172 -22.7886626 -43.3301301 827628175 827627303
827632162 -22.7886329 -43.3391745 827632161 827632168 827678130
827681298 -22.7886028 -43.336103 827681297 827680010
827630389 -22.7885835 -43.3314176 827630387
827681311 -22.788583 -43.3353519 827681314 827685347 827681308
827630956 -22.7885736 -43.3334346 827630954 827631165 827631266 827631189
827678799 -22.7885434 -43.3397186 827678783 827678802
827678130 -22.7885434 -43.3392358 827632162 827678132
827631173 -22.788534 -43.3322544 827631175 827631171
827632161 -22.7885241 -43.339078 827632159 827632162
827678783 -22.7885039 -43.3396328 827678780 827678799
827678780 -22.7885039 -43.3395469 827678783 827632168
827681324 -22.7884742 -43.3344078 827681328 827681320
827678132 -22.7884643 -43.3392251 827678130 827678141
827685347 -22.7884643 -43.335309 827681311 827685349
827631165 -22.7884153 -43.3332522 827630956 827631167
827631171 -22.7884153 -43.3324261 827631169 827631173
827632159 -22.7884054 -43.3390458 827632157 827632161
827638751 -22.7883955 -43.337651 827638753 827638743
827631167 -22.7883955 -43.3329625 827631165 827631169
827631169 -22.7883757 -43.3326943 827631167 827631171
827631266 -22.788356 -43.3336063 827630956 827631267
827685349 -22.7883555 -43.3352339 827685347 827685351
827680010 -22.7883357 -43.3360815 827680004 827681298 827681301
827632145 -22.7882966 -43.3370717 827632146 827632143
827625031 -22.7882867 -43.3310957 827625027 827625034 827627303
827681308 -22.7882665 -43.3357275 827681304 827681311
827681301 -22.7882467 -43.3359957 827681304 827680010
827632157 -22.7882373 -43.3389385 827632159 827632154
827638753 -22.7882373 -43.3377691 827638751 827632148
827681304 -22.788217 -43.3358562 827681301 827681308
827632146 -22.7882076 -43.3372434 827632145 827632147
827632154 -22.7881186 -43.338799 827632157 827679273 827632152
827632147 -22.7881087 -43.3375759 827632146 827632148
827682531 -22.7881082 -43.3351588 827682528 827682533
827632152 -22.7880988 -43.338681 827632149 827632154
827632148 -22.7880889 -43.3378442 827638753 827632147 827632149
827632149 -22.7880691 -43.3384235 827632148 827632152
827678141 -22.7879796 -43.3396649 827678132 827678143
827631267 -22.7879109 -43.3339711 827631266 827631270
827625034 -22.787901 -43.3310957 827630387 827625031 827625037
827685351 -22.7879005 -43.3356524 827685349 827685352
827630387 -22.7878911 -43.3315249 827630385 827681352 827630389 827625034
827681328 -22.7878807 -43.3343005 827682560 827681324
827681351 -22.7878511 -43.3318758 827681352 827681347
827681352 -22.7878511 -43.3317363 827630387 827681351
827678143 -22.7878412 -43.3397722 827678145 827678141
827682560 -22.7878325 -43.3342761 827681328 827681330 827682557
827628175 -22.7878119 -43.3300228 827628177 827628172
827680004 -22.7878016 -43.3369291 827680001 827680010
827682533 -22.7877818 -43.3353198 827682531 827682535
827681347 -22.7877719 -43.3321869 827681336 827681351
827679273 -22.787762 -43.3388281 827632154 827679278
827678145 -22.7877422 -43.3397186 827678146 827678143
827681330 -22.7877324 -43.3342254 827682560 827631270
827681336 -22.7877225 -43.3324659 827681335 827681347
827685352 -22.7876928 -43.3358026 827685351 827685354
827682557 -22.7876928 -43.3343864 827682556 827682560
827631270 -22.7876735 -43.3341427 827681330 827631267 827681333
827680001 -22.7876532 -43.3371651 827680004 827679999
827681335 -22.7876532 -43.3335602 827681336 827681333
827681333 -22.7876334 -43.3340216 827631270 827681335
827679999 -22.7875939 -43.3374226 827679996 827680001
827678146 -22.7875444 -43.3395577 827678145 827678147
827679996 -22.7875345 -43.3377767 827679992 827679999
827679992 -22.7874752 -43.3381307 827679988 827679996
827685354 -22.7874653 -43.3363068 827685352 827685355
827678147 -22.7874059 -43.3394825 827678146 827678148
827682535 -22.7874059 -43.3355665 827682537 827682556 827682533
827679988 -22.7873862 -43.3384848 827679992 827679983
827679983 -22.7872773 -43.3386993 827679988 827679278
827684675 -22.7872477 -43.3325839 827684673 827684676
827684676 -22.787218 -43.3324444 827684675 827684677
827682537 -22.7872081 -43.3356738 827682535 827682539
827684673 -22.7871982 -43.3326912 827684666 827684675
827679278 -22.7871488 -43.3388174 827679273 827679281 827679983
827684677 -22.787129 -43.3322835 827684676 827684678
827685355 -22.7870993 -43.3366823 827685354 827685358
827684666 -22.7870696 -43.3329272 827684663 827684673
827685361 -22.7870597 -43.3376372 827685360 827685363
827685360 -22.7870498 -43.3374763 827685358 827685361
827678148 -22.7870301 -43.3396006 827678849 827678853 827678147
827685358 -22.7870301 -43.336854 827685360 827685355
827682539 -22.7870301 -43.3357167 827682537 827682542
827682556 -22.7870103 -43.3348048 827682555 827682557 827682535 827683133
827684678 -22.7870004 -43.3321655 827684679 827684677
827684663 -22.7869905 -43.3332276 827684661 827684666
827685363 -22.7869806 -43.3377552 827685361 827685365
827630385 -22.7869712 -43.3316858 827684679 827684680 827630387 827628928
827625037 -22.7869712 -43.3310528 827684680 827628177 827625040 827625034
827684679 -22.7869707 -43.3320367 827630385 827684678
827684680 -22.7869509 -43.3314359 827630385 827625037
827685777 -22.7868916 -43.3374763 827685776 827685779
827684661 -22.7868916 -43.33341 827684658 827684663
827685776 -22.7868817 -43.3376479 827685774 827685777
827685774 -22.7868322 -43.3378303 827685365 827685776
827685779 -22.7868322 -43.3373261 827685782 827685777
827679281 -22.7868223 -43.338871 827679278 827679288
827685365 -22.7868124 -43.3379805 827685363 827685368 827686672 827685774
827684658 -22.7867531 -43.3336997 827684657 827684661
827684657 -22.7867333 -43.3338821 827684658 827683133
827683461 -22.7866839 -43.3329165 827683139
827683133 -22.7866443 -43.3341181 827684657 827682556 827683136
827625040 -22.7866052 -43.3310206 827625043 827625037
827685782 -22.7866047 -43.3372402 827685794 827685779
827686672 -22.7865849 -43.3379054 827686674 827685365
827682542 -22.7865355 -43.3357704 827682539 827682545
827685368 -22.7865256 -43.3381951 827685370 827685365
827679288 -22.7864959 -43.3390105 827679281 752259791
827683136 -22.7864267 -43.3337748 827683133 827683139
827683145 -22.7863871 -43.3328629 827683144 827683147
827682545 -22.7863673 -43.3357596 827682542 827682549
827683139 -22.7863574 -43.3336031 827683136 827683141 827683461
827683144 -22.7863574 -43.3330452 827683142 827683145
827683147 -22.7863574 -43.3327448 827683145 827683150
827683141 -22.7863377 -43.3333993 827683142 827683139 827683430
827683142 -22.7863377 -43.3332276 827683144 827683141
827685370 -22.7862981 -43.3383346 827685368 827685373
827678853 -22.7862585 -43.3393753 827678854 827678148
827683150 -22.7862387 -43.3325839 827683147 827683152
827682549 -22.7862091 -43.3356524 827682551 827682545
827682555 -22.7862091 -43.3352983 827682554 827682556
827685373 -22.7861695 -43.338517 827685370 827685375
827682551 -22.7861398 -43.3355451 827682549 827682554
827678854 -22.7861274 -43.3393921 752259786 827678853 752259788
827682554 -22.78612 -43.3353949 827682551 827682555
752259788 -22.786091 -43.3393241 827678854 752259791
827686674 -22.7860904 -43.3377016 827686672 827686676
827683152 -22.7860904 -43.3325517 827683150 827683154
827685375 -22.7860607 -43.338635 827685376 827685373
827628928 -22.7860513 -43.3318575 827630385 827628931 827630383
752259791 -22.786002 -43.3392168 752259794 752259788 827679288
827625043 -22.7859721 -43.3310099 827625040 827625044
827685376 -22.785942 -43.338635 827685375 827685378
827685794 -22.7858925 -43.3369076 827685782 827685795
827683430 -22.7858925 -43.3332491 827683460 827683141
827628931 -22.785804 -43.3316858 827628928 827628933
827683154 -22.7857936 -43.3325517 827683152 827683158
752259794 -22.7857646 -43.3391739 752259791 752259798
827683460 -22.7857343 -43.3332491 827683430
827685378 -22.7857244 -43.3384633 827685376 827685379
827685795 -22.7856551 -43.3367467 827685794 827685797
827683158 -22.7856156 -43.3326268 827683154
752259798 -22.7855766 -43.3391417 752259794 815218255
815218413 -22.7855723 -43.3396216 815218251 815218414
827625044 -22.7855567 -43.330967 827625043 827625050
815218255 -22.785533 -43.3390865 752259798 815218251 752259801
827628933 -22.785527 -43.331482 827628935 827628931
827688869 -22.7855266 -43.3340859 827688868 827688870
827688868 -22.7855068 -43.3339357 827688867 827688869
827685379 -22.785487 -43.3382702 827685378 827685381
827686676 -22.785487 -43.3374333 827686674 827686685
827688870 -22.785487 -43.3342361 827688869 827688871
752259801 -22.7854579 -43.3389915 815218255 752259805
827688871 -22.7854276 -43.3343756 827688870 827688872
827688867 -22.7854177 -43.3337319 827688863 827688868
827628935 -22.7853885 -43.3312996 827625050 827628933
827630383 -22.7853687 -43.3320077 827630382 827628928
827688863 -22.7853089 -43.3335602 827687994 827688867
827686685 -22.7852892 -43.3372724 827686676 827686689
827688872 -22.7852892 -43.3345473 827688874 827688871
815218251 -22.7852557 -43.3391603 815218240 815218255 815218413
827687994 -22.7852298 -43.3334744 827687990 827688564 827688863
752259805 -22.7852205 -43.3384765 752259808 752259801 815217754
827625050 -22.7852105 -43.3309348 827625044 827628935 827693110
827685381 -22.7852001 -43.3381414 827685379 752259808
827693107 -22.7851803 -43.3307707 827693105 827693110
827693105 -22.7851606 -43.3305562 827628179 827693107
827687990 -22.7851507 -43.3333778 827687986 827687994
827693110 -22.7851286 -43.3308707 827625050 827628936 827693107
827630382 -22.7851215 -43.3320291 827630380 827630383
827688874 -22.785121 -43.334676 827688872 827688876
827688564 -22.785121 -43.333807 827687994 827691227
827691227 -22.7851105 -43.3338524 827688566 827691223 827688564
827688566 -22.7850814 -43.3339787 827688568 827691227
827688876 -22.7850518 -43.3349013 827688874 827688879
827691223 -22.7850419 -43.3336997 827691220 827691227
827628936 -22.7850324 -43.3307953 827693110 827628939
752259808 -22.7849832 -43.3380688 752259805 752259810 827685381
827630380 -22.784983 -43.3319862 827630379 827630382
827687986 -22.7849726 -43.3333242 827687983 827687990
827691929 -22.7849627 -43.3327663 827691932
827688568 -22.7849528 -43.3342254 827688566 827688571
827691220 -22.7849429 -43.333689 827691223 827691217
827686689 -22.7849232 -43.3369076 827686685 827686692
827688879 -22.7849133 -43.3355236 827688882 827688876
827688882 -22.7848836 -43.3358884 827688879 827685797
827630379 -22.7848445 -43.3318789 827630377 827630380
827686692 -22.7848341 -43.3368325 827686694 827686689
827691217 -22.7848341 -43.3336782 827691211 827691220
827685797 -22.7848144 -43.3360279 827685795 827688882 827685799 827689433
827688571 -22.7847946 -43.3344615 827688568 827688574
827687983 -22.7847649 -43.3333027 827687979 827687986
827630377 -22.7847357 -43.3317609 827630375 827630379
827689433 -22.7847352 -43.3361352 827685797 827689436
827691211 -22.7847352 -43.333689 827691209 827691217
827691932 -22.7847253 -43.3327127 827691936 827691929
752259810 -22.7847161 -43.3378113 752259808 752259813
827628939 -22.7847159 -43.3306237 827628354 827628936
815217754 -22.7846919 -43.3384522 815217753 752259805
827685799 -22.7846858 -43.3358562 827685797 827685801
827688574 -22.7846759 -43.334676 827688571 827688577 827691785
827686694 -22.784666 -43.3368111 827686696 827686692
815218240 -22.7846425 -43.3390852 815218251 815218768 815218239
827689436 -22.7846363 -43.3361781 827689433 827689444
827688577 -22.7846363 -43.3349443 827688574 827688581
827630375 -22.7846269 -43.3315571 827630373 827630377
827687979 -22.7846264 -43.3333242 827687983 827687976
827691209 -22.7846165 -43.3337426 827691211 827691208
815218768 -22.7846029 -43.339289 815218771 815218240 815218764 815219201
827688581 -22.7845967 -43.3352232 827688577 827685803
827685801 -22.7845868 -43.3356202 827685799 827685803
827691785 -22.7845671 -43.3345258 827688574 827691792
815219201 -22.7845436 -43.3393963 815218768 815219202
827685803 -22.7845374 -43.3353627 827688581 827688584 827685801
827628354 -22.7845082 -43.3304091 827628355 827628939 827628941
827689444 -22.7845077 -43.3361888 827689436 827689447
815219644 -22.784504 -43.3392246 815218771 815219202
752259813 -22.7844985 -43.3376718 815217585 752259810
827686696 -22.7844879 -43.3368754 827686694 827686699
815218239 -22.7844743 -43.3390959 815218771 815218240
827691792 -22.7844682 -43.3342254 827691785 827691208
815219202 -22.7844644 -43.3394285 815219644 815219201 815219645
815218771 -22.7844545 -43.3391174 815218238 815218768 815219644 815218239
827691936 -22.7844484 -43.3327448 827691932 827691797
815219645 -22.7844446 -43.3399864 815219646 815219202
827630373 -22.7844389 -43.3311708 827628355 827630375
827688584 -22.7844187 -43.3353841 827688587 827685803
827691208 -22.7843692 -43.3338821 827691792 827691209 827687976
827689447 -22.7843495 -43.3361137 827689444 827689450
815217585 -22.7843461 -43.3376351 752259813 752259817 815217584
827686699 -22.7843099 -43.3368325 827686696 827686702
827687976 -22.7843 -43.3334959 827687973 827687979 827691208 827691794
827691797 -22.7843 -43.332777 827691800 827691936 827691794 827691939
827691800 -22.7842802 -43.3326483 827691797 827690984
827628941 -22.7842708 -43.330173 827628354 827692719 827628943
827688587 -22.7842703 -43.3352661 827688584 827688588
827691794 -22.7842703 -43.3332706 827687976 827691797
815217753 -22.7841776 -43.3383878 815217751 815217754
815217584 -22.7841578 -43.3376904 815216662 815217585
752259817 -22.7841424 -43.337586 815217585 752259821
827688588 -22.7841417 -43.3350194 827688587 827688590
827628355 -22.7840927 -43.3304413 827628354 827628356 827630373
827690984 -22.7840824 -43.3321333 827690075 827691800 827690677
827686702 -22.7840329 -43.3366501 827686699 827686705
815218238 -22.7839896 -43.3390852 815218771 815218237
827688590 -22.7839736 -43.3344722 827688588 827688592
752259821 -22.783905 -43.3374572 752259825 752259817
815218237 -22.7838709 -43.3390315 815218236 815218238
827687973 -22.7838648 -43.3336461 827687971 827687976
827689450 -22.7837955 -43.3357167 827689453 827689447
827688592 -22.7837955 -43.3338606 827688590 827687971
815234598 -22.7837819 -43.3395465 815234596 815234600
815234600 -22.7837819 -43.3393534 815234598 815234601
815234596 -22.783772 -43.3398362 815234593 815234598
815217751 -22.7837522 -43.3383985 815216661 815217753
827687971 -22.7837362 -43.3337533 827687973 827688592 827688594 827687969
815234601 -22.7837127 -43.339171 815234600 815234602
827689453 -22.7837065 -43.3355665 827689457 827689450
752259825 -22.7836972 -43.337307 752259828 752259821
827690677 -22.7836966 -43.3313608 827628356 827690680 827690984
815218236 -22.7836929 -43.3388706 815218233 815218237
827688594 -22.7836076 -43.3335602 827687971 827688596
815218233 -22.783594 -43.3387955 815218229 815218236
827686705 -22.7835779 -43.3362854 827686702 827686709
815234602 -22.7835445 -43.3389993 815216531 815234601
752259828 -22.7835291 -43.3371139 752259825 752259832
827689457 -22.7834988 -43.3347833 827689453 827689460
815218229 -22.7834851 -43.3388277 815216531 815218233
815216531 -22.783406 -43.3389135 815216659 815218229 815216524 815234602
815216659 -22.7833763 -43.3388169 815216531 815216661
815216661 -22.7833467 -43.33842 815216659 815216662 815217748 815217751
752259832 -22.7833312 -43.3368993 752259828 752259836
827689460 -22.7833306 -43.3343005 827689457 827687969
815216662 -22.7832873 -43.3377977 815216661 815217414 815217584
827628356 -22.7832618 -43.3304842 827628355 618223823 827691802 827690677
827688596 -22.7832614 -43.3332169 827688594 827691939
827687969 -22.7832515 -43.334043 827687967 827687971 827689460 827689463
827686709 -22.7832416 -43.3360279 827686712 827686705 827687086
815216524 -22.7831983 -43.3390744 815216206 815216531
827691939 -22.7831689 -43.3331244 827688596 827688597 827691797
827687086 -22.7831328 -43.3356953 827686709 827687088
827688597 -22.7831328 -43.3330882 827688599 827691939
752259836 -22.7831037 -43.3366848 752259832 752259839
827690075 -22.7830932 -43.3324337 827690071 827690984 827690079
815216204 -22.7830895 -43.3399542 815216202 815216206
827691802 -22.7830833 -43.330127 827628356 618224750
827690680 -22.7830734 -43.3316076 827690683 827690677
827690071 -22.7830635 -43.3326376 827690075 827690070
815216206 -22.7830598 -43.3391495 815216204 815216519 815216524
815217748 -22.7830499 -43.33842 815217746 815216661
827690079 -22.7830437 -43.3322835 827690075 827690081
815217414 -22.7830103 -43.337508 815216662 815217415
827687088 -22.7829745 -43.3351266 827687086 827687093
827690070 -22.7829646 -43.3327556 827688599 827690071
815217746 -22.782951 -43.3383771 815217742 815217748
827690081 -22.7829349 -43.3321869 827690079 827690086
827687093 -22.7828954 -43.3348584 827687097 827687088
827690683 -22.7828855 -43.331672 827690680 827690695
827687967 -22.7828657 -43.3343005 827687964 827687969
827688599 -22.7828657 -43.3328307 827689465 827688597 827690070
827689463 -22.7828063 -43.3336139 827689465 827687969
815217415 -22.7828026 -43.3373149 815217416 815217414
618224747 -22.7828013 -43.3302247 618223823 618224750
827690086 -22.7827767 -43.332144 827690081 827690090
827687097 -22.7827569 -43.3345687 827687093 827687102
827690695 -22.782747 -43.3318114 827690683 827690090
618223823 -22.7827419 -43.3305144 618224745 618224747 828734138 827628356
752259839 -22.7827377 -43.3364595 752259836 752259842 815217416
827686712 -22.7827272 -43.3356202 827686714 827686709
827687964 -22.7827074 -43.3343756 827687967 827687102
618224745 -22.7827023 -43.3308363 618223823 618224741
618224741 -22.7826331 -43.3311689 618224735 618224745
827687102 -22.7825986 -43.3343756 827687097 827687961 827687964
815217742 -22.7825751 -43.3380874 815217247 815217746
752259842 -22.7825399 -43.3362556 752259839 752259844
815216519 -22.7825355 -43.3391174 815216206 815216516
815217416 -22.7824865 -43.3370625 815217248 752259839 815217415
618224735 -22.7824748 -43.3314371 828733940 752255612 618224741
815217248 -22.7824663 -43.3371111 815217416 815217247
827686714 -22.7824403 -43.3353949 827686712 827686715
827687961 -22.7824206 -43.3342254 827687958 827687102
752259844 -22.7823816 -43.3359659 752259842 752259847
815240908 -22.7823575 -43.3396109 815240906 815240911
827690090 -22.7823513 -43.3322513 827690696 827690695 827690086
815240906 -22.7823476 -43.3399542 815241107 815240901 815240908 815241106
752255612 -22.7823421 -43.3317066 752255608 618224735
815240911 -22.7823377 -43.3393427 815240908 815216516
827687958 -22.7823118 -43.3341181 827687961 827687954
815216516 -22.7822981 -43.3391174 815216508 815216519 815240911
752259847 -22.7822728 -43.3356655 752259844 752259849 815242581
827686715 -22.7822722 -43.3352768 827686714 752259849
827690696 -22.7822425 -43.3323479 827690698 827690090
815216508 -22.7822091 -43.339053 815216504 815216516
815217247 -22.7822091 -43.3378084 815217248 815243137 815217246 815217742
815243137 -22.7822091 -43.3375617 815243144 815217247
752259849 -22.7822036 -43.3352686 752259847 827686715 752259852
827689621 -22.7821733 -43.333807 827689619 827689624
827689465 -22.7821733 -43.3330023 827688599 827689463 827689629
815243144 -22.7821695 -43.3372827 815243137 815243150
752255608 -22.7821541 -43.3319426 752255605 752255612
827689619 -22.7821535 -43.3339143 827687954 827689621
815243150 -22.7821399 -43.3370252 815243144 815243153
827690698 -22.7821139 -43.332423 827690696 827690700
827689624 -22.782104 -43.3336782 827689626 827689621
827687954 -22.7820842 -43.3339572 827687950 827687958 827689619
815243153 -22.7820508 -43.3369287 815243150 815242581
752259852 -22.7820354 -43.3350433 752259856 752259849
815217246 -22.7820014 -43.338302 815216495 815217247
827690700 -22.7819853 -43.3324122 827690698 827690705
827687950 -22.7819754 -43.3338928 827687942 827687954
815216504 -22.7819321 -43.338935 815216495 815216508
752255605 -22.7818969 -43.332125 752255608 827690708
827689626 -22.7818765 -43.3334529 827689624 827689628
827690705 -22.7818765 -43.3322942 827690700 827690708
815242581 -22.7818728 -43.3367999 752259847 815243153 815243156
815216962 -22.781853 -43.3399971 815216960 815216963
815216960 -22.781853 -43.3398684 815216957 815216962
827690708 -22.7818177 -43.3321667 752255601 752255605 827690705
827689628 -22.7817677 -43.3333242 827689626 827689629
827687942 -22.7817578 -43.3338285 827687938 827687950
815216495 -22.7817145 -43.338774 815216504 815217245 815217246
827689629 -22.7816985 -43.3331203 827689465 827689628 752255588
815216957 -22.7816651 -43.3397396 1271832536 815216960
815241352 -22.7816156 -43.3397718 1271832536 815241353
815241353 -22.7815958 -43.3399649 815241352 815241356
752259856 -22.7815903 -43.334657 752259852 752259859 815243179
815217242 -22.7815859 -43.3394929 815217232 815217244
815217245 -22.7815859 -43.3390101 815217244 815216495
815243170 -22.7815859 -43.3355339 815243167 815243175
815243179 -22.7815859 -43.3347614 815243175 752259856
815217244 -22.781576 -43.3392032 815217242 815217245
815243175 -22.781576 -43.3352335 815243170 815243179
1271832536 -22.7815638 -43.3396586 815216955 815216957 815217232 815241352
827687938 -22.78156 -43.3337748 827687935 827687942
752255601 -22.7815507 -43.3323074 828734452 827690708
815217232 -22.7815502 -43.3396289 1271832536 815217242
815243167 -22.7815464 -43.3357378 815243170 815243164
815245487 -22.7815167 -43.337669 815245490 815245483
815245490 -22.7814969 -43.3374544 815245492 815245487
815243156 -22.7814771 -43.3365746 815242581 815243159
815245483 -22.7814474 -43.3378728 815245476 815245487
828734452 -22.781438 -43.3324005 752255601 828734363 752255597
815243164 -22.781398 -43.3361026 815243167 815243162
815243159 -22.7813881 -43.3364351 815243156 815243162
752259859 -22.7813826 -43.3343781 752259856 752259864
815243162 -22.7813584 -43.3363064 815243159 815243164
815245492 -22.7813485 -43.3372505 815245490 815245493
752255597 -22.781343 -43.3324791 828734452 752255593
815245476 -22.7813287 -43.338023 815246237 815245483
815216955 -22.7813089 -43.3393963 1271832536 815216953
827687935 -22.7813028 -43.3337533 752259870 827687938
828734131 -22.7812681 -43.3312984 828733940 828734132
828733940 -22.781249 -43.3314942 3330089963 618224735 828734131
828734138 -22.7812383 -43.3305959 618223823 618223828 828734135
828734132 -22.7812336 -43.3309995 828734131 828734135
828734135 -22.7812078 -43.3308034 828734138 828734132
752259864 -22.7812045 -43.3340455 752259870 752259859
815245493 -22.7811705 -43.3370896 815245492 815245494
752255593 -22.7811649 -43.3326722 752255591 752255597
815246237 -22.7811617 -43.3381218 815245469 815245476 815246498
815245469 -22.7811111 -43.3381518 815245461 815246237
752259870 -22.7810957 -43.3337451 752262001 827687935 752259864
815246498 -22.7810913 -43.3379265 815246237 815246500
752255591 -22.7810363 -43.3329726 752255588 752255593
815246500 -22.7810221 -43.3377763 815246502 815246498
752255588 -22.7809968 -43.3332515 752262001 752255591 827689629
815216953 -22.7809924 -43.3391495 815216955
815245494 -22.7809627 -43.3370145 815245495 815245493
752262001 -22.7809496 -43.3335329 752259870 752255995 752255588
815245461 -22.7809232 -43.3383342 815245449 815245469
815246502 -22.7809232 -43.3376797 815246500 815246504
815256480 -22.7809232 -43.3348258 815256478 815256482
752255995 -22.7809176 -43.3337236 752262001 752262471
815256482 -22.7809133 -43.334622 815256480 815256483
815256478 -22.7808935 -43.3355768 815256477 815256480
815256477 -22.7808539 -43.3358021 815256476 815256478
815256483 -22.7808539 -43.3344396 815256485 815256482
815246504 -22.7808045 -43.3377119 815246502 815246506
752262471 -22.780789 -43.3338309 752262470 752255995
815245495 -22.7807649 -43.3369501 815245494 815245496
815241743 -22.7807352 -43.3396645 815241742 815241745 815241746
815256485 -22.7807253 -43.3342787 815256486 815256483
815245449 -22.7807154 -43.3385273 815245435 815245461
815256476 -22.7807154 -43.3361455 815256477 815245499
815246506 -22.7806759 -43.3378514 815246508 815246504
815245496 -22.7806759 -43.3367463 815245495 815245499
815241746 -22.7805967 -43.3393856 815241743 815241747
815245499 -22.7805868 -43.3364351 815245503 815256475 815256476 815245496
815245435 -22.7805769 -43.3387418 815245449 815245430
752262470 -22.7805714 -43.3338416 815256488 752262471
815245546 -22.7805572 -43.3355339 815245503 815245551
815245551 -22.7805374 -43.3352228 815245546 815245557
815241747 -22.7805176 -43.3391603 815241746 815243629 815245424
815245430 -22.7804879 -43.3388813 815245424 815245435
815245503 -22.7804879 -43.335609 815245499 815245546 815245703
815256486 -22.780478 -43.3340748 815256485 815256488
815245424 -22.7804681 -43.339053 815241747 815245430
3330089963 -22.7804407 -43.3315134 828733940 828733931
815245557 -22.7804088 -43.3351262 815245551 815245697 815246155
815256488 -22.7804085 -43.3338195 752262470 815256486 752262469
815245703 -22.780389 -43.3354803 815245697 815245503
815245697 -22.7803593 -43.3352764 815245557 815245703
815246508 -22.7803296 -43.3380552 815246506 815246510
828733931 -22.7803177 -43.3315192 3330089963 828733929
815256475 -22.7802802 -43.3371325 815256473 815245499
752262469 -22.7801757 -43.333788 815256488 828734363 752262468 815246155
828733929 -22.7801735 -43.3315349 828733699 828733931
815246155 -22.7801516 -43.3339246 815245557 752262469 815255209
815256473 -22.780112 -43.3374437 815256472 815256475
828734363 -22.7800992 -43.3324731 828733699 828734452 752262469
828733699 -22.7800967 -43.3316354 828734418 828734363 828733929
815255209 -22.7800626 -43.3339675 815246155 815255214
815249210 -22.7800527 -43.3399327 815243629 815249209
828734418 -22.7800328 -43.3311274 828733697 828733699 828734647
828733697 -22.7800122 -43.3308751 828734418 828733692
