3796755623 -22917887 -43300125 3796755626 3796755621
3796755621 -22917840 -43300219 3796755620 3796755623
3796755620 -22917808 -43300258 3796755618 3796755621
3796755618 -22917777 -43300286 3796755616 3796755620
3796755616 -22917735 -43300306 3796755613 3796755618
3796755613 -22917664 -43300323 3796755607 3796755616
3796755607 -22917559 -43300326 3796755613 3796755601
3796755601 -22917428 -43300299 3796755594 3796755607
3796755594 -22917221 -43300277 3796755570 3796755601
3796755570 -22916811 -43300257 3796755594 3796755569
3796755569 -22916719 -43300258 3796755570 3796755566
3796755566 -22916641 -43300277 3796755559 3796755569
3796755559 -22916581 -43300307 3796755150 3796755566
3796755150 -22916376 -43300477 3796755559 3796755147
3796755147 -22916295 -43300523 3796755146 3796755150
3796755146 -22916226 -43300541 3796755141 3796755147
3796755145 -22916209 -43300011 3796755127 3796755149
3796755141 -22916090 -43300559 3796755146 3796755135
3796755135 -22915919 -43300660 3796755131 3796755141
3796755131 -22915700 -43300794 3796755127 3796755135
3796755127 -22915592 -43300822 3796755131 3796755145 3796755124
3796755124 -22915559 -43300824 3796755123 3796755127
3796755123 -22915536 -43300813 3796755116 3796755124
3796755116 -22915339 -43300611 3796755115 3796755123
3796755115 -22915299 -43300599 3796755112 3796755116
3796755112 -22915265 -43300601 3796755115 3796755110
3796755110 -22915231 -43300616 3796755105 3796755112
3796755105 -22915036 -43300830 3796755110
3796755100 -22914745 -43300025 3796755102
3055045766 -22914232 -43301687 3055045768
3055045768 -22914121 -43301459 3055045777 3055045766
3055045760 -22914119 -43300995 3055045764 3055045777
3055045777 -22914111 -43301213 3055045760 3055045768
3055045764 -22913975 -43300912 3055045774 3055045760
3055045774 -22913802 -43300969 3055045764 3055045757
3055045757 -22913516 -43301146 3055045774 3055045773
3055053741 -22913457 -43300566 3055053734 3055053735
3055053734 -22913359 -43300640 3055051329 3055053741
3055051329 -22913295 -43300646 3055053742 3055053734
3055045773 -22913286 -43301076 3055045763 3055045757
3055053742 -22913251 -43300630 3055053736 3055051329
3055045763 -22913101 -43300974 3055045765 3055045773
3055045765 -22912935 -43300757 3055052083 3055045763
3055052096 -22912468 -43301398 3055052088
3055052088 -22912305 -43300955 3055052082 3055052096
3055052082 -22912284 -43300803 3055052087 3055052080 3055052088
3055052087 -22912217 -43300133 3055052086 3055052082
3055052086 -22912215 -43300011 3055052087 3055052093
3055052080 -22912188 -43300887 3055052082 3055052079
3055052079 -22912051 -43300998 3055052091 3055052080
3055052091 -22911861 -43301084 3055052084 3055052079
3055052084 -22911771 -43301162 3055052091 3055052089
3055052089 -22911692 -43301244 3055052084 3055052078
3055052078 -22911621 -43301279 3055052081 3055052089
3055052081 -22911531 -43301305 3055052078 3796755087
3796755087 -22911415 -43301326 3055052081 3055052095
3055052095 -22911201 -43301386 3055052092 3796755087
3055052092 -22910916 -43301308 3055052095 3055052090
3055052090 -22910664 -43301283 3055052092 3796755086
3796755086 -22910543 -43301303 3055052094 3055052090
3055052094 -22910439 -43301358 3796755086
518227416 -22910421 -43300429 3055034753
2239377123 -22910086 -43302528 2239377125
3326251162 -22910042 -43302253 3326250960 3326251161
3326251161 -22910042 -43302253 3326251162
2239377125 -22909937 -43303035 2239377119 2239377123
2239377119 -22909894 -43303063 2239377125 2239377117
3326250960 -22909738 -43302188 3326250959 3326251162
518227426 -22909575 -43302456 3326250958
2239377117 -22909433 -43302970 2239377119 2239377121
3326250959 -22909377 -43302070 3326250958 3326250960
3326250958 -22909318 -43302394 518227423 518227426 3326250959
3055034753 -22909308 -43300137 518227414 518227369 518227416 3055034755
2239377121 -22909266 -43302962 2239377116 2239377117
3055034755 -22909217 -43300843 3055034753 3055034756 3055034758
3055034756 -22909153 -43300934 3055034755
2239377116 -22909136 -43302997 518227477 2239377121
3055034758 -22909071 -43300844 3055034754 3055034755
518225160 -22909053 -43301665 518225164
3055034754 -22908972 -43300811 3055034758
518227477 -22908752 -43303125 2200957208 2239377116
1782117445 -22907760 -43308490 1782117460
1782117448 -22907753 -43308321 1782117445
1782117460 -22907749 -43308641 1782117470
2200957199 -22907747 -43306902 2200957200
1782117470 -22907734 -43308790 1782117472
1782117440 -22907719 -43308157 1782117448
1782117472 -22907709 -43308904 1782117466
2200957200 -22907673 -43306821 2200957203 2200957199
1782117466 -22907673 -43308998 1782117443
1782117462 -22907669 -43308010 1782117440
2200957203 -22907646 -43306768 2200957200 2200957211
2200957211 -22907619 -43306679 2200957203 2200957226
1782117450 -22907605 -43307848 1782117462
2200957226 -22907557 -43306491 2200957211 2200957209
163559130 -22907541 -43308132 163565909
163565909 -22907527 -43308775 1782117476
1782117463 -22907527 -43307972 163559130
3656253836 -22907516 -43307703 1782117450
1782117476 -22907514 -43308926 1782117471
2200957209 -22907510 -43306389 2200957226 2200957221
1782117446 -22907489 -43307792 1782117463
1782117471 -22907487 -43309044 1782117453
1679230314 -22907422 -43307554 1782117446 3656253836
2200957981 -22907418 -43305741 2200957980 2200957978
2200957208 -22907416 -43303091 2200957206 518227477
2200957980 -22907413 -43305696 2200957981 2200957982
2200957978 -22907401 -43305795 2200957981 2200957970
2200957982 -22907393 -43305652 2200957964 2200957980
2200957964 -22907362 -43305624 2200957962 2200957982
2200957970 -22907358 -43305842 2200957978 2200957190
2200957221 -22907322 -43305995 2200957209 2200957190
2200957962 -22907317 -43305609 2200957964 2200957974
2200951487 -22907315 -43304786 518227475
2200957190 -22907275 -43305917 2200957970 2200957221 2200957191
1782117443 -22907270 -43309845 1782117477
2200957974 -22907257 -43305588 2200957979 2200957962
163547048 -22907242 -43307940 1782117478
1782117457 -22907237 -43308239 163547048
2200957966 -22907235 -43305014 2200957976
2200957191 -22907223 -43305874 2200957190 2200957216
1782117478 -22907217 -43307694 1782117458
2200957979 -22907216 -43305569 2200957965 2200957974
1782117458 -22907180 -43307492 1782117447
2200957965 -22907178 -43305535 2200957960 2200957979
2200957976 -22907177 -43305066 2200957963 2200957966
163565688 -22907172 -43308989 1782117457
2200957216 -22907159 -43305837 2200957191 2200957214
1782117454 -22907153 -43309202 163565688
2200957960 -22907151 -43305488 2200957965 2200957984
2200957963 -22907149 -43305108 2200957976 2200957975
2200957975 -22907129 -43305148 2200957963 2200957973
2200957984 -22907126 -43305399 2200957960 2200957977
1782117479 -22907123 -43309320 1782117454
1782117447 -22907123 -43307282 1782117439
2200957977 -22907115 -43305298 2200957973 2200957984
2200957973 -22907115 -43305203 2200957975 2200957977
1782117453 -22907096 -43309943 1782117451
1782117473 -22907086 -43307820 1782117441
1782117464 -22907085 -43308032 1782117473
1782117441 -22907070 -43307577 1782117442
1782117467 -22907063 -43308225 1782117464
2200957206 -22907045 -43303091 2200957208 518227475
1782117442 -22907027 -43307267 163547047
1782117439 -22907017 -43307012 163547047
163559131 -22906954 -43306463 1679230314
3656253831 -22906952 -43309744 1782117479
163547047 -22906926 -43306800 163547045
1782117456 -22906913 -43308977 1782117467
1782117449 -22906909 -43309909 3656253831 1782117475
1782117475 -22906899 -43309153 1782117456
2200931952 -22906787 -43308571 1439033114
163559133 -22906739 -43306073 163559131
163547045 -22906734 -43306410 1782117461
2200936784 -22906704 -43306616 2200935499
518227475 -22906649 -43303092 2200957206 2200951487 2200957201
2200935499 -22906639 -43307037 2200937805 2200937330 2200936784
2200957214 -22906630 -43305620 2200957216 2200957194
2200957205 -22906598 -43304657 2200957218
2200957194 -22906576 -43305585 2200957214 2200957220
1782117461 -22906576 -43306121 1782117444
2200957220 -22906522 -43305542 2200957194 2200957197
1782117465 -22906516 -43305767 163559133
2200957197 -22906482 -43305499 2200957212 2200957220
2200957218 -22906470 -43304970 2200957985 2200957195 2200957205
2200957985 -22906455 -43305030 2200957207 2200957218
2200937805 -22906450 -43307677 1439033114 2200935499
2200957212 -22906438 -43305434 2200957186 2200957197
2200957207 -22906425 -43305216 2200957985 2200957219
2200957186 -22906420 -43305381 2200957212 2200957219
2200957219 -22906415 -43305296 2200957186 2200957207
2200937330 -22906320 -43306928 2200935504 2200935499
1782117444 -22906305 -43305751 163547044
1439033114 -22906254 -43308373 2200937805 3656253820 2200931952 2200931954
163559134 -22906164 -43305375 1782117465
3656253820 -22906150 -43308727 1439033114 1439033110
2200957972 -22906049 -43304279 2200957210
2200957195 -22906038 -43304781 2200957213 2200957218
163547044 -22906011 -43305464 163547043
2200957213 -22905974 -43304758 2200957210 2200957195
1439033110 -22905971 -43309360 2200989159 3656253816 3656253820 2200905996
2200989159 -22905925 -43309538 1439033110 1439033111
2200957210 -22905923 -43304730 2200957972 2200957198 2200957213
2200957198 -22905896 -43304711 2200957215 2200957210
1439033111 -22905885 -43309699 2200989159 3656253817
3656253817 -22905875 -43309748 1439033111 2200989162
2200989162 -22905860 -43309821 3656253817 2200989171
2200957215 -22905854 -43304664 2200957193 2200957198
3656253816 -22905849 -43309023 1439033110 2200989194
2200989194 -22905834 -43308982 3656253816 3656253814
3656253814 -22905814 -43308925 2200989185 2200989194
2200989185 -22905806 -43308904 3656253814 2200989163
163559135 -22905758 -43305013 163559134
2200935496 -22905714 -43305429 2200947376 2200947387
2200947387 -22905707 -43305380 2200935496 2200947380
2200947376 -22905705 -43305488 2200935496 2200935504
2200947380 -22905687 -43305334 2200947391 2200947387
163547043 -22905679 -43305148 3211749250
2200989163 -22905657 -43308489 2200989185 2200931954
2200947391 -22905633 -43305293 2200947381 2200947380
2200931954 -22905529 -43308129 2200989163 2200935502 1439033114
1782140365 -22905524 -43304878 163559135
3211749250 -22905466 -43305000 1782140376
2200957193 -22905443 -43304132 2200957202 2200957215
2200957187 -22905440 -43303880 2200957217 2200957189
2200957189 -22905435 -43303848 2200957224 2200957187
2200957202 -22905425 -43304095 2200957217 2200957193
2200957217 -22905420 -43304052 2200957187 2200957202
2200957224 -22905418 -43303821 2200957192 2200957189
2200935504 -22905384 -43306611 2200937330 2200947376 3802280343
163559136 -22905290 -43304772 1782140365
3802280343 -22905263 -43307034 2200935504 3802280342
1782140376 -22905261 -43304901 1782140345
3802280342 -22905204 -43307092 3802280343 2200935502
2200957192 -22905200 -43303689 2200957225 2200957224
2200935502 -22905176 -43307130 3802280342 2200931954 2200906020
2200957225 -22905175 -43303659 2200957223 2200957192
2200957223 -22905163 -43303616 2200957201 2200957225
2200957201 -22905136 -43303375 518227472 2200957223 518227475
2200906020 -22905027 -43306708 2200906035 2200935502
2200906035 -22904910 -43306602 2200906009
2200906009 -22904850 -43306557 2200906007
518227472 -22904836 -43303432 442130934 2200957201
2200906036 -22904831 -43306277 2200906042
2200906042 -22904823 -43306326 2200906008
2200906032 -22904819 -43306155 2200906036 2200906020
2200906008 -22904805 -43306362 2200906029
2200906007 -22904773 -43306522 2200906014
2200906029 -22904771 -43306407 2200906018
3802280341 -22904752 -43303549 1782140403
442130934 -22904748 -43303441 518227472 3802280341 1782140398
1782140403 -22904747 -43303700 518225267
1782140420 -22904735 -43304599 163559136
518225267 -22904729 -43303820 1782140402 1917938996
2200906018 -22904729 -43306436 2200906019
2200906038 -22904724 -43305900 2200906032
1917938996 -22904719 -43304028 518225259 518225267
2200906014 -22904705 -43306497 2200906012
2200947381 -22904699 -43304976 2200947374 2200947391
1782140345 -22904697 -43304722 1782140331
1782140402 -22904697 -43303639 1782140396
2200906019 -22904684 -43306454 2200906012
1782140396 -22904661 -43303529 1782140398
518225259 -22904661 -43304283 2200947383 1917938996
2200947389 -22904653 -43304902 2200947381
832095999 -22904637 -43301965 442130934 832096004
2200947374 -22904626 -43304970 2200947378
1782140398 -22904618 -43303445 3802280339
2200906012 -22904618 -43306465 2200905999
2200975631 -22904616 -43307943 2200975619
2200906010 -22904614 -43305831 2200906038
2200975619 -22904591 -43307922 2200975630 2200975631
2200947385 -22904590 -43304796 2200947389
518227423 -22904587 -43301242 3326250958 832095999
2200975630 -22904575 -43307891 2200975619 2200975627
2200975627 -22904567 -43307854 2200975624 2200975630
3802280339 -22904564 -43303428 3802280338
2200975624 -22904562 -43307806 2200975637 2200975627
2200947383 -22904560 -43304657 518225259 2200947385 3802280337
2200975637 -22904554 -43307770 2200975624 2200975617
2200947378 -22904542 -43304985 2200906026
518225164 -22904536 -43300437 518227423 518225160
2200975617 -22904532 -43307745 2200975618 2200975637
3802280338 -22904521 -43303414 2001304090
3802280337 -22904518 -43304811 518225224 2200947383
518225224 -22904507 -43304853 3802280334 3802280336 3802280337
2200975618 -22904502 -43307729 2200975622 2200975617
3802280336 -22904486 -43304918 518225224 3802280335
2200906011 -22904474 -43305211 2200906038
3802280335 -22904471 -43304965 2200906026 3802280336
2200906043 -22904461 -43305125 2200906011
2200906026 -22904454 -43305020 2200906043 3802280335
3802280334 -22904444 -43304879 1917939006
2200906031 -22904436 -43305776 2200906010
1782140333 -22904435 -43304497 1782140420
518225255 -22904400 -43305157 1917939001 2200906026
1782140331 -22904398 -43304626 163547041 3802280328
1917939006 -22904392 -43304876 1917938999
1782140340 -22904356 -43305267 518225255
1917939001 -22904355 -43305015 1917939000
1917938999 -22904345 -43304864 1917938997
1917939000 -22904328 -43304956 1917938997
2200975622 -22904305 -43307680 2200975636 2200975618
3802280332 -22904303 -43305734 2200906031
2200905997 -22904301 -43305820 2200906031
2200905999 -22904299 -43306369 2200906017 2200906028
2200979645 -22904290 -43309782 2200979640 2200979641
2200979640 -22904287 -43309721 2200979643 2200979645
2200979643 -22904276 -43309685 2200979640 2200979644
3802280331 -22904272 -43305583 1782140340
3802280330 -22904258 -43305634 3802280331
2200979644 -22904254 -43309663 2200979643 2200979639
2200906028 -22904249 -43306342 2200906025
1999105900 -22904237 -43305712 3802280330 3802280332
1917938997 -22904235 -43304831 518225221
2200906017 -22904230 -43306363 2200906016
2200906003 -22904229 -43305867 2200905997
2200906025 -22904208 -43306307 2200906040
2200979639 -22904204 -43309635 2200979646 2200979644
1782140394 -22904193 -43305455 1782140340
2200906027 -22904183 -43305916 2200906003 1999105900
2200906040 -22904179 -43306266 2200905998
2200906016 -22904175 -43306360 2200906034
2200975636 -22904150 -43307645 2200975622 2200975612
2200905998 -22904149 -43306213 2200906006
2200906006 -22904139 -43306165 2200906024
2200906024 -22904133 -43306089 2200906027
2200906034 -22904131 -43306363 2200906022
1782140342 -22904121 -43305506 1782140394
3802280329 -22904093 -43306174 2200906024
3802280328 -22904085 -43304586 1782140388
2200906022 -22904081 -43306382 2200906037
2200975612 -22904073 -43307615 2200975636 2200975638
3802280327 -22904043 -43305547 1782140342
3802280326 -22904041 -43306364 3802280329
2200975634 -22904033 -43308325 2200975620 2200975621
2200906037 -22904032 -43306449 2200975623 3802280326
2200975620 -22904031 -43308302 2200975634 2200975626
2200975621 -22904028 -43308356 2200975634 2200975616
2200975626 -22904016 -43308286 2200975615 2200975620
2200975615 -22903994 -43308275 2200975613 2200975626
2200975616 -22903977 -43308517 2200975625 2200975621
163547041 -22903955 -43304462 163547039
1782140382 -22903953 -43305576 3802280327
2001304107 -22903951 -43300243 518225164 482515715
1782140388 -22903951 -43304561 3802280324
2200975638 -22903940 -43307549 2200975623 2200975612
2200975613 -22903935 -43308252 2200975632 2200975615
2200975625 -22903892 -43308784 2200975616 2200975635
2200975635 -22903878 -43308830 2200975625 2200975628
3802280324 -22903877 -43304562 3802280323
2200975629 -22903873 -43308894 2200975628
2200975628 -22903873 -43308865 2200975635 2200975629
1782140379 -22903840 -43305584 1782140382 1999105900
3802280323 -22903794 -43304574 3802280321
2200975623 -22903742 -43307452 518225251 2200906037 2200975638
3802280322 -22903734 -43305553 1782140379
3802280321 -22903710 -43304601 1782140391
518225251 -22903708 -43307578 2200975623 518225516 2200975614
2200975632 -22903696 -43308162 2200975633 2200975613
1782140401 -22903653 -43305516 3802280322
1782140391 -22903638 -43304640 1917940295
2200975633 -22903636 -43308138 2200975632 2200975614
1782140343 -22903565 -43305450 1782140401
1917940295 -22903560 -43304704 1782140371
2200975614 -22903560 -43308110 2200975633 2200979646 518225251
832096004 -22903552 -43301647 2001304107 832095999
1782140344 -22903498 -43305372 1782140343
1782140371 -22903497 -43304783 1782140368
163559139 -22903465 -43304172 1782140333
1782140400 -22903451 -43305282 1782140344
1782140368 -22903448 -43304870 1782140373
1782140373 -22903422 -43304966 1782140341
1782140335 -22903419 -43305170 1782140400
1782140341 -22903414 -43305065 1782140335
2200979646 -22903220 -43309324 2200906021 2200975614 2200979639
2001304090 -22903195 -43302991 2001304093 3802280317 832096004
518225520 -22903195 -43305999 518225516 518225469
3802280317 -22903120 -43302968 3802280316
2200906021 -22903107 -43309729 2200979646
1999111450 -22903095 -43303947 163559139
3802280316 -22903075 -43302953 3597516079
2001304093 -22902972 -43303751 2001304090
518225516 -22902890 -43307229 518225512 518225472 518225520 518225251
518225221 -22902808 -43304364 1917939007 518225469
1782140339 -22902745 -43303931 163559139
518225469 -22902436 -43305727 518225472 518225221 518225520 518225523
518225512 -22902309 -43309767 518225509 518225516
518225509 -22902206 -43309861 518225248 518225411 518225512
1917939007 -22902159 -43304138 1917939004 442130897
518225472 -22902088 -43306969 518225349 518225516 518225469 518225578
1917939004 -22902044 -43304056 1917939002
3597516079 -22901931 -43302587 3802280307 3597516080
518225349 -22901857 -43307761 518225472 518225342 518225476
163559140 -22901725 -43303618 1782140339
3597516080 -22901720 -43303286 3802280312 3597516079
518225523 -22901700 -43305527 518225469 518225527
482515712 -22901685 -43303381 1999111450
3802280312 -22901671 -43303298 3597516080 3802280308
163547039 -22901662 -43303729 1917939005
442130897 -22901548 -43303946 1917939007 518225527 3819280662
518225476 -22901329 -43309570 518225509 518225349
3802280308 -22901266 -43303215 3802280312 482515712
518227352 -22901033 -43300790 518227350
518225527 -22901027 -43305842 518225578 442130897 518225523
3819280662 -22900990 -43303762 2370505623 442130897
2370505623 -22900833 -43303710 3802280304 3819280662
518225578 -22900824 -43306560 518225472 518225342 518225527 518225577
3802280307 -22900795 -43302217 518227350 3802280306
3802280306 -22900706 -43302273 3802280305
3802280305 -22900664 -43302300 3802280301
518227350 -22900653 -43302176 3802280303 3802280300
3802280304 -22900644 -43303648 518225220 2370505623
3802280303 -22900637 -43302235 3802280302
1782140399 -22900630 -43303010 3802280308
3802280302 -22900626 -43302275 3802280301
3802280301 -22900603 -43302356 518227348
518225342 -22900601 -43307349 518225349 518225639 518225578
1917939002 -22900569 -43303462 1917939005
3802280300 -22900563 -43302150 3802280299
3802280299 -22900520 -43302136 1999105897
995527922 -22900498 -43302945 1782140399
1782140423 -22900467 -43302902 995527922
518227348 -22900464 -43302853 1782140423
799921915 -22900184 -43303114 163559140
1917939005 -22900137 -43303242 3802280296
518225639 -22900089 -43309158 3819280623 518225342 518225476
