1777575559 -22.8999985 -43.5963311 1623201916 1777575567 1777575676
1777575544 -22.8998729 -43.5983416 1777575540 1777575560 1777575527
1623201977 -22.8998678 -43.5921585 1623201951 1623201983 1623201833 1625967897
1623201951 -22.8998249 -43.5925495 1623201977 1625967876
1625967876 -22.8997883 -43.5928163 1623201948 1623201951 1625967782
1623201948 -22.8997794 -43.5930449 1623201943 1625967876
1623201943 -22.8997382 -43.5932619 1623201948 1625967831 1623201907
1777575540 -22.8997157 -43.5977565 1779378149 1777575574 1777575544
1623201918 -22.899707 -43.5949095 1623201979 1625967831 1623201844
1623201916 -22.899701 -43.5958589 1777575559
1777575536 -22.8996706 -43.5993821 1777575565 1777575534 1777575542
1625967770 -22.8996503 -43.5901438 1625967778 1625967842 1625967798
1779378157 -22.8996164 -43.5962695 1779378155 1779378156 1779378158
1623201907 -22.8995835 -43.5936856 1623201883 1623201943
1779378156 -22.8995764 -43.5962098 1779378157 1779378154
1625967842 -22.89954 -43.5915804 1625967867 1625967770
1779378155 -22.8995359 -43.5962706 1779378157 1779378151
1623201883 -22.8994493 -43.5941676 1623201844 1623201907
1623201844 -22.8994197 -43.5947154 1623201918 1623201883 1623201796
1777575534 -22.899388 -43.5993546 1777575536
1779378154 -22.8993474 -43.595818 1779378153 1779378156
1777575533 -22.8993196 -43.5988044 1777575560
1777575529 -22.8993056 -43.5996182 1777575504
1777575527 -22.8992754 -43.5982717 1777575544
1623201833 -22.8992583 -43.5921152 1623201771 1623201977 1623201796
1779378153 -22.8992529 -43.5957735 1779378148 1779378154
1779378151 -22.8992523 -43.5962429 1779378149 1779378155 1779378145
1625967798 -22.8992384 -43.5900625 1625967867 1625967926 1625967836 1625967770
1777575525 -22.8992203 -43.598414 1777575507
1779378149 -22.8991538 -43.597691 1777575540 1623136068 1779378151
1777575523 -22.899152 -43.5990006 1777575506
1625967867 -22.8991249 -43.5915321 1625967842 1625967798
1625967836 -22.8990736 -43.5900299 1625967798
1623201796 -22.8990182 -43.5944286 1623201781 1623201844 1623201833
1623201781 -22.8989865 -43.5944278 1623201774 1623201796
1623201774 -22.8988201 -43.5943614 1623201781 1625967780 1741912869
1625967903 -22.8988136 -43.5948205 1625967780 1625967887
1625967780 -22.8987755 -43.5947153 1623201774 1625967903
1625967826 -22.8987364 -43.591507 1623201721
1625967887 -22.8987345 -43.5954159 1625967903
1623136068 -22.8986787 -43.5976356 1777575511 1779378149
1741912869 -22.8986254 -43.5943076 1623201774 1623201753
1777575511 -22.8985931 -43.5976263 1623136065 1777575507 1623136068
1623201771 -22.898573 -43.5920277 1623201753 1623201725 1623201833
1777575507 -22.8985295 -43.598342 1777575525 1777575511 1777575506 1777575493
1777575506 -22.8984775 -43.5989268 1777575507 1777575491 1777575523 1777575504
1779378148 -22.8984651 -43.5956219 1779378153 1779378147
1777575504 -22.8984226 -43.5995434 1777575529 1777575506 1777575487 1777575502
1623201753 -22.8983533 -43.5942712 1623201771 1741912869 1623201719
1777575493 -22.8980484 -43.5982781 1777575507
1779378147 -22.898043 -43.5953443 1779378146 1779378148
1623201725 -22.8979997 -43.5919575 1623201771 1623201704 1623201719
1777575491 -22.8979517 -43.5988895 1777575506
1779378146 -22.8979324 -43.5952098 1779378144 1779378147
1777575489 -22.8978436 -43.5999578 1777575502
1777575487 -22.8978379 -43.5995009 1777575504
1623201721 -22.8978244 -43.5914043 1625967826 1623201734 1623201704
1623201719 -22.897769 -43.5942238 1623201753 1623201700 1623201725
1623201704 -22.8976609 -43.5919157 1623201688 1623201725 1623201721
1623201700 -22.897653 -43.5942079 1623201682 1623201719 1741912871
1741912871 -22.8975776 -43.5941958 1623201700 1623201686
1623201693 -22.8975144 -43.5904691 1625967838
1625967838 -22.8974308 -43.5914136 1623201693 1625967921 1623201688
1623201688 -22.8973956 -43.5919039 1625967838 1623201682 1625967790 1623201704 1871831998
1623201686 -22.8973656 -43.5941702 1741912865 1741912871
1625967790 -22.897253 -43.5919355 1625967827 1623201688
1623201682 -22.8972075 -43.5936521 1623201700 1625967827 1623201688
1871831998 -22.8969038 -43.5918223 1871831947 1871832031 1623201688
1779378145 -22.8968076 -43.5960043 1779378144 1779378151 1779378140
1625967921 -22.8967338 -43.5904726 1625967838 1625967851
1625967851 -22.8966629 -43.5904353 1625967921
1625967827 -22.8964942 -43.5928587 1623201682 1625967790 1623201663
1623201663 -22.8964907 -43.5928622 1625967827
1623136065 -22.8964461 -43.5973928 1777575511 1623136060
1625967779 -22.8962544 -43.5930248 1779378135 1779378142
1871832031 -22.8961165 -43.5918876 1871832044 1871832012 1871831998
1777575460 -22.8960683 -43.5978933 1777575458
1779378144 -22.8960559 -43.5950822 1779378145 1779378146 1779378141
2057734275 -22.8959902 -43.596662 1779378132
1777575458 -22.8959556 -43.5978813 1777575452 1777575439 1777575460
1871832044 -22.8959192 -43.5919205 1871832031
1777575454 -22.895909 -43.5999682 1777575444
1779378142 -22.8958854 -43.5933668 1779378130 1747678321 1625967779
1777575452 -22.8958611 -43.5987794 1777575458 1777575450 1777575448
1777575450 -22.895801 -43.5993507 1777575452
1777575448 -22.8957953 -43.5987825 1777575452 1777575438
1871831947 -22.8957465 -43.5902788 1871831983 1871831998
1777575444 -22.8957287 -43.5999423 1777575454 1777575433 1777575440
1871832005 -22.8956256 -43.5900724 1871832001 1871832039
1777575439 -22.8955827 -43.5978414 1777575458 1777575438 1777575426
1741912865 -22.8955817 -43.5939892 1623201686 1779378141 3016872181
3016872181 -22.895576 -43.5938813 1741912865 3016872182
3016872182 -22.8955505 -43.5937735 1747678321 3016872181
1747678321 -22.8955108 -43.5936934 3016872182 3016872180 1779378142
1777575438 -22.8954958 -43.5987542 1777575439 1777575422 1777575448
3016872180 -22.8954001 -43.5936102 1747678321 1779378129
1779378140 -22.8953664 -43.5958796 1779378145 1779378126 1779378132
1777575433 -22.8953515 -43.599888 1777575424 1777575431 1777575444
1871832012 -22.8953378 -43.5908159 1871831981 1871832031
1779378135 -22.8953277 -43.5919782 1779378134 1625967779
1779378134 -22.8953192 -43.5921977 1779378130 1779378135 1779378098
1779378132 -22.8953174 -43.5965842 1779378124 1779378140 2057734275
1779378130 -22.8952984 -43.5927316 1779378142 1779378129 1779378134
1779378129 -22.8952667 -43.5935702 3016872180 3016872179 1779378130
1871832001 -22.8951967 -43.5902736 1871831951
1871831981 -22.8951851 -43.5907435 1871831983 1871832012
1779378141 -22.8951815 -43.5939584 1741912865 1623201657 1779378126 1779378144 3016872177 1779378114
1777575426 -22.8951534 -43.5977956 1777575422 1777575414 1777575439
3016872179 -22.8951531 -43.5935763 1779378129 3016872178
1871831983 -22.8951227 -43.5906151 1871831947 1871831981
1777575424 -22.8950955 -43.5999065 1777575433
1871831951 -22.8950791 -43.5902951 1871831962
1779378126 -22.8950782 -43.5958547 1779378141 1779378121 1779378140
1777575422 -22.895061 -43.598713 1777575411 1777575426 1777575438
3016872178 -22.8950424 -43.5936102 3016872179 3016872177
1779378124 -22.8950108 -43.5965716 1779378132
3016872177 -22.8949487 -43.5936586 1779378113 3016872178 1779378141
1871831962 -22.8949457 -43.5902897 1871831966
1777575418 -22.8949021 -43.5989987 1777575405
1623201657 -22.8948833 -43.5939116 349350236 1779378141
1779378122 -22.8948045 -43.5967179 1779378121
1779378121 -22.8947826 -43.5959256 1779378116 1779378126 1779378122
1871831966 -22.8947727 -43.5902522 1871831950
1777575414 -22.8947388 -43.5977514 1777575411 1777575399 1777575426
1779378119 -22.8947275 -43.5912659 1779378091 1779378111
1777575411 -22.8946572 -43.5986747 1777575414 1777575422 1777575403
1779378118 -22.8945466 -43.5966286 1779378116
1779378116 -22.8945251 -43.5959316 1779378118 1779378106 1779378114 1779378121
1777575407 -22.8944754 -43.5991284 1777575405
1779378114 -22.8944019 -43.5946321 1779378116 1779378141 1779378109
1779378113 -22.8943987 -43.5929504 1779378080 3016872177 1779378098
1777575405 -22.8943941 -43.5989118 1777575407 1777575418 1777575401
1777575403 -22.8943616 -43.5986467 1777575411 1777575401
1777575401 -22.8943044 -43.5986728 1777575403 1777575393 1777575405 1777575396
1871831950 -22.8942785 -43.5900429 1871831953
1779378111 -22.8942725 -43.5906869 1779378119 1779378099
1779378109 -22.8941329 -43.5948488 1779378078 1779378114 1779378105
1777581631 -22.8940455 -43.5994009 1777575393 1777581628 1777581639
1777575399 -22.8940431 -43.5976771 1777575414 1777575396
1779378108 -22.8940417 -43.5966703 1779378106
1777575396 -22.8940374 -43.5978933 1777575401 1777575399
1779378106 -22.8940146 -43.5959436 1779378093 1779378116 1779378105 1779378108
1777581628 -22.893963 -43.5993358 1777581631 1777581605 2689963509
1779378105 -22.8939593 -43.5950246 1779378106 1779378109 1779378097
1779378099 -22.8938596 -43.5903133 1779378111 1779378090
1777575393 -22.8938577 -43.5988762 1777581631 1777581619 1777575401
1777581619 -22.893751 -43.5985324 1777575393 2206803136 1777581605
1779378098 -22.8936647 -43.5920084 1779378088 1779378134 1779378113 1779378096
1779378097 -22.8936074 -43.5953365 1779378105 1779378094
1779378096 -22.8935808 -43.5918554 1779378098 1779378091
2206803136 -22.8935419 -43.5979611 1777581606 1777581619
1777581606 -22.89353 -43.5978193 2206803136 1777581583 1623136060
1623136060 -22.8935251 -43.5970522 1777581606 2206803129 1623136065 1777581596
1779378094 -22.8935102 -43.5954858 2206803137 1779378076 1779378097
2206803129 -22.8935048 -43.5965395 1623136060 1779378095
1779378095 -22.8934953 -43.5961994 2206803129 1779378093 1779378072
1779378093 -22.8934888 -43.5959688 1779378106 1779378095 2206803137
2206803137 -22.8934776 -43.5955685 1779378093 1779378094
1777581605 -22.8934749 -43.5989509 1777581553 1777581628 1777581583 1777581619
1777581596 -22.8933323 -43.5969717 1542850122 1623136060 1777581560
1777581583 -22.8929845 -43.5985641 1777581606 1777581605 1777581537 1777581560
1779378091 -22.8929647 -43.5910663 1779378084 1779378119 1779378096
1542850122 -22.8926429 -43.5969261 1542850170 1777581541 1777581596
1777581560 -22.8925072 -43.5981764 1777581521 1777581583 1777581541 1777581596
1779378090 -22.8925004 -43.5901368 1779378089 1779378099
1779378089 -22.8924757 -43.5901637 1779378086 1779378090
349350239 -22.8924035 -43.5919384 349350238
1779378088 -22.8924028 -43.5919086 349350239 1779378098
1779378086 -22.8923961 -43.5908517 1779378089 1779378082
349350240 -22.8923871 -43.5912722 1779378088
349351268 -22.8923289 -43.5918993 1777583543
349350238 -22.8923266 -43.5925502 1779378080
1777583543 -22.8923265 -43.5918511 1777583532 349351267
1779378084 -22.8923166 -43.5910186 349350240 1779378091
349351267 -22.8922932 -43.5911866 349351266
1779378082 -22.8922894 -43.590921 1779378084 1779378086
349350241 -22.8922606 -43.5908173 1779378082
1779378080 -22.8922559 -43.5927671 1779378113 349350237
349351270 -22.8922507 -43.5925282 349351268
349350237 -22.8922086 -43.5929123 1623201645
1777583542 -22.8921774 -43.5927358 349351270 1777583535
1542850170 -22.8921487 -43.5969261 1542850280 1542850122
349351271 -22.8921471 -43.5928218 1777583542
349351266 -22.8921034 -43.590706 349351265
1779378078 -22.8921018 -43.5946093 1779378070 1779378109 1779378076
1779378076 -22.8920402 -43.5953282 1779378059 1779378078 1779378072 1779378094
349350243 -22.8920155 -43.590474 349350241
1777581541 -22.8920029 -43.59779 1777581498 1542850122 1777581560 1542850396
1779378072 -22.8919805 -43.5960248 1779378076 1779378058 1779378095
1623201645 -22.8919152 -43.5934948 349350236
349351265 -22.8919057 -43.5904485 1777583541
1777583541 -22.8918928 -43.5904316 1739476108 1777583540
1542850280 -22.8918918 -43.5970549 1542850170 1542850396
349351272 -22.8918683 -43.5934312 349351271
349350236 -22.8918362 -43.5936299 1623201657 349351274 349350235
1871832011 -22.8917878 -43.5900912 1871831976 1871832041
1871831976 -22.8917573 -43.590145 349350243 1739476108 1871832011
349351274 -22.8917391 -43.5935967 349350236 1623201631 349351272
1739476108 -22.8917107 -43.5901932 349351264 1663024030 1871831976
349350244 -22.8916518 -43.5900105 1871831976
349351264 -22.8916369 -43.5900966 349351263
349350235 -22.8915016 -43.5941218 1779378070
1542850396 -22.8915004 -43.5974105 1777581484 1542850280 1777581541
1777583540 -22.8914229 -43.5907347 1777583541 1777583530
349351276 -22.8913838 -43.5941134 349351274
1777581521 -22.8913174 -43.599891 1777581537 1777581560
1779378070 -22.8911226 -43.5945194 1779378078 349350234
349350234 -22.8910271 -43.5946196 1779378059
349351277 -22.8909015 -43.5945683 349351276
1777581498 -22.8908595 -43.5995158 1777581521 1777581541
1779378059 -22.8904609 -43.595154 349350233 1779378076
1777581484 -22.8903604 -43.5991057 1777581498 1777581480 1542850396
349350233 -22.8902997 -43.5953062 1779378058
1777581480 -22.8902872 -43.5991991 1777581463 1777581484 2817345415
1777583539 -22.8902723 -43.5951559 1777583531 349351277
1777583538 -22.8901768 -43.593925 1777583534 1777583529
1623201631 -22.8901746 -43.5933693 349351274 1777583537 1777583529
1777583537 -22.8901634 -43.5930124 1777583523 1777583536 1623201631
1777583536 -22.8901523 -43.5926596 1777583537 1777583517 1777583535
1777583535 -22.8901488 -43.5925495 1777583542 1777583533 1777583536
1777583534 -22.8901444 -43.5945284 1777583531 1777583538 1777583527
1777583533 -22.89014 -43.5921176 1777583528 1777583532 1777583535
1777583532 -22.8901307 -43.5916642 1777583543 1777583530 1777583533
1777583531 -22.8901227 -43.5949316 1777583534 1777583539
1777583530 -22.8900974 -43.5915076 1777583507 1777583532 1777583540
1777583529 -22.8900773 -43.593822 1777583538 1777583519 1623201631
1663024030 -22.8900392 -43.5911981 1663023963 1739476108 1739454405
1739454405 -22.8899765 -43.5908503 1663024030 1739454410 1739454409
1777581463 -22.8899215 -43.5997268 1777581480 1542850069 1777581455
1739454410 -22.8898832 -43.5902253 1739454402 1739454405 1663051079
1777583528 -22.8898526 -43.5921096 1777583525 1777583533
349351278 -22.8898261 -43.5955726 1777583539
1777583527 -22.8898166 -43.5945055 1777583534 1777583526 1777583516
1779378058 -22.8896955 -43.5958082 1779378072 349350231
1663023963 -22.889678 -43.5914261 1663024030 1663049678 1663023676
1777583526 -22.8896628 -43.5946752 1777583524 1777583527
349350231 -22.8896592 -43.5958384 349350230
1777583525 -22.8895307 -43.5923148 1777583528
2817345415 -22.889477 -43.5986031 1777581480 2817345559
1777583524 -22.8894616 -43.5949066 1777583526 1777583521
2817345559 -22.8893425 -43.5985643 1777581438 2817345415
1777581438 -22.889305 -43.5985799 1777581427 2817345559
1777583523 -22.8892902 -43.5929543 1777583537 1777583511 1777583522
1777581436 -22.8892719 -43.599951 1777581423 1777581455
1777583522 -22.8892692 -43.5933454 1777583523
349350230 -22.8892322 -43.5961302 349350229
1777581427 -22.8891509 -43.5991303 1777581438
1777583521 -22.8891358 -43.5951904 1777583524 1777583518
349351279 -22.8890117 -43.5961648 349351278
1777581423 -22.8889904 -43.599883 1777581401 1777581436
349350229 -22.8889475 -43.596422 349350228
1777583520 -22.8889371 -43.5962495 1777583509 349351279
1777581414 -22.8889019 -43.5993859 1777581399
1777583519 -22.8888275 -43.593673 1777583529 1777583505 1777583516
1777583518 -22.8888019 -43.5952123 1777583521 1777583514
1777583517 -22.8887463 -43.5925462 1777583536 1777583515
1777583516 -22.8887326 -43.5944298 1777583500 1777583527 1777583519 1777583514
349351280 -22.8887089 -43.5965387 1777583520
349350228 -22.8886708 -43.5967997 349350227
1777583515 -22.8886497 -43.592603 1777583510 1777583517
1777583513 -22.8886451 -43.5966484 349351280 1777583482
1777583514 -22.8886369 -43.5951934 1777583509 1777583518 1777583516 3016872176
1777583512 -22.8886216 -43.5931576 1777583511
1777583511 -22.8886055 -43.5929087 1777583512 1777583510 1777583523
1777581401 -22.888578 -43.599917 1777581393 1777581423
1777583510 -22.8885451 -43.5927253 1777583511 1777583515
1777583509 -22.8885434 -43.595939 1777583506 1777583520 1777583514
349350227 -22.888481 -43.5972031 349350226
349351281 -22.8884266 -43.5971089 1777583513
1777581399 -22.8883985 -43.5993205 1777581372 1777581414
1777581393 -22.8883701 -43.5999872 1777581401 1777581439 1542850188
1777583508 -22.8883681 -43.5972505 349351281 2143257228
349350226 -22.888315 -43.5977438 349350225
349351283 -22.8882289 -43.5976411 1777583508
1777581372 -22.8882178 -43.5993252 1777581399 1777581366
349350225 -22.888141 -43.5981987 349350224
1739454402 -22.8881395 -43.590052 1739454410 1663023714 1739454409 1663023416
1739454409 -22.8881071 -43.5906794 1739454402 1663023676 1663023400 1739454405
1777583507 -22.8880727 -43.5926088 1777583530 1777583503
2143257228 -22.8880699 -43.5972051 1777583504 1777583508 2143257229
1663023676 -22.888045 -43.591265 1663049697 1739454409 1663023963 1663023390
349351284 -22.8880312 -43.5980874 349351283
1663049697 -22.8879904 -43.5918682 1663049678 1663023676 1663023361
1777581366 -22.8879597 -43.5994466 1777581372 1777581357
1663049678 -22.8879579 -43.5924175 1663023963 1663049697 1777397250
349350224 -22.8878801 -43.5987051 349350222
2143257229 -22.8878595 -43.5977202 2143257228
1777583506 -22.8878132 -43.5958264 1777583509 1777583499
349351285 -22.887794 -43.5984822 349351284
1777581357 -22.8877144 -43.5996007 1777581351 1777581366
1777581351 -22.8875553 -43.5996521 349350222 1777581357
1777583505 -22.8874677 -43.5935372 1777583502 1777583519
1777583504 -22.8874537 -43.5971114 1777583487 1777583494 2143257228
1777583503 -22.8874482 -43.5929912 1777583507 1777583490
1777583502 -22.8873658 -43.5936403 1777583501 1777583505
1777583501 -22.8872634 -43.5938595 1777583502 1777583500
349350222 -22.8872627 -43.5993999 1777581351 349350221
349351286 -22.8871693 -43.5992375 349351285
1777583500 -22.8871306 -43.594235 1777583501 1777583516 3016872176
349350221 -22.8869013 -43.5998809 349350220
3016872176 -22.8868846 -43.5949307 1777583497 1777583500 1777583514
1777583499 -22.886866 -43.5956627 1777583506 1777583498
1777583498 -22.8867754 -43.5956266 1777583497 1777583499
349351287 -22.8867679 -43.5997688 349351286
1777583497 -22.8866945 -43.5954683 3016872176 1777583498
349351289 -22.8866862 -43.5999836 349351287
1777583494 -22.8864297 -43.5987527 1777583504 1777583493
1777583495 -22.8864217 -43.5940901 1777583479
1777583493 -22.8862808 -43.5989274 1777583494 1777583483
1777583490 -22.8862224 -43.5937148 1777583503
1663023400 -22.8861431 -43.5904549 1739454409 1663023416 1663023390
1777583485 -22.8860912 -43.5958544 1777583479 1777583482
1777583487 -22.886065 -43.5968939 1777583504 1777583466 1777583475
1663023390 -22.8860581 -43.5910517 1663023676 1663023400 1663023361
1777583483 -22.8860394 -43.599089 1777583493 1777583446
1777397250 -22.8859698 -43.5935643 1663049678 1777397238
1663023361 -22.8859662 -43.5916507 1663049697 1777397193 1663023390 1777397249
1777583482 -22.8859597 -43.5962439 1777583513 2143274673 1777583485
1777397249 -22.8858903 -43.5923042 1739454401 1663023361 1777397218
2143274673 -22.8858381 -43.5966041 1777583475 1777583482 2143274674
1777583479 -22.8858083 -43.5957234 1777583495 1777583457 1777583485
1739454401 -22.8857629 -43.5928594 1777397240 1777397249
1777583475 -22.8857565 -43.5968456 1777583487 2143274673 1777583463
1777583466 -22.885469 -43.5978155 1777583487 1777583458
2143274674 -22.8853143 -43.5965024 2143274673
1777583463 -22.885287 -43.5967162 1777583456 1777583475
1777583457 -22.8852756 -43.595578 3818218800 1777583479
1777397240 -22.8852554 -43.5928108 1777397238 1777397227 1739454401
1777583458 -22.8851902 -43.5979699 1777583466 1777583429
1777397238 -22.8851873 -43.5939752 1777397240 1777397234 1777397250
3818218796 -22.8851745 -43.5961269 3818218795 3818218797
3818218803 -22.885167 -43.5950577 3818218802
3818218797 -22.8851595 -43.5960618 3818218798 3818218796
1777583456 -22.8851561 -43.5967595 1777583463 3818218794
3818218794 -22.8851342 -43.5967921 1777583455 1777583456 3818218795
3818218800 -22.8851183 -43.5955293 3818218801 1777583457
3818218798 -22.8851108 -43.5960293 3818218797 3818218799
1777583455 -22.8851106 -43.5968274 1777583452 3818218794
3818218795 -22.8850921 -43.5966879 3818218794 3818218796
1777583452 -22.8850423 -43.5969324 1777583455 1777583426
3818218801 -22.8850322 -43.5954683 3818218802 3818218800
3818218802 -22.8850322 -43.5953748 3818218803 3818218801
1777397234 -22.8848508 -43.5942054 1777397238 1777397232
1777583446 -22.8847294 -43.5995506 1777583483
1777397232 -22.8846822 -43.5942759 1777397234 1777397230
1777397230 -22.8846196 -43.5942327 1777397232 1777397225
1777397228 -22.8845911 -43.5934731 1777397227 1777397225
1777397227 -22.8845816 -43.5927463 1777397240 1777397226 1777397228
1777397226 -22.8845798 -43.5926085 1777397227 1777397218
1777397225 -22.884557 -43.5940845 1777397228 1777397230
1777397218 -22.8844561 -43.5920869 1777397193 1777397226 1777397249
1777397221 -22.8844155 -43.5932242 1777397220 1777397219
1777397220 -22.8843928 -43.5926869 1777397195 1777397221
1777397219 -22.8843871 -43.5938108 1777397212 1777397221
1777397212 -22.884234 -43.5938042 1777397167 1777397219 1777397187
1777397193 -22.884198 -43.5914378 1777397179 1777397218 1663023361
1777397195 -22.8841766 -43.5921311 1777397186 1777397220
1777397187 -22.8840001 -43.5931844 1777397212 1777397169 1777397182
3818218799 -22.8839722 -43.5958626 3818218798
1777583429 -22.8839499 -43.5983713 1777583458
1777397186 -22.8839149 -43.5912974 1777397195 1777397185
1777397179 -22.883828 -43.5907186 1777397150 1777397193
1777397185 -22.8837979 -43.5910549 1777397165 1777397186 1777397149
1777583426 -22.8837281 -43.5967348 1777583452
1777397182 -22.8836602 -43.5922924 1777397174 1777397178 1777397187
1777397178 -22.8834031 -43.5916802 1777397140 1777397165 1777397182
1777397174 -22.8832379 -43.5922739 3818218829 1777397169 1777397182
1777397169 -22.8832299 -43.5931517 1777397167 1777397187 1777397174
1777397167 -22.8831934 -43.5937597 2144217806 1777397212 1777397169
1777397165 -22.8831482 -43.5910175 1777397142 1777397185 1777397178
1777397142 -22.8827653 -43.5909942 1777397165 1777397140 1777397130 1777397148
1777397140 -22.8827314 -43.5916183 3818218829 1777397178 1777397142
3818218829 -22.882701 -43.5922467 1777397140 1777397139 1777397174
1777397139 -22.8826797 -43.5926862 3818218829
2144217806 -22.8826049 -43.5937345 1777397167 2144217785
2144217812 -22.8825953 -43.5944796 2144217774 2144217780
2144217785 -22.8825812 -43.5939788 2144217777 2144217806 2144217780
2144217774 -22.8825755 -43.5946835 2144217812 2144217783
2144217783 -22.8825597 -43.5947891 2144217772 2144217774
2144217780 -22.8825508 -43.5942919 2144217812 2144217785
3818218817 -22.8825336 -43.5928805 3818218816
3818218812 -22.8825089 -43.5933203 3818218813
3818219599 -22.8825063 -43.5975936 3818219614
2144217772 -22.8824964 -43.5948444 2144217809 2144217783
1777397130 -22.8824512 -43.5909615 1777397123 1777397136 1777397142
3818218818 -22.8822564 -43.5912145 3818218819
3818218828 -22.8821927 -43.5920561 3818218827
3818218834 -22.8821927 -43.5916211 3818218833
3818218804 -22.8821876 -43.5924513 3818218814
1777397123 -22.8820898 -43.5909335 1777397127 1777397115 1777397130
2144217809 -22.8820714 -43.5950643 2144217790 2144217772
3818219614 -22.8819835 -43.5969432 3818219599 3818219613 3818219606
2144217768 -22.8818638 -43.5937125 2144217777
2144217777 -22.8818122 -43.5938803 2144217785 2144217768 2144217770
2144217790 -22.8818045 -43.5952467 2144217787 2144217809
3818218819 -22.8817645 -43.5911813 3818218818 3818218831
2144217787 -22.8817502 -43.5952575 2144217790 2144216013
1777397115 -22.881737 -43.5908914 1777397123 1777397121 1777397109
3818218827 -22.8816935 -43.5919992 3818218830 3818218828
2144216013 -22.8816019 -43.5951985 2144217770 2144217787
3818219613 -22.8815063 -43.5963496 3818219602 3818219612 3818219614
3818218831 -22.8815019 -43.5911618 3818218819 3818218820 3818218833
3818218833 -22.8814687 -43.5915736 3818218830 3818218831 3818218834 3818218832
3818218830 -22.8814364 -43.5919752 3818218826 3818218827 3818218833
2144217770 -22.8814346 -43.5951073 2144217777 2144216020 2144216013
2144216015 -22.881424 -43.5937608 2144216020
3818218814 -22.8814136 -43.5923937 3818218804 3818218805 3818218816
3818219602 -22.8814048 -43.5962235 3818219601 3818219598 3818219613
3818219606 -22.8813993 -43.5987089 3818219612 3818219614
1777397109 -22.8813885 -43.5908634 1777397097 1777397114 1777397115
3818218816 -22.8813779 -43.5928049 3818218814 3818218813 3818218815 3818218817
3818218813 -22.8813426 -43.5932116 3818218811 3818218812 3818218816
3818219601 -22.881246 -43.5963119 3818219608 3818219602
2144216020 -22.8810572 -43.5949018 2144216017 2144217770 2144216015
1777397097 -22.8810357 -43.5908447 1777397092 1777397107 1777397109
2144216011 -22.8810138 -43.5937447 2144216017
3818219598 -22.8809508 -43.5956587 3818219602 3818219597
3818219612 -22.8808702 -43.5982967 3818219607 3818219606 3818219613
3818219608 -22.8808407 -43.5962679 3818219601 3818219611 3818219607
3818219597 -22.8808259 -43.5955662 3818219596 3818219598
3818218820 -22.8808087 -43.5911102 3818218831 3818218821
3818218826 -22.8807889 -43.5919149 3818218825 3818218830
3818219596 -22.8807294 -43.5955293 3818219595 3818219597
3818218832 -22.880687 -43.5915316 3818218833
3818218825 -22.8806703 -43.5918827 3818218824 3818218826
2144216017 -22.8806516 -43.5948578 2144216011 2144216009 2144216020
3818218821 -22.8806506 -43.5911907 3818218820 3818218822
2144216006 -22.8805986 -43.5936803 2144216009
3818218824 -22.8805814 -43.5917539 3818218823 3818218825
1542470278 -22.8805338 -43.5903273 1777397092 3818219568
3818218822 -22.8805171 -43.5913784 3818218821 3818218835
3818218835 -22.8805128 -43.5914583 3818218822 3818218823 3818218836
3818218823 -22.8805072 -43.5915608 3818218835 3818218824
3818218805 -22.8804578 -43.5923226 3818218814 3818218806
1777397092 -22.8804462 -43.5907887 1777397097 1542470278 1542470324
3818218811 -22.880438 -43.5931272 3818218810 3818218813
3818218815 -22.8804133 -43.5927142 3818218816
3818218810 -22.8803194 -43.593095 3818218839 3818218811
1542470324 -22.8803163 -43.591325 1777397092 3818218836 3818218855
3818219607 -22.8803157 -43.5978647 3818219612 3818219608 3818219605
3818218806 -22.8802997 -43.592403 3818218805 3818218807
3818218836 -22.8802845 -43.5914294 3818218847 3818218835 1542470324
3818218839 -22.880271 -43.5930249 3818218809 3818218810 3818218840
2144216009 -22.8802371 -43.5948129 2144216006 2144216017 2144216019
3818218809 -22.8802305 -43.5929663 3818218808 3818218839
3818219611 -22.880187 -43.5961971 3818219610 3818219608 3818219605
2144216021 -22.8801785 -43.5936106 2144216019
3818218807 -22.8801662 -43.5925908 3818218806 3818218837
3818218837 -22.8801638 -43.5926344 3818218808 3818218807 3818218838
3818218840 -22.8801626 -43.5930684 3818218839 3818218841
3818218808 -22.8801563 -43.5927732 3818218809 3818218837
3818218847 -22.8800883 -43.5920736 3818218836 3818218842 3818219560
