496330930 -22919992 -43247386 496330783
1415472586 -22919978 -43243765 1415472587
3163183214 -22919973 -43243835 3163183213
633485326 -22919927 -43243775 1398803513 1415472586 3163183214
633485312 -22919914 -43243201 3280276221 634187801
3280276222 -22919844 -43241430 3280276228 3280276224
3163183212 -22919814 -43243658 633485326
3163183211 -22919784 -43243625 3163183212
3631507514 -22919660 -43249019 2752630785 2752630784
2752630785 -22919610 -43249014 3631507514 2752630786
3280276228 -22919580 -43240936 634187800
2752630786 -22919569 -43248998 2752630785 2752630787
2752630790 -22919549 -43248709 2752630789
2752630787 -22919533 -43248972 2752630786 2752630788
2752630788 -22919517 -43248939 2752630789 2752630787
2752630789 -22919510 -43248807 2752630788 2752630790
3280276224 -22919506 -43241652 3280276226 3280276221 3280276222
3280276227 -22919393 -43241057 3280276226
634187800 -22919350 -43240509 3280276223 3696201475
3280276226 -22919292 -43241182 3280276225 3280276227 3280276223 3280276224
3280276221 -22919217 -43241843 3280276225 3280276224
3280276223 -22919049 -43240721 3280276226 3727499323
3280276225 -22918978 -43241365 3727499321 3280276226
1398803513 -22918948 -43244269 2880967298 633485326
2880967298 -22918863 -43244309 1398803513 633485325
3727499323 -22918862 -43240840 3727499322
2752630803 -22918852 -43248221 2752630802
3727499322 -22918815 -43240870 506864312
3727499321 -22918806 -43241039 3727499320
3727499320 -22918782 -43240991 506864312
506864312 -22918744 -43240916 3727499319 3696201474
2880967293 -22918689 -43245197 633485325
506864329 -22918682 -43245237 2880967293
2880967294 -22918657 -43245257 506864329
2752630802 -22918656 -43247234 2752630804 2752630803
2880970306 -22918634 -43242888 2880970315
2880970315 -22918634 -43242852 2880970314
2880970323 -22918624 -43242918 2880970306
2880970314 -22918618 -43242822 2880970322
2880970316 -22918607 -43242946 2880970323
2880970322 -22918600 -43242803 2880970321
2880970324 -22918576 -43242979 2880970316
2880970321 -22918562 -43242763 2880970313
2880970305 -22918547 -43242994 2880970324
2880970313 -22918540 -43242748 2880970317
2880970317 -22918508 -43242741 2880970320
2880970325 -22918501 -43243009 2880970305
2880970320 -22918469 -43242747 2880970307
633485325 -22918466 -43244498 2880967298 2880967295
2880970304 -22918456 -43243008 2880970325 3501440706
2880970307 -22918439 -43242769 2880970319
2880970310 -22918421 -43242940 2880970304
2880970319 -22918418 -43242805 2880970312
2880970311 -22918408 -43242896 2880970310
2880970312 -22918407 -43242844 2880970311
3631507505 -22918393 -43249986 3631507504
3631507504 -22918384 -43249937 402293927
402293927 -22918362 -43249815 482158042 2752630805
2880967295 -22918321 -43244039 3501440707
2752630804 -22918285 -43245330 2880967294 2752630802
2752630805 -22918236 -43248986 3379791986
3501440706 -22918159 -43243375 3501440707 2880970304
3379791986 -22918147 -43248591 3631507503
3501440707 -22918106 -43243406 2880970340 3501440706
3631507503 -22918066 -43248137 3631507502
3727499319 -22918006 -43241398 3727499318
3727499318 -22917964 -43241426 476504103
3631507502 -22917951 -43247479 3631507501
3631507501 -22917942 -43247429 402293543
402293543 -22917922 -43247326 3432640589
476504103 -22917804 -43241524 3163183211 2880970341
3631507500 -22917789 -43247353 402293543
3631507499 -22917752 -43247360 3631507500
3727499317 -22917743 -43241456 476504103
3432640589 -22917726 -43246281 3432640592 3631507498
3727499316 -22917709 -43241418 3727499317
2880970341 -22917677 -43241586 3727499315
3631507498 -22917601 -43245640 3631507497
3631507497 -22917592 -43245588 248537991
248537991 -22917575 -43245486 2880970340 2752630804
3631507496 -22917466 -43245509 248537991
3631507495 -22917419 -43245519 3631507496
1436081283 -22917412 -43240108 3696201473
249086502 -22917252 -43240182 1436081283
2880970340 -22917246 -43243605 3727499313
3727499315 -22917048 -43241724 3727499314
3727499314 -22916997 -43241736 476504104
3727499313 -22916918 -43241913 3727499312
3727499312 -22916910 -43241862 476504104
476504104 -22916894 -43241761 1834821225 3727499301
2880970346 -22916845 -43240561 3727499316
3727499310 -22916665 -43240187 1834821274
1834821225 -22916663 -43240634 3696201469
1834821274 -22916660 -43240050 3696201467
3696201469 -22916659 -43240567 506864331
506864331 -22916653 -43240332 2880970346 3727499310 249086502
2880970345 -22916568 -43240108 506864331
3727499309 -22916519 -43240362 506864331
2752630808 -22916480 -43249334 1783643946
3727499308 -22916458 -43240375 3727499309
3631507477 -22916277 -43247656 3631507499
2283565719 -22916183 -43247676 3631507477 2752630808
3631507475 -22916167 -43247580 2283565719
3631507474 -22916159 -43247536 3631507475
248576916 -22916113 -43247692 3630270303 2283565719
3631507473 -22916094 -43247592 248576916
3631507472 -22916086 -43247549 3631507473
3432640592 -22916040 -43246646 3432640590
3631526598 -22916034 -43247709 248576916
3432640590 -22916003 -43246670 3631507474 3631507471
496330704 -22915991 -43247031 402293757 3631507472
3631526597 -22915982 -43247718 3631526598
3631507471 -22915972 -43246695 3432640591
3432640591 -22915944 -43246735 496330704
2283565718 -22915847 -43245837 3432640590 3631507495
3631507470 -22915828 -43245742 2283565718
3631507469 -22915813 -43245668 3631507470
402293487 -22915772 -43245856 3432640591 2283565718
3631507468 -22915752 -43245757 402293487
3631507467 -22915738 -43245684 3631507468
3631507466 -22915675 -43245875 402293487
3631507465 -22915636 -43245884 3631507466
2880970339 -22915478 -43243980 2880970340 3631507469
3727499305 -22915460 -43243875 2880970339
3727499304 -22915451 -43243825 3727499305
248576942 -22915404 -43243998 3727499292 3631507467
3727499303 -22915385 -43243890 248576942
3727499302 -22915377 -43243842 3727499303
3727499301 -22915284 -43242111 3727499300
3727499300 -22915226 -43242123 2283565713
2283565713 -22915155 -43242139 3727499304 633485565
3727499299 -22915129 -43242020 2283565713
3727499298 -22915118 -43241965 3727499299
633485565 -22915081 -43242157 3727499302 3727499285
3727499297 -22915057 -43242040 633485565
3727499296 -22915046 -43241988 3727499297
1390388863 -22914860 -43240728 3727499308 3727499298
3696201459 -22914821 -43240563 1390388863
1390388851 -22914805 -43240492 3696201459
3696201458 -22914731 -43240584 3727499296
3696201457 -22914716 -43240515 3696201458
402293261 -22914645 -43240184 3696201457
3696201456 -22914538 -43240299 402293261
402293758 -22914380 -43248067 3631526597 3631537510
3727499295 -22914367 -43248006 402293758
3727499294 -22914356 -43247949 3727499295
3727499293 -22914290 -43248085 402293758
3727499292 -22914277 -43244237 3727499283 3727499290
402293757 -22914251 -43247414 3727499294
3727499291 -22914238 -43248096 3727499293
3727499290 -22914201 -43243864 3727499289
3727499289 -22914044 -43243088 3727499285
402293756 -22914041 -43246236 402293757 3631507465 3727499287
3727499288 -22914025 -43246160 402293756
634187826 -22914015 -43246106 3727499288
3727499287 -22913942 -43246257 3727499284 402293756
3727499285 -22913906 -43242406 3727499280
3727499284 -22913875 -43246271 402293764 3727499287
637021492 -22913839 -43245190 634187826 637021489
3727499283 -22913777 -43244343 3727499282
3727499282 -22913738 -43244351 402293755
402293755 -22913677 -43244363 637021492 637021485
3727499281 -22913661 -43244286 402293755
633485566 -22913649 -43244226 3727499281
3727499280 -22913475 -43242497 3727499279
3727499279 -22913435 -43242506 496190610
3727499277 -22913328 -43242653 633485566
3727499276 -22913317 -43242601 3727499277
496190610 -22913301 -43242529 3727499276 402293754
3727499275 -22913224 -43242533 496190610
402293754 -22913190 -43241878 3727499272 3696201456
3727499274 -22913176 -43242536 3727499275
637021489 -22913153 -43245347 637021485 637021492
496190653 -22913128 -43242539 3727499274
3727499273 -22913105 -43242612 496190653
402293767 -22913059 -43248344 3727499291 402293764
637021485 -22912990 -43244516 637021489 637021447
402293764 -22912701 -43246519 496330731 3727499284
3727499272 -22912664 -43241077 3727499271
3727499271 -22912635 -43241033 2283565708
637021447 -22912577 -43244621 3504088890 3727499273
673862244 -22912577 -43242570 496190653 402293754
2283565708 -22912569 -43240933 3696201447 3727499268
3727499270 -22912499 -43241015 2283565708
3727499269 -22912464 -43241057 3727499270
3504088890 -22912251 -43245848 3504088879 3504088888 637021447
496330716 -22912243 -43249090 496330721 3819122316
3504088888 -22912233 -43245963 3504088885 3504088890
3504088885 -22912175 -43246016 637021205 3504088888
3504088883 -22912122 -43243863 3352180098 3352132232
3352180098 -22912116 -43243753 3504088883
496330721 -22912095 -43248520 496330716 402293767
3352132232 -22912001 -43244445 3352130337 3504088883
3504088879 -22911944 -43245612 3504088890 3352130335
3352130335 -22911865 -43245500 3504088876 3504088879
3504088876 -22911798 -43245331 3352130336 3352130335
3352130337 -22911787 -43245076 3352130336 3352132232
3352130336 -22911782 -43245197 3504088876 3352130337
402293541 -22911746 -43248583 496330721 496330731
3325443394 -22911464 -43243204 3334296635
496330731 -22911395 -43246770 402293541 402293486 402293764
3334296635 -22911384 -43243074 3325443394 248535100
248535100 -22911114 -43242641 3727499269 673862244 3334296635
402293486 -22910738 -43246913 496330731 637021332 637021205
3504088871 -22910660 -43244539 496330746
637021332 -22910658 -43246931 402293486 3504088870
3504088870 -22910560 -43246908 637021332 637021335
637021205 -22910557 -43246214 3504088885 402293486 3504088869
3504088869 -22910535 -43246126 637021205 496330746
637021335 -22910451 -43246911 3504088868 3504088870
3504088868 -22910367 -43246963 637021337 637021335
637021337 -22910290 -43247047 3504088868 3504088864
3504088866 -22910209 -43246708 3504088863
687077872 -22910205 -43240999 3337888530 248535100
637021214 -22910194 -43244087 3504088858
3504088864 -22910137 -43247376 637021337 637021339
637021339 -22910092 -43247425 3504088864 637021342
637021375 -22910050 -43246474 3504088861 3504088863
496330746 -22910034 -43244612 3504088871 3504088869 3504088858
3504088863 -22910033 -43246711 637021378 637021375 3504088866
3504088861 -22910019 -43246287 3504088859 637021375 3504088860
3504088860 -22910004 -43246089 3504088861
3337873406 -22909992 -43240629 687077872
3504088859 -22909979 -43246234 637021372 3504088861
3504088858 -22909976 -43244469 637021214 496330746
3337888531 -22909943 -43242476 3337888530
637021342 -22909940 -43247489 3504088857 637021378 637021339
637021372 -22909928 -43246211 3504088859 637021369
637021378 -22909928 -43247399 3504088863 637021342
637021369 -22909842 -43246212 3504088855 637021397 637021372
637021397 -22909821 -43246534 637021401 637021369
3504088857 -22909781 -43247547 637021351 637021342
637021401 -22909779 -43246788 637021397 637021363 637021404
637021404 -22909723 -43247095 637021401 637021351 637021359
3504088855 -22909721 -43246231 3504088854 637021369
637021351 -22909629 -43247586 3504088857 3504088852 637021404
3504088854 -22909611 -43246288 637021365 3504088855
3337888530 -22909569 -43241459 687077872 3338106278 3337888531
3504088852 -22909525 -43247594 637021351 3504088850
637021365 -22909516 -43246374 3504088854 3504088851
3504088851 -22909441 -43246511 637021363 637021365
3504088850 -22909439 -43247555 3504088852 637021353
637021363 -22909396 -43246667 637021401 637021359 3504088851
637021353 -22909383 -43247483 3504088850 3504088848
3504088848 -22909314 -43247300 637021356 637021353
637021359 -22909308 -43246965 637021356 637021363 637021404
637021356 -22909292 -43247161 3504088848 637021359
3338106278 -22909045 -43241769 687131288 3337888530 3338106279
687131288 -22908843 -43241907 3338106278
3338106311 -22908589 -43245210 3338106310 3338106312
3338106279 -22908547 -43241033 3338106280 3338106278
3338106310 -22908510 -43244939 3338106311 3338106309
3338106312 -22908454 -43245486 3338106311 3363911093
3363911093 -22908437 -43245527 3338106313 3338106312
3338106294 -22908379 -43242176 3338106293
3338106307 -22908337 -43244029 3363908177 3363905292
3338106313 -22908333 -43245786 3363911093
3363908177 -22908321 -43243888 3338106306 3338106307
3363905292 -22908317 -43244127 3338106307 3338106308
3338106306 -22908300 -43243721 3338106305 3363908177
3338106286 -22908295 -43241629 3359546273 3338106287
3338106280 -22908288 -43240687 3338106281 3338106279
3338106308 -22908276 -43244319 3363905292 3338106309
3338106309 -22908263 -43244512 3338106310 3338106308
3338106305 -22908216 -43243434 3363908181 3338106306
3338106287 -22908189 -43241682 3338106286 3338106288
3338106293 -22908184 -43242299 3338106294 3338106292
3359546273 -22908122 -43241459 3338106285 3338106286
3363908181 -22908119 -43243173 3338106305 3338106304
3338106292 -22908085 -43242289 3338106291 3338106293
3338106304 -22908041 -43242964 3363908181 3338106303
3338106288 -22907999 -43241768 3338106287 3338106289
3338106291 -22907984 -43242117 3338106290 3338106292
3338106290 -22907893 -43241959 3338106289 3338106291
3338106289 -22907883 -43241851 3338106288 3338106290
3338106303 -22907816 -43242450 3338106302 3338106304
3338106302 -22907715 -43242197 3338106301 3338106303
3338106296 -22907586 -43241197 3338106295 3338106297
3338106297 -22907549 -43241371 3338106296 3338106298
3338106301 -22907539 -43242004 3338106302 3338106300
3338106281 -22907527 -43240092 3338106280 3338106282
3338106295 -22907520 -43240982 3338106285 3338106296
3338106283 -22907483 -43240561 3338106282 3338106284
3338106285 -22907478 -43240811 3359546273 3338106295 3338106284
3338106284 -22907438 -43240631 3338106283 3338106285
3338106300 -22907436 -43241843 3338106299 3338106301
3338106298 -22907431 -43241589 3338106297 3338106299
3338106282 -22907423 -43240231 3338106281 3338106283
3338106299 -22907404 -43241723 3338106298 3338106300
338757754 -22906453 -43240173 338757205
338757558 -22906414 -43242280 1620503131
1620503131 -22906406 -43242059 338757559
1620503032 -22906390 -43242490 338757558
338758112 -22906374 -43240001 338758113
338757557 -22906367 -43242642 1620503032
338757559 -22906337 -43241657 338757560
338757561 -22906328 -43240626 338757205
442127261 -22906306 -43242654 442127260
338757556 -22906302 -43242800 338757557 442127261
442127260 -22906290 -43242570 442127258
1620503085 -22906265 -43240818 338757561
338757560 -22906240 -43241205 1620503084
1620503084 -22906237 -43241023 1620503085
442127258 -22906227 -43242389 1620503129
2191944717 -22906173 -43243132 338757556
1620503129 -22906152 -43242291 442127257
338757632 -22906139 -43241615 338757634
338757753 -22906137 -43240551 338757754
338757634 -22906123 -43241484 338757751 1620503093
1620503095 -22906099 -43241732 338757632
1620503054 -22906076 -43240667 338757753
442127257 -22906064 -43242188 442127256
338757631 -22906037 -43241828 1620503095
1620503093 -22906034 -43241348 338757635
338757752 -22906034 -43240801 1620503054
2191944722 -22906024 -43243380 2191944717
338757751 -22906022 -43241140 1620503133
1620503133 -22906004 -43240963 338757752
338758113 -22905955 -43240611 338757638
338757635 -22905933 -43241275 1620503157
442127256 -22905928 -43242123 1620503097
442126080 -22905915 -43241935 338757631
1620503157 -22905824 -43241244 338757637
2191944724 -22905789 -43243667 2191944722
442126079 -22905754 -43241991 442126080
2191942944 -22905753 -43246048 2191942967 2191942976
338757637 -22905727 -43241256 1620503024
1620503097 -22905683 -43242040 442127255
1620502997 -22905641 -43241999 442126079
338757555 -22905618 -43243818 2191944724
1620503024 -22905597 -43241327 338757638
2191942974 -22905590 -43246235 2191942976
2191942967 -22905541 -43245407 2191942980 2191942944
2191942976 -22905536 -43246150 2191942974 2191942971 2191942944
2191942980 -22905517 -43245381 2191942936 2191942967
442127255 -22905509 -43241980 1620503152
338757638 -22905486 -43241438 1620502994
2191942936 -22905480 -43245365 2191942950 2191942980
1620503082 -22905474 -43241975 1620502997
2191942950 -22905447 -43245372 2191942936 2191942973
442053896 -22905415 -43240123 442125991
1620503020 -22905352 -43241913 1620503082
2191942975 -22905331 -43245012 2191942978
2191942971 -22905317 -43245806 2191942935 2191942976 2191942948
1620503152 -22905292 -43241856 442127253
2191942978 -22905254 -43245066 2191942982 2191942975
2191942982 -22905214 -43245101 2191942978 2191942965
2191942965 -22905189 -43245137 2191942982 2191942968
1620502994 -22905180 -43241951 687072862 2365970966
2191942968 -22905173 -43245179 2191942965 2191942949
2191942948 -22905168 -43245581 2191942971 2191942973
338757554 -22905160 -43244160 338757555
2365970967 -22905155 -43241780 1620503020
2191942973 -22905131 -43245538 2191942950 2191942948 2191942949
442127253 -22905099 -43241719 687452484
2365970966 -22905089 -43241873 442127252
2191942959 -22905088 -43244043 338757554
1620503046 -22905059 -43241711 2365970967
2191942949 -22905054 -43245474 2191942968 2191942966 2191942973
2191942941 -22905049 -43244244 338757554
2191942966 -22905019 -43245530 2191942958 2191942949
442053895 -22905012 -43240484 442053896
2191942954 -22904965 -43246728 2191942964 2191942943
2191942943 -22904965 -43246787 2191942963 2191942954
2191942963 -22904950 -43246830 2191942942 2191942943
2191942958 -22904948 -43245608 2191942966 2191942956
442127252 -22904916 -43241724 442127251
2191942942 -22904897 -43246888 2191942963 2191942979
687452484 -22904878 -43241527 442126586
2191942935 -22904877 -43246147 2191942951 2191942971
2191942979 -22904849 -43246920 2191942983 2191942942
1620503091 -22904841 -43240258 1620503055
2191942951 -22904839 -43246194 2191942935 2191942962
2191942964 -22904836 -43246307 2191942954 2191942962
2191942962 -22904829 -43246249 2191942964 2191942951
1620503144 -22904777 -43241460 1620503046
2191942946 -22904763 -43244472 2191942941
2191942983 -22904747 -43246967 832076726 2191942979
2191942956 -22904717 -43245795 2191942958 2191942939
442053894 -22904705 -43240717 442053895
2191942947 -22904695 -43246578 2191942934
442126586 -22904669 -43241272 442126747
1620503088 -22904648 -43240401 1620503091
2191942939 -22904634 -43245879 2191942956 2191942952
442127251 -22904628 -43241466 1620503102
832076728 -22904625 -43247179 832076726
1620503060 -22904589 -43240466 1620503088
442126686 -22904582 -43240236 442126683 3819125261
1620503102 -22904579 -43241453 442127250
2191942934 -22904578 -43246327 2191942969 2191942960 2191942947
1620503033 -22904536 -43240574 1620503060
2191942960 -22904523 -43246188 2191942955 2191942934
442127250 -22904511 -43241454 1620503134
1620503156 -22904507 -43240682 1620503033
442126747 -22904507 -43241026 442126763 442126587
442126763 -22904497 -43240890 1620503156
2191942955 -22904493 -43246124 2191942952 2191942960
687072862 -22904478 -43243058 338758114 2191942959
832076726 -22904471 -43247101 2191942983 832076725 832076728 2191942961
2191942952 -22904466 -43246078 2191942955 2191942939 2191942957
3819125261 -22904462 -43240049 442126686 3819125262
1620503134 -22904458 -43241475 442127249
2191942945 -22904424 -43247955 2191942977
442127249 -22904407 -43241535 442127247
2191942961 -22904374 -43247189 2191942953 832076726
2191942957 -22904370 -43245997 2191942952
1620503050 -22904368 -43240915 442053894
1620503048 -22904357 -43240911 1620503144
442126587 -22904310 -43240826 1620503000
1620503073 -22904302 -43240854 1620503048
338758114 -22904276 -43243365 2191942970
1620503005 -22904234 -43240825 1620503073
2191942953 -22904211 -43247387 2191942972 2191942961
1620503000 -22904203 -43240748 442126588
832076725 -22904190 -43246846 2191942969 832076726
1620502984 -22904159 -43240809 1620503005
2191942972 -22904113 -43247545 2191942938 2191942953
1620503035 -22904072 -43240816 1620502984
442126588 -22904072 -43240707 1620503014
2191942969 -22904064 -43246701 2191942934 832076723 832076725
2191942938 -22904063 -43247648 2191942972 2191942977
442053893 -22904032 -43241048 1620503050
2191942977 -22904030 -43247799 2191942938 2191942945 2191942940
2191942970 -22904020 -43243647 338758116
442126683 -22904009 -43240537 442126681
2191942940 -22903999 -43247944 2191942977
1620503014 -22903953 -43240706 442126589
832076723 -22903887 -43246495 2191942969 2191942937
1620503104 -22903873 -43240869 1620503035
442126589 -22903864 -43240732 1620503009
442127247 -22903839 -43242399 442127246
2191942937 -22903829 -43246431 832076721 832076723
442127246 -22903610 -43242673 442127245 2191931580
442053892 -22903604 -43241145 442053893
832076721 -22903597 -43246224 992506225 2191942937
338758116 -22903563 -43244026 2191944719
1620503111 -22903561 -43241016 1620503104
1620503009 -22903546 -43240871 442126590
687072828 -22903531 -43245363 2191942946 2191944723
338757553 -22903471 -43245452 687072828
2191944720 -22903433 -43245557 338757553
2191944719 -22903422 -43244159 338758117
992506225 -22903336 -43246053 2191944720 832076721
442127245 -22903293 -43243060 442127508
1620503087 -22903282 -43241103 1620503111
442051722 -22903233 -43241179 442053892
2191931580 -22903167 -43242116 2191931569 2191931560 442127246
442126590 -22903122 -43241059 1620503148
442126681 -22903120 -43240965 442126591
1620503127 -22903048 -43241179 442051722 1620503087
2191931569 -22902999 -43241923 2191931580 2191931545
992506243 -22902995 -43247706 992506225 992506240
1620503148 -22902963 -43241081 442126591
2191931545 -22902932 -43241862 2191931569 2191931558
338757551 -22902895 -43249803 338757552 992506316
2191931558 -22902856 -43241824 2191931568 2191931545
338757552 -22902824 -43248533 992506243 992506252
338758117 -22902814 -43244856 2191944721
442126591 -22902797 -43241072 442126679
442127508 -22902795 -43243669 442127507
2191944721 -22902740 -43244935 2191944723
2191944723 -22902648 -43245012 2361256973
442127507 -22902495 -43244104 442127506 2191931573
442051721 -22902442 -43241179 1620503127
2191931560 -22902400 -43242531 2191931581 2191931580
2191931581 -22902359 -43242598 2191931560 2191931531
2191931566 -22902353 -43243331 2191931531 2191931532
2191931531 -22902341 -43242666 2191931581 2191931566
2361256973 -22902321 -43245287 338758119
2191931532 -22902319 -43243395 2191931566 2191931538
2191931568 -22902299 -43241786 2191931558
2191931573 -22902289 -43243580 2191931549 442127507
338758119 -22902281 -43245321 2191944716
2191931549 -22902244 -43243486 2191931538 2191931573
2191931538 -22902221 -43243455 2191931567 2191931549 2191931532
442126679 -22902218 -43241060 442126678
2191931567 -22902196 -43243421 2191931538 2191931562
2191944716 -22902195 -43245406 2191944718
442127506 -22902172 -43244764 442127505
2191944718 -22902151 -43245469 442055708
442127505 -22902116 -43244825 442127504
2191931562 -22902110 -43243382 2191931567 2191931539
442055708 -22902103 -43245586 442055709
442127504 -22902052 -43244853 2361256979
2361256979 -22901983 -43244850 442127503
442055709 -22901912 -43246106 442055710
442127503 -22901902 -43244845 442127502
2356787659 -22901765 -43248946 2356787661
2191931539 -22901761 -43243275 2191931579 2191931562
442055710 -22901691 -43246895 992506240
992506240 -22901610 -43247208 992506252 992506243
442127502 -22901372 -43244656 442127501
2356787661 -22901303 -43248951 442055713 2356787659
992506252 -22901300 -43248534 338757552 2356787662
2356787662 -22901289 -43248593 442055713
442055713 -22901222 -43248952 442055714 2356787661
442055715 -22901193 -43249522 992506316
442126678 -22901187 -43240996 1620502998
442055714 -22901169 -43249299 442055715
2191931579 -22901122 -43243081 442129736 2191931539
442129740 -22900945 -43248510 442129059
2356787660 -22900936 -43248592 442129740
442051719 -22900932 -43241059 442051721
442129741 -22900890 -43248999 2356787660
442129059 -22900882 -43248218 442129739 442128815
442129742 -22900850 -43249626 442129741
442129739 -22900779 -43247626 442127680
442127680 -22900661 -43247085 518308696
442127501 -22900581 -43244407 442127500
518308696 -22900392 -43245726 518308695 442129738
442129738 -22900376 -43245643 442127500
442127500 -22900020 -43244244 2191931529 442129737
