1777262315 -22.8799666 -43.5699212 1777262330 1777262289 1777262322
1777262314 -22.8799588 -43.569027 1777262298 1777262330 1777262308
1777351149 -22.8799293 -43.5622577 1777351202 1777351140
1777262309 -22.8799022 -43.5694637 1777262302
1777262308 -22.8798969 -43.5689239 1777262314 1777262332 1777262269
1777262304 -22.8798698 -43.5670581 1777262348 1777262285 1777262331
1777469120 -22.8798696 -43.5609438 1777351142 1777469122
1777262303 -22.8798585 -43.5653639 1777262337 1777262319 1777262268
1777351142 -22.8798571 -43.561253 1777351136 1777469120 1777351294
1777262302 -22.8798406 -43.5693657 1777262309 1777262298 1777262300
1777351140 -22.8798304 -43.5621033 1777351149 1777351136 1777351259
1777351136 -22.8798289 -43.5616722 1777351296 1777351142 1777351140
1777262300 -22.8798177 -43.5693938 1777262302 1777262271
1777262298 -22.8797388 -43.5692036 1777262314 1777262302 1777262296
1741843042 -22.8796259 -43.5632677 1741843060 1777262291 1741843045
1777262296 -22.8796004 -43.5689834 1777262298 1777262294
1777262294 -22.8795723 -43.5690139 1777262256 1777262296
1777262292 -22.8795112 -43.5665555 1777262319 1777262268 1777262255
1777262291 -22.8794977 -43.5647156 1777262246 1777262317 1741843042
1777262285 -22.87947 -43.5671095 1777262332 1777262257 1777262304
1777262271 -22.8793792 -43.5696951 1777262264 1777262300
1777262269 -22.8793764 -43.5680582 1777262263 1777262228 1777262308
1777262268 -22.879326 -43.565309 1762591153 1777262303 1777262292
1741843045 -22.8793096 -43.5630666 1741843047 1741843042
1777262264 -22.8793027 -43.5696908 1777262259 1777262271
1777262263 -22.8792713 -43.5678834 3819923631 1777262269
1777262261 -22.879229 -43.5689728 1777262228
1741843047 -22.8791926 -43.5630147 1741843049 1741843045
1777262259 -22.879182 -43.5695772 1777262256 1777262264
3819923631 -22.8791435 -43.5676881 1777262263 3819923634 1777262254
1762591153 -22.8791108 -43.5652868 1777262226 1777262268
1741843049 -22.8790715 -43.5629744 1741843047 1777397078 1741842979
1777262257 -22.8790687 -43.5672355 1777262250 1777262285
1777262256 -22.879053 -43.5693484 1777262294 1777262223 1777262259
1777262255 -22.879042 -43.5666438 1777262232 1777262252 1777262292
1777262254 -22.8790347 -43.5675218 3819923631 1777262250
1777397078 -22.8790263 -43.5635754 1777275910 1741843049 1777397010
1777262252 -22.8790174 -43.5665701 1777262255 1777262226
1777262250 -22.8789963 -43.5673927 1777262254 1777262257
1777275910 -22.8789575 -43.5644886 1777275874 1777262246 1777397078
1777262246 -22.8789453 -43.5646517 1777262291 1777275907 1777275910
1777262232 -22.8789263 -43.5667522 1777262225 1777262255
3819923665 -22.8788824 -43.5698772 3819923664
1741842979 -22.8788746 -43.5629217 1741843049 1741842982
1777262228 -22.8788737 -43.5683878 1777262261 1777262269 1777262223
3819923634 -22.8788339 -43.5678762 3819923631 3819923632 3819923635
1777262226 -22.878814 -43.5655449 1762591153 3819923644 1777262252
1777262225 -22.8787926 -43.566919 1777262232
1777275907 -22.8786623 -43.565031 1777275902 1777262246
3819923644 -22.8786587 -43.5655715 3819923643 1777262226
1741842982 -22.8786226 -43.5629164 1741842985 1741842979
1777262223 -22.8786092 -43.5685613 1777262228 1777262220 1777262256
3819923643 -22.8785726 -43.5657023 3819923644 3819923642
1777262220 -22.8785208 -43.5686193 1777262223
3819923642 -22.8785124 -43.565861 3819923641 3819923643
3819923641 -22.8784995 -43.5661739 3819923640 3819923642
1777275902 -22.8784853 -43.565197 1777275881 1777275907
3819923640 -22.8784823 -43.5663654 3819923639 3819923641
1780687387 -22.8784803 -43.5689958 1780687380
3819923632 -22.8784306 -43.5681213 3819923634 3819923633
3819923666 -22.8784263 -43.5695737 1777275863
3819923635 -22.878422 -43.5671733 3819923634
3819923639 -22.8783876 -43.5666223 3819923638 3819923640
3819923638 -22.8783532 -43.5667016 3819923645 3819923639
3819923645 -22.8782307 -43.5667571 3819923638 3819923646 3819923637
1780687386 -22.8782242 -43.5686967 1780687384
3819923637 -22.8781983 -43.5667717 3819923636 3819923645
3819923646 -22.8781811 -43.5661179 3819923645
1780687384 -22.8781767 -43.5687782 1780687378 1780687386
1780687383 -22.877979 -43.5685057 1780687382
1777397055 -22.877961 -43.5605991 1777397040
3819923633 -22.8779487 -43.5672574 3819923632
1780687382 -22.8779156 -43.5685302 1780687383 1780687377
1777397040 -22.8776965 -43.5614298 1777397029 1777397055
3819923669 -22.8776174 -43.5675469 3819923668
1741842985 -22.8776159 -43.5629128 1741843002 1741842982
1777275881 -22.877568 -43.5655288 1777275902 1777275866
3819923636 -22.8775185 -43.5669398 3819923637
1741843002 -22.8774636 -43.5629003 1741843011 1741842985
1777397029 -22.8774091 -43.5622881 1777397040 1777397018
1777397027 -22.877403 -43.5609159 1777397022
3819923668 -22.8773162 -43.5678131 3819923670 3819923669
1777397022 -22.8773087 -43.5608192 1777397027 1777397057 1777397009
1741843011 -22.8773054 -43.5628574 1741843040 1741843002
1780687381 -22.8772784 -43.5699252 1780687380
1780687380 -22.8772289 -43.5698011 1780687387 1780687381 1780687379
1777397018 -22.87721 -43.5627359 1777397029 1741843040
1777275874 -22.8771979 -43.5651096 1777275910 1777275817 1777275870
1741843040 -22.8771761 -43.5628081 1741843004 1741843011 1777275868 1777397018 1777275865
1780687379 -22.8771258 -43.5696718 1777275846 1780687378 1780687380
1780687378 -22.877115 -43.56946 1780687377 1780687384 1780687379
1777275870 -22.8771094 -43.5647516 1777275874 1777275862
1777275868 -22.8770786 -43.5633385 1872079153 1741843040
1872079153 -22.8770713 -43.5634176 1777275868 1777397010 1872079315
3819923670 -22.8770622 -43.5679476 3819923667 3819923671 3819923668
1777397013 -22.877061 -43.5612653 1777396971
1777397010 -22.8770567 -43.5635739 1872079153 1777397078 1777275862
1872079315 -22.8770525 -43.5633419 1872079238 1872079153
1780687377 -22.8770456 -43.5690878 1780687382 1780687376 1780687378
1872079238 -22.8770377 -43.5633177 1872079151 1872079315
1780687376 -22.8770291 -43.5689991 1780687377
1777397009 -22.8770257 -43.5605288 1777397033 1777397002 1777397022
1777275862 -22.8770246 -43.5641591 1777397010 1777275870
1777275866 -22.8770209 -43.5657647 1777275822 1777275881
1777275865 -22.8770209 -43.5630573 1872079317 1741843040
1872079151 -22.8770204 -43.5632909 1872079244 1872079238
1872079244 -22.8769982 -43.5632748 1872079270 1872079151
1872079270 -22.8769784 -43.5632614 1872079233 1872079244
1872079233 -22.8769488 -43.5632614 1872079270 1872079202
3819923671 -22.8769247 -43.5676497 3819923670
1872079202 -22.8769191 -43.5632668 1872079233 1872079281
1872079281 -22.876882 -43.5632882 1872079317 1872079202
1741843004 -22.8768482 -43.5626535 1741843007 1741843040
1872079317 -22.876821 -43.5633298 1777275850 1777275865 1872079281
1777397002 -22.8768065 -43.5603039 1777396971 1777396982 1777397009
1777275850 -22.8767514 -43.5634214 1872079317 2141790575 1777275825
1777396997 -22.8767432 -43.5615797 1777396946
1777275846 -22.8767417 -43.5699025 1777275803 1780687371 1777275863 1780687379
1780687371 -22.8767279 -43.5698338 1777275842 1777275846
1741843007 -22.8766851 -43.5625516 1741843004 1741843012
1777275842 -22.8766208 -43.5693001 3819923667 1780687371 1777275793
1741843012 -22.8765953 -43.5624675 1741843014 1741843007
1777396982 -22.8765943 -43.5600906 1777397002
2141790569 -22.876506 -43.5646639 2141790575
1741843014 -22.8765023 -43.562337 1741843016 1741843012
3819923667 -22.8764714 -43.5682602 1777275842 3819923670 1777275838
1777396971 -22.8764642 -43.5606427 1777397013 1777396946 1777397002
1741843016 -22.8764248 -43.5621617 1741843014 1741843017
1777275839 -22.8764075 -43.5649106 1777275810
1777275838 -22.8763764 -43.5675985 1777275833 3819923667
1741843017 -22.8763169 -43.5619186 1741843016 1741843018
1777275833 -22.8762518 -43.5671938 1777275823 1777275771 1777275838
1741843018 -22.8762296 -43.5617245 1741843019 1741843017
1777396946 -22.8761492 -43.5609864 1777396925 1777396997 1777396971
1741843019 -22.8761242 -43.5615806 1777275830 1741843018
2141790575 -22.8760657 -43.5642563 1777275850 2141790569 1777275826
1777275830 -22.8760577 -43.5615123 1741843020 1741843019 1777275825
1741843020 -22.8759874 -43.5614402 1741843021 1777275830
1777275826 -22.875944 -43.5644019 2141790575 1778466788 1777275824
1777275825 -22.8759359 -43.5631816 1777275830 1777275811 1777275850 1777275824
1741843021 -22.8758712 -43.5613598 1777396925 1741843020
1777275824 -22.8758504 -43.5643393 1777275825 1777275808 1777275826
1777275823 -22.8758433 -43.5664692 1777275822 1777275833 1777275815
1777396925 -22.8758217 -43.561331 1741843025 1741843021 1777396946
1777275822 -22.8758079 -43.5664045 1777275817 1777275823 1777275866
1778466788 -22.8757201 -43.5646829 1780638516 1777275826
1741843025 -22.8757156 -43.5612954 1777396925 1872079280
1780638516 -22.8756868 -43.5647199 1778466788 1778466790
1778466790 -22.8756508 -43.5647475 1780638516 1777275819
1872079280 -22.8756449 -43.561277 1741843025 1741843027 1872079253
1777275817 -22.8755865 -43.5659999 1777275874 1777275810 1777275822
1777275819 -22.8755493 -43.5648072 1780638513 1778466790
1741843027 -22.8755401 -43.5612686 1777275811 1741843036 1872079280
1777275815 -22.8755206 -43.5666887 1777275813 1777275823 1777275807
1872079253 -22.8754583 -43.5611563 1872079289 1872079280
1872079298 -22.8754326 -43.5609157 1872079296 1872079308 1872079207
1872079289 -22.8754166 -43.5610834 1872079207 1872079253
1872079207 -22.8754139 -43.5610168 1872079298 1872079289
1777275813 -22.8754083 -43.5667553 1777275768 1777275815
1777275811 -22.8753634 -43.5630192 1741843027 1777275808 1777275789 1777275825
1741843036 -22.8753325 -43.5612069 1741843030 1741843027
1777275810 -22.8753174 -43.5655082 1777275839 1777275798 1777275817
1780638515 -22.8753148 -43.5648611 1780638513
1780638514 -22.8753036 -43.5647516 1780638515 1777275819
1777275808 -22.8752952 -43.5641995 1777275811 1777275787 1777275824
1780638513 -22.8752881 -43.564957 1777275798
1777275807 -22.8752548 -43.5662189 1777275755 1777275795 1777275815
1872079296 -22.8752002 -43.5610672 1741843030 1777396930 1872079298
1741843030 -22.8751669 -43.5611479 1741843032 1872079296 1741843036
1780687357 -22.8751475 -43.5699772 1780687371
1777275800 -22.8751461 -43.5647176 1780638514 1777275765
1777275798 -22.8750972 -43.5650565 1780638511 1777275784 1777275810
1780638512 -22.8750963 -43.5647832 1777275800
1780638511 -22.8750721 -43.565001 1780638510
1780638510 -22.8750712 -43.5649299 1780638512
1777275795 -22.8749867 -43.5657449 1777275784 1777275756 1777275807
1780687355 -22.8749835 -43.5699922 1780687357 1777275794 1777275793
1741843032 -22.8749717 -43.5610754 1741843030 1777396867 1777275789
1777275793 -22.8749634 -43.5694858 1777275842 1777275792 1780687355
1777275792 -22.8748984 -43.5684502 1777275793
1777396867 -22.8748046 -43.5609921 1741843033 1741843032 1777396876
1777275789 -22.8747951 -43.562858 1741843032 1777275766 1777275811 1777275787
1777275787 -22.874748 -43.5640336 1777275762 1777275789 1777275808
1777275784 -22.8747444 -43.5652756 1777275795 1777275772
1780638509 -22.8747104 -43.5652069 1780638511
1777275772 -22.8744642 -43.5654367 1778466792
1741843033 -22.8744231 -43.5608019 1777275766 1741843037 1777396867
1780638508 -22.8744195 -43.5653741 1780638509
1778466792 -22.8743934 -43.5655209 1778466786
1777275771 -22.8743465 -43.5675876 1777275768 1777275833 1777275723
1778466786 -22.8743425 -43.56562 1777275756
1780638507 -22.8743347 -43.565475 1780638508
3819923673 -22.8743216 -43.5693028 3819923672
1777396828 -22.8743025 -43.5602344 1777396809
1780638506 -22.8742784 -43.5655847 1780638507
1741843037 -22.8742501 -43.5607214 1741843033 1741843039
1777275768 -22.8742426 -43.5669906 1777275755 1777275813 1777275771
1777275766 -22.8742399 -43.5627006 1741843033 1777275762 1777275741 1777275789
1777275765 -22.8742306 -43.5644339 1777275758 1777275800 1777275764
1777275764 -22.8742103 -43.5644903 1777275765 1777275729
1777275762 -22.8742008 -43.5638939 1777275766 1777275731 1777275787
1777396810 -22.8741407 -43.5601375 1777396809 1777396819
1777396809 -22.8741347 -43.5602004 1777396810 1777396800 1777396828
1741843039 -22.8741265 -43.5606838 1741843041 1741843037
1777275756 -22.8741 -43.5661939 1777275753 1777275795
1777275758 -22.8740896 -43.5643942 1777275745 1777275765
1777275755 -22.8740359 -43.5668431 1777275747 1777275768 1777275807
1780638505 -22.8740345 -43.5661618 1780638506
1777275753 -22.8740271 -43.5663669 1777275747 1780638504
1741843041 -22.8739708 -43.5606624 1741843043 1741843039
1780638504 -22.8739617 -43.5663345 1777275753 1780638505 1777275729
1777396800 -22.8739583 -43.5602035 1777396780 1777396809
3819923675 -22.8739171 -43.5693635 3819923674
1777275747 -22.8738573 -43.5667691 1777275723 1777275755 1780638503
1741843043 -22.8738284 -43.5606606 1741843046 1741843041
1780638503 -22.8737922 -43.566736 1780638504 1777275747
1777396780 -22.873762 -43.5601757 1777396800 1777396773
1777275745 -22.8737542 -43.5643192 1777275719 1777275714 1777275758
1741843046 -22.8737369 -43.5606633 1741843043 1777275740 1741843048
1777275741 -22.8736675 -43.5625382 1777275731 1777275766 1777275716
1777275740 -22.8736674 -43.5617921 1741843046
1777396773 -22.8736283 -43.5601139 2576020293 1777396780
1741843048 -22.8735985 -43.5606311 1741843046 1741843050
1777275731 -22.873569 -43.5637264 1777275670 1777275762 1777275741
1777275729 -22.8735194 -43.5661295 1777275714 1780638504 1777275703 1777275764
1741843050 -22.8734617 -43.5605658 1741842981 1741843048
2141444089 -22.8734059 -43.5695933 1780638497 2141444079
1777275723 -22.8733913 -43.5678253 1778466794 1777275771 2058196425
1778466796 -22.8733688 -43.5679986 1780687353
1778466794 -22.8733681 -43.5679102 1778466796
1780638498 -22.873324 -43.5677972 1780638503
1741842981 -22.8733217 -43.5604622 1741842998 1741843050
2058196425 -22.8733104 -43.5678471 1777275723 1780638498 1777275708
1780638497 -22.873297 -43.5680019 1780638496
1780638496 -22.8732961 -43.5678992 2058196425
1777275719 -22.8732106 -43.5641977 1777275704 1777275745 1777275693
2141444092 -22.8731723 -43.5698831 2141444084 2141444079
1741842998 -22.873171 -43.5603227 1741843000 1741842981 2576020293
2141444079 -22.8731558 -43.5696234 2141444089 2141444092 2141444086
2141444086 -22.8731401 -43.5693761 2141444079 2141444093
1777275716 -22.8731201 -43.562383 1777275711 1777275741
1777275714 -22.8730594 -43.565902 1777275693 1777275745 1777275678 1777275729
1777275711 -22.8730074 -43.5631074 1777275716
1741843000 -22.8730054 -43.5601671 1741842998 1741843015
1741843015 -22.872881 -43.5600589 1741843051 1741843000 1741843013
1777275708 -22.8728569 -43.5679691 1777275703 1777275568 2058196425
1741843013 -22.8728118 -43.5600187 1741843009 1741843015
1777275704 -22.8727391 -43.5640922 1777275689 1777275719 1777275668
1777275703 -22.8727298 -43.5679069 1777275678 1777275729 1777275708
1777275700 -22.8726654 -43.56065 1777275692 1741842980
1777275697 -22.8726354 -43.5621603 1777275688
1777275693 -22.8725751 -43.5656624 1777275714 1777275719 1777275668 1777275649
1777275692 -22.8725407 -43.5605976 1777275675 1777275700
2141444084 -22.87251 -43.5699528 2141444092
1777275689 -22.8724883 -43.5640362 1777275704 1777275672
2141444093 -22.8724556 -43.5694485 2141444086
1777275688 -22.8724419 -43.5625617 1777275670 1777275697
1777275679 -22.8723095 -43.5606575 1777275675 1777275677
1777275678 -22.8722931 -43.5676931 1777275714 1777275703 1777275649
1777275677 -22.872264 -43.561238 1777275666 1777275679
1777275675 -22.872247 -43.5605277 1777275642 1777275692 1777275679
1777275672 -22.8721969 -43.56412 1777275665 1777275689
1777275670 -22.872194 -43.5633081 1777275731 1777275688 1777275648 1777275662
1777275668 -22.8721388 -43.5654465 1777275693 1777275704 1777275627 1777275643
1777275666 -22.872116 -43.5617753 1777275677 1777275663
1777275665 -22.8721001 -43.5642312 1777275643 1777275672
1777275663 -22.872099 -43.5620964 1777275666 1777275648
1777275662 -22.8720792 -43.5636091 1777275670 1777275652
1777275652 -22.8719009 -43.5637905 1777275662 1777275636 1777275644
1777275651 -22.8718495 -43.5686395 1777275654
1777275649 -22.8718252 -43.567464 1777275693 1777275627 1777275678
1777275648 -22.8718191 -43.5632063 1777275626 1777275670 1777275663
1777275644 -22.871769 -43.5637953 1777275604 1777275652
1777275643 -22.8716964 -43.5652276 1777275665 1777275599 1777275621 1777275668
1777275642 -22.8716856 -43.5605102 1777275675 1777275638 1777275585
1777275638 -22.8716005 -43.5607428 1777275642 1777275633
1777275636 -22.8715642 -43.5641331 1777275652 1777275602
1777275635 -22.8715252 -43.568763 1777275637
1777275633 -22.8715095 -43.5610701 1777275638 1777275629
1777275629 -22.8714702 -43.5611623 1777275625 1777275633
1777275628 -22.8714503 -43.5621582 1777275623
1777275627 -22.8714088 -43.5672601 1777275668 1777275599 1777275649
1777275626 -22.8713934 -43.5630907 1777275560 1777275648
1777275625 -22.8713817 -43.5611885 1777275607 1777275629
1777275623 -22.8713479 -43.5621088 1777275628 1777275614
1777275621 -22.8713135 -43.5650382 1777275612 1777275643
1777275615 -22.8711781 -43.5688495 1777275619
1777275614 -22.8711772 -43.5618679 1777275623 1777275609
1777275612 -22.8711477 -43.5650187 1777275611 1777275603 1777275621
1777275611 -22.8711392 -43.5647703 1777275612 1777275608
1777275609 -22.8711032 -43.5615777 1777275607 1777275614
1777275608 -22.8710909 -43.5644996 1777275611 1777275602
1777275607 -22.8710805 -43.561201 1777275582 1777275625 1777275609
1777275604 -22.8710314 -43.5636062 1777275545 1777275644
1777275603 -22.8710157 -43.5650032 1777275601 1777275612
1777275602 -22.8709863 -43.5643074 1777275597 1777275608 1777275636
1777275601 -22.8709603 -43.5650078 1777275577 1777275565 1777275603
1777275599 -22.8709214 -43.5670214 1777275565 1777275627 1777275568 1777275643
1777275597 -22.8709071 -43.5643265 1777275602 1777275586 1777275595
1777275595 -22.8708415 -43.5643424 1777275597 1777275539
1777275592 -22.870814 -43.5688804 1777275598
1777275587 -22.8706897 -43.5606514 1777275582 1777275585
1777275586 -22.8706725 -43.5640891 1777275570 1777275597
1777275585 -22.8706717 -43.5604784 1777275584 1777275587 1777275562 1777275642
1777275584 -22.8706575 -43.5603414 1777275579 1777275585
1777275582 -22.8706454 -43.5609527 1777275587 1777275576 1777275607
1777275579 -22.8705448 -43.5601187 1777275584 1777275567
1777275577 -22.8704847 -43.5650469 1777275601 1777275572
1777275576 -22.8704845 -43.5610881 1777275582 1777275566
1777275573 -22.8704555 -43.5690101 1777275580
1777275572 -22.8704089 -43.5650712 1777275577 1777275535 1777275554
1777275570 -22.8703572 -43.5637006 1777275586 1777275552 1777275549
1777275568 -22.8703389 -43.5684487 1777275599 1777275544 1777275708
1777275566 -22.8702632 -43.5611579 1777275576 1777275563
1777275565 -22.870211 -43.5666736 1777275601 1777275544 1777275554 1777275599
1777275563 -22.8701626 -43.5613239 1777275566 1777275560
1777275562 -22.8701538 -43.5604844 1777275542 1777275585
1777275560 -22.8701359 -43.5615468 1777275563 1777275626
3819923676 -22.8699155 -43.5690086 1777275550
1777275555 -22.8697739 -43.564253 1777275553
1777275554 -22.8697604 -43.566453 1777275565 1777275572 1777275541
1777275553 -22.8697569 -43.5641171 1777275552 1777275555
1777275552 -22.8697418 -43.5639146 1777275570 1777275553 1777275549
1736405224 -22.8696929 -43.5600616 1777396608 1736405214
1777275549 -22.8696624 -43.5628443 1777275570 1777275552 1777275533
1777396608 -22.8696476 -43.5601147 1736405217 1736405224 1777396594
1736405217 -22.8695848 -43.5601883 1777396608 1736405211
1736405211 -22.8694557 -43.5603539 1736405210 1736405217
1777275545 -22.8694462 -43.5616499 1777275542 1777275604
1777275544 -22.8694416 -43.5686195 1777275565 1777275538 1777275540 1777275568
1777275542 -22.8694063 -43.5612398 1777275562 1736405210 1777275545
1777275541 -22.8693911 -43.5671626 1777275554 1777275540
1777275540 -22.8693465 -43.5671991 1777275541 1777275535 1777275544
1736405210 -22.8693346 -43.5605042 1777275542 1736405202 1736405211
1777275539 -22.8693206 -43.5648314 1777275595 1777275537
1777275538 -22.8692615 -43.5686538 1777275544
1777275537 -22.8692505 -43.5646914 1777275532 1777275539
1736405202 -22.8692487 -43.5606067 1736405200 1736405210
1777275536 -22.8692318 -43.565205 1777275535
1777275535 -22.8692293 -43.5654487 1777275572 1777275536 1777275540
1736405200 -22.8691375 -43.5606979 1777396588 1736405204 1736405202
1777275533 -22.8690765 -43.5621223 1777275532 1736405181 1777275549
1777275532 -22.8690513 -43.5623633 1777275533 1777275537
1736405204 -22.8690232 -43.5607831 1736405197 1736405200
1736405197 -22.868836 -43.560883 1777396591 1736405204
1777396591 -22.868789 -43.5609044 1736405197 1736405195 1777396583
1736405195 -22.8687297 -43.5609313 1777396591 1736405220
1736405220 -22.8685288 -43.5610229 1736405181 1736405195
1736405181 -22.868262 -43.5611186 1736405172 1777396574 1736405220 1777275533
1736405172 -22.8680767 -43.5611881 1736405221 1736405181
1736405221 -22.8678567 -43.5612498 1736405172 1736405225
1736405225 -22.8676985 -43.5612686 1736405179 1736405221
1736405179 -22.8675255 -43.5612605 1736405206 1736405225
1736405206 -22.8673797 -43.5612739 1736405179 1736405227
1736405227 -22.8672438 -43.5613061 1736405206 1738690034
1738690034 -22.8671668 -43.5613381 1736405223 1736405227
1738690014 -22.8671378 -43.5612504 1738690052
1738690052 -22.8671353 -43.5613009 1738690034
1736405223 -22.8671079 -43.5613625 1736405219 1738690034
1738690027 -22.8670412 -43.5612202 1738690045
1736405219 -22.8669942 -43.5614295 1738690027 1777396557 1736405223
1777396564 -22.866699 -43.5601004 1777396567 1777396560
1777396560 -22.8662889 -43.561397 1777396552 1777396564 1777396559
1777396559 -22.8662768 -43.5614351 1777396560 1777396557
1777396557 -22.8661081 -43.5621036 1736405163 1736405219 1777396559
1777396552 -22.8659063 -43.5605957 1777396560 1777396563
1736405163 -22.8658031 -43.5623602 1736405198 1777396557
1736405198 -22.8652964 -43.5628484 1736405163 145021533
144372501 -22.864997 -43.5693436 144372500
144372502 -22.864649 -43.5674897 144372501
2251476220 -22.864624 -43.5699429 2251476226 2251476213
144302268 -22.8645541 -43.5678931 1736521599
2251476213 -22.8644403 -43.5687453 2251476217 2251476220
145020624 -22.864408 -43.5664448 144372502
145021532 -22.8643922 -43.5657238 145020624
2251476217 -22.8642624 -43.5678602 2251476215 2251476213
2251476215 -22.8640753 -43.5670032 2251476217 2251476219
145021533 -22.864015 -43.5638966 1753575104 145021532 1736405198
1736521594 -22.8638732 -43.5643341 145020624
1736405192 -22.8638546 -43.5632124 145021533
1777396539 -22.8638533 -43.5600984 1777396538
2251476219 -22.8637886 -43.5658016 2251476222 2251476215
1736521599 -22.8637297 -43.5644201 1736521601
1736521597 -22.8637098 -43.5637053 1736521594
1736405184 -22.8636777 -43.5627977 1736405192
1736521601 -22.8635707 -43.5638224 144302265
2251476222 -22.8634923 -43.5645571 1753575104 2251476219
1736405185 -22.8634622 -43.5622956 1736405184
1753575104 -22.8634423 -43.5643603 1753575138 2251476222 145020477 145021533
145021539 -22.8632073 -43.561678 1736521597 1736405185
1753575138 -22.8628644 -43.5648189 1753575113 1753575104
144372505 -22.86283 -43.5601168 145021539 1777396535
145020477 -22.8628104 -43.5617327 145020476
144302265 -22.8627509 -43.5604601 145020474
145020476 -22.8626681 -43.5604453 145020474
1753575113 -22.8625283 -43.564953 1753575126 1753575138
1753575126 -22.8621971 -43.564975 2353494715 1753575113
2353494715 -22.8617593 -43.5649388 2353494709 1753575126
2353494709 -22.861228 -43.5647816 2353494717 2353494715
2353494717 -22.8607015 -43.5645526 2353494703 2353494709
2353494703 -22.8604173 -43.5645456 2353494717 2353494699
2353494699 -22.8600515 -43.5646743 2353494716 2353494703
