1327635625 -22819899 -43652797 1327635561 1327635734 1327635416 1327635130
1327635734 -22819666 -43653124 1327635569 1327635625
1327635569 -22819484 -43653403 1327635099 1327635561 1327635734
1327635130 -22819089 -43652090 1327635625 1327635663 1327635621 1327635408
1327635408 -22818628 -43652679 1327635099 1327635130
1327635663 -22818252 -43651359 1327635484 1327635712 1327635710 1327635130
1327635099 -22818139 -43653349 1327635486 1327635429 1327635569 1327635408
1327635429 -22818050 -43653725 1327635099 1327635509
1327635509 -22818038 -43654223 1327635429 1327635176
1327635176 -22818030 -43654599 1327635509
1327635712 -22817455 -43650652 1327635661 1327635248 1327635663 1327635158
1327635484 -22816907 -43653151 1327635486 1327635663
1327635486 -22816760 -43653334 1327635099 1327635484 1327635214
1327635214 -22816685 -43653333 1327635486 1327635152
1327635152 -22816528 -43653332 1327635248 1327635086 1327635214
1327635248 -22815891 -43652752 1327635712 1327635152 1327635241
1327635241 -22815043 -43652003 1327635061 1327635248 1327635158 1327763190
1327635086 -22815019 -43653322 1327635420 1327635152
1327763190 -22814292 -43651318 1327763172 1327635241 1327635731 1327763186
1327635420 -22814183 -43653279 1327635061 1327635086
1327635061 -22814090 -43653258 1327635420 1327635106 1327635241
1327635731 -22813847 -43650924 1327763190 1327635718
1327635718 -22813693 -43650855 1327635731 1327635118
1327635118 -22813505 -43650855 1327635425 1327635718
1327635425 -22813263 -43650892 1327635404 1327635146 1327635118 1327763429
1327763172 -22812996 -43653070 1327635106 1327763190
1327635404 -22812932 -43650801 1327635425 1327635760
1327635106 -22812892 -43653258 1327635061 1327763172 1327635812
1327635760 -22812605 -43650554 1327635404 1327635439
1327635439 -22812437 -43650308 1327635760 1327635178 1327763519 1327763277
1327635812 -22812429 -43653268 1327763406 1327635146 1327635106
1327635146 -22811854 -43652802 1327763519 1327635425 1327763270 1327635812
1327763270 -22811577 -43653167 1327635146 1327763406
1327763406 -22811553 -43653258 1327763270 1327635450 1327635812
1327635450 -22811532 -43653258 1327763406 1327635547
1327763519 -22811036 -43652087 1327635146 1327763365 1327635547 1327635439
1327763365 -22810250 -43651400 1327763519 1327635527 1327763191 1327763305
1327635527 -22810227 -43651380 1327763211 1327763365
1327635547 -22810187 -43653226 1327763305 1327763519 1327635450
1327763211 -22809404 -43650660 1327635527 1327635627 1327763151 1327635558
1327763305 -22808883 -43653211 1327635591 1327635547 1327763365
1327635591 -22808353 -43653204 1327763305 1327763151 1327635124
1327763151 -22807850 -43652788 1327635591 1327763211 1327635298
1327635298 -22807413 -43652426 1327763151 1327635032
1327635032 -22807023 -43652013 1327635716 1327635627 1327635298 1327763115
1327635124 -22806365 -43653177 1327763323 1327635591
1327763323 -22806296 -43653205 1327635148 1327635124 1327763115
1327763115 -22806262 -43653120 1327763313 1327763323 1327635032
1327635148 -22806241 -43653226 1327763323 1327635824
1327635716 -22806217 -43650860 1327763130 1327763313 1327763511 1327635032
1327635824 -22806063 -43653306 1327635188 1327635148
1327635188 -22805885 -43653381 1327635587 1327635824
1327635587 -22805697 -43653403 1327635659 1327635188
1327763150 -22805539 -43650030 1327763130 1327763153
1327763313 -22805208 -43651662 1327635716 1327763324 1327763115
1327635659 -22804911 -43653397 1327635400 1327635587 1327763324
1327635574 -22804305 -43655604 1327635463
1327763324 -22804246 -43652426 1327635659 1327763313 1327763153 1327635804
1327635463 -22804201 -43655373 3261493490 1327635574
3261493490 -22804175 -43655190 1327635324 1327635463
1327635324 -22804160 -43654997 1327635342 3261493490
1327635342 -22804031 -43654642 1327635791 1327635324
1327635791 -22804001 -43654476 1327635172 1327635342
1327635172 -22803937 -43654358 3261493488 1327635791
1327635759 -22803903 -43654167 3261493489 3261493488
3261493489 -22803899 -43654085 1327635759 1327635293
3261493488 -22803897 -43654269 1327635759 1327635172
1327635293 -22803873 -43654009 3261493487 3261493489
3261493487 -22803855 -43653958 3261493486 1327635293
3261493486 -22803827 -43653920 1327635274 3261493487
1327635274 -22803740 -43653911 3261493486 3261493485
1327763153 -22803641 -43651543 1327763325 1327763324 1327763249 1327763150
3261493485 -22803588 -43653918 1327635052 1327635274
1327635052 -22803468 -43653935 3261493484 3261493485
1327635400 -22803408 -43653376 1327635659 1327635804
3261493484 -22803323 -43653963 1327635264 1327635052
1327635264 -22803191 -43653968 1327635348 3261493484
1327635804 -22803136 -43653360 1327635400 1327635065 1327763324
1327763249 -22803014 -43650626 1327635020 1327635682 1327763153 1327763250
1327635065 -22802884 -43653317 1327635814 1327635804
1327635348 -22802869 -43653945 1327635684 1327635264
1327635684 -22802468 -43653813 1327635594 1327635348
1327635814 -22802330 -43653081 1327635652 1327635065
1327763325 -22802162 -43652732 1327635652 1327763153
1327635652 -22801964 -43652909 1327635246 1327635814 1327763325
1327635594 -22801909 -43653596 1327635320 1327635684
1327635320 -22801647 -43653435 1327635594 1327635808
1327635246 -22801603 -43652668 1327635652 1327635505
1327635808 -22801499 -43653714 1327635525 1327635320
1327635505 -22801158 -43652319 1327635246 1327763251 1327763250
2205842352 -22801128 -43659647 2205842481 2205842371
1327635525 -22801103 -43653580 1327635160 1327635808
1327635025 -22801094 -43653006 1327635160 1327635116
1327763250 -22801072 -43652194 1327763442 1327635505 1327763249 1327763251
1327763251 -22800983 -43652182 1327635306 1327635505 1327763250
1327635160 -22800866 -43653430 1327635025 1327635206 1327635525
1327635116 -22800515 -43652573 1327635025 1327635200 1327635206
1327763442 -22800454 -43651285 1327763148 1327635306 1327635020 1327763250
2205842371 -22800411 -43658553 2205842335 2205842352
1327635306 -22800139 -43651520 1327763442 1327635384 1327763251
1327635200 -22800045 -43652223 1327635378 1327635116 1327635784
