593705340 -22.8598677 -43.4426851 593705530 593708238 593714451 593708240
593708240 -22.8597886 -43.4424276 593705340
595684599 -22.859709 -43.4499085 595684667 595684666
593707852 -22.8596799 -43.4415371 593707851 593713296 593710137
595684666 -22.8596594 -43.4489188 595684506 595684695 595684599
595684720 -22.8594322 -43.4493614 595684721
595684731 -22.859363 -43.4497691 595684730
593714451 -22.8592093 -43.4429233 593705338 593705340 593714447
593710137 -22.8591767 -43.4401205 593713542 593709511 593707852 593710143
593707835 -22.8591757 -43.4453244 593706595
593706595 -22.8591065 -43.4451098 593708234 593706948 593707835 593707365
593713540 -22.8589878 -43.4408075 593713542
593704394 -22.8589384 -43.4469981 593707314 593704376 593707341
593707365 -22.858889 -43.4444339 593707342 593706595 593707837 593707985
593714447 -22.8588791 -43.4420306 593714451
593713542 -22.8587808 -43.4402729 593713540 593713445 593710137 593713729
593713441 -22.8587011 -43.4410114 593713445
593707837 -22.8586912 -43.4437472 593707365 593707842 593708690
595684730 -22.8586836 -43.4497788 595684737 595684731 595684721 595684729
593707842 -22.8586715 -43.4436829 593707837 593708238 593705338
595684721 -22.858657 -43.4493609 595684695 595684730 595684720 595684722
593707314 -22.8586336 -43.4470906 593704394 593707311 593707198
595684695 -22.8586318 -43.4489653 595684507 595684666 595684721
593707341 -22.8585627 -43.4456784 593704394
593705338 -22.8585034 -43.4431786 593704945 593707842 593714451 593707846
593713445 -22.8584712 -43.4403921 593713542 593713441 593714254
593714254 -22.8583565 -43.4404363 593710131 593714252 593713445
595684722 -22.8583348 -43.4493828 595684721
593707198 -22.8583172 -43.4471866 593707314 593707192 593707083
595684729 -22.8582755 -43.4497691 595684730
593707851 -22.8582661 -43.4420843 593707849 593707852
593707311 -22.8582562 -43.4457964 593707314
593707846 -22.8582068 -43.4422667 593705338 593707849
593707849 -22.8582068 -43.4421701 593707851 593707846
595684507 -22.8581766 -43.4489858 595684695
595684795 -22.8580975 -43.4498656 595684272
593707192 -22.8579498 -43.4458608 593707198
593707083 -22.8578738 -43.4473212 593707198 593704399 593706929
593706929 -22.8577125 -43.4467835 593706948 593706751 593707083
593710131 -22.8576433 -43.440711 593714254
593706948 -22.8574079 -43.4456636 593706595 593706602 593706929
595686359 -22.857277 -43.4492433 595686360
595686360 -22.857178 -43.4492415 595686361 595686358 595686359
593706751 -22.8570995 -43.4469766 593706602 593706929 593706932
593706602 -22.8569018 -43.4458286 593706948 593707342 593706751
593707342 -22.8567622 -43.4451078 593706602 593707365 593708690
595686358 -22.8566937 -43.4492326 595686360
593708690 -22.8566314 -43.4444324 593707342 593707837 593706748
593704616 -22.8566052 -43.4478456 593704399
593704399 -22.8566052 -43.4477062 593707083 593704616 593706932
593706748 -22.8565756 -43.4441442 593708690
593706932 -22.8565554 -43.447158 593704620 593704399 593706751
593704945 -22.8565163 -43.4438438 593704626 593705338
595686220 -22.8564564 -43.4477949 592044636
593704626 -22.8562988 -43.4438974 593704620 593704945
593704620 -22.8562691 -43.4440047 593706932 593704626
