1655286099 -22.8197547 -43.7590875 1655286104 1655286089
1655286096 -22.8196043 -43.7557191 349241936 1655286079 349241935
349241936 -22.8193819 -43.7554158 1655286096 349241937
1655286090 -22.8187971 -43.7584171 1655286106 1655286077 1655286084
349241937 -22.8187727 -43.7547034 349241936 1655286086
1655286084 -22.8185268 -43.7580899 1655286079 1655286102 1655286090
1655286086 -22.8185052 -43.754376 349241938 349241937
349241938 -22.8180923 -43.7538709 349241939 1655286086
1655286079 -22.8179004 -43.7573078 1655286084 2712314886 1655286096
1655286077 -22.8176923 -43.7583668 2712314900 1655286090
2712314886 -22.8175315 -43.7576481 1655286079 2712314721
2712314721 -22.8173743 -43.7578842 1655286073 2712314886
349241939 -22.8173566 -43.7528838 349241938 349241940
2712314900 -22.8172605 -43.7583522 1655286077 1655286073
349241940 -22.8172458 -43.7521457 349241939 349241941
349241941 -22.8170797 -43.7509269 349241942 349241940
1655286073 -22.817041 -43.7584236 2712314900 1655286070 2712314721 1655286054
349241942 -22.8169135 -43.7503175 349241941 349241943
1655286070 -22.8168751 -43.7587591 1655286066 1655286073
349241943 -22.8167395 -43.7500343 349241942 349242470
1655286048 -22.813219 -43.7592306 1655286045 1655286052 2712314768
2712314768 -22.8128961 -43.7588066 1655286048 2712314840
2712314840 -22.8127648 -43.7586473 2712314768 1655286037
1655286037 -22.8121128 -43.7578697 2712314809 2712314712 2712314840
2712314809 -22.8118154 -43.7582079 1655286034 1655286037
2712314712 -22.8117931 -43.757425 1655286037 2712314862
1655286034 -22.8116787 -43.7584182 2712314809 2712314962
2712314862 -22.8114878 -43.7570623 2712314712 2712314753
2712314962 -22.8114391 -43.7595514 1655286034 2712314933 2712315026
2712315026 -22.8113954 -43.7597473 2712314962 1655286033
2712314933 -22.8113592 -43.7595246 2712314677 2712314962 2712314710
2712314677 -22.8110326 -43.7595479 2712314958 2712314933
2712314753 -22.8108502 -43.7562676 2712314843 2712314710 2712314862
2712314958 -22.8104392 -43.7595265 2712314814 2712314677
2712314814 -22.8102585 -43.7595032 2712314784 2712315034 2712314958
2712315034 -22.8101673 -43.7594836 2712314814 2712314922 2712314830
2712314710 -22.8100043 -43.7570945 2712314921 2712314922 2712314753 2712314933
2712314843 -22.8099203 -43.7550936 2712314753 2712314734
2712314734 -22.8093711 -43.7544196 2712314843 2712314833
2712314833 -22.8092871 -43.7543766 2712314734 2712314722
2712314921 -22.8092774 -43.7558178 2712315060 2712314710
2712314830 -22.8092643 -43.7592939 2712314855 2712315034 2712314841
2712314922 -22.8091291 -43.7576578 2712314955 2712314889 2712315034 2712314710
2712314882 -22.8089854 -43.7531696 2712314987
2712315060 -22.8087926 -43.7549721 2712314921 2712314722
2712314722 -22.8087135 -43.754897 2712314987 2712315060 2712314833 2712315013
2712314855 -22.808664 -43.7591349 2712314830
2712314857 -22.808664 -43.7584536 2712314955
2712314955 -22.8085602 -43.7580674 2712314922 2712314857
2712369701 -22.8084514 -43.7587325 2712369726 2712369741
2712369726 -22.8084464 -43.7590598 2712369653 2712369807 2712369701
2712369741 -22.8083822 -43.7583302 2712369701 2712369669
2712369807 -22.8083723 -43.7593441 2712369656 2712369726
2712369646 -22.8083676 -43.7523792 2712369707 2712369735
2712314889 -22.8082934 -43.7561933 2712314922 2712315013
2712369656 -22.8082489 -43.7595782 2712369778 2712369756 2712369807
2712369735 -22.8082489 -43.7522236 2712369646
2712369669 -22.8081893 -43.7579386 2712369740 2712369741
2712369756 -22.8081549 -43.7594978 2712369746 2712369656
2712369740 -22.8081201 -43.7579011 2712369758 2712369669
2712369702 -22.8081151 -43.7592797 2712369746
2712369653 -22.8081102 -43.7588881 2712369725 2712369726
2712369778 -22.808085 -43.7597808 2712369799 2712369628 2712369656
2712369628 -22.8080607 -43.7598108 2712369673 2712369778
2712369746 -22.8080212 -43.7594353 2712369799 2712369702 2712369756
2712315013 -22.8079697 -43.7556282 2712315000 2712314889 2712314722
2712369725 -22.8079618 -43.7587594 2712369795 2712369653
2712369799 -22.8079041 -43.759547 2712369778 2712369737 2712369746
2712369707 -22.8079025 -43.752821 2712369700 2712369646
2712369758 -22.807883 -43.7579689 2712369740 2712369662
2712369795 -22.8078434 -43.7586234 2712369774 2712369725 2712369801
2712369662 -22.8077791 -43.7579689 2712369758 2712369665
2712369774 -22.8076852 -43.7581996 2712369716 2712369795
2712369801 -22.8076849 -43.7586843 2712369792 2712369795
2712314987 -22.8076355 -43.7544625 2712314882 2712314807 2712314722
2712369737 -22.8076107 -43.7598269 2712369799
2712369665 -22.8075366 -43.7577509 2712369662 2712369716
2712369792 -22.8075217 -43.758695 2712369709 2712369801
2712315000 -22.8074772 -43.7547682 2712314799 2712315013
2712369738 -22.8073932 -43.7517427 2712369659
2712314799 -22.8072943 -43.7544142 2712315000 2712314807
2712369716 -22.8072797 -43.7575344 2712369665 2712369762 2712369774 2712369793
2712314807 -22.8072564 -43.7543732 2712314987 2712314931 2712314799
2712314931 -22.8071954 -43.7543069 2712315025 2712314807
2712314870 -22.8070717 -43.7508361 2712315020
2712315025 -22.8070522 -43.7542407 2712314931 2712314752
2712369700 -22.8070421 -43.7536042 2712369723 2712369707
2712369723 -22.8069877 -43.7536149 2712369700 2712369771
2712369709 -22.8069731 -43.7588594 2712369792 2712369632
2712314752 -22.806894 -43.7541763 2712314918 2712315025
2712314800 -22.8068591 -43.7595855 2712314936 2712314698
2712369762 -22.8068393 -43.7567263 2712369782 2712369716
2712369782 -22.8067107 -43.7566082 2712369762
2712369771 -22.8067058 -43.7532555 2712369723 2712314762
2712314918 -22.8066269 -43.754069 2712314752 2712314736
2712369804 -22.8065723 -43.7523864 2712369688
2712314736 -22.8065228 -43.7540065 2712314918 2712315023
2712314936 -22.8064637 -43.7592081 2712314724 2712314800
2712315023 -22.8063896 -43.7539081 2712314762 2712314736
2712369632 -22.8063646 -43.7590705 2712315036 2712369709
2712314724 -22.8063154 -43.7591223 2712315036 2712314936
2712369798 -22.8062363 -43.7564401 2712369768 2712369730
2712369768 -22.8062212 -43.7565546 2712369766 2712369798
2712314762 -22.8062064 -43.7537007 2712369661 2712369764 2712315023 2712369771
2712369730 -22.806167 -43.756306 2712369759 2712369798
2712369793 -22.8061621 -43.7579099 2712369716 2712369638
2712369766 -22.8061223 -43.7566565 2712369796 2712369768
2712315036 -22.8061173 -43.7591081 2712314724 2712369760 2712369632
2712369760 -22.8060315 -43.7590756 2712315036 2712369805 2712369747
2712369747 -22.8059989 -43.7590633 2712369712 2712369760
2712369805 -22.8059443 -43.7591832 2712369695 2712369760
2712369659 -22.8058948 -43.7531536 2712369661 2712369738
2712369712 -22.8058456 -43.758956 2712369747 2712369638
2712369661 -22.8057934 -43.7531871 2712369688 2712314762 2712369659
2712369695 -22.8057811 -43.7593387 2712369805
2712369688 -22.8057519 -43.7531354 2712369661 2712315020 2712369804
2712369759 -22.8057316 -43.7557875 2712369730 2712369691
2712369691 -22.8055835 -43.7556998 2712369759 2712369739
2712369739 -22.8054003 -43.7557553 2712369698 2712369691
2712315020 -22.8052619 -43.7525259 2712314796 2712369688 2712314981 2712314870
2712369764 -22.8052421 -43.7546127 2712369744 2712314762
2712369638 -22.8052225 -43.7581889 2712369712 2712369779 2712369793
2712369744 -22.805005 -43.7547503 2712369696 2712369764
2712369796 -22.8045648 -43.7571589 2712369779 2712369766
2712314981 -22.8044758 -43.7532643 2712315032 2712315020
2712314796 -22.804436 -43.7515098 2712314853 2712315020 2712314733 2712314852
2712369779 -22.8043965 -43.7572412 2712369698 2712369796 2712369638
2712315032 -22.8042827 -43.7533789 2712314791 2712314981
2712314853 -22.8041838 -43.7511741 2712314796
2712314733 -22.8039712 -43.7519466 2712314996 2712314796
2712314791 -22.8036943 -43.7535827 2712314996 2712315010 2712315032
2712369698 -22.8036848 -43.7563487 2712369779 2712369773 2712369739
2712369773 -22.8036549 -43.7563113 2712369698 2712369790
2712314996 -22.8030712 -43.7528102 2712315028 2712314733 2712314791
2712369790 -22.803022 -43.7555603 2712369696 2712369773
2712369696 -22.8029824 -43.755453 2712369790 2712314898 2712369744
2712314898 -22.8025373 -43.7556032 2712314919 2712369696
2712314919 -22.8024481 -43.7555461 2712314898 2712314984
2712314984 -22.8021266 -43.7551813 2712314938 2712314919
2712314938 -22.8017409 -43.7547521 2712314976 2712314984
2712315010 -22.8016519 -43.7542318 2712315028 2712314791
2712314976 -22.8015335 -43.7545464 2712315028 2712314938
2712315028 -22.8014595 -43.7543278 2712314996 2712314763 2712314976 2712315010
2712314763 -22.8008241 -43.7535824 2712314967 2712315028 2712314932
2712314932 -22.8007519 -43.7536632 2712314772 2712314763
2712314967 -22.8007348 -43.7534505 2712314667 2712314763
