529739209 -22839961 -43278493 2367010558
501093024 -22839901 -43272363 1779426482 501092998 501092959
2367010550 -22839900 -43278703 529739209
2990681942 -22839873 -43270158 2990681941
529739207 -22839724 -43279309 2367010550
529739205 -22839637 -43279472 529739207
501092998 -22839545 -43273041 501092785 501092968 1779426479
2990681944 -22839292 -43270066 2990681943
501092785 -22839118 -43273710 501093378 501092790 529739177
501093378 -22838746 -43274328 557416856 501092972
501092959 -22838632 -43271493 501092968 501093024 1779426415
557416856 -22838522 -43274785 557416724 529739176 529726803
1779426443 -22838244 -43270118 1779426419 1779426444 529726764
501092968 -22838232 -43272183 501092998 501093003 501092959 501092790
529726803 -22837948 -43275837 529726802 557416014
1779426419 -22837886 -43270053 1779426472 1779426443 1779426417 1779426415
501092790 -22837863 -43272855 501092785 501092804 501092968 501092972
1779426415 -22837538 -43270743 1779426419 501092959 501093029
501092972 -22837498 -43273501 501093378 501093606 501092790 501092978
529726802 -22837489 -43276773 529726672 557416463
529726698 -22837373 -43277851 529726696 529726700
529726700 -22837363 -43277703 529726698 529726704
529726696 -22837335 -43277994 529739205 529726694 529726698
529726704 -22837308 -43277567 529726672 529726700
529726694 -22837260 -43278107 529726693 529726696
501092978 -22837186 -43274022 501093828 501092972 501092983
529726672 -22837167 -43277428 529726674 529726704
529726693 -22837148 -43278193 529726691 529726694
501092983 -22837140 -43274097 557416724 501092978
557416724 -22837052 -43274276 557416014 557416856 501092983 557416402
529726674 -22837037 -43277381 529726672 529726676
529726691 -22837016 -43278232 529726690 529726693
529726676 -22836900 -43277386 529726674 529726678
529726690 -22836879 -43278220 529726645 529726691
529726678 -22836772 -43277441 529726676 529726679
529726645 -22836755 -43278157 529726650 529726684 529726690
529726679 -22836662 -43277551 557416735 529726678 529726681
529726684 -22836624 -43277991 529726645 529726683
557416014 -22836603 -43275161 557416724 557416472
529726681 -22836601 -43277684 529726679 529726683
529726683 -22836587 -43277848 529726681 529726684
501093029 -22836488 -43270023 501027140 1779426415 501093003
529726650 -22836445 -43278842 529726652 557416555
557416436 -22836416 -43273635 557416426 501092983
557416402 -22836292 -43274013 557416426 557416724 557416393
557416426 -22836221 -43273970 557416436 557416879 557416402
557416472 -22836210 -43275935 529726802 557416014 557416735
501093003 -22836069 -43270742 501092804 501092968 501093007 501093029
529739139 -22836006 -43279987 529726652
529726652 -22835871 -43279867 487084111 529739136
501092804 -22835698 -43271378 501093606 501093003 501092790 501092808
557416735 -22835691 -43276957 557416380 557416472 557416555
557416879 -22835541 -43273730 557416426 557416482 501093748
557416393 -22835509 -43275498 557416472 557416380 557416402
501093606 -22835306 -43272049 501092804 501093828 501092972 2995305527
557416555 -22835147 -43277995 557416269 557416317 557416735
529739136 -22835065 -43279120 557416317 529726652 487084112
557416380 -22834994 -43276513 557416278 557416393
501093828 -22834980 -43272608 501093606 501093624 501027152
501027152 -22834933 -43272689 501093828 557416436 501093748
557416482 -22834852 -43275060 557416393 557416866 557416879
557416278 -22834829 -43276408 557416269 557416866
557416317 -22834734 -43278794 529739136 557416555 557416308
501093748 -22834576 -43273370 501093123 501027152 501093640 557416879
557416308 -22834552 -43278631 557416258 557416317 487084113
501092808 -22834437 -43270513 501092804 501093007 501092812 501093489
557416269 -22834316 -43277452 501093210 557416258 557416278
557416866 -22834306 -43276069 501027163 557416482
501093530 -22834296 -43271129 2995305530 501093522
501093522 -22834286 -43271030 501093530 501093503
2995305530 -22834275 -43271220 501093530 2995305527
2995305527 -22834247 -43271274 2995305529 2995305530 501093606
501093503 -22834246 -43270941 501093522 501093489
2995305529 -22834213 -43271321 2995305528 2995305527
501093489 -22834212 -43270905 501093503 501093484 501092808
501093484 -22834180 -43270872 501093489 501093479
2995305528 -22834160 -43271365 2995305529 501093415
501093479 -22834117 -43270838 501093484 501093476
501093415 -22834099 -43271387 501093421 2995305528
501093476 -22834026 -43270823 501093479 501093471
501093421 -22834008 -43271395 501093426 501093415
557416258 -22833990 -43278082 557416269 557416246 557416308
501093123 -22833973 -43274519 501027163 557416482 501093748
501093471 -22833936 -43270843 501093476 501093450
501093426 -22833924 -43271370 501093429 501093421 501093624
501093450 -22833858 -43270895 501093471 501093445
501093429 -22833848 -43271314 501093426 501093433
501093445 -22833801 -43270972 501093450 501092817 501093440
501093433 -22833795 -43271233 501093436 501093429
501093440 -22833777 -43271038 501093436 501093445
501093436 -22833770 -43271137 501093440 501093433
501093624 -22833692 -43271752 501093426 501092825 501093633
557416246 -22833666 -43278416 557416234 557416258 557416662
501093633 -22833652 -43271847 501027152 501093624 2824641380
501027163 -22833462 -43275521 501093161 501093123 501093210
2824641380 -22833331 -43272462 501092838 501093633 501093640
501093640 -22833145 -43272818 501093132 501092843 2824641380 501093748
557416234 -22833033 -43278983 557416224 557416246 557416682
501093210 -22832955 -43276564 501093219 501027163 501027177
501027177 -22832861 -43276757 501093210 557416662
501092817 -22832813 -43270329 501092825 146437164 501093445
501093132 -22832680 -43273707 501093123 501093168 501093640
554320321 -22832474 -43279656 487084113 554321562
501092825 -22832441 -43270921 501093833 501092833
557416662 -22832424 -43277214 501027177 501093275 557416246
557416224 -22832404 -43279598 557416234 554320321
501092833 -22832402 -43271024 501092838 501093633
501093161 -22832267 -43274775 501093168
501093275 -22832196 -43277453 557416662 501093282 557416682
501093168 -22832157 -43274707 501093132 501093219 501092858
501092838 -22832038 -43271642 501092843 501093780 2824641380
557416682 -22831847 -43277817 557416234 501093275 487084116
554319534 -22831842 -43279076 557416224 554320225
501092843 -22831658 -43272294 501092848 501093740 501093640
501093219 -22831619 -43275736 501093168 501092879 501093282
487084115 -22831615 -43278873 554319534
501092848 -22831372 -43272851 501093132 501092858
487084116 -22831189 -43278507 487084115 557416682 501027194
501093282 -22831111 -43276709 501093219 487084117 501092889
2323789264 -22831083 -43278422 487084116
2323789268 -22831052 -43278397 2323789264
501092858 -22830852 -43273861 501093190 501092879
487084117 -22830462 -43277922 2323789268 554333144 501093282
144372632 -22830441 -43270148 144372633
501093780 -22830323 -43270495 146437163 501092838
501092879 -22830319 -43274897 501093225 501092889
2368387194 -22830092 -43270805 501093780
2360296204 -22829925 -43270324 2368387193
554334937 -22829880 -43277467 487084117 554334762
501092889 -22829826 -43275932 501093288 2323789258
2368387193 -22829799 -43270509 1496705050
146437162 -22829704 -43271326 2368387194
501093740 -22829549 -43271517 146437162 501092843
1496705050 -22829527 -43270890 1496705036
554333144 -22829478 -43279401 487084117 554325539 554334762
146437161 -22829419 -43271677 501092848 501093740
2990681979 -22829407 -43270565 2990681980
2323789258 -22829381 -43276770 2323789273
2323789273 -22829353 -43276821 487084118
554325539 -22829351 -43279592 554334841 554333144 501027194
1496705036 -22829328 -43271142 1753534052 146481167
2990681980 -22829320 -43270554 2990681979 2990681974
487084118 -22829284 -43276940 554334937 2323789276 554334774
501093225 -22829273 -43274228 501093288 501093229
2990681974 -22829231 -43270578 1496705043 2990681980
554334841 -22829215 -43279796 554333005 554325539 554334831
2323789276 -22829215 -43276855 2014637236
2323789278 -22829202 -43276889 487084118
1753534052 -22829152 -43271335 1496705059
2014637236 -22829069 -43276704 2014637238
1496705043 -22829041 -43270792 2990681982 2990681974
2014637244 -22829028 -43276762 2323789278
554334762 -22828869 -43278933 554334937 554333144 554334831 554334774
501093190 -22828744 -43272540 146437161
501093288 -22828739 -43275247 501093293
2014637238 -22828682 -43276338 2014637273
554334831 -22828597 -43279328 554334781 554334841 554334762 554337143
2014637275 -22828516 -43276478 2014637221
2014637214 -22828514 -43276415 2014637275
1496705059 -22828497 -43272056 501056364
2014637221 -22828490 -43276568 501094032
501094028 -22828486 -43276337 2014637214 2014637244
501094032 -22828457 -43276638 2014637308
2014637228 -22828247 -43276101 501094028
554334774 -22828246 -43278453 501092904 554334762
501093229 -22828209 -43273547 501093234
501093238 -22828163 -43273282 501093190
501093234 -22828154 -43273444 501093238
501092904 -22828123 -43278633 2014637311 554334781
554334781 -22827972 -43278853 501092913 554334831
2014637264 -22827914 -43275879 2014637228 501093947
2014637249 -22827900 -43275770 2014637228
501056364 -22827726 -43273037 2014637220
2014637308 -22827571 -43277884 2014637289
2014637311 -22827548 -43278170 501093959 501092904
146481167 -22827536 -43273437 146481168
2014637289 -22827525 -43277934 2014637285
2014637285 -22827465 -43277967 2014637288
501094040 -22827432 -43278151 2014637311 501093912
2014637288 -22827405 -43277971 501093959
501093293 -22827363 -43274304 501093238
501093959 -22827310 -43277947 501093963
2014637292 -22827286 -43275404 2014637264
2014637273 -22827284 -43275121 2014637200
2014637219 -22827237 -43275367 2014637292 2014637293
2014637200 -22827214 -43275037 2014637232 2014637272
2014637240 -22827200 -43274511 501093293
2014637272 -22827199 -43274969 2014637269
2014637268 -22827184 -43274639 2014637240
2014637286 -22827177 -43275320 2014637219
2014637269 -22827177 -43274801 2014637268
2014637232 -22827145 -43274995 2014637239
2014637234 -22827109 -43275291 2014637286
2014637220 -22827109 -43273825 501056368
2014637239 -22827090 -43274973 2014637241
2014637241 -22827045 -43274969 2014637251
501056403 -22827040 -43275023 2014637249
2014637252 -22827040 -43275248 2014637234
501056368 -22827030 -43273925 501056373
2014637251 -22826998 -43274977 2014637277
501093963 -22826990 -43277701 2014637310 501093947
2014637297 -22826986 -43275207 2014637252
2014637202 -22826972 -43275270 2014637234
2014637277 -22826959 -43275005 2014637295
2014637303 -22826951 -43275164 2014637297
2014637295 -22826939 -43275037 2014637262
2014637262 -22826935 -43275080 2014637280
2014637280 -22826932 -43275120 2014637303
501056373 -22826906 -43274123 501056382
501056399 -22826904 -43274813 501056403
501056393 -22826847 -43274610 501056399
501056382 -22826847 -43274388 501056393
2014637294 -22826831 -43275277 2014637202
501093947 -22826820 -43277485 2014637293 2014637264
2014637310 -22826792 -43277560 501056244
501094299 -22826706 -43277599 501094040 501094313
2014637243 -22826677 -43275315 2014637294
2014637279 -22826599 -43275347 2014637243
501056244 -22826519 -43277345 501056250
146481168 -22826515 -43274708 2368388242 2990681973
2014637225 -22826509 -43275394 2014637279 2014637240
2990681973 -22826450 -43274649 146481168 2990681981
501093912 -22826417 -43279622 501094040 501094054 501092913 501093916
2990681981 -22826287 -43274494 2317807891 2990681973
2990681982 -22826247 -43274398 1012991149 2317807891 1496705043
2317807891 -22826222 -43274430 2317807895 2990681982 2990681981
2368388241 -22826220 -43275763 2014637225
2014637293 -22826136 -43276943 501093966 2014637219
501094273 -22826043 -43277059 501094299 2014637260
501094156 -22825991 -43277014 501094273
2368388242 -22825921 -43275489 2360296201
2360296201 -22825891 -43275529 2360296203
501094313 -22825868 -43278817 501094299 2014637260 501093916
501093966 -22825789 -43276669 2014637283
2014637283 -22825760 -43276634 2014637216 2014637213
501056250 -22825744 -43276744 501056255
501093975 -22825744 -43276370 2368388241
2360296203 -22825742 -43275725 146481169
2014637213 -22825740 -43276590 501093970
2014637216 -22825724 -43276636 2014637300
501093970 -22825723 -43276537 2014637274
2014637274 -22825721 -43276458 501093975
501093916 -22825711 -43279053 501093912 501027279 501094313
501094264 -22825709 -43276823 501094156
2014637300 -22825694 -43276640 2014637291
2014637291 -22825680 -43276645 2014637298
2014637226 -22825671 -43276801 501094264
2014637298 -22825663 -43276656 2014637211
501056255 -22825653 -43276696 2014637305
2014637233 -22825652 -43276759 2014637226
2014637211 -22825650 -43276674 2014637222
2014637201 -22825643 -43276723 2014637233
2014637222 -22825641 -43276698 2014637201
2014637208 -22825634 -43276785 2014637226
2014637282 -22825594 -43276777 2014637208
2014637305 -22825557 -43276658 501056268
501027279 -22825543 -43279307 501027273 501026883 501093916
2014637287 -22825527 -43276793 2014637282
501056268 -22825477 -43276634 2014637231
2014637237 -22825436 -43276829 2014637287
2014637231 -22825403 -43276624 2014637267
2014637215 -22825329 -43276901 501093975 2014637237
2014637267 -22825300 -43276618 501056283
2014637260 -22825217 -43278278 2014637309 501094313 501094273
2014637307 -22825189 -43278432 2014637260
501056283 -22825187 -43276630 2014637229
146437160 -22825179 -43277093 2014637215
2014637309 -22825115 -43278299 501026960
2014637229 -22825077 -43276662 501056296
501056296 -22824980 -43276704 2014637206
501026883 -22824918 -43278826 2014637307 501027279
2014637206 -22824901 -43276753 501056312
501056312 -22824814 -43276828 2014637248
2317807895 -22824810 -43276295 2317807891 2317807907 2317807886
2014637248 -22824739 -43276898 501056326
501056326 -22824643 -43277008 501056332
146481169 -22824522 -43277334 1494442276
501056332 -22823983 -43277819 1494442273
2317807886 -22823757 -43277638 2317807895 501056332 1779435975
1494442273 -22823607 -43278317 1494442294
1494442294 -22823439 -43278532 1494442291
501026087 -22823296 -43279513 146437160 501026960
1494442291 -22823018 -43279088 1494442302 1779435975
1494442302 -22822895 -43279288 1494442276
1779435975 -22822804 -43278886 1779435973 1779435974 2317807886 1494442291
2317807907 -22822748 -43274500 2317807906 2317807895 2317807892
1494442276 -22822730 -43279570 2360296202
1012991149 -22822542 -43271386 2990681982 1012991707 2317809956
2317809956 -22822278 -43271186 1012991149 2317809962 2317809894
2317809894 -22822164 -43271128 2317809891 2317809956
1012991707 -22821952 -43272167 1012991149 2317809967
2317809891 -22821931 -43271032 1779435967 2317809894
1779435974 -22821904 -43278076 1779435971 1779435975 1779435969
2317809962 -22821830 -43271815 2317809885 2317809903 2317809956
2317807906 -22821827 -43273699 2317807907
2317809885 -22821765 -43271896 2317809962 2317809890
2317807892 -22821742 -43275729 2317807907 1779435965 2317807905
2317809899 -22821736 -43271360 2317809906
2317809967 -22821720 -43272280 1012991707 2317809936 2317809890
2317809890 -22821596 -43271982 2317809896 2317809885 2317809902 2317809967
1779435971 -22821301 -43277527 1779435965 1779435974 1779435964
2317809902 -22821045 -43271549 1779435966 2317809890 2317809977
1779435969 -22820959 -43279295 1779435964 1779435973 1779435974 1779435962
2317807905 -22820902 -43274954 2317807892
1779435967 -22820880 -43270258 1779435955 2317809906 2317809891
1779435966 -22820784 -43271335 2317809909 2317809924 2317809902
2317809936 -22820738 -43272760 2317809995 2317809896 2317809967
1779435965 -22820691 -43277013 1779435959 1779435963 1779435971 2317807892
2317809896 -22820613 -43272444 2317809936 2317809977 2317809890
2317809906 -22820555 -43270404 1779435967 2317809934 2317809899 2317809903
2317809909 -22820519 -43271119 2317809915 2317809950 1779435966
2317809995 -22820500 -43272876 2317809893 2317809940 2317809936
2317809977 -22820378 -43271848 2317809893 2317809896 2317809902
1779435964 -22820367 -43278747 1779435959 1779435957 1779435969 1779435971
2317809915 -22820268 -43270914 1779435960 2317809909 2317809881
2317809903 -22820264 -43270535 2317809906 1779435960 2317809962 2317809911
2317809940 -22820245 -43272992 2317809995 2317809916 2317809989
1779435963 -22820147 -43276550 1779435956 1779435965 1779435950
2317809893 -22820132 -43271969 2317809995 2317809901 2317809977
