1760905289 -22.8199673 -43.5847112 1760905131 1760905154
1760905154 -22.8194793 -43.5849737 1760905289 1760905285
1760905170 -22.8193443 -43.5829141 1760905091 1760905193
1760905285 -22.8193048 -43.585151 1760905154 1760905244
1760905193 -22.8192306 -43.582957 1760905170 1760905268
1760905268 -22.8191317 -43.5830106 1760905217 1760905193
1760905244 -22.8187164 -43.5858216 1760905285 1760905286
1760905217 -22.8181082 -43.5837295 1760905226 1760905268
1760905286 -22.8179005 -43.5869052 1760905096 1760905244 1760905127
1760905143 -22.8176384 -43.5896357 1760905251 1760905189 1760905197
1760905189 -22.8173714 -43.5899629 1760905143 1760905278
1760905197 -22.817228 -43.5891744 1760905143 1760905220
1760905127 -22.8172083 -43.587726 1760905286 1760905206
1760905226 -22.8169675 -43.5845285 1760905217 1760905267
1760905206 -22.8169363 -43.5881498 1760905127 1760905220
1760905267 -22.8168438 -43.5846143 1760905226 1760905203
1760905096 -22.816798 -43.5858064 1760905196 1760905286
1760905220 -22.8166446 -43.5885574 1760905197 1760905206 1760905274
1760905274 -22.8163098 -43.5890453 1760905250 1760905182 1760905220
1760905196 -22.8162589 -43.5852691 1760905096
1760905203 -22.8161105 -43.5849043 1760905291 1760905267
1760905250 -22.8156868 -43.5884392 1760905129 1760905274
1760905291 -22.8153886 -43.5851993 1760905203 1760905158
1760905158 -22.8151513 -43.5853066 1760905291 1760905159
1760905111 -22.8150277 -43.5897483 1760905088 1760905198
1760905159 -22.8149733 -43.58543 1760905158 1760905272
1760905272 -22.8147953 -43.5855802 1760905140 1760905159
1760905088 -22.8147675 -43.5895008 1760905135 1760905111 1760905147
1760905140 -22.8146676 -43.5856931 1760905272 1760905115
1760905147 -22.8144883 -43.5892353 1760905088 1760905095 1760905271
1760905271 -22.8142113 -43.5889719 1760905147 1760905230 1760905085
1760905230 -22.8139448 -43.5887183 1760905271 1760905130 1760905294
1760905129 -22.8138656 -43.5865941 1760905250 1760905115
1760905115 -22.8137519 -43.5865029 1760905129 1760905140 1760905184
1760905130 -22.8136629 -43.5884502 1760905212 1760905230 1760905168
1760905085 -22.813591 -43.5899186 1760905095 1760905294 1760905271 1760905105
1760905212 -22.8133943 -43.5881854 1760905146 1760905130 1760905288
1760905294 -22.8132836 -43.5896784 1760905222 1760905085 1760905168 1760905230
1760905288 -22.8131345 -43.5879294 1760905212 1760905169 1760905184
1760905168 -22.8129963 -43.5894538 1760905146 1760905276 1760905294 1760905130
1760905146 -22.8127002 -43.5892224 1760905169 1760905212 1760905120 1760905168
1760905184 -22.8126557 -43.5874575 1760905199 1760905288 1760905115
1760905281 -22.8125901 -43.58808 1760905252
1760905169 -22.8124103 -43.5890018 1760905146 1760905252 1760905288 1760905151
1760905252 -22.8121184 -43.5887798 1760905169 1760905281 1760905273 1760905177
1760905199 -22.8119127 -43.5881015 1760905265 1760905184
1760905265 -22.811726 -43.5882836 1760905199 1760905177
1760905177 -22.8116358 -43.5884126 1760905252 1760905265 1760905287
1760905287 -22.8115628 -43.5885518 1760905177 1760905113
1760905273 -22.8115616 -43.5896089 1760905252
1760905113 -22.8114182 -43.5888739 1760905124 1760905287
1754885168 -22.8103898 -43.5898302 1760905124 1754884977
1754884977 -22.8102447 -43.5897437 1754885168 590224394
590224394 -22.8098387 -43.5895018 1760933163 1754884977 590224398
590224398 -22.8089684 -43.5889975 590224401 590224394
590224401 -22.8088002 -43.588858 590224398 590224403
590224403 -22.8086519 -43.5886542 590224401 1760932762 1760932993
1760932993 -22.8083794 -43.5881358 590224403 1760933162 1760932954
1760933162 -22.8081828 -43.5877618 1760932993 590224410 1760933113
590224410 -22.8079695 -43.587356 1760933291 1760933162 1760933178
1760933178 -22.8073744 -43.5862336 590224410 590224418 1760933000
1760933136 -22.8073139 -43.5897966 1760932954
1760932954 -22.8071706 -43.5896637 1760933136 1754885007 1760933113 1760932993
1760933291 -22.8071171 -43.5884512 1760932936 1760932924 590224410
590224418 -22.8070992 -43.5857145 1760932684 1760933178
1760932684 -22.8070598 -43.585661 590224418 590224422 1760933269
1760933113 -22.8068934 -43.5894066 1754885398 1760932936 1760933162 1760932954
590224422 -22.8068618 -43.5853926 1760932684 590224425 1760932751
1760932924 -22.8068258 -43.5882029 1760933032 1760933291 1760933121
1760933144 -22.8067354 -43.5876616 1760933032 1760933000
590224425 -22.8067036 -43.5852531 590224427 1760932751 590224422
1760932751 -22.8066107 -43.5853731 1760932959 590224425 590224422 1760933297
1760932936 -22.8065921 -43.5891272 1760933291 1754885273 1760933121 1760933113
1760933032 -22.8065227 -43.5879352 1760933323 1760932924 1760933144
1760933269 -22.8065178 -43.5864117 1760932684 1760933301
1760933000 -22.8064914 -43.5873367 1760932842 1760933178 1760933144
590224427 -22.8064365 -43.58506 590224425 590224430
1760933297 -22.8063074 -43.5857649 1760933239 1760932751 1760933059
1760933121 -22.8063063 -43.5888621 1760933323 1760932936 1760932924 1754884975
1760933059 -22.8060479 -43.5855218 1760933079 1760932980 1760933297
1760933323 -22.8059997 -43.5885778 1760933032 1754885208 1760932842 1760933121
1760932959 -22.8059454 -43.5853171 1760933079 1760932751
590224430 -22.805942 -43.5847489 590224427 590224432
1760933079 -22.8058599 -43.5853456 1760932959 1760933059 1760932698
1760932698 -22.8057589 -43.5852509 1760933227 1760933079 1760932788
1760932842 -22.8057117 -43.5883107 1754885560 1760933323 1760933000
590224432 -22.8057047 -43.5846309 590224430 1760933173 1760932788
1760932788 -22.8054475 -43.5849591 590224432 1760932682 1760932698 1760932893
1760933173 -22.8054092 -43.5845364 590224432 1760932856 1760932893
1760933239 -22.8054054 -43.58693 1760932980 1760933005 1760933297
1760932893 -22.8053325 -43.584849 1760933173 1760932788 1760932682
1760933301 -22.8053161 -43.587962 1754885578 1760933005 1760933269
1760932682 -22.8052408 -43.5852228 1760933118 1760932788 1760932893 1760933055
1760933055 -22.8051641 -43.5851132 1760932637 1760932682
1760932980 -22.8051219 -43.5867032 1760933239 1760933227 1760933219 1760933059
1760933118 -22.8050111 -43.5855159 1760933058 1760932779 1760932682
1760933005 -22.8048817 -43.5876064 1760933239 1760933301 1760932860
1760933227 -22.8048241 -43.5864312 1760932980 1760933294 1760932972 1760932698
1760933058 -22.8047613 -43.5858346 1760933294 1760933118 1760932644
1754885560 -22.8045718 -43.5897724 1754885012 1760932842
1760933294 -22.804515 -43.5861488 1760933227 1760933158 1760932747 1760933058
1754885012 -22.80451 -43.5898529 1754885560 1760933124
1760932860 -22.8044112 -43.5882141 1760933219 1760933132 1760933005
1760932856 -22.8043701 -43.584204 1760933173 1760932604 1760932637
1760932637 -22.8042789 -43.5843086 1760932604 1760932856 1760933055 1760932779
1760932604 -22.8042189 -43.5841556 1760932856 1760932802 1760932637
1754885578 -22.8041614 -43.5894291 1760933301 1754885348
1760933219 -22.8041363 -43.5879607 1760932972 1760932980 1760932671 1760932860
1754885348 -22.8041045 -43.5894988 1754885578 1760932837
1760932779 -22.8040246 -43.5846392 1760933118 1760932637 1760932644
1760933158 -22.8038554 -43.5855551 1760933294 1760933007 1760933012
1760932972 -22.8038453 -43.5876925 1760933227 1760932747 1760933219 1760933010
1760932837 -22.8038166 -43.5899098 1760932629 1754885348 1760933132
1760932644 -22.8037772 -43.5849609 1760933058 1760933007 1760932779
1760932802 -22.8035564 -43.5839437 1760932604 590224434 1760932975
1760933007 -22.8035391 -43.5852705 1760933158 1760932773 1760933171 1760932644
1760932747 -22.8035322 -43.5874038 1760932972 1760933321 1760933294 1760933012
1760933132 -22.8033988 -43.5895235 1760932671 1760932860 1760932837
590224434 -22.8033904 -43.5838906 1760932802 1762269480
1760933321 -22.8032758 -43.5877362 1760932747 1760933026 1760933236
1760932773 -22.8032424 -43.5850034 1760932975 1760933220 1760933007
1760932671 -22.8031208 -43.5892665 1760933219 1760933010 1760933132
1760933236 -22.8030251 -43.5880612 1760933321 1760932885 1760932926
1760932975 -22.8029474 -43.584738 1760932773 1760932802 1760933168
1762269480 -22.8028674 -43.5837002 590224434 1762269586 1762269533
1760933012 -22.8028524 -43.5868007 1760933171 1760932747 1760933158
1760933010 -22.8028326 -43.589 1760932972 1760932648 1760932671
1760932885 -22.8027804 -43.5883783 1760932648 1760933299 1760933236
1760933171 -22.8025529 -43.5865349 1760933220 1760933012 1760933007
1762269472 -22.8025415 -43.5890578 1762269263 1760932629
1760932648 -22.8025221 -43.588713 1760932767 1760933010 1760932885
1762269261 -22.8025172 -43.5898662 1762269453 1762269556 1762269252
1762269263 -22.8023684 -43.5888701 1762269292 1762269472
1762269586 -22.8023486 -43.5835113 590224435 1762269480 1762269358
1760933220 -22.802257 -43.5862723 1760933171 1760932773 1760933168 1760933026
1762269556 -22.8022372 -43.5896128 1762269261 1762269274 1762269486
1762269292 -22.8020277 -43.5885842 1762269610 1762269263
1762269358 -22.8020079 -43.5835416 1762269530 1762269586
1760933026 -22.8019993 -43.586611 1760933321 1760933220 1760932926
1760933168 -22.8019485 -43.5859986 1760933220 1760932975 1760933004
1762269486 -22.8019401 -43.5893439 1762269246 1762269556 1762269379
590224435 -22.8019167 -43.5833541 1762269586 590224437
1762269530 -22.8018744 -43.5835523 1762269550 1762269358
1762269550 -22.8017948 -43.5836129 1762269530 1762269347
1760932926 -22.8017584 -43.5869277 1760933299 1760933026 1760933236
590224437 -22.8016892 -43.5832147 590224435 590224440
1762269379 -22.8016547 -43.5890856 1762269495 1762269486 1762269345
1762269533 -22.8016019 -43.5853564 1762269534 1762269347 1762269480
1762269246 -22.8015678 -43.5898502 1762269274 1762269495 1762269486
590224440 -22.8015211 -43.5830108 590224443 590224437
1760933299 -22.801519 -43.5872424 1760932926 1760932767 1760932885
1762269610 -22.801498 -43.5880976 1762269527 1762269292 1762269434
590224443 -22.8014519 -43.5827748 590224440 1762269228 1762269355
1762269345 -22.8013849 -43.5888414 1762269414 1762269628 1762269379
1762269228 -22.8013366 -43.5819306 590224443 1762269271 1762269520
1760932767 -22.8012583 -43.5875851 1760933299 1760932648 1760933004
1762269271 -22.8012414 -43.5819537 1762269228 1762269445
1762269520 -22.8012067 -43.5809797 1762269228 590224446 1762269620
1762269434 -22.801187 -43.5885466 1762269414 1762269610
1762269495 -22.8011813 -43.5897185 1762269246 1762269628 1762269379
590224446 -22.8011749 -43.580747 590224448 1762269520
1762269414 -22.8011024 -43.5885858 1762269573 1762269434 1762269345 1762269403
590224448 -22.8010562 -43.5801355 590224446 590224452
1760933004 -22.8009522 -43.587312 1760933064 1760932767 1760933168
1762269347 -22.800915 -43.5847325 1762269541 1762269533 1762269550
1760933064 -22.800821 -43.5871949 1760933004
1762269573 -22.8008111 -43.588316 1762269414 1762269349 1762269491
1762269628 -22.8007963 -43.5895873 1762269376 1762269345 1762269495
1762269567 -22.800737 -43.5891742 1762269403
1762269403 -22.8006672 -43.5891115 1762269567 1762269414
1762269376 -22.8006084 -43.5895551 1762269628 1762269427
1762269349 -22.8005785 -43.5886113 1762269573 1762269409 1762269566
1762269355 -22.8005491 -43.5838742 1762269419 590224443 1762269445
1762269491 -22.8004942 -43.5880225 1762269573 1762269492
1762269427 -22.8004699 -43.58948 1762269376 1762269603
1762269534 -22.8004699 -43.5867978 1762269527 1762269533
1762269492 -22.8004051 -43.5879635 1762269606 1762269562 1762269491
1762269566 -22.800376 -43.5888685 1762269370 1762269349
1762269562 -22.8003562 -43.5878439 1762269257 1762269492
1762269370 -22.8003166 -43.5888846 1762269277 1762269566
1762269527 -22.8003112 -43.5869818 1762269541 1762269610 1762269365 1762269534
1762269606 -22.8003067 -43.5879887 1762269492 1762269409
1762269277 -22.8002573 -43.5888577 1762269388 1762269370
1762269257 -22.8002078 -43.5876776 1762269483 1762269562
1762269591 -22.8001449 -43.5898059 1762269613 1762269578 1762269626
1762269603 -22.8000957 -43.5892206 1762269427 1762269437
1762269445 -22.8000941 -43.5834021 1762269355 1762269430 1762269271 1762269426
1762269483 -22.8000891 -43.5875166 1762269393 1762269257
1762269365 -22.8000879 -43.5871254 1762269527 1762269338 1762269393
1762269409 -22.8000471 -43.5881566 1762269349 1762269606 1762269388
