482042275 -22.8798985 -43.3147619 482042080 482040788 482040792
481442941 -22.8798456 -43.3161224 482046592 481442540 2164679282
481442919 -22.8796673 -43.3191153 481442918 481442397 481442920
482062901 -22.8794625 -43.3126982 2041315222 482062609 482062615
481442920 -22.8794459 -43.31885 481442940 481442922 481442919
482040792 -22.8794219 -43.314299 482040795 481442540 482062615 482042275
2164679282 -22.8792981 -43.3166636 481442434 481442941
482047150 -22.8791426 -43.3157583 482047201
482062609 -22.8791426 -43.3122993 482063146 482062901
481442434 -22.8791144 -43.3168452 481442918 481442940 2164679282
482047201 -22.8790301 -43.3158765 482047145 482047339 482047150
2041315220 -22.8788898 -43.3106138 482063146 482063476 2041315221 482050165
482047339 -22.8788262 -43.315621 482047365 482047201
481442540 -22.8788235 -43.3148806 481442545 481442941 482055479 482040792
481442922 -22.8787492 -43.3194955 481442923 481442371 481442920 481442939
482047145 -22.8786444 -43.3162819 482046931 482047201
482055479 -22.8783865 -43.3152997 482055582 482055249 481442540
481442940 -22.8783791 -43.317572 482046931 481442920 481442939 481442434
482063146 -22.8782502 -43.311164 482062377 2041315220 482062609
482062377 -22.8781778 -43.3110719 482063654 482063146 482062374
482055249 -22.8779298 -43.3157377 482055448 482055605 482055479
482046931 -22.8779065 -43.317006 481442940 482047365 482047145
482063654 -22.8778417 -43.3107261 482062377 482062396 482051560
482040795 -22.8778135 -43.3125186 482040792 482062371
482062374 -22.877727 -43.3114324 482062377 482062371
481442939 -22.8776988 -43.3182231 2164679276 481442922 481442940
482047365 -22.8776508 -43.3166996 482046931 481442398 482047339
482055582 -22.877648 -43.314385 482055479 482055584
482055605 -22.8775775 -43.3160756 481442398 482055249 482055061
482062396 -22.8775041 -43.3102882 482063654 482051560 482050165
481442398 -22.8773289 -43.316314 482047365 481442879 482055605
482051560 -22.877302 -43.3106107 482063654 482064505 482062396
482062371 -22.8772548 -43.3117642 482062037 482040795 482040799 482062374
482040799 -22.8771334 -43.3116002 482062371
482055448 -22.8770865 -43.3147283 482055249 482055450
481442545 -22.8770284 -43.3127606 482061871 481442540
482055584 -22.8770232 -43.3136554 482055582 482055588
2164679276 -22.8769441 -43.3189904 481442923 2164679278
482061871 -22.8769343 -43.3128372 482062037 482055588 481442545
2164679278 -22.8769018 -43.31894 475754564
2164679275 -22.8768891 -43.3189829 2164679276
2164679280 -22.876839 -43.3190007 2164679275
2164679279 -22.8768175 -43.3190235 2164679280
2164679281 -22.8767983 -43.3190784 2164679279
475758433 -22.87679 -43.3197964 481442926
481442926 -22.8767816 -43.3191505 475758440 2164679281
475758440 -22.8767699 -43.3189396 475754564
475754564 -22.8767363 -43.3187428 2164679623
2164679623 -22.8766956 -43.3186283 2164679624
482055450 -22.8766674 -43.314282 482055448 482055058
2164679624 -22.8766446 -43.3185311 481442880
481442879 -22.8766267 -43.3169621 481442398 481442939 481442880
482064505 -22.876612 -43.3104025 482064510 482051560
482055588 -22.8765801 -43.3131257 482061871 482055058 482055584
440425423 -22.8764555 -43.319832 2164658920 440425424
2164658920 -22.8764425 -43.3196871 440425423 440425422
482064510 -22.8764381 -43.3103424 482064505 482064512
440425422 -22.8763591 -43.3191607 2164658920 2164658922
482062037 -22.8762975 -43.3122414 482062040 482061871 482062371
482064512 -22.8762641 -43.3102823 482064510 482064515
2164658922 -22.8761612 -43.3185385 440425421 440425422
440425421 -22.8761046 -43.3183736 2164658916 2164658922
2164658916 -22.8760554 -43.3182575 440425420 440425421
481442880 -22.8760269 -43.3175608 481442879 475758458
482055058 -22.8760031 -43.3135782 482055450 482055588 482055061
482061413 -22.8759794 -43.3116813 482061410 482062040
440425420 -22.8759611 -43.3181003 2164658919 2164658916
482062040 -22.8758999 -43.3118695 482062037 482061413 482061504
482064515 -22.8757184 -43.3101621 482064518 482064512
482061410 -22.875671 -43.3112093 482061407 482061413
474967167 -22.8755889 -43.3196666 474967166 474967184
474967166 -22.875577 -43.3196 2164870842 474967167
2164658919 -22.8755535 -43.3174557 440425420 474967242
2164870842 -22.8755427 -43.319533 474967166 474967240
482061407 -22.8755286 -43.3109947 482061410 482061403
482064518 -22.8754891 -43.3101278 482064515 482064520
482055061 -22.8754812 -43.3140846 481442372 482055605 482055058 482061504
482061403 -22.8753626 -43.3109003 482061400 482061407
482064520 -22.8752756 -43.3100591 482064518 482064523
482061400 -22.8752202 -43.3108488 482061397 482061403
482061005 -22.8751649 -43.3114238 482061001
475758458 -22.8750969 -43.3161643 482055068
482061397 -22.8750621 -43.3108574 482061390 482061400
474967240 -22.8750375 -43.318854 474967343 2164870842 474967238
482061001 -22.8750304 -43.311544 482061005 482060997
482061504 -22.8750133 -43.3139526 482062040 482055061 482058165
474967242 -22.8750106 -43.3167353 2362864966 474967343 2164658919
482060947 -22.8749276 -43.3123851 482060939 482060950
482060950 -22.8749276 -43.3122478 482060947 482060952
482060997 -22.8748881 -43.3116642 482060992 482061001
482061390 -22.8748881 -43.3109432 482061380 482061397
482060939 -22.8748248 -43.3125053 482060934 482060947
482060952 -22.874809 -43.3120933 482060953 482060950
482061380 -22.8747774 -43.3110805 482061390 482061373
481442372 -22.8747668 -43.3146575 481442879 482055061 482055068
2362864966 -22.8747583 -43.3163867 474967604 474967242
482060934 -22.8747299 -43.3126169 482060939 482060927
482060992 -22.8747141 -43.3117157 482060988 482060997
482061373 -22.8746983 -43.3112779 482061366 482061380
482058165 -22.8746904 -43.3138614 482060337 482061504
482060953 -22.8746508 -43.3120504 482060952 482060955
482061366 -22.8746034 -43.3115011 482060988 482061373
482060328 -22.8745639 -43.3133035 482060322 482060332
482060927 -22.8745639 -43.3126684 482060911 482060934
482060332 -22.8745401 -43.3135009 482060328 482060337
482060322 -22.8745243 -43.3130718 482060328 482060310
482060988 -22.8745085 -43.31175 482060992 482061366 482060984
482059275 -22.8744848 -43.3101192 482059273
482059273 -22.8744769 -43.3100162 482059264 482059275
482060955 -22.8744294 -43.3120075 482060953 482060957
482060310 -22.8744215 -43.3129001 482060322 482060303
482060337 -22.8744118 -43.3137287 482060332 482058165 482058168
482060911 -22.874382 -43.3126684 482060909 482060927
474967238 -22.87438 -43.319363 1776394572 474967240
482058168 -22.8743661 -43.3137069 482060337 482059649
482060984 -22.8743661 -43.3118101 482060980 482060988
482060303 -22.874295 -43.31278 482060299 482060310
482055068 -22.8742749 -43.315064 481442372 2362864990
482060957 -22.8742554 -43.3119903 482060955 482060961
482059251 -22.8742396 -43.3104196 482059248 482059253
2362864990 -22.8742253 -43.3149956 482058184 482055068
482059253 -22.874208 -43.3101364 482059256 482059251
482060909 -22.8741922 -43.3126598 482060299 482060911
482060980 -22.8741764 -43.3118444 482060975 482060984
482060299 -22.8741447 -43.3126941 482060293 482060303 482060909
482060961 -22.8741289 -43.3119388 482060957 482060975
482060975 -22.8741131 -43.3118702 482060961 482060980
474967343 -22.8740459 -43.3175216 474967345 474967605 474967242 474967240
482059248 -22.8740182 -43.3105655 482059243 482059251
1776394572 -22.8740034 -43.3197325 474967238
474967604 -22.8739978 -43.315336 2362864966 474967605 440425418
482060293 -22.8739707 -43.3126512 482060288 482060299
482059243 -22.8737809 -43.3107372 482059248 482059240
482060288 -22.8737651 -43.3127027 482060284 482060293
474967426 -22.8736841 -43.3182472 474967425 474967427
474967425 -22.8736683 -43.3184274 474967424 474967426
474967424 -22.873605 -43.3185561 474967423 474967425
474967427 -22.8735892 -43.3180755 474967345 474967426
482060284 -22.8735832 -43.3127885 482060279 482060288
482059240 -22.8735595 -43.3110805 482059236 482059243
474967423 -22.8735101 -43.3185819 474967422 474967424
482060279 -22.8734646 -43.3129259 482060284 482059649
474967345 -22.8734627 -43.3180326 474967343 474967427 474967444
474967422 -22.8734231 -43.3185476 474967421 474967423
474967444 -22.8733678 -43.3179553 474967345 474967445
482059649 -22.8733504 -43.3131133 482060279 482058430 482058168
474967445 -22.873344 -43.3178008 474967444 474967446
474967446 -22.8733203 -43.317612 474967445 474967447
482059236 -22.8733144 -43.3115097 482059228 482059240
474967421 -22.8732887 -43.3184703 474967420 474967422
474967420 -22.8732096 -43.3183845 474967419 474967421
474967447 -22.8732096 -43.317509 474967448 474967446
482058430 -22.8731759 -43.3130113 482059221 482059649 482058173
474967448 -22.8731542 -43.3175777 474967447 474967449
482058173 -22.8731325 -43.312986 482058430 482058181
474967450 -22.8731147 -43.3181184 474967419 474967514
474967514 -22.8731147 -43.3180412 474967450 474967563 474967449
474967449 -22.8731147 -43.3178609 474967448 474967514
474967419 -22.8730989 -43.3183502 474967420 474967450 474967575
482059221 -22.873085 -43.3127113 482058430 482059223
482059228 -22.8730771 -43.311956 482059236 482059225
474967563 -22.8730514 -43.3178609 474967564 474967514
474967599 -22.8730356 -43.3189338 474967576 474967600
474967605 -22.8730191 -43.3161417 474967108 474967343 474967604 474967606
482059223 -22.873006 -43.3123937 482059221 482059225
482059225 -22.873006 -43.3122221 482059223 482059228
482058181 -22.872998 -43.312986 482058184 482058173
474967575 -22.8729723 -43.3184875 474967419 474967576
474967564 -22.8729565 -43.3176292 474967563 474967565
440425418 -22.8729008 -43.3138703 2164658918 474967604
482058184 -22.8728748 -43.3131359 482069167 2362864990 482058181
2164658918 -22.8728184 -43.3137991 440425416 440425418
474967576 -22.8727984 -43.3187793 474967577 474967575 474967599
474967600 -22.8727509 -43.319526 474967599
482069161 -22.8727292 -43.310308 482069152 482069167
440425416 -22.872671 -43.3136851 2164658918 474965942
474967565 -22.8726481 -43.3172944 474967564 474967566
474967741 -22.8726402 -43.3175948 474967727
474967606 -22.8726086 -43.3165048 474967605 474965943
474967566 -22.872569 -43.3172172 474967565
474965942 -22.8725624 -43.3136074 440425415 474967108 440425416
474967577 -22.8725216 -43.3192771 474967576
440425415 -22.8721522 -43.3133369 440425414 474965942
474967727 -22.8721341 -43.3178008 474967726 474967741
474967726 -22.8719996 -43.3174232 474967668 474967727
474967664 -22.8718494 -43.3169511 474967662 474967666
474967662 -22.8718415 -43.3168138 474967664 474965943
474967108 -22.8718338 -43.3145489 474965941 474967605 474965942
474965943 -22.8718019 -43.3166765 474967606 474965944 474967662
440425414 -22.8717853 -43.3131126 440425415 440425413
474967666 -22.8717782 -43.3172 474967664 474967668
474967668 -22.8717229 -43.3174661 474967666 474967670 474967726
482069167 -22.8716915 -43.3115266 482058184 482069161 482069189
474967671 -22.8716596 -43.3177579 474967670 474967672
474967670 -22.8716438 -43.3176292 474967668 474967671
474967672 -22.87162 -43.3179038 474967671
440425413 -22.8715741 -43.3130471 440425412 440425414
474965941 -22.8715093 -43.3149598 474967108 474965944
482069189 -22.8712354 -43.3109064 482069595 2362864974 482069167
440425412 -22.8712145 -43.3129924 2164658914 440425413
2362864974 -22.8712108 -43.310873 482069189 475758480
2164658914 -22.8710988 -43.3129518 2164658924 440425412
474965944 -22.8710898 -43.316436 474965941 474965940 474965943 474965945
2164658924 -22.8709875 -43.3128977 2164658914 440425410
440425410 -22.8708371 -43.3127883 2164658924 474965493 440425409
474965493 -22.870758 -43.31296 474965956 440425410 474965945
475758480 -22.8706533 -43.3101147 2362864974 475758507
440425409 -22.8706511 -43.3126109 440425408 440425410
440425408 -22.8705764 -43.3125252 2164658923 440425409
2164658923 -22.8705189 -43.3124259 474965415 440425408
474965415 -22.8704011 -43.3121273 2362864984 2164658923 474965412
2362864984 -22.8703539 -43.3120106 474965391 474965415
474965940 -22.8702677 -43.3193286 474965927 474965944
474965945 -22.8698657 -43.3160503 474965493 1776394570 474965944 474965954
474965412 -22.8698249 -43.3124278 474965373 474965414 474965415
474965956 -22.8697492 -43.3135256 474965492 474965493 474966001
474965391 -22.8695874 -43.3101165 440425407 2362864984 474965396
474965954 -22.8695485 -43.3159368 1776394568 474965945 474965946
474965373 -22.8695481 -43.3118013 474965364 474965396 474965412
1776394570 -22.8694011 -43.3176594 474965927 1776394568 474965945
474966001 -22.8693637 -43.3148043 474965946 474965956 474966000
474965364 -22.8690973 -43.3120673 474965363 474965372 474965373
474965396 -22.8690917 -43.3105672 474965389 474965391 474965373
474965946 -22.8690736 -43.3157667 474965949 3819280669 474966001 474965954
1776394568 -22.8690732 -43.3175459 474965953 1776394560 1776394570 474965954
474965414 -22.8690234 -43.3129135 474965416 474965418 474965412
474965362 -22.8689233 -43.3115266 474965349 474965363
474965363 -22.8689154 -43.3117069 474965364 474965362
3819280669 -22.8688828 -43.3164381 1776394560 474965946 3819280668
474965349 -22.86886 -43.311415 474965323 474965362
474965953 -22.8688205 -43.3184017 1776394568
474965418 -22.8687062 -43.3131057 474965416 474965419 474965414
474965949 -22.868694 -43.3156551 474965946 474965950
3819280668 -22.8686361 -43.3164536 3819280667 3819280669
1776394560 -22.86861 -43.3173981 3819280669 1776394568 474965955 1776394556
474965950 -22.8685832 -43.3156465 474965949 474966961
474965955 -22.86852 -43.317715 1776394560
3819280667 -22.8685017 -43.3165231 3819280666 3819280668
474965416 -22.8684621 -43.312572 474965372 474965414 474965418
474966000 -22.8684172 -43.3150199 474966001 474965999
474965389 -22.8684093 -43.3112348 474965396
474966955 -22.8683776 -43.3166936 3819280666 474966953
474966953 -22.8683697 -43.3168653 474966950 474966955
3819280666 -22.8683669 -43.3166372 474966957 3819280667 474966955
474965419 -22.8683467 -43.3133236 474965413 474965488 474965418
474965372 -22.8683381 -43.3124965 474965364 474965416 474965417
474966957 -22.8683223 -43.3164018 3819280666 474966959
474966950 -22.8682985 -43.3169854 474966947 474966953
474966959 -22.8682906 -43.3160241 474966957 474966961
474966933 -22.8682748 -43.3180154 474966936 474966420
474966420 -22.8682669 -43.3181356 474966421 474966469 474966933
474965323 -22.8682511 -43.3117498 474965322 474965349 474965350
474965320 -22.8682432 -43.3112348 474965319 474965321
474966961 -22.8682328 -43.3157384 474965950 474965951 474966959
474965321 -22.8682115 -43.3113721 474965322 474965320
474966421 -22.8681799 -43.3180497 474966420 474966422
474966947 -22.8681799 -43.3170541 474966945 474966950
474965350 -22.8681799 -43.3117927 474965323
474965319 -22.8681641 -43.3110717 474965318 474965320
474966936 -22.8681483 -43.3175691 474966939 474966933
474965492 -22.8681246 -43.3144363 474965956
474965322 -22.868085 -43.3115266 474965321 474965323
474966422 -22.8680771 -43.3178094 474966421 474966423
474966945 -22.8680692 -43.3171399 1776394556 474966947
474965999 -22.8680692 -43.31508 474966000
474965318 -22.8680692 -43.311003 474965319 474965317
474966939 -22.8680613 -43.3173717 474966936 474966942
474965488 -22.8680534 -43.3130716 474965419 474965489
1776394556 -22.8680401 -43.3172157 1776394560 474966942 474966945
474966942 -22.8680297 -43.3172429 474966939 1776394556
474966423 -22.8679822 -43.3176893 474966424 474966422
474965317 -22.8679743 -43.310943 474965316 474965318
474965417 -22.8679347 -43.3122733 474965372
474965413 -22.8679268 -43.313578 474965419
474965316 -22.8678873 -43.3108571 474965315 474965317
474965951 -22.8678636 -43.3158353 474965952 474966961 474966464
474966424 -22.867824 -43.3175863 474966423 474966425
474966469 -22.8678003 -43.3181356 474966420 474966471
474966464 -22.8677529 -43.31611 474966463 474965951
474965489 -22.8677529 -43.3129257 474965488
474966463 -22.8677449 -43.3163675 474966462 474966464
474966462 -22.867737 -43.3165563 474966461 474966463
474965315 -22.8677291 -43.31084 474965314 474965316
474965314 -22.8676975 -43.3106941 474965313 474965315
474966461 -22.8676738 -43.3166765 474966462 474966460
474966460 -22.8675631 -43.3167451 474966459 474966461
474966471 -22.8675235 -43.3180927 474966469 474966306
474966458 -22.8675077 -43.316994 474966457 474966459
474966459 -22.8675077 -43.3168653 474966458 474966460
474966425 -22.8674998 -43.3175176 474966424 474966312 474966455
474966457 -22.867484 -43.3171228 474966458 474966456
474966455 -22.8674523 -43.3173803 474966425 474966456
474966456 -22.8674365 -43.3173116 474966457 474966455
474965313 -22.8674049 -43.3105825 474965314
474966309 -22.8671518 -43.317921 474966306 474966312
474966069 -22.8671518 -43.316376 474966068 474965952
474966306 -22.867136 -43.3181098 474966474 474966309 474966471
474966068 -22.8671202 -43.3165134 474966069
474966312 -22.8671044 -43.3176893 474966309 474966313 474966425
474965952 -22.8670727 -43.3160499 474965951 474966069 474966070
474966313 -22.8669541 -43.3176034 474966312 474966314
474966070 -22.8669146 -43.3154405 474965952 474966071
474966082 -22.8668908 -43.3148397 474966083
474966317 -22.8667959 -43.3166335 474966316 474966318
474966083 -22.8667959 -43.314874 474966107 474966082
474966071 -22.8667722 -43.3152345 474966072 474966070
474966474 -22.8667406 -43.3181098 474966306
474966106 -22.8667089 -43.3146852 474966107
474966107 -22.8666873 -43.314876 474966083 474966106 474966073
474966315 -22.8666773 -43.3171142 474966316 474966314
474966318 -22.8666773 -43.3162044 474966317 474966105
474966314 -22.8666615 -43.3172944 474966313 474966315
474966316 -22.8666457 -43.3168996 474966315 474966317
474966072 -22.8665982 -43.3150199 474966071 474966073
474966105 -22.8665824 -43.3160842 474966104 474966318 474966319
474966319 -22.8664954 -43.3159555 474966320 474966105
474966320 -22.86644 -43.3156122 474966319
474966104 -22.8664163 -43.316213 474966103 474966105
474966073 -22.8663372 -43.3148826 474966072 474966107 474966084
474966103 -22.8663135 -43.3163331 474966104 474966102
474966098 -22.8662344 -43.3172258 474966097 474966099
474966097 -22.8662107 -43.3173631 474966096 474966098
474966084 -22.8662107 -43.3148826 474966073 474966085
474965202 -22.8661791 -43.3109945 474965203 474965284
474966099 -22.8661632 -43.3171142 474966100 474966098
474966102 -22.8661632 -43.316522 474966103 474966101
474966096 -22.8661316 -43.3174146 474966095 474966097
474966100 -22.8661316 -43.3169511 474966099 474966101
474966101 -22.8661316 -43.3167194 474966100 474966102
474965284 -22.8660683 -43.3111919 474965283 474965202
474965203 -22.8660525 -43.3107112 474965202 474965204
474966095 -22.8660288 -43.3174146 474966094 474966096
474966094 -22.865926 -43.3172773 474966093 474966095
474966086 -22.8658469 -43.3156293 474966087 474966085
474965283 -22.8658311 -43.3113035 474965282 474965284
474966085 -22.8658232 -43.3151658 474966084 474966086
474965207 -22.8658153 -43.3100417 474965206 474965208
474965204 -22.8658074 -43.3104108 474965203 474965205
474966093 -22.8657836 -43.3171399 474966092 474966094
474966087 -22.8657678 -43.3159726 474966086 474966088
474965205 -22.8657115 -43.3103007 474965206 474965214 474965204
474965206 -22.8656729 -43.3102563 474965205 474965207
474966092 -22.8656571 -43.3167795 474966091 474966093
474965214 -22.8656096 -43.3108486 474965205
474966088 -22.8655464 -43.3160928 474966087 474966089
474966091 -22.8655385 -43.3165563 474966090 474966092
474965282 -22.8655226 -43.3113206 474965283
474966089 -22.8654515 -43.3162473 474966090 474966088
474966090 -22.8654436 -43.3163932 474966089 474966091
474965030 -22.8643205 -43.3107541 474964916 474965033 474965057
474965057 -22.863933 -43.3103422 474965030 474965085
474964916 -22.8639172 -43.3111919 474964917 474965030
474964917 -22.8637353 -43.3111919 474964916 474964918
474964918 -22.8635455 -43.3110803 474964919 474964917
474964921 -22.8635138 -43.3101533 474964920 474964922
474964919 -22.8634822 -43.3108657 474964918 474964920
474964920 -22.8634506 -43.3105052 474964919 474964921
474964884 -22.8630789 -43.3100074 474964883 474964885
474964883 -22.8627941 -43.3101276 474964884
474590825 -22.8609297 -43.3196006 474590827 474590823
474590827 -22.8609218 -43.319386 474590825 474590829
474590829 -22.8607794 -43.3189226 474590827 474590830
474590830 -22.860558 -43.3185449 474590829 474590832
474590832 -22.8602258 -43.3183389 474590830
