474446958 -22.8599788 -43.3430798 474446955 474446960
474450589 -22.8598945 -43.3403936 474450584 474450591
3429194171 -22.8597276 -43.348185 3429194170
2362889540 -22.8597267 -43.3479101 3429194152
474451476 -22.8597018 -43.3453502 474447419 1701785217 1701785219
3429194168 -22.8596693 -43.3479566 2362889540
3429194170 -22.8596593 -43.3481425 3429194169
3429194169 -22.8596347 -43.3480406 3429194168
474450584 -22.8595748 -43.3401293 474450589 474450038
474451439 -22.8595518 -43.343519 474451442
474447738 -22.8594641 -43.3474197 474447447 474447592 2362889546
474447419 -22.8594555 -43.3455846 474361761 474451476 474447447
1701785213 -22.8594471 -43.3442137 3426022178
472900514 -22.8591708 -43.3496428 472900415
2362889546 -22.8591423 -43.3476978 474447738 1703549319
1701785219 -22.8589783 -43.3442117 474451476 474451442
474451442 -22.8589408 -43.3440386 474451851 474451439 1701785219 474451444
474451851 -22.8589192 -43.343863 474451442 474451852
1703549319 -22.8588971 -43.3478996 2362889546 472900025
474452618 -22.8588197 -43.3451517 474452623
474361761 -22.8588177 -43.3461654 474447419 474447592
474449805 -22.8587604 -43.34013 474450034 474449807 474450038
474446960 -22.8586528 -43.3410769 474446958
474447592 -22.858602 -43.3463404 474361760 474361761 474452623 474447738
474451852 -22.858526 -43.3427635 474451851 474451853
474452623 -22.8583731 -43.3453222 474452618 474452626 474447592 474452272
472900025 -22.8583186 -43.3484004 1703549393 472913245 1703549319
1703549393 -22.8583104 -43.3482368 1703549346
474451855 -22.8582712 -43.341848 474451854 474451857
474451857 -22.8582677 -43.3416823 474451855 474451858
474452272 -22.8582138 -43.3445959 474452623 474451444
474451854 -22.8582101 -43.3419808 474451855 474451853
1703549346 -22.8582008 -43.3481668 1703549383
474451444 -22.8581742 -43.344347 474451442 474452272 474453505
1703549305 -22.8581594 -43.3479248 1703549319
474451858 -22.8581511 -43.3413701 474451857
474361760 -22.8581306 -43.3467865 474361759 474447592
474451853 -22.8581155 -43.342116 474451852 474451854
442594694 -22.8580611 -43.3481103 442594695
442594720 -22.8580595 -43.3480183 3428538959
1703549383 -22.8580133 -43.348183 1703549370
1703549386 -22.8579835 -43.3479416 1703549305
474361759 -22.8579747 -43.3468997 474452796 474361760 1703549350
442594695 -22.8578816 -43.3481369 442594696
442594721 -22.8578628 -43.348052 442594720
474452796 -22.8578332 -43.3469412 474452838 474361759 474452794
1703549370 -22.8578149 -43.348243 1703549374
1703549350 -22.857783 -43.3471904 474361759 1703549349
474452794 -22.8577313 -43.3460808 474452796
1703549349 -22.8577039 -43.3474104 1703549350 1703549317
442594696 -22.8576905 -43.3482078 472898307
1703549376 -22.8576882 -43.3480352 1703549386 1703549334
474452626 -22.8576808 -43.345598 474452623
442594722 -22.8576707 -43.3481272 442594721
1703549334 -22.8576595 -43.3479146 1703549317 1703549376
1703549317 -22.8576545 -43.3476947 1703549334 1703549349
474453505 -22.8576305 -43.3427896 474454072 474451444 474452282
474452838 -22.8572557 -43.3469095 474361758 474452796 474454944
1703549374 -22.857251 -43.3485096 1703549394
474454072 -22.8572251 -43.3429083 474453481 474453505
472898307 -22.8571916 -43.3484452 472898405
472897070 -22.857171 -43.3483668 442594722
474452282 -22.8571619 -43.3413773 474453505
474454944 -22.8571414 -43.3458229 474453478 474452838 474455296
474453478 -22.8571144 -43.3455658 474453481 474454944
1703549394 -22.8570768 -43.3485623 472898405
472898405 -22.85685 -43.3485451 472898443
472897080 -22.8567855 -43.3484861 472897070 1703549376
474453481 -22.8567822 -43.3429169 474453478 474454072 474454862
472898443 -22.8567224 -43.3485879 472898469
474447964 -22.856708 -43.3485194 474361758 472897080
472897089 -22.8565212 -43.3486128 474447964
474361758 -22.8564993 -43.3470227 474454866 474452838 474447964
474454853 -22.8561258 -43.3416433 474454857
474454857 -22.8560941 -43.3421326 474454853 474454862
474454862 -22.8560448 -43.3428328 474453481 474454077 474454857 474455690
474455690 -22.8560327 -43.3437549 474454862 474455296 474455885
474455296 -22.8560056 -43.3459003 474455412 474455690 474454944 474454866
474454866 -22.8559838 -43.3470437 474361758 474361757 474455296
472898469 -22.8559359 -43.3489561 472913480
474448195 -22.8559047 -43.348897 474448421 472897089
474361757 -22.8558182 -43.3470586 474455328 474454866
472897097 -22.8556275 -43.3490248 474448195
472913480 -22.8554547 -43.3491823 472898496 472913245
474455613 -22.8553586 -43.3443813 474455607
474448421 -22.8552721 -43.3476429 474448195 474448422
474455607 -22.8552716 -43.3451538 474455446 474455613
474455412 -22.8552432 -43.3459203 474455446 474455410 474455296
474455410 -22.8552184 -43.3464705 474455328 474455412
474455328 -22.8552012 -43.3470542 474455410 474456321 474361757
472898496 -22.8551688 -43.3493166 472913693
474455446 -22.8551574 -43.3459141 474455412 474455298 474455607
474448610 -22.8551312 -43.3492682 472897097 474448422
474456575 -22.8551213 -43.3411884 474454077
474455885 -22.8549947 -43.3436518 474455690 474455887
474454077 -22.8548998 -43.3427023 474454862 474455935 474456575
474456320 -22.8548682 -43.3442097 474455298
472913693 -22.8548129 -43.349488 472898533
474455298 -22.8545993 -43.3459091 474455446 474456320 474456321
473406711 -22.8545132 -43.3495317 474448610
474448422 -22.8544617 -43.3479385 474448421 474448424 474448610 474361755
474455935 -22.8544177 -43.3426477 474454077 474454082 474455887
474456321 -22.8543916 -43.3470552 474455328 474455298 474361756
474454082 -22.8543699 -43.3426422 474455935 474457529
3428476209 -22.8542953 -43.3495063 473406711
474455887 -22.8542196 -43.3436432 474455885 474455935 474456859
472898533 -22.8541789 -43.3497912 473406725 3326691398
474457523 -22.8541722 -43.340622 474457520 474457527
474361756 -22.8541663 -43.3470578 474361755 474456321
3428476210 -22.8541127 -43.3494249 3428476209
472896658 -22.8541062 -43.3496514 472898533 473406711
473406725 -22.8540195 -43.3498557 473406138
474456859 -22.8539966 -43.3449935 474456099 474457067 474455887
474457527 -22.8539586 -43.3413086 474457523 474457529
474361755 -22.8539562 -43.3470437 474456103 474361756 474448422
473406720 -22.853886 -43.3492143 472896658 3428476210
3428476211 -22.8538853 -43.3498905 473406138
474456099 -22.8538637 -43.3457975 474456859 474457200
474457200 -22.8538547 -43.3458614 474456099 474456103 474457257
3428476212 -22.8538451 -43.349759 3428476211
474457529 -22.853776 -43.3424563 474454082 474457069 474457527
472896688 -22.8537353 -43.3497011 472896658 3428476212
474456103 -22.8536785 -43.3469596 474448781 474361755 474457200
474457069 -22.8535735 -43.3423929 474457067 474457529 474454085
472896710 -22.8533947 -43.3496214 472896688
474448424 -22.8533544 -43.3484605 473406720 474448422
474448781 -22.8533114 -43.346892 474361754 474456103 474448946
474461744 -22.8533097 -43.340144 474461724 474459345 474454355
474448946 -22.8532547 -43.3471108 474448948 474448781
474448948 -22.8531914 -43.3474026 474448946 474448951
472896721 -22.8531648 -43.3495701 472896710
474361754 -22.8531559 -43.34684 474456904 474448781
3428512609 -22.8530803 -43.3495962 472896721
3428512611 -22.8530587 -43.3497831 472896732 3428512610
474461724 -22.853049 -43.341011 474459907 474461721 474461744
3428512610 -22.8530362 -43.3496776 3428512609
474457067 -22.8529653 -43.3446779 474457257 474456702 474456859 474457069
474448951 -22.8528829 -43.3479881 474448424 474448948
472896732 -22.8527864 -43.3494338 472896721 472896743 473445952
474459907 -22.8527807 -43.3419038 474461724 474459346 474454085
474457257 -22.8527502 -43.3455038 474456904 474457067 474457200
474454085 -22.8527248 -43.3421273 474459907 474459794 474457069
472914681 -22.8526582 -43.3476915 474448951
474459794 -22.8525782 -43.3425942 474454085 474459793 474459884
472896743 -22.8524956 -43.3494896 472896732 473445998
474456904 -22.8524315 -43.3466954 474361754 474457257 474361753
474459793 -22.852381 -43.3432729 474459794 474459464 474456702
474361753 -22.8523121 -43.3467107 474456904 474361752
474361752 -22.8521854 -43.3467432 473446186 474361753
473446186 -22.8520561 -43.3468736 473446680 474361752 472914681
474456702 -22.8520539 -43.344399 474457067 474459793 473446583
473445998 -22.8517605 -43.3497221 472896743 472896802 473446038
474459464 -22.851744 -43.3430681 474459462 474459575 474459793
474459462 -22.8515858 -43.3436174 474459464
474461721 -22.8515195 -43.3404974 474459345 474459346 474461724 474461718
473446583 -22.8515091 -43.3462742 473446186 474456702
474459575 -22.8514751 -43.3429566 474459573 474459598 474459464
472914701 -22.851309 -43.346055 473446583
473446680 -22.8513067 -43.3469207 473446537
473445952 -22.8512701 -43.3470716 473446537 473445949
474459573 -22.8512695 -43.3436775 474459575
474459346 -22.8512695 -43.3413859 474461721 474459907 474459884 474460404
472896802 -22.8512214 -43.3498951 472896840 473445998
473446537 -22.8511484 -43.3468716 472916587
472916587 -22.8511192 -43.3468275 472916575
474459884 -22.8510834 -43.3420165 474459346 474461160 474459794
473446038 -22.8510396 -43.3485295 473446034 473445949
474461160 -22.8510118 -43.3422594 474459598 474459884 474461151
474461718 -22.8510005 -43.3403215 474461721
472896840 -22.8509996 -43.3499316 472896802 473406462
474459598 -22.8508722 -43.3427328 474461160 474459575 474461176
472916575 -22.850787 -43.3462868 472916565
473406462 -22.8507628 -43.3498987 472896840 3428512608 473446034
474461176 -22.850748 -43.3431538 474459598 474459348 474461396
3428512608 -22.8505976 -43.3498809 473406462 473406406 473406421
472916565 -22.8505696 -43.3460581 472916558
473445949 -22.850523 -43.3477046 473446105 473445952 473446038
472914730 -22.8505022 -43.3451281 472914701
473446034 -22.8504826 -43.3486527 473446031 473446038 473406462
473406406 -22.8504361 -43.3498581 3428512608 472896870
472916558 -22.8504122 -43.3459522 472916551
473446105 -22.8503808 -43.34774 473445947 473446158 473445949
472896870 -22.8502877 -43.349862 472896881 473406406
474459348 -22.8502528 -43.3448326 472914730 474461176
474460404 -22.8502017 -43.3410168 474459346 474459116
472916551 -22.8501068 -43.3458061 473446158
472896881 -22.8500514 -43.3499432 472896870 472896892 473446031
474459116 -22.8499169 -43.3407679 474462026 474461398 474460404 474462797
473446158 -22.849915 -43.3457302 472916540 473446105
472916540 -22.8498244 -43.3456655 472916533
472914741 -22.8498141 -43.3443127 474459348
473446031 -22.8497637 -43.3488204 473446034 473445947 472896881
474461151 -22.8496401 -43.3417978 474461160
472916533 -22.8496112 -43.3455151 472916525
473445947 -22.849558 -43.3479449 473446105 473447941 473446031
473447941 -22.8494525 -43.3474629 473446930 473445947 473447940
472916525 -22.8493878 -43.3453178 472916516
474462797 -22.8493302 -43.3401859 474462795 474462804 474459116 474463229
472914752 -22.8492525 -43.3437033 472914741
472916516 -22.8491983 -43.3450809 473448297
473454748 -22.8491547 -43.3435856 472914752 472916456
473448297 -22.8491225 -43.3449336 472916509 473446930
472916509 -22.8491027 -43.3447444 472916497
474461396 -22.8490785 -43.3425703 474461397 474461176
472916497 -22.8490548 -43.3442612 472916475
472916475 -22.8489994 -43.3439093 472916456
474461397 -22.8489757 -43.3425703 474461396 474461398
472916456 -22.8489365 -43.3437371 472916438 473454747 473454748
473446930 -22.8488931 -43.3450603 473447941 473447159 473448297
473447165 -22.8488383 -43.3482968 473447940 473447169
472916438 -22.8488096 -43.3434115 473454749
473447940 -22.8486612 -43.3476344 473447159 473447165 473447914 473447941
474461398 -22.8486095 -43.3423285 474459116 474461397 474459126
473454749 -22.848571 -43.3429224 472914771 473454849
472914771 -22.8485249 -43.3428278 473454748 474459126
473448527 -22.8484744 -43.3447606 473454747
474459126 -22.8483918 -43.3425883 472914771 472986351 474461398
473454747 -22.8482162 -43.3444655 473448527 473454702 472916456 473454849
472986351 -22.8481762 -43.3422003 473455228 474459126
473447159 -22.8480948 -43.3455159 473447940 473448089 473446930
473455228 -22.8480254 -43.3419356 474462804 472986351 473455083
473447914 -22.8479798 -43.3477832 473447192 473448089 473447940
474462804 -22.8479749 -43.3418469 473455228 472986353 474462797
472986353 -22.8477412 -43.3414365 474462804 474463231
473447845 -22.8477216 -43.3499015 472896938 473447759 473447894
473455083 -22.8477072 -43.3422286 473455084 473455228 473455292
473447894 -22.8476755 -43.3494384 473454652 473447845
473454849 -22.847654 -43.3438228 473454747 473455227 473454749 473454851
474463231 -22.8475449 -43.3410989 472986353 472986360 474463229
473448089 -22.8474928 -43.3459086 473447539 473447914 473447159
473447539 -22.8474778 -43.3458507 473448089 473454702
473454702 -22.8473592 -43.3453357 473447539 473454747 473447540
472986360 -22.847322 -43.3407155 474463406 474463231
473447540 -22.8473117 -43.3451297 473454702 473447541
473447541 -22.8472326 -43.3450095 473447540 473454698
474463406 -22.8471053 -43.3403845 472986360 473452578 474463402
473455291 -22.8470586 -43.342529 473455288 473455292
473455292 -22.847043 -43.3429412 473455227 473455291 473455083
473455288 -22.847027 -43.3420226 473455291
473455227 -22.8469604 -43.3430298 473454849 473448528 473455088 473455292
473452578 -22.8469367 -43.3401271 474463406 473455084 472986370
473454698 -22.8469098 -43.3446385 473454851 473454652 473447541
472986370 -22.8468949 -43.3400632 473452578 474463718
473454851 -22.8468609 -43.3445975 473447895 473454698 473454849
473447759 -22.8468552 -43.3495874 473447758 473447845 473405139
473448528 -22.8465524 -43.3425634 473455227 473452577
473454652 -22.8465517 -43.3449816 473447894 473447895 473454698
473455084 -22.846376 -43.3407075 473452577 473455085 473452578 473455083
473447895 -22.8462838 -43.3439191 473454851 473454652 473455088
473447758 -22.8462597 -43.3470866 473454379 473447759
473405139 -22.8461757 -43.3493525 473447759 473447711 331675608
473455088 -22.8461724 -43.3437911 473447895 473455227 473447713
473447711 -22.8458161 -43.3492017 472926517 473454644 473405139
473454379 -22.8457526 -43.3447588 473447758 473454644 473447757
473447713 -22.8456848 -43.3432308 473455088 473447542 473447757
473452577 -22.845617 -43.341493 473449014 473455084 473448528 473452576
473447757 -22.8454687 -43.343456 473454379 473447713
472926517 -22.8453771 -43.3490472 473447711 473453929
473447542 -22.845358 -43.3428552 473447713 473452576
473454644 -22.8450216 -43.3452299 473447709 473447711 473454379
473453929 -22.844984 -43.3490575 472926517 472926540 473453915
473447709 -22.8448597 -43.3444345 473454644 473447708
473452576 -22.844858 -43.3422823 473452577 473447542 473447543 473452575
472926540 -22.8448231 -43.3490934 473453929 472926548
473447708 -22.844741 -43.3438422 473447706 473447709
473447706 -22.8446303 -43.3436277 473452575 473447708
473453915 -22.8445987 -43.3469836 473453892 473453929 473453989
473453989 -22.8444778 -43.3463044 473454047 473453915 473454041
472926548 -22.8443643 -43.3492136 472926540 473453892 472926554
473454047 -22.8443586 -43.345635 473454067 473453989 473454063
473454067 -22.8442636 -43.3451012 473454047 473454090 473453990
473452575 -22.8441195 -43.3430495 473447705 473447706 473452237 473452576
473453990 -22.8441083 -43.3442285 473454067 473453991
473453892 -22.8440608 -43.3470952 472926548 473453915 473453916
473453991 -22.8440054 -43.3441169 473453990 473453992
472926554 -22.8438818 -43.3493166 472926548 473451753
473451753 -22.8437049 -43.3493166 472926554 472926561 473453916
472926561 -22.8435654 -43.3493166 473451752 473451753
473453916 -22.8435282 -43.3471462 473453892 473451753 473454041
473447543 -22.8435229 -43.3407523 473449014 473449016 473452576 473451121
473454041 -22.843471 -43.3464433 473453916 473454063 473453989
473454063 -22.8434137 -43.345739 473454090 473454047 473454041
473454090 -22.8433725 -43.3452327 473452232 473454067 473454063
473452237 -22.8433331 -43.3437907 473452588 473452235 473452575
473452232 -22.8432935 -43.3442628 473454090 473453992
473453992 -22.8432896 -43.344229 473452232 473453991 473452235
473452235 -22.8432619 -43.3439881 473453992 473452237
473447705 -22.8429771 -43.3417566 473449016 473452575
473451752 -22.8429062 -43.3492632 473412312 473451751 472926561
473449016 -22.8427654 -43.3415143 473452588 473451120 473447705 473447543
473451751 -22.8425975 -43.3440568 473451752
473412312 -22.8425503 -43.3492344 473451752 473412311 473451579
473451579 -22.8422099 -43.3492069 473412312 472926575 473451713
473451713 -22.8420991 -43.3440311 473451714 473451579
473452588 -22.8420014 -43.3422775 473451714 473449016 473452237 473452640
472926575 -22.8419756 -43.3491879 472926590 473451579
472926590 -22.8417066 -43.3491879 472926575 472926602
472926602 -22.8414377 -43.3492651 472926590 473451229
473451214 -22.8413793 -43.344752 473451224 473451212
473451224 -22.8413398 -43.3469665 473451214 473451229 473450449
473451212 -22.841324 -43.344649 473450960 473451214
473451229 -22.8413024 -43.3493401 472926602 472926612 473451224
473451714 -22.8412244 -43.3430671 473452588 473449019 473451713 472937116 472937116 472937116 473451716
473450960 -22.8411895 -43.3445804 473450958 473450527 473451212
472926612 -22.8410817 -43.3494625 473451229 473450199
473449019 -22.8410708 -43.3432071 473451714 473449024
473450958 -22.840968 -43.3443658 473450527 473450960 473451031
473450527 -22.8409364 -43.3446147 473450958 473450960 473450170
473449024 -22.8408652 -43.3433444 473449019 473449026
473450170 -22.8408019 -43.3447005 473451303 473450527 473450168
473451303 -22.8407758 -43.3465889 473451386 473450449 473450170
473450449 -22.8407703 -43.3469922 473451298 473451303 473451224
473451298 -22.8407635 -43.3473272 473450448 473450449 473451279
473450199 -22.8407488 -43.3496325 472926612 472926646 473450448
473450448 -22.8407386 -43.3485629 473451298 473450199
472926646 -22.8406783 -43.3496685 473450199 472926655
473449026 -22.8406674 -43.3434131 473449024 473449028
473452640 -22.8406635 -43.3407398 473451120 473452588 473451716 473452729
473450168 -22.8405092 -43.3447263 473450165 473450170
473449028 -22.8403827 -43.343353 473449026 473451031
472926655 -22.8403144 -43.3498144 472926666 472926646
473450165 -22.8402561 -43.3448636 473451386 473450168
473451386 -22.8401476 -43.3466061 473450165 473451303 473451279
472926666 -22.8401325 -43.3498831 472926655 472926677
473451279 -22.8401038 -43.3473091 473451386 473451298 473450152
473450152 -22.8400979 -43.3474042 473450149 473451279
473451031 -22.8400609 -43.3432724 473449030 473450958 473449028 473451032
