481441797 -22.8799781 -43.328193 481441796 481441798
481442367 -22.8799108 -43.3240778 481441976 481441977
481441796 -22.8799069 -43.3282702 481441797 481441785
481441784 -22.8799016 -43.3291067 475737142 475737139 481441785
481441785 -22.879855 -43.3283776 481441784 481441786 481441783 481441796
481441786 -22.8798335 -43.327967 481441764 481441794 481441785
481442371 -22.8798195 -43.320822 2982913086 481442922 481442008 481442397
475754916 -22.8797804 -43.3222399 481442400
2164680822 -22.8797795 -43.3253568 481441835 481441976
481441782 -22.8793399 -43.3284312 481441781
481441781 -22.8791681 -43.3283426 481441782 481441765
481442008 -22.8791316 -43.3214891 475754916 481441978 481442371
481441764 -22.8790429 -43.3277005 481441786 481441437 481441763
481441977 -22.8789994 -43.3230026 475754916 481442367
475737139 -22.8789441 -43.3291518 475737035 481441784 2164680650 481441762
481441765 -22.878905 -43.3283084 481441762 481441781 481441763
481441762 -22.8789026 -43.3283475 475737139 481441765
481441763 -22.8788947 -43.3282187 481441765 481441764
481441471 -22.8788538 -43.3256157 481441470 2164679277
481441470 -22.8786053 -43.3266279 481441437 481441471 475737619
481441436 -22.8783886 -43.3276952 481441435 481441437
481441978 -22.8783853 -43.3222322 2164871711 2164871717 481442008
481441435 -22.8783649 -43.3278926 481441434 481441436
481441437 -22.8783649 -43.327472 481441436 481441470 481441764
481441835 -22.8782823 -43.3236336 2164680822 2164871804 481441977
481441434 -22.8782779 -43.3280557 481441433 481441435
2164679277 -22.8782402 -43.3254154 440427089
481441433 -22.8782067 -43.3281758 481441434 481441432
2164871804 -22.8781923 -43.3235261 481441835 2164871719
2164871717 -22.8781022 -43.3224993 481442007 481441978
481441432 -22.8780881 -43.3282359 481441431 481441433
2164871711 -22.8780394 -43.3218135 481441978 2164871721
440427089 -22.8780317 -43.3253959 440425598
481442923 -22.8780162 -43.320177 481442922 481442008 481442924
481441431 -22.8779299 -43.3282702 481441429 481441432
2164680650 -22.8778626 -43.3292028 481441429 475737514 475737139
481441429 -22.877821 -43.3282788 481441235 481441431
2164871719 -22.8778008 -43.323088 2164871804 481442007
481441235 -22.8777895 -43.3275429 481441022
481441022 -22.8777647 -43.3270342 481440710
481440710 -22.8777483 -43.3267125 475737619
475753660 -22.8777469 -43.324208 481441835
475737619 -22.8777335 -43.3263451 440425598 481441470
440425598 -22.8777121 -43.3253812 475737586 2164680654
2164679274 -22.8776801 -43.3242955 475753660
475753666 -22.8776547 -43.3243789 2164679274
475737586 -22.8776538 -43.324594 475753666 2164678596
481442007 -22.8776492 -43.3229106 2164871712 2164871719 2164871715 2164871717
2164678596 -22.877597 -43.3243714 475753645
2164871721 -22.8775882 -43.3212672 2164871711 481442924
2164871715 -22.8775277 -43.3227542 481442007 481441837
475753645 -22.8775216 -43.324291 2164678597
475737512 -22.8775097 -43.3295124 475737514 475737511
2164871712 -22.8775082 -43.3230392 481442007 481441980
475737514 -22.8774801 -43.3292209 2164680650 475737228 475737512
481442924 -22.8773012 -43.3209198 2164871718 481442923 2164871721
2164678597 -22.8772621 -43.3241595 475758330
2164680654 -22.8772186 -43.3254122 440425598 2164680652 993744227
2164871718 -22.8771045 -43.3206817 481442924 481441979
475758330 -22.877057 -43.3241059 475758335
993744227 -22.8768765 -43.325505 993744225 2164680654
481441979 -22.8767909 -43.3203021 2164871718 475758433
475758419 -22.87679 -43.3205431 481441979
2362873913 -22.8767867 -43.3208248 475758419
475758400 -22.8767742 -43.3223627 481441837
481441837 -22.8767736 -43.3219373 2164871715 2362873913
475758381 -22.8767426 -43.3232296 475758400
475758335 -22.8767271 -43.3241072 2164678599
475758368 -22.8766951 -43.3236501 475758381
2164678599 -22.8766629 -43.3240992 475758339
481441980 -22.8766533 -43.3239152 2164871712 475758368
993744225 -22.8766424 -43.325518 993744232 993744227
475758339 -22.8766295 -43.3240388 481441980
474967185 -22.8764708 -43.3205817 440425424 474967184 2362873912
2362873912 -22.8764673 -43.3208006 474967185 440425635
440425424 -22.8764671 -43.320442 440425423 474967185
440425635 -22.8764526 -43.3217351 2362873912 440425426
440425426 -22.876443 -43.3224377 2164658912
2164658912 -22.8764332 -43.3230861 440425427
440425427 -22.876404 -43.3234474 440425428
440425428 -22.8763793 -43.3236338 2164658917
2164658917 -22.8763528 -43.3238083 440425429
440425429 -22.8763088 -43.3240098 2164658921
2164658921 -22.8762652 -43.3241114 440425430
440425430 -22.8761962 -43.3241437 474967169
993744232 -22.8761816 -43.325552 481441424 993744225
481441424 -22.8761111 -43.3257382 481441423 993744232
475737228 -22.8760337 -43.3292891 475737514 475737271 1839881259
481441423 -22.876032 -43.3259185 481441424 481441422
481441422 -22.8760004 -43.3260129 481441423 481441421
481441421 -22.8759609 -43.3261674 481441420 481441422
481441420 -22.8759149 -43.3262876 481441419 481441421
481441419 -22.8759035 -43.3265757 481441418 481441420
481441418 -22.875873 -43.3268146 481441419
475737271 -22.8757607 -43.329302 475737228 2164872653 475737268
475737268 -22.8757066 -43.3297355 475737271 475737266
2164872653 -22.8756432 -43.3293075 475737271 475737229
474967184 -22.8755951 -43.3205804 474967185 474967168 474967183 474967167
474967168 -22.8755808 -43.3217091 440425635 474967184 474967169
474967169 -22.8755682 -43.3241277 440425431 474967168
2164680652 -22.8752768 -43.3255607 2164680654 993744203
475737229 -22.8751214 -43.3293321 475737234 2164872653
993744203 -22.8749192 -43.3255661 2164680652 440425596
474967932 -22.8748775 -43.3296026 474967931 474967921 474967934
440426285 -22.8748775 -43.3276748 474967903 474967921
474967903 -22.8748732 -43.3275266 440426285 474967890 474967902
474967921 -22.8748656 -43.3287863 440426285 474967920 474967932
474967902 -22.8748508 -43.3267777 2164870539 474967903 474967892
440426281 -22.8748427 -43.3216952 474967168
2164870539 -22.8748106 -43.3258289 440425596 474967902 2164870537
440425596 -22.8747997 -43.3255709 2164870539 474967885 993744203
2164658926 -22.874795 -43.3217045 440426281
474967885 -22.8747783 -43.3252887 474967870 440425596 474967884
474967870 -22.8747568 -43.3247928 440425431 474967869 474967885
2164658913 -22.8747567 -43.3217231 2164658926
440425431 -22.8747421 -43.3241069 440426283 474967870
2164658927 -22.874736 -43.3217626 2164658913
440426283 -22.8747276 -43.3218096 2164658927
474967183 -22.8745382 -43.3205646 474967184
474967920 -22.8744562 -43.3288251 2164870536 474967921
2164870536 -22.8743984 -43.3288415 2164870541 474967920
2164870541 -22.8743814 -43.3288789 2164870540 2164870536
2164870540 -22.8743586 -43.3291777 2164870538 2164870541
2164870538 -22.8743408 -43.3292261 474967919 2164870540
474967919 -22.8743136 -43.3292482 2164870538 474967918
474967892 -22.8742065 -43.3267383 474967891 474967901 474967902
474967884 -22.8740958 -43.3253748 474967883 474967885
474967888 -22.8740795 -43.327946 474967889
474967901 -22.8740241 -43.3267272 474967892
474967869 -22.8740058 -43.3248285 474967868 474967870
474967889 -22.873953 -43.3277744 474967890 474967888
474967890 -22.8739451 -43.3276542 474967889 474967903 474967891
474967891 -22.8739451 -43.3274654 474967890 474967892
2164870537 -22.873689 -43.3259424 2164870539
474967931 -22.8734627 -43.3297056 474967932
474967918 -22.8731621 -43.3293021 474967919
474967883 -22.8729812 -43.3254448 474967884
474967868 -22.8727885 -43.3249661 474967869
475154086 -22.8696407 -43.3299216 475154090
475154625 -22.8693577 -43.3293486 475154354
475154354 -22.8693277 -43.3295115 475154625 475154356
475154356 -22.869269 -43.3296556 475154354 475154359
475154608 -22.868738 -43.3290832 472905521
474965927 -22.8687116 -43.3200475 1776394570 474965496 474965940
475155211 -22.8686047 -43.3281707 475157010
475157638 -22.8683596 -43.3250207 475157636 475157640
475157640 -22.8683596 -43.3247632 475157638
475157622 -22.8683042 -43.3261622 475157624 475157619
475157624 -22.8683042 -43.3259391 475157622 475157626
474965496 -22.8682748 -43.3215602 474965927
475157619 -22.8682726 -43.3263253 475157617 475157622
475157636 -22.8682647 -43.3252353 475157638 475157628
475157626 -22.868233 -43.3256558 475157624 475157628
475157628 -22.868233 -43.3254499 475157636 475157626
475157010 -22.8682166 -43.3287624 475155311 475157597 475155211
475157617 -22.8681461 -43.3266172 475157614 475157619
475157614 -22.8680907 -43.3269261 475157612 475157617
475157612 -22.8680195 -43.3270721 475157614 475157609
475157597 -22.8678218 -43.3284368 475157010 475157600
475157609 -22.8678218 -43.3273295 475157612 475157606
475157606 -22.867806 -43.3274068 475157600 475157803 475157609
475157600 -22.8677981 -43.327484 475157597 475157606
475157803 -22.867197 -43.3271665 475157606
475158041 -22.8669993 -43.3294324 475158043
475158043 -22.8667542 -43.3298186 475158044 475158041
475156540 -22.8663983 -43.3294496 475156483
475158299 -22.8662876 -43.3288659 475158303
475158303 -22.8661136 -43.3285913 475158299 475158507 475158308
475158308 -22.8660187 -43.3282651 475158303 475158314
475158507 -22.8660028 -43.3286943 475158303 475158512
475158314 -22.8659238 -43.3277158 475158308
475158512 -22.8658684 -43.3287801 475158507 475158515
475158515 -22.8656074 -43.3291062 475158521 475158512
475156162 -22.8655946 -43.3297794 475158521 475156483 475156436
475158521 -22.8652645 -43.32954 475156162 475158953 475158515
475158941 -22.8651329 -43.3290204 475158935 475158953
475158953 -22.8650037 -43.3293508 475158521 475155948 475158941
475158935 -22.8648166 -43.3288316 475158929 475158941
475158929 -22.8647691 -43.3288402 475158935
475155948 -22.8647612 -43.3291749 475155871 475158953 475156101
475155871 -22.864176 -43.3287543 475155948 475155877
475159555 -22.8636777 -43.3277844 475159558
475159562 -22.863567 -43.3281964 475159567 475159558
475159558 -22.863567 -43.3279647 475159555 475159562
475159567 -22.8633455 -43.3282994 475159562 475159570
475159570 -22.8632981 -43.3283938 475159567 475159575
474589704 -22.8632232 -43.3270851 474590194 474589784
475159575 -22.8629976 -43.3286771 475159570 475159582
475159582 -22.8629264 -43.3288316 475159575 475159587
475159587 -22.8629106 -43.3290032 475159582 474968210
474968210 -22.8628179 -43.3290962 474589786 475159587 3326782149
474589784 -22.8627883 -43.3277717 474589704 474589786
474589786 -22.862236 -43.3286325 474589784 474442365 474968210
474590199 -22.8619025 -43.3227334 474590197 474590200
474590200 -22.8618788 -43.3225017 474590201 474590199
474590197 -22.8618234 -43.3239952 474590195 474590199
474590201 -22.8617443 -43.3223386 474590200 474590805 474592651
474590195 -22.8617206 -43.3254285 474590197 474590194
474590805 -22.8616968 -43.3220811 474590201 474590807
474590809 -22.861681 -43.3215747 474590807 474590813
474590807 -22.8616652 -43.3218322 474590805 474590809
474590813 -22.8616415 -43.3215232 474590809 474592653 474590815
474590194 -22.8615297 -43.3268005 474589704 474592648 474590195 474590208
474590815 -22.8614517 -43.3210941 474590813 474590817
474590817 -22.8613251 -43.3209482 474590815 474590819
474590208 -22.8610913 -43.3297671 472909124 474590194
474590819 -22.8610246 -43.3207593 474590821 474590817
472909124 -22.8610242 -43.3299167 474442365 474590208
3326782154 -22.8610036 -43.3299953 3326782153
474592651 -22.8609534 -43.3225186 474590201 474592403 474592653 474592648
474590821 -22.8609534 -43.3206048 474590819 474590823
474590823 -22.8609455 -43.3200813 474590821 474590825
472909133 -22.8608539 -43.3298149 472909124
3326782153 -22.8607713 -43.3298759 3326782156
474592653 -22.8606689 -43.3217391 474590813 474592651 474592655 474591496
472909141 -22.8606034 -43.3297289 472909133
3326782156 -22.8605899 -43.3298039 3326782172
474592648 -22.8605082 -43.3266289 474589703 474592651 474590194 3326782155
3326782155 -22.86009 -43.3296143 472909141 3326782172 474592648
3326782172 -22.8600767 -43.3297013 3326782173 3326782175
3326782175 -22.8600702 -43.3297402 474442929
474442929 -22.8600403 -43.3297696 3326782174 474442928
