463206625 -22.8399614 -43.4092405 463205630 463206747 463205886
463207889 -22.8399432 -43.4018816 463206966 463207822 1272147460 463207888
463206946 -22.8398246 -43.4029974 463207738 463206947 463207822 463206965
463207930 -22.8398088 -43.4009461 463206968 463207929
463206961 -22.839785 -43.4041132 463206960 463206962
1272147460 -22.839764 -43.4016826 463207889 1272147459
463206746 -22.839757 -43.4079278 463205885 463205886 463206752 463206747
463206962 -22.8396189 -43.4038558 463206963 463206961
463206502 -22.8395477 -43.4064221 463208353 463205885 463206503 463207297
463206967 -22.8395477 -43.4012465 463206968 1272147459
463206968 -22.8395477 -43.4009547 463206967 463207930 463207931 463205578
1272147459 -22.839547 -43.4013019 463206966 463206967 1272147460
463206966 -22.8395398 -43.4018988 463206947 463207890 1272147459 463207889
463206963 -22.8395319 -43.4036154 463206962 463206964
463206965 -22.8395082 -43.403109 463206947 463206964 463206946 463207951
463206947 -22.8395003 -43.4024481 463206965 463206966 463206946
463207246 -22.8394924 -43.405126 463207245 463206960 463206503 463207297
463206964 -22.8394844 -43.4033408 463206963 463206965
463206752 -22.8394662 -43.4076093 463206746 463206764 463206731
463205630 -22.8394212 -43.4097952 463205840 463206625 463205887
463207931 -22.839263 -43.4009289 463206968 463207932
463205886 -22.8392313 -43.4084734 463206746 463206764 463205887 463206625
463208353 -22.8391562 -43.406813 463206731 463206502 463208352
463207890 -22.8391364 -43.4018301 463206966 463207891
463207932 -22.8389861 -43.4008946 463207931 463207933
463206764 -22.8389495 -43.4081528 463206560 463205886 463206752
463206731 -22.8389381 -43.4070308 463208353 463208723 463206752
463207891 -22.8387963 -43.4017615 463207890 463207892
463207951 -22.8387887 -43.4034874 463206965 463207242 463208081
463208723 -22.8387111 -43.4072575 463206501 463208376 463206731
463207933 -22.8386934 -43.4007573 463207932 463206980
463205887 -22.8386618 -43.4090571 463205630 463205886 463205902
463207245 -22.8386618 -43.4042248 463207244 463207246 463208162
463208375 -22.8386222 -43.4066538 463208719
463208081 -22.8386222 -43.4034781 463208082 463207951
463207244 -22.8385431 -43.4039759 463207245 463207243
463208082 -22.8385431 -43.4034008 463208084 463208081
463206980 -22.8385352 -43.4006457 463205579 463207934 463207892 463207933
463207892 -22.8385162 -43.4016756 463210534 463207891 463208238 463206980
463210534 -22.8385025 -43.4024227 463210641 463207892 463210606
463210641 -22.83849 -43.4031008 463210534 463208084 463207300
463208719 -22.8384889 -43.4067669 463208375 463208376 463208718
463208084 -22.838487 -43.4032633 463210641 463208082 463207242
463207243 -22.8384799 -43.4038214 463207242 463207244
463207242 -22.8384799 -43.4036498 463208084 463208165 463207243 463207951
463206501 -22.8384561 -43.4075121 463206560 463208723
463208352 -22.8384561 -43.4060015 463208353
463208162 -22.8384561 -43.4039673 463207245 463208165
463206560 -22.8384197 -43.40755 463206501 463206764 463206555
463204135 -22.8384166 -43.4098725 463204136 463202837 463202864
463207297 -22.8384166 -43.405229 463207298 463206502 463207246
463208376 -22.8383691 -43.4068684 463208719 463208377 463208723
463206555 -22.8383429 -43.4076295 463206369 463205902 463206560
463207934 -22.8383217 -43.4005341 463207935 463206980
463208238 -22.8382711 -43.4015605 463207893 463208297 463207892
463208165 -22.8382653 -43.4037766 463207298 463207242 463208162
463207893 -22.8381872 -43.4015212 463208238 463207894
463208735 -22.8381793 -43.406156 463208718
463207935 -22.8381081 -43.4003281 463207934 463207936
463208718 -22.8380764 -43.4062762 463208719 463208735 463208736
463202837 -22.838029 -43.4094605 463206372 463205955 463204135
463208297 -22.8379815 -43.4016242 463208238 463208298
463207936 -22.8379341 -43.4001135 463207935 463207105
463208736 -22.8378629 -43.4064736 463208718 463208737
463207894 -22.8378312 -43.4012637 463207893 463207895
463208706 -22.8377679 -43.4055209 463208705 463208707
463205902 -22.8377442 -43.4082503 463205887 463205952 463206555
463208707 -22.8377284 -43.4057097 463208708 463208706
463208705 -22.8377284 -43.4053406 463208704 463208706
463205955 -22.8376809 -43.4090914 463202837 463205954
463208377 -22.8376809 -43.4072718 463208376 463206367
463208708 -22.8376335 -43.4058642 463208707 463210230
463208704 -22.8375939 -43.4051604 463208703 463208705
463205954 -22.8375623 -43.4089369 463205952 463205955
463206372 -22.8375206 -43.4099212 463202836 463202837 463206371
463207298 -22.8375069 -43.4042248 463208165 463207823 463207297 463207299
463210230 -22.8374677 -43.4059508 463208708 463208710 463209397
463205952 -22.8374594 -43.4085421 463205954 463205902
463207895 -22.8374515 -43.4008688 463207894 463207896
463208710 -22.8374199 -43.4059758 463210230 463210221
463208298 -22.8373962 -43.4018044 463208297 463208299
463208703 -22.8372854 -43.4048171 463207823 463208704
463207896 -22.8372459 -43.4006629 463207897 463207895
463207299 -22.837143 -43.403727 463207298 463207300
463210606 -22.8371272 -43.4028601 463210534
463207897 -22.8371029 -43.4003835 463207898 463207103 463207105 463207896
463206371 -22.8370244 -43.4092717 463206370 463206372
463207300 -22.8370244 -43.403521 463210641 463207299 463207301
463207823 -22.8370165 -43.4045338 463207298 463208703 463208702
463208737 -22.8370086 -43.4069027 463208736 463208738
463207301 -22.8369611 -43.4033236 463207300 463207302
463207302 -22.8369374 -43.4030661 463207301
463207103 -22.8369215 -43.4005084 463207101 463207897
463210221 -22.836914 -43.4062341 463210220 463208710 463209667
463208689 -22.8368583 -43.4021477 463208299 463208691
463206370 -22.8368504 -43.4090056 463206369 463206371
463208299 -22.8368345 -43.4020018 463208689 463208298 463208300
463208691 -22.8368108 -43.402328 463208689 463208692
463208702 -22.8368029 -43.4042849 463207823 463208701
463208692 -22.8367238 -43.4024825 463208693 463208691
463206369 -22.8366289 -43.4085249 463206370 463206367 463206156 463206555
463207101 -22.836613 -43.40068 463207099 463207103
463208701 -22.8365972 -43.4040102 463208700 463208702
463208693 -22.8365419 -43.4026541 463208692 463208695
463208700 -22.8364707 -43.4037528 463208698 463208701
463208695 -22.8364153 -43.4028515 463208693 463208697
463208698 -22.8363916 -43.4034094 463208700 463208697
463206367 -22.8363757 -43.4079327 463206369 463208377 463208378
463210425 -22.8363757 -43.4015297 463303674
463208697 -22.8363678 -43.4031519 463208695 463208698
463209667 -22.8363635 -43.4065152 463209702 463210221 463208711
463210220 -22.8363441 -43.4055724 463209402 463210221
463209397 -22.836265 -43.4046025 463210222 463209402 463210230
463207099 -22.8362571 -43.4007916 463303782 463207101
463208300 -22.8362017 -43.402122 463208302 463208299
463206155 -22.8361701 -43.4091258 463206154 463206156
463208378 -22.8360751 -43.4080615 463206367 463208379
463303674 -22.8360664 -43.4015874 463210425 463303782 463210397
463303782 -22.8359982 -43.4008191 463207099 463303674 463207095
463208738 -22.8359723 -43.4074263 463208737 463208739
463206156 -22.8359565 -43.4088683 463206155 463206369 463206198
463210055 -22.8358853 -43.4035983 463210222 463210231
463207095 -22.8358537 -43.4008345 463305233 463303782
463209402 -22.8358378 -43.4051089 463209702 463210219 463210220 463209397
460847149 -22.8358325 -43.4097571 460847114 460847183
463210273 -22.8358141 -43.4028773 463210274
463208711 -22.8358062 -43.4067997 463209598 463209667 463208713
463208379 -22.8357904 -43.4081215 463208380 463208378
463305233 -22.8357524 -43.4008345 463207093 463207095 463305231
463208739 -22.8357034 -43.4075036 463208738 463208740
463210231 -22.8356954 -43.4033494 463210055 463210232
463208302 -22.8356875 -43.4022078 463208780 463208300
463206198 -22.8356559 -43.4087481 463206199 463206156
463210274 -22.8356559 -43.4028 463210273 463210275
463303968 -22.8356417 -43.4003756 463304822
460847183 -22.8356347 -43.4094824 460847149 460847221
463210219 -22.8356163 -43.4047741 463209402
463210222 -22.8356145 -43.4038881 463210055 463210281 463209397
463210397 -22.8355926 -43.4016757 463303674 463210435
463208380 -22.835474 -43.4080958 463208381 463208379
463209702 -22.8354629 -43.4055001 463209405 463210040 463209402 463209667
463208740 -22.8354502 -43.4074778 463208739 463208741
463304101 -22.8354439 -43.4001182 463304820
463210275 -22.8354423 -43.402843 463210274 463210232
463209405 -22.8354265 -43.405538 463209702 463209598
463210435 -22.8354182 -43.4016658 463210397 463210398 463207093
463207093 -22.8353949 -43.4008345 463305233 463210435 463207087
463210281 -22.8353915 -43.4041268 463210222 463210053 463210280
460847221 -22.8353895 -43.4092163 460847183 460847245
463208780 -22.8353632 -43.4022078 463208302 463208303 463208779
463210232 -22.8353395 -43.403006 463210231 463210233 463210276 463210275
463206199 -22.8353078 -43.4087052 463206200 463206198
463210053 -22.8352999 -43.4042248 463210049 463210281
463208303 -22.8352841 -43.4022078 463208780 463208304
463210040 -22.8352287 -43.4052462 463209702 463210043
463207087 -22.8351892 -43.4008345 463207086 463207093
463208741 -22.8351655 -43.4073748 463208740 463208713
463210280 -22.8351496 -43.4038558 463210279 463210281
463210049 -22.8351417 -43.4044222 463210105 463210053
463210276 -22.8351417 -43.4031691 463210232 463210277
463210043 -22.8351022 -43.405066 463210040 463210045
463208381 -22.8350943 -43.40801 463208380 463208382
460854374 -22.835081 -43.4095768 460854355 460854000 463200478
463210105 -22.8350614 -43.404553 463210049 463210138 463210047
463206200 -22.8350547 -43.4087395 463206199 460847284 460847245
460847245 -22.8350494 -43.4089417 460847221 460847284 463206200 463206225
463210045 -22.8350468 -43.40486 463210043 463210047
463209598 -22.8350393 -43.4059241 463209405 463208743 463208711
463210047 -22.835031 -43.4046025 463210045 463210105
463210233 -22.8350072 -43.4028258 463210232 463210234
463208713 -22.8349914 -43.4072546 463208742 463208711 463208741
463210279 -22.8349598 -43.4036669 463210278 463210280
463210277 -22.8349598 -43.4033665 463210276 463210278
460854000 -22.8349544 -43.4092592 460854374 463206225 460853968
463207086 -22.8349361 -43.4007916 463207085 463207087
460853968 -22.8349228 -43.409388 463200478 460854000
463210278 -22.8348886 -43.4035124 463210277 463210279
463206225 -22.8348846 -43.4091196 460847284 460854000 460847245
463208742 -22.8348649 -43.4071173 463208713 463200616
463208779 -22.8348649 -43.4024996 463208780 463210235
463200478 -22.8348581 -43.4094957 460853946 460854374 460853968 463200479
460853946 -22.8348042 -43.4095854 460853868 463200478
463210234 -22.8347541 -43.40274 463210233 463210235
463200616 -22.8347304 -43.4069542 463208475 463208742 463208743
463200479 -22.8347225 -43.4094691 463200480 463200478
463208382 -22.8347146 -43.407804 463208381 463208383
463207085 -22.8347146 -43.4006972 463207086 463207007
463210398 -22.8346829 -43.4016242 463210435 463210399
463208918 -22.8346671 -43.4054951 463208744
460847284 -22.8346539 -43.4086584 463206229 463206225 463206200 460847245 460847310
460857856 -22.8346301 -43.4001526 460857833 463207007
463210235 -22.8346201 -43.4027405 463210234 463208778 463208779
463208304 -22.8346196 -43.4021649 463208303 463208306
460853868 -22.8345668 -43.4099888 463203312 460853946
463208383 -22.8345509 -43.4076632 463208420 463208382 463208389
463208743 -22.8345484 -43.4064135 463209598 463200616 463208744
463208778 -22.8345247 -43.4028344 463208777 463210235
463210399 -22.8345168 -43.4015812 463210398 463210400
463206229 -22.8344846 -43.4081786 460858083 460847284 463206248
463208846 -22.8344773 -43.4048256 463208745 463208837
463210138 -22.8344693 -43.4039158 463210105 463210139
463208389 -22.8344456 -43.4076666 463208383 463208390
463207007 -22.8344212 -43.4004907 460857856 460857873 463207085
463208420 -22.8344173 -43.4075482 463208383 1272177073
463206248 -22.834414 -43.4083189 463206229 463206254
460858083 -22.8344086 -43.4079632 463206229 463208390
460847310 -22.8343928 -43.4085125 460847284 463206254
463208475 -22.8343685 -43.4072283 463200617 1272177073 463200616
1272177073 -22.834355 -43.4074713 463208420 463208475 463200618 463208390
463208390 -22.8343384 -43.4077715 460858083 1272177073 463200618 463208389
463210139 -22.834327 -43.4037528 463210138 463210140
463200617 -22.8343111 -43.4072718 463208475 463200618
463208744 -22.8343032 -43.4058041 463208745 463208918 463208743
463210140 -22.8342558 -43.4035811 463210139 463210141
463206254 -22.8342536 -43.4083993 460847344 463206248 460847310
463210400 -22.8342399 -43.4014439 463210399 463210401
463210141 -22.8342083 -43.4033751 463208777 463210140
463208777 -22.8342004 -43.4031691 463208776 463208778 463210141
463200618 -22.8341827 -43.4073464 460858066 463200617 463298614 1272177073 463208390
460857873 -22.8341792 -43.4008822 463210401 463207007
460858066 -22.8341634 -43.4072937 460858044 463200618
463208306 -22.834145 -43.4020791 463208304 463208307
460847344 -22.834108 -43.4082808 463206254 463203015
463203015 -22.8340472 -43.4082341 460847344 460847367 463200480
463302938 -22.8340438 -43.4000838 463302934 463210404
463208776 -22.8339947 -43.4034867 463208777 463208775
463210401 -22.8339871 -43.4012854 460857873 460857886 463210400 463210402
463208745 -22.8339631 -43.4053835 463208746 463208744 463208846
460858044 -22.833847 -43.4065041 460858066 460857991
460857886 -22.8338153 -43.4016461 463210401 463208307
463210402 -22.8337574 -43.4011263 463210401 463210403
463200480 -22.8337495 -43.4087224 463203015 463203169 463200479 463200481
463208775 -22.8337495 -43.4039673 463208837 463208776
463208307 -22.8337254 -43.401933 460857886 460857902 463208306 463208309 463299365
463208837 -22.8337178 -43.4040405 463208774 463208775 463208846
463210403 -22.8336625 -43.4009461 463210402 463210404
463208746 -22.8336546 -43.4050831 463208745 463208747 463208772
460857991 -22.8336492 -43.4060578 461999439 460858044
463210404 -22.833615 -43.4007658 463210405 463302938 463302941 463210403
460847367 -22.8335939 -43.407886 463203015 463200620
463210405 -22.8335755 -43.4005255 463210406 463210404
463208774 -22.8335676 -43.4043879 463208781 463208837
461999439 -22.8335643 -43.4057488 461999591 460857972 460857991
463208772 -22.8335596 -43.4048943 463208746 463208773
463210406 -22.8335517 -43.4002337 463210405 463210407
460857902 -22.8335464 -43.4025044 463208307 460857919
463208781 -22.8335282 -43.4046298 463208774 463208782 463208773
463298614 -22.8335269 -43.4076031 463200618 463200619 463200499
463208773 -22.8335201 -43.4046797 463208772 463208781
460857972 -22.8335148 -43.4055685 461999439 463208747
463200619 -22.8334964 -43.4076151 463298614 463200620
463208747 -22.8334352 -43.405024 460857955 460857972 463208746
460857955 -22.8334119 -43.4048647 463208782 463208747
460857919 -22.8333882 -43.4033283 460857902 461999612
461999591 -22.8333804 -43.4057545 461999439 461999593
461999612 -22.8333678 -43.4038753 461999611 460857919 460857934
463208782 -22.8333623 -43.4042505 460857955 460857934 463208781
460857934 -22.8333565 -43.4041781 461999612 463208782
463302941 -22.8333556 -43.4013026 463210404
463200620 -22.8333541 -43.407675 460847367 463200621 460847392 463200619
463302958 -22.8333239 -43.4002812 463210407 463302959
463203169 -22.8333128 -43.4094563 463200480 463203080 463203204
460847392 -22.8333012 -43.4076285 463200620 460847415
461999611 -22.8332459 -43.403892 461999612 461999610
461999593 -22.8331826 -43.4057288 461999591 463298542
463200499 -22.8331087 -43.406568 463298591 463298614 463200500
461999610 -22.8331035 -43.4039092 461999609 461999611
460847415 -22.8330797 -43.4074396 460847392 460847443
463298542 -22.8330657 -43.4056653 461999595 463298591 461999593
463200621 -22.832998 -43.4080443 463200620 463200481
463203204 -22.832995 -43.4099905 463203169 463203183 463203070
461999595 -22.8329611 -43.4056086 463298542 461999596
461999609 -22.8329611 -43.4040122 461999608 461999610
463200481 -22.8329584 -43.4081301 463200480 463200482 463200621 463200622
463208309 -22.8329505 -43.401607 463301264 463208307
463298591 -22.8329284 -43.4059203 463298542 463200499 463298628
463302959 -22.8328809 -43.4011138 463302958
463301264 -22.8328576 -43.4015699 463208309 463301591 1272182388
461999608 -22.8328108 -43.4041323 463299388 461999607 461999609
461999596 -22.8327713 -43.4054713 461999595 461999597
463299387 -22.8327702 -43.4030021 463299386 463299410
460847443 -22.8327633 -43.4072422 460847415 460847634
463299386 -22.8327623 -43.4026931 463299365 463299387
463299410 -22.8327326 -43.4033091 463299388 463299364 463299387
461999607 -22.8327001 -43.4042611 461999606 461999608
463299365 -22.8326673 -43.4024442 463299364 463299386 463208307
463299388 -22.8326515 -43.403972 463299410 461999608 463299363
461999597 -22.8326436 -43.4053195 461999596 461999599 463298528
461999606 -22.8326289 -43.4044413 461999603 461999607
461999599 -22.8325973 -43.4051794 461999597 461999601
461999603 -22.8325735 -43.4046301 461999602 461999606
461999601 -22.8325656 -43.404982 461999599 461999602
461999602 -22.8325419 -43.4048018 461999603 463298504 461999601
463301379 -22.8324933 -43.4007533 463301653 463303035
463200500 -22.8324759 -43.4069972 463200501 463200499
460847634 -22.8324389 -43.4071306 463200501 460847443
463200501 -22.8323811 -43.4071169 460847634 463200482 460847660 463200500
463200482 -22.8321041 -43.407495 463200501 463200481 463200483 463200502
460847660 -22.8320038 -43.4070277 463200501 460847687
463301653 -22.8319978 -43.4005479 463301379 463301590 463303064 463301591
1272182388 -22.8316857 -43.4021475 463301264 463301220 1272182344
463301591 -22.8316805 -43.4010995 463301264 463301125 463301653
463301125 -22.8316196 -43.4010752 1272182381 463301591 463301123
460847687 -22.8315846 -43.4069418 460847660 463298628
1272182344 -22.8315817 -43.4018757 1272182351 1272182388
463298628 -22.8315112 -43.4069212 460847687 463298591 463200483
463298528 -22.8315045 -43.4061606 463298521 463298667 461999597
1272182351 -22.8314977 -43.4018649 1272182377 1272182344
463301590 -22.8314075 -43.4002955 463301582 463301589 463301653
463298521 -22.8313621 -43.4058516 463298512 463298528
1272182377 -22.8313543 -43.4019132 463301219 1272182351
463299364 -22.8313146 -43.4031394 463299363 463299365 463299410
463200483 -22.8312876 -43.4068583 463298481 463200482 463298628
463301123 -22.8312497 -43.4012632 463301293 463301125 463301217
463298512 -22.8312355 -43.4054912 463298521 463298506
463298504 -22.8311564 -43.4045556 463298506 461999602 463298473
463298506 -22.8311327 -43.4050019 463298504 463298512
463301220 -22.8311011 -43.4024356 463301219 463301286 1272182388
463298481 -22.8310469 -43.4067906 463298667 463200483 460847704
463200001 -22.8310283 -43.407289 463200002 1272184368
463200002 -22.8310124 -43.4071946 463200001 463200003
463298667 -22.8309622 -43.406592 463298481 463298479 463298668 463298528
463301217 -22.8309587 -43.4017661 463301123 463301218
463301219 -22.8309508 -43.4020751 463301218 463301220 1272182377
463301218 -22.8309112 -43.4019549 463301217 463301219
463298479 -22.8308954 -43.4064353 463298478 463298667
463298668 -22.8308479 -43.4065297 463298667 463298670
463298478 -22.8308163 -43.4061263 463298477 463298479
463301582 -22.8307952 -43.4000336 463301590 463301380 463301580
1272182381 -22.8307824 -43.4007406 463301125 463301507 463301341
463200502 -22.8307503 -43.4097972 463200622 463200482 1272183707 1272184368
460847704 -22.8307302 -43.4067015 463298481 463298671
463298477 -22.8306976 -43.4057486 463299449 463298478
463298670 -22.8306818 -43.4065297 463298671 463299562 463298668
463299449 -22.8306674 -43.4056109 463298477 463298476 463299539
463298476 -22.8306185 -43.4053882 463299449 463298475
463298475 -22.830571 -43.4049247 463298473 463298476
463298473 -22.8305631 -43.4044869 463298504 463298889 463298475
463299562 -22.8305552 -43.4063323 463299561 463298670
463301286 -22.8304919 -43.4027532 463301293 463301220
463298671 -22.8304787 -43.4066451 463298670 460847704 463200004
463200003 -22.8304508 -43.4067997 463200002 463200004
463200004 -22.8304064 -43.4066289 463200003 463298671 463200631
463299561 -22.8303891 -43.4061606 463299562 463299560
463299539 -22.8303891 -43.4054225 463299449 463299540
463200631 -22.8302592 -43.4065959 460847720 463200004 463200762
463299363 -22.8302072 -43.4036887 463299364 463299388 463299362 463301121
463299560 -22.8301676 -43.4059718 463299558 463299561
463200762 -22.8301344 -43.4067568 463200631 463200763
463301293 -22.8301145 -43.40184 463301286 463301121 463301123
463299540 -22.8300489 -43.4052337 463299542 463299539
1272184368 -22.8298903 -43.4092352 1272183701 463200001 463200763 463200502
463299558 -22.8298354 -43.4057658 463299556 463299560
460847720 -22.829773 -43.4064869 463200631 463200627
463301507 -22.8297551 -43.4003301 1272182381 463301034 463301380
463299542 -22.8296851 -43.4050534 463299540 463299547
1272183701 -22.8296058 -43.4097262 1272184368 1272183696
463299362 -22.8295743 -43.4040149 463301075 463299361 463299363
1272183696 -22.8295552 -43.4098112 1272183701 463199999
463301121 -22.8295352 -43.4021344 463301341 463301293 463299363 463301076
463299556 -22.8295189 -43.4055598 463299553 463299558
463301034 -22.8294867 -43.4002228 463301507 463208310 463301035 463301033
463301033 -22.8294715 -43.4000495 463301032 463301034 463301503
463299547 -22.8294556 -43.4050277 463299542 463299549
463208310 -22.8294066 -43.4001908 463301034 463300878 463300877
463301035 -22.8294003 -43.40041 463301034 463301036
463299553 -22.8293528 -43.4053452 463299556 463299551
463299549 -22.8293528 -43.405062 463299547 463299551 1272182387
463299551 -22.8293053 -43.4051822 463299549 463299553
463301075 -22.8292895 -43.4033282 463301309 463299362 463301076
463300877 -22.8292816 -43.4003842 463300876 463208310
463301341 -22.8292546 -43.4014851 1272182381 463301065 463301121
463301036 -22.8292025 -43.4005731 463301035 463301037
463299361 -22.829155 -43.4041694 463298889 463299362
463300876 -22.829155 -43.4004701 463300875 463300877
463301037 -22.8290443 -43.4006417 463301049 463301036
463200627 -22.8290284 -43.4063196 460847720 1272182368 463299767
463200763 -22.8290268 -43.4086709 463199736 1272184368 463200762
463300875 -22.8290047 -43.400513 463301049 463300876 463300874
1272182387 -22.8289959 -43.4049549 463299549 1272182373
463199736 -22.8289873 -43.4086451 463200772 463200763
463301049 -22.828958 -43.4006279 463299982 463300875 463301037 463301038 463301065
463301065 -22.8289494 -43.400779 463301049 463301341
463200772 -22.828935 -43.4086264 463200771 463199734 463199736
463301076 -22.8289335 -43.4024356 463301075 463301077 463301120 463301121
463300874 -22.8289019 -43.4004958 463300873 463300875
463301309 -22.828894 -43.4034656 463301308 463301075
1272182373 -22.8288426 -43.4049549 1272182355 1272182387
463301038 -22.8287753 -43.4005988 463301049 463301039
460841215 -22.828773 -43.4000166 463300738
1272182355 -22.8287536 -43.4049817 1272182373
463298889 -22.8287516 -43.4042294 463299360 463298473 463299361
463300873 -22.8287437 -43.4004271 463300870 463300874
463200771 -22.8287421 -43.4088597 463200770 463200772
463299817 -22.8287041 -43.4054397 463299767
463299982 -22.8286567 -43.4009078 463301049 463299981
463301077 -22.8286329 -43.4018605 463301076 463301092
463301039 -22.8286171 -43.4004872 463301040 463301038
463300870 -22.8286092 -43.4002984 463300738 463300873
1272182368 -22.8285746 -43.4070637 463200627 1272182378 1272182380
463200770 -22.828568 -43.4091773 1272183702 463200771
2786788166 -22.8285555 -43.4000341 460828802
463300738 -22.8285545 -43.4001793 463301040 463300870
463301308 -22.8285459 -43.4034999 463301309 463301307
1272183702 -22.8285408 -43.4092623 463200770 463200769
463301120 -22.8285222 -43.4027188 463301118 463301076
463200769 -22.8285048 -43.4093747 463200768 1272183702
463301040 -22.8284402 -43.4002593 463301039 460841238
463299767 -22.8284367 -43.4061867 463200627 463299817 460847737
460841238 -22.8283966 -43.4002899 460841264
1272182378 -22.8283521 -43.4074284 1272182368 1272182375 463199734
463301092 -22.8283402 -43.4019893 463301077 463301093
463299360 -22.8282928 -43.4041865 463298889 1272182367
460828773 -22.8282225 -43.4002556 2786788166
460847737 -22.8282067 -43.406135 463299763 463299767
1272182367 -22.828186 -43.4041726 463299360 1272182372 463299359
463301118 -22.828182 -43.4030364 463301117 463301120
463301307 -22.8281741 -43.4034999 463301117 463301308
1272182372 -22.8281307 -43.4048797 1272182367
463301093 -22.8280001 -43.4022725 463301094 463301092
463299359 -22.8278972 -43.404135 463299357 1272182367
463301117 -22.8278656 -43.4034141 463301340 463301118 463301307
463199734 -22.8278561 -43.4082417 463200772 1272182378 463199731
463299758 -22.8278181 -43.4052079 463299762
1272182353 -22.8277796 -43.4046652 1272182348
460828745 -22.827748 -43.4006247 460828773
463299762 -22.8277232 -43.405577 463299758 463299763
460841264 -22.8277083 -43.4008736 2786788147
463301094 -22.8277074 -43.4026072 463301093 463301095
463301340 -22.8276915 -43.4036973 463299357 463301117
1272182380 -22.8276906 -43.4067788 1272182368
1272182375 -22.8276659 -43.4070684 1272182378
1272182348 -22.8276659 -43.4049817 1272182353 1272182365
463299763 -22.8276339 -43.4060005 463198696 460847737 463299762
463299981 -22.8276203 -43.4017575 463299980 463299982
463299357 -22.8275808 -43.404032 463299356 463301340 463299359
1272182359 -22.8275769 -43.4046384 1272182363
463198696 -22.8275424 -43.405979 463299763 460847754 463198703
463199731 -22.8274526 -43.4078726 463198704 463199734 463200202
460847754 -22.8274394 -43.4059548 463198696 1272182365
463301095 -22.8274226 -43.4028991 463301094 463301096
2786788147 -22.8273634 -43.4011593 2786788157 2786788150
463299980 -22.8273356 -43.4019978 463299979 463299981
2786788150 -22.8273052 -43.4011439 2786788152
1272182365 -22.8273036 -43.4059136 1272182348 460847754 1272182363
463299356 -22.827296 -43.4038947 463298991 463299357
2786788152 -22.8272711 -43.4010946 2786788155
2786788155 -22.827261 -43.4010127 460828745
460828709 -22.8272417 -43.4010281 2786788155
463200202 -22.8272311 -43.4082331 463199731 1272183691
463301096 -22.8271853 -43.4031737 463301095 463301097
1272182357 -22.8271764 -43.4044399 1272182362
2786788159 -22.8271547 -43.4012671 2786788157
2786788157 -22.8271419 -43.401338 460841301
463198703 -22.8271362 -43.4066452 463198696 463199519
2786788162 -22.8271206 -43.4012101 2786788159
463299979 -22.8270745 -43.4021094 463299978 463299980
1272182363 -22.8270714 -43.4058432 460847771 1272182365 1272182359
2786788164 -22.8270379 -43.4011984 460828709 2786788162
463298991 -22.8270251 -43.4036988 463301097 463299356 463298990
460841301 -22.8269726 -43.4014744 460841356
463301097 -22.8269471 -43.403621 463298950 463298991 463301096
460847771 -22.8269014 -43.4057917 1272182363 1272182362
463298950 -22.8268688 -43.4035428 463301097 463298949
460816469 -22.8268619 -43.4006504 460816423 460816483
463299643 -22.8268372 -43.4043239 463299645
463199519 -22.8268051 -43.4070583 463199518 463198703 463198704
1272182362 -22.8267335 -43.4057396 460847771 1272182357 463198695
463299978 -22.826679 -43.4021609 463299979 463299897
463198704 -22.8266615 -43.4072375 463199519 803454459 463199731
460828672 -22.8265535 -43.4016031 2786788164
463298990 -22.8265366 -43.4033797 463298991 463298989
463198695 -22.8264831 -43.405662 1272182362 463299645 463198694
460841356 -22.8264743 -43.4018091 463298890
463298949 -22.8264416 -43.4031566 463298950 463298934
463299622 -22.8264258 -43.4039462 463198927 1272182349
463299645 -22.8264094 -43.4056392 463299643 463198695 460843374
463199518 -22.8263688 -43.4067225 463199506 463199519
460843374 -22.8263477 -43.40562 463198927 463299645
1272183691 -22.8262844 -43.4092648 463200202 1272183704
463298931 -22.8262518 -43.4020837 463298890 463299897
1272182370 -22.826242 -43.4035708 1272182349
463299897 -22.826238 -43.4021684 463298931 463299978 463298932
463298932 -22.826228 -43.4022296 463298933 463299897
1272183704 -22.8261981 -43.4093589 463200204 1272183691
463298890 -22.8261808 -43.401964 463298931 460841396
1272182349 -22.8261579 -43.403662 1272182346 1272182370 463299622
460816423 -22.826142 -43.4012512 461709612 460816469
463198694 -22.8260761 -43.4062418 463199506 463198695
463298933 -22.8260698 -43.4024957 463298932 463298934
461709612 -22.8260461 -43.401333 2362974371 460816423 461709613
460828636 -22.8260312 -43.4019464 460828672
461709613 -22.8259886 -43.4012442 461709612 461709615
463298989 -22.825967 -43.4029334 463298935 463298990
461709615 -22.8259332 -43.4010296 461709613 461709616
463199506 -22.8259065 -43.4064755 463198693 463199518 463198694
460841396 -22.8258888 -43.4021181 463298937
460828611 -22.8258809 -43.4020323 460828636
461709616 -22.825862 -43.4009953 461709615 461709618
1272182346 -22.8258612 -43.404 1272182349
463200454 -22.8258546 -43.4098639 463200768 463200204
463298934 -22.8257929 -43.4026502 463298933 2362974395 463298949
2362974395 -22.8257035 -43.4026664 463298934 463298935
463200204 -22.8257019 -43.4098997 463198705 463200454 463199504 463199943 1272183704
463198927 -22.8257008 -43.4054498 460843415 463198944 460843374 463299622
461709618 -22.8256484 -43.4004974 461709616 461709620
803454459 -22.8256387 -43.408383 463198705 1272185381 463198704
463198982 -22.8256252 -43.4060187 463198981 463198944
463298935 -22.8256031 -43.4026845 463298937 2362974395 463298989
463198944 -22.8255698 -43.4060015 463198927 463198982 463199095
460828570 -22.8255646 -43.4023154 460828611
460843415 -22.8255645 -43.405414 463198927 460843447
2362974379 -22.8254923 -43.4023845 460828570
461709620 -22.825471 -43.4001745 461710019 461617343 461709618 461709622
463198693 -22.8254591 -43.4070916 1272185381 463199506
463299842 -22.8254528 -43.4041179 460843487 463299855
463298937 -22.8253996 -43.4026013 460841573 463298935
2362974371 -22.8252106 -43.4020453 2362974372 461709612
463198705 -22.8251901 -43.4088854 463198791 803454459 463199151 463200204
460841573 -22.8251848 -43.4028134 463299843
463299855 -22.825127 -43.4036491 463299842 463299861 463299843
2362974372 -22.8251217 -43.4021211 2362974371 2362974375
463198981 -22.8250714 -43.406774 463199103 463198980 463198982
463199095 -22.8250714 -43.4058814 463199103 463198944
2362974375 -22.8250688 -43.4021661 460816416 2362974372
460816416 -22.8250345 -43.4021954 461617406 2362974375
460828537 -22.8249634 -43.4028906 2362974379
461710019 -22.8249252 -43.4005736 461617341 461709620 461709858
1272185381 -22.8248841 -43.4076763 463198693 463199151 803454459
463198980 -22.8248816 -43.4069714 463198981 463198960
460843447 -22.8248762 -43.4051909 460843415 463198909
463199103 -22.8248499 -43.4066109 463198981 463199095
461617406 -22.8248215 -43.4024097 460816416 461617339 460816401
463299843 -22.8247992 -43.4031775 460841608 463299855
463198909 -22.8247689 -43.4050846 460843447 460843487 463198924
460841608 -22.8247576 -43.4032168 460841647
463199151 -22.8246956 -43.407868 1272185381 463198705 463198926
460843487 -22.8246943 -43.4050106 460843196 463299842 463198909
461617341 -22.8246609 -43.4007669 461710019 461709725 461709796
463198926 -22.8246256 -43.4079391 463198842 463199151 463198960
460816401 -22.8245994 -43.4026331 461616405 461617406
460843196 -22.8245677 -43.4047961 460843023 460843487 463299861
460843023 -22.8244174 -43.405002 1272190442
461709725 -22.824388 -43.4009613 461617339 461709647 461617341
463299861 -22.8243787 -43.4045454 460843196 460841796 463299855
463198960 -22.8243618 -43.4075217 463198980 463198925 463198926
463198924 -22.8243278 -43.4064307 463198909 463198925
460841647 -22.8243067 -43.4037318 460841687
460828517 -22.8241881 -43.4037231 460828537
460841687 -22.8241484 -43.4039034 460841736
460841796 -22.8241405 -43.4042296 463299861
463198925 -22.8241063 -43.4071173 463198924 463198960
460841736 -22.8240693 -43.4040665 460841796
463198842 -22.8240542 -43.4085202 463198908 463198599 463198926
747083728 -22.8239972 -43.404073 460828517
461617339 -22.8238777 -43.4013248 461709775 461617406 461617548 461709725
461616405 -22.8238442 -43.4034428 460816388 460816401
461617548 -22.8237195 -43.4011189 461617339 461617549
747083722 -22.8237006 -43.4045236 747083728
461709775 -22.8235058 -43.4015131 461616409 461617339 461709733
461616406 -22.8234743 -43.4029213 461616405
1272190442 -22.8234214 -43.4062067 463198908 1272190444
461617549 -22.8233793 -43.4000631 461617548 461709733 461709647 461617551
747083712 -22.8233248 -43.4050601 747083722
463198599 -22.8233152 -43.4092717 463198781 463198600 463198842
460816388 -22.8232545 -43.4040751 461616491 461616405
461616407 -22.8232449 -43.4025522 461616406
1272190444 -22.8230825 -43.4057541 1272190442
461709733 -22.8230233 -43.4002511 461616411 461709775 461617549
463198908 -22.8230006 -43.4067157 463198601 463198842
461616409 -22.8229284 -43.4018055 461617338 461709775 461616407
461616491 -22.8229188 -43.4044724 461616723 460816388 461616761
463198781 -22.8228852 -43.4096888 463198566 463198791 463198599
463198600 -22.8227376 -43.4082536 463198601 463198599 463198639
461616761 -22.8226033 -43.4038745 461616491 461616493 461616722
461616493 -22.8225487 -43.403771 461616495 461616761
461616411 -22.8224854 -43.4005352 461616409 461618432 461709733
747083707 -22.8223952 -43.4062188 747083712
461616495 -22.8223509 -43.403299 461616493 461616497
463198601 -22.8223272 -43.4075302 460842988 463198600 1272190440
460842988 -22.8222814 -43.4075856 460842949
747083699 -22.8222172 -43.4064548 747083707
461616497 -22.8221927 -43.4028097 461616495 461617338
461616723 -22.8221921 -43.4053325 461616722 461616733 461616491
747083680 -22.8221184 -43.4073561 1272190440
747083692 -22.8221184 -43.4066694 747083699
1272190440 -22.8221052 -43.4071915 463198601 747083686 1272190439
747083686 -22.8220986 -43.4071093 460828221
747083677 -22.8220887 -43.4075706 747083680
460828221 -22.8220757 -43.4068646 747083692
461617338 -22.8220216 -43.402265 461617172 461616409 461616497 461616499
463198639 -22.8220178 -43.4090914 463198600 1272186942
747083660 -22.8220096 -43.4078067 747083677
1272186942 -22.8219904 -43.4091233 463198566 460842917 463198639 463198640
461616499 -22.8219474 -43.4020287 461617338 461618432
747083650 -22.8218758 -43.4080011 747083660
460842949 -22.82187 -43.4080662 460842917
461616722 -22.8217655 -43.4045778 461616723 461616721 461616917 461616761
1272190439 -22.8217228 -43.4067412 1272190440 1272190445
460842917 -22.8216246 -43.4083643 747083650 2432683598 1272186942
461618432 -22.8214964 -43.4010159 461618283 461616411 461616499 461616303
461616721 -22.821449 -43.4037796 461616722 461618187
1272190445 -22.8213717 -43.4071113 1272190439
461616733 -22.8213333 -43.4063489 461616732 461616723 460816372
461618187 -22.821311 -43.4034086 461618193 461616720 461616721
461616303 -22.8212671 -43.4005009 461618432 461618501
460816372 -22.821253 -43.406444 461614690 461616733
461616917 -22.8211909 -43.4049016 461616732 461616722 461616911
461618501 -22.8211884 -43.4003033 461618742 461618499 461616303
461616720 -22.8210851 -43.4028011 461617172 461618187
461617172 -22.8210646 -43.4027482 461617097 461617338 461616720
461616911 -22.8210614 -43.4047581 461616906 461616917
461614690 -22.8209022 -43.4068424 1272190454 461614860 460816372
461618193 -22.8208873 -43.403565 461618191 461618187
1272190454 -22.8208393 -43.4069138 461614690 1272190455
461617097 -22.8208089 -43.4020898 461618283 461617172 461616739
461614860 -22.8207608 -43.4067236 461614690 461614861
461616732 -22.8207449 -43.4051529 461616733 461616745 461616917
1272190455 -22.8207114 -43.407059 462047569 1272190454 1278186106
2432683598 -22.8206844 -43.4093859 460842917 2432683818
461618191 -22.8206421 -43.4030157 461618193
461618499 -22.8205472 -43.4005695 461618501
461618283 -22.8205455 -43.4014114 461617097 461618432 461616719
462047569 -22.8205114 -43.4072862 1272190455 462684985 460816358
2432683818 -22.8205113 -43.4095576 2432683598 463198496
1278186106 -22.8205062 -43.406548 1272190455 1278186127
463198496 -22.8204197 -43.4096236 2432683818 747082882 463198497
461614861 -22.8204127 -43.4060369 461614860 461616745
461616719 -22.8203019 -43.4007841 461616718 461618283
1278186127 -22.8202936 -43.4061242 1278186106 1278186169
461616906 -22.8202624 -43.4038139 461616903 461616911 461616999
460816358 -22.8202403 -43.4075941 462047569 462047567
463195584 -22.8202378 -43.4097609 463195585 747082882
747082882 -22.8202197 -43.4096628 463195584 460827920 463198496
1278186169 -22.8201452 -43.4058452 1278186155 1278186127
461616745 -22.8201105 -43.4055431 461614862 461616732 461614861
462684985 -22.8201011 -43.4066321 462684528 462047569 462685081
