2255433892 -22.8199677 -43.2991628 483723122 543771744
552977256 -22.8199474 -43.2977771 552981912 552860201 552985218
483723122 -22.8198358 -43.2992608 2255433892 483723116
552985683 -22.8198356 -43.2948426 2088890201 2088877573 552985746
552861032 -22.8198013 -43.2907545 2088918741 2088918763
483723116 -22.8197171 -43.2994067 483723113
2088890218 -22.8197098 -43.2944017 2088890214 2088890201
552860205 -22.8197042 -43.2988422 2367036491 552860211 552979761
552985723 -22.819652 -43.292868 552985743 552985449 552985451
552985218 -22.8196117 -43.2972877 552985129 2088877574 552977256
483723113 -22.8195747 -43.2996556 543775509
2088890201 -22.8195675 -43.2945861 552985683 2088890207 2088890218
2088890214 -22.8195063 -43.2942086 2088890207 2088890218
2088877573 -22.8194433 -43.295349 2088890213 552985683 2088877576
2088918741 -22.8193804 -43.2906853 552861032 552998320
2088890207 -22.8193578 -43.2943855 2088890214 2088877579 2088890201
552985129 -22.8193081 -43.2968463 552985102 552985109 552985218
552985743 -22.8192601 -43.2933543 552985723 552985746
483726651 -22.8191403 -43.2997755 483723122
552979761 -22.8190396 -43.2982242 552979763 552860205 552979643
552998320 -22.8190013 -43.290622 2088918741 553014371 552861028 553006714
552985102 -22.8189902 -43.2964357 552985129 2088890213 2088877580
552860211 -22.818913 -43.2994516 552860228 552979763 552860205
552985451 -22.8188577 -43.2920959 552985723 552985937
553006714 -22.8188577 -43.2914522 552998320
2088890213 -22.8187979 -43.2961656 552985102 552977653 2088877573
552985937 -22.8186224 -43.2918787 552996318 552985451 552996545
552861028 -22.8186141 -43.2905716 552861026 552998320
552861026 -22.8184127 -43.2905479 2088918746 552861028
552860228 -22.8183434 -43.2998979 552860211 552860232
2088877579 -22.8183248 -43.2933971 552996318 2088877576 2088890207
2088918746 -22.8183197 -43.2905271 2088918744 552861026
552977653 -22.818296 -43.2954605 2088890213 552981912 552977995
2088918744 -22.8182514 -43.2904846 552861022 2088918746
552861022 -22.8181748 -43.2903956 2088918762 2088918744
552979643 -22.8181713 -43.2975389 552979637 552979761 2088976438
552979763 -22.8181615 -43.2988422 552979761 552979765 552860211 552979637
552996545 -22.8181184 -43.2914137 552996645 552985937 552976899
2088918762 -22.818071 -43.2900981 553014381 552861022
2088877576 -22.8179008 -43.2939221 2088877579 2088877573
552996318 -22.8177915 -43.2929073 552996645 552997436 552985937 2088877579
552981912 -22.8177817 -43.2962905 552977246 552977256 552977653 2088976439
552976899 -22.8176393 -43.2909715 552997744 552976908 552996545
2034705704 -22.8175939 -43.2901832 552998219
2088976439 -22.8175889 -43.2966256 552981912
552998219 -22.8175323 -43.2901891 2034705704 552998236
2088976438 -22.8173937 -43.2968305 552980876 552979643
552996645 -22.8172718 -43.2924321 552996318 552997164 552976908 552996545
552979637 -22.8172702 -43.2981757 552979763 552979636 552979643 552980520
552979765 -22.8172388 -43.2995068 552979763 552980233 552860232 552979636
552997744 -22.8171891 -43.290569 552976899 552985453 552997817
2088976440 -22.8171686 -43.297205 552980520
552997436 -22.8170539 -43.2938125 552996318 2034705706
552977246 -22.8169633 -43.2957398 552977233 552981912 552977967 552980876
2034705706 -22.8169363 -43.2937771 552997436 2034705699
552977967 -22.8169115 -43.2955377 552977995 552977246
2034705700 -22.8169066 -43.2935947 552997313 2034705699
552997313 -22.8168903 -43.2934762 552997164 2034705700
2034705699 -22.816872 -43.2936752 2034705706 2034705700
552980520 -22.8168073 -43.2977789 552979637 552980525 552983617 2088976440
552976908 -22.8168007 -43.2920015 552996645 552997817 552976899 2034705703
552985453 -22.8167524 -43.2901787 552997744 2034705707 552998236
2034705707 -22.8166889 -43.290259 2034705708 552985453 2034705705
552980876 -22.8166474 -43.2963297 552980525 552977246 2088976438 552982347
552997164 -22.816595 -43.2932975 552996645 552997313 2034705703
552979636 -22.816421 -43.2987907 552980233 552979637 552979765 552983617
552997817 -22.8163693 -43.291586 552997744 552975654 552976908
2034705705 -22.8163413 -43.2906983 2034705697 2034705707 552975654
552983617 -22.8162677 -43.2986751 552980015 552979636 552980520
552977995 -22.8161349 -43.293971 552977967 552977653 552977671
552980525 -22.8160812 -43.2972542 552980876 552980015 552980520 552980531
552980233 -22.8160778 -43.29941 552979296 552979765 552979636
2034705703 -22.8160177 -43.292906 552997164 552976908 552976377
2034705698 -22.8159837 -43.2902776 2034705697
2034705697 -22.8159622 -43.2903331 2034705698 2034705705
552975654 -22.8159508 -43.2912092 2034705702 552997817 2034705705
552976377 -22.8159463 -43.2929885 2034705703 552977671 552976350
2034705702 -22.8158697 -43.2913972 552975654 552976350
552979296 -22.8157316 -43.2999893 552980233 552979302 2201002674
552976350 -22.8156479 -43.2925991 2034705702 552976377
1635591559 -22.8156362 -43.29011 146437149
552980015 -22.8155477 -43.2981914 552983617 552980525 552979302
146437149 -22.8155419 -43.2904771 1636649565
483729151 -22.8155343 -43.2999383 483729146
1635591558 -22.8155219 -43.2900336 144372627
552977671 -22.815476 -43.2934831 1799696606 552977995 552976377
483729738 -22.8154302 -43.299981 2201002673
144372627 -22.8154106 -43.2904371 144372625
552978498 -22.8153133 -43.298928 483729151
552979302 -22.8152797 -43.2980428 552979296 552980015 552980531
144280053 -22.8152713 -43.2904223 1635591555
1799696606 -22.815173 -43.2937305 552976925 552977671
122420793 -22.8151544 -43.2904212 146484731 122420791
122420791 -22.8151543 -43.2900752 1635591552
144372620 -22.8150843 -43.2984534 483729738
552978502 -22.815076 -43.2979324 552978498
552977233 -22.8149811 -43.2943533 552977227 552977246
552977227 -22.8148624 -43.2942159 552976925 552977233
552980531 -22.814849 -43.2964322 552979308 552980525 552979302
552979308 -22.8148387 -43.296396 552979315 552980531
1636649565 -22.8148067 -43.2934433 552976958 144372625
552976925 -22.8147833 -43.2941043 1799696606 552977223 552977227 552976932
146437145 -22.814775 -43.2967653 552978502
552977223 -22.8147595 -43.2940185 552976958 552976925
552976958 -22.8147098 -43.2938343 146437148 552977223
2360340949 -22.8146904 -43.296303 146437145
144372621 -22.8146571 -43.2966424 144372620
146437148 -22.8146563 -43.2940188 552976932
2368401550 -22.8146362 -43.2960066 2360340949
552976932 -22.8146262 -43.2943019 552976925 552982347
146437146 -22.8145614 -43.295598 2368401550
552979315 -22.8145614 -43.2953661 552979308 146437146
146437147 -22.8145614 -43.2949114 552979315
552982347 -22.8145558 -43.2948947 146437147 552980876
2088989914 -22.8145479 -43.2979989 2088989929
144280056 -22.8145463 -43.293458 144280053
1050540682 -22.8145155 -43.2996702 1050540643 1050540802
2201024456 -22.8145034 -43.2929366 122420793
144372625 -22.8144839 -43.2942743 144372623
144372623 -22.8144514 -43.2947712 144372622
144372622 -22.8144435 -43.2955523 144372621
144280064 -22.8144277 -43.2964278 144280061
2368394935 -22.8143573 -43.2935014 2201024456
146484732 -22.8143478 -43.2935381 2368394935
2368401545 -22.8143331 -43.2965846 146484735
144280059 -22.8143096 -43.2943227 144280056
1050540635 -22.8142762 -43.2999534 1050540620 1050540778
144280061 -22.8142694 -43.2953377 146484733 144280059
146484735 -22.8142608 -43.2962589 146484734
2088989929 -22.8142364 -43.2965666 2088989912 2088989914
1050540643 -22.8142269 -43.299129 2089038455 1050540682 2089038462
1050540778 -22.8142266 -43.29971 1050540798 1050540635
1636454288 -22.8142219 -43.2940549 146484732 2088989922
2201024463 -22.814185 -43.293566 2201024481
2088989922 -22.8141827 -43.2935846 2201024463 2201025059
146484733 -22.8141784 -43.2944606 1636454288
2201024481 -22.8141689 -43.2934927 2201024482
2089038455 -22.8141671 -43.2990034 1050540643 1050540775
1050540798 -22.8141624 -43.2997314 1050540755 1050540778
2088989912 -22.8141424 -43.2960945 2088989949 2088989929
146484734 -22.8141421 -43.2950573 146484733 2088989951
2201024482 -22.8141356 -43.2934285 2201024480
2088989949 -22.8140883 -43.2956825 2088989912 2088989951 2088989935
2201024480 -22.8140785 -43.2933782 2201024476
2088989951 -22.8140633 -43.295263 2088989949 146484734
1050540775 -22.8140582 -43.2987743 1050540658 2089038455 1050540647
2201024472 -22.8140389 -43.2933185 2201024476
2201024469 -22.8140365 -43.2932889 2201024472
2201024476 -22.8140195 -43.293357 2201024454
2201024452 -22.8140092 -43.2932702 2201024469
2201024430 -22.8139871 -43.2932701 2201024452 2201024456
2201024454 -22.8139351 -43.2933641 2201024447
1050540658 -22.8138925 -43.2984553 2089038456 1050540831 1050540775
2201024447 -22.8138734 -43.2933828 2201024432
1050540831 -22.8138133 -43.2982718 1050540689 1050540658 1050540844
2201025059 -22.8137807 -43.2940784 2088989957 2088989922
2088989935 -22.8137419 -43.2957405 2088989949 2088989941
2088989957 -22.813735 -43.2941377 2201025059 2201025061
2201025061 -22.8137128 -43.2941961 2201025057 2088989957
1050540755 -22.8137037 -43.2999251 1050540630 1050540798 1050540770 1050540624
2201025057 -22.8136966 -43.294426 2088989945 2201025061
2088989945 -22.8136826 -43.2945013 2201025057 2088989953
1050540844 -22.8136268 -43.2983681 1050540805 1050540831 1050540626
2088989941 -22.8136034 -43.2958585 2088989947 2088989935
1050540689 -22.8135786 -43.2977624 1050540639 1050540831
2089038462 -22.8135585 -43.2993844 1050540643 1050540647 1050540624
1050540624 -22.8135288 -43.2993965 2089038462 1050540755 1050540792
1050540626 -22.8134686 -43.2984598 1050540615 1050540786 1050540844
1050540639 -22.8134402 -43.2972475 1050540689 2088989939
1050540647 -22.8134316 -43.2990997 2089038462 2089038461 1050540775 2089038474
1050540713 -22.8133605 -43.2997646 1050540630 1050540792
2089038474 -22.81336 -43.2989615 2089038456 1050540647
2089038461 -22.8133463 -43.2991522 1050540647
2089038456 -22.8132955 -43.2987966 1050540658 2089038474
1050540792 -22.8132941 -43.2994533 1050540713 1050540704 1050540672 1050540624
2088989947 -22.8132558 -43.2963455 2088989943 2088989941 2201006163
1050540615 -22.8132343 -43.2985824 1050540783 1050540821 1050540626
2201006163 -22.8132157 -43.2963976 2201006165 2088989947
1050540704 -22.8131747 -43.2991607 1050540792 1050540857
1050540805 -22.8131268 -43.2973247 1050540844
1050540821 -22.8131261 -43.2986294 1050540615 1050540702 1050540857
2201006165 -22.8131242 -43.2965075 2201006163 2088989939
2088989939 -22.8131016 -43.29654 1050540639 2201006165 2201006160 2089038468
1050540672 -22.8130369 -43.299523 1050540690 1050540792
2089038468 -22.8129569 -43.2967631 2089038490 2089038475 2088989939
2088989943 -22.812949 -43.2955573 2088989947 2088989953
2088989953 -22.8129416 -43.2954358 2201024484 2088989945 2088989943
1050540857 -22.8129172 -43.2987085 2089038495 1050540704 1050540821 1050540736
2201006160 -22.8128879 -43.2960564 2089038496 2088989939
2089038490 -22.8128805 -43.2968781 2089038472 2089038468 2089038482
2089038496 -22.8128353 -43.2960379 2089038475 2201006160
2089038472 -22.8127949 -43.2970083 2089038490 1050540786 2089038486
2089048335 -22.8127914 -43.2997878 2089048332 1050540777
2089048332 -22.8127902 -43.299745 1050540761 1050540690 2089048335
1050540690 -22.8127828 -43.299592 1050540742 2089048332 1050540672
1050540786 -22.8127756 -43.2970377 2089038472 2089038469 1050540626
1050540736 -22.8127482 -43.2987747 2089038458 1050540614 1050540857
2089038469 -22.8127202 -43.2971241 2089038454 1050540786 2089038471
1050540742 -22.8127185 -43.2993023 1050540690 1050540614
2201024484 -22.8126891 -43.2947322 2201024483 2088989953
2089038475 -22.8126705 -43.2962034 2089038482 2089038496 2089038468
2089038454 -22.8126388 -43.2972511 2089038469 1050540783 2089038464
1050540783 -22.8126135 -43.2972907 1050540615 2089038454 2089038463
2089038495 -22.8126124 -43.2980765 2089038493 1050540857
2201024432 -22.8126001 -43.2939863 2201024442
2089038482 -22.8125778 -43.2963066 2089038475 2089038490 2089038486
2201024445 -22.8125759 -43.2939313 2201024430
1050540614 -22.8125482 -43.2988716 1050540742 2089048329 1050540736 1050540717
2089038463 -22.8125453 -43.2973847 1050540783 2089038467 1050540702
2201024442 -22.812529 -43.2939796 837573570 2201024445
2201024483 -22.8125234 -43.294174 837573570 2201024484
1050540702 -22.8125114 -43.2974313 1050540821 2089038463 1050540671
2089048329 -22.8125071 -43.2989661 1050540722 1050540614
1050540761 -22.8124922 -43.2996924 1050540657 2089048332
837573570 -22.8124891 -43.2939991 837573569 2201024434 2201024442 2201024483
2089038486 -22.8124797 -43.2964164 2089038472 2089038465 2089038482
2089038493 -22.8124762 -43.2978321 1050540671 2089038495
2089038471 -22.812476 -43.2966444 2089038469 2089038465
1050540610 -22.81247 -43.2999977 1050540816 2089048336
1050540717 -22.8124485 -43.298794 1050540698 1050540614
2089038464 -22.8124315 -43.2968241 2089038494 2089038454
1050540722 -22.8124251 -43.2990271 2089048331 2089048329
837573569 -22.8123862 -43.2937988 837573570 837573568
2089038465 -22.8123832 -43.2965166 2089038494 2089038486 2089038471
2201024434 -22.8123751 -43.2940533 837573570 2201024425
1050540671 -22.8123575 -43.2975481 2089038493 1050540702 2089038452
2089038467 -22.8123326 -43.2970333 2089038463
2089038452 -22.8123235 -43.2975724 1050540671 2089038484 2089038498
2089048331 -22.8123203 -43.2990986 1050540722
2089038458 -22.8123125 -43.297849 1050540820 1050540736
2089038494 -22.8122959 -43.2966179 2089038488 2089038465 2089038464
837573568 -22.8122959 -43.2936579 837573569 837573567
2089038484 -22.8122671 -43.2976128 1050540820 2089038452
1050540820 -22.812224 -43.2977088 2089038458 2089038484
1050540816 -22.8121945 -43.2999231 1050540720 1050540610
1050540657 -22.8121844 -43.2996349 1050540761 1050540631 1050540679
1050540698 -22.8121725 -43.2989086 1050540685 1050540717
2089038498 -22.8121719 -43.2973283 2089038479 2089038452
2201024425 -22.8121698 -43.2941581 2201024434 2201024479
837573567 -22.8121476 -43.2933574 837573566 837573568
1050540679 -22.8121399 -43.2997797 1050540657 2089048330
2089048330 -22.8121282 -43.2998688 1050540720 1050540679
2089038488 -22.8121252 -43.2968162 2089038494 2089038481
1050540720 -22.8120582 -43.2999283 1050540816 2089048330 1050540719 1050540692
1050540631 -22.8120163 -43.2992916 1050540685 1050540657
2201024479 -22.811977 -43.2942572 2201024425
2089038479 -22.8119717 -43.2975295 2089038470 2089038498
1050540685 -22.8119289 -43.2990192 1050540698 1050540757 1050540631 2089038492
2089038470 -22.8118307 -43.2977226 2089038460 2089038479 2089038481
1050540719 -22.8117988 -43.2999407 1050540720 1050540642
1050540757 -22.8117557 -43.2986126 1050540685
2089038492 -22.8117294 -43.2991308 1050540685 1050540718
2089038481 -22.8116294 -43.2975613 2089038480 2089038488 2089038470
1050540718 -22.8116075 -43.2992421 1050540822 2096289088 2089038492
2096289088 -22.8114761 -43.2993461 2096289083 1050540660 1050540718
2089038460 -22.8114525 -43.2982269 2089038457 2089038470 2089038480
2089038457 -22.8114178 -43.2983127 2089038497 2089038460
837573566 -22.811396 -43.2915014 837573565 837573567
2089038497 -22.8113857 -43.2983744 2089038457 2089038473
1050540822 -22.8113583 -43.2988226 2089038477 1050540718
2089038473 -22.8113362 -43.29842 2089038477 2089038497
1050540660 -22.8113204 -43.2994693 1050540730 1050540645 2096289088
2096289083 -22.8113123 -43.299034 2096289088
1050540730 -22.8112805 -43.299505 1050540694 1050540660
2089038480 -22.8112747 -43.298072 2089038485 2089038460 2089038481
2089038477 -22.8111893 -43.2986224 1050540822 2089038473
2089038485 -22.811105 -43.2983178 2089038459 2089038480
837573565 -22.8110696 -43.2907074 837573564 837573566
1050540791 -22.811057 -43.2999997 1050540662 1050540796
1050540796 -22.8110545 -43.2997976 1050540650 1050540791 1050540694
1050540645 -22.8110446 -43.2988832 1050540660
1050540694 -22.811035 -43.2996066 1050540794 1050540796 2096289082 1050540730
2096289082 -22.8109513 -43.2990554 1050540694
2089038459 -22.8108871 -43.2985237 2089038485 2096289091
837573564 -22.8108026 -43.2900208 837573563 837573565
1050540650 -22.8106911 -43.2999192 1050540796 1050540753
1050540753 -22.8106105 -43.2999958 1050540650 1050540675
1050540794 -22.8105852 -43.2995775 1050540694
1050540633 -22.8104587 -43.2998413 1050540741
2096289091 -22.8104409 -43.2993605 2089038459 2096289086
2096289086 -22.8102689 -43.2996831 2096289090 2096289091
837573413 -22.8097444 -43.2903212 837573412 837573414
122377043 -22.8096507 -43.2901602 1635265791
1635265791 -22.8095495 -43.2903164 122377041
837573412 -22.8094872 -43.2906752 837573411 837573413
122377041 -22.8094402 -43.2904479 122377039
122377039 -22.8093645 -43.2905062 1635265775 122383995
837573411 -22.8092301 -43.2910507 837573412 837573410
122415020 -22.8091946 -43.2900197 122415017
1635265783 -22.809097 -43.2901832 122415020
122383995 -22.8090255 -43.2906189 122383992
837573410 -22.8090125 -43.2915014 837573411 837573409
1635265778 -22.8089202 -43.2903226 1635265783
1635265775 -22.8088296 -43.29087 122377038
122383992 -22.8088096 -43.2906258 2933620864
1635265766 -22.8087549 -43.2903874 1635265778
837573409 -22.8087059 -43.2921129 837573408 837573410
2933620864 -22.8086829 -43.2905951 122383991
122377038 -22.8086209 -43.2910904 122377037
1635265763 -22.808585 -43.2903924 1635265766
122383991 -22.8085635 -43.2905566 122383989
837573408 -22.808429 -43.2925313 837573407 837573409
122415023 -22.8084194 -43.290343 1635265763
122383989 -22.8084132 -43.2904755 1635265719
122377037 -22.8083922 -43.2914305 122377433
122378058 -22.8082841 -43.2911706 122378057
122415027 -22.8082825 -43.2902486 122415023
122378057 -22.8082624 -43.2913763 122378056
122378059 -22.808227 -43.2909736 122378058
122378056 -22.8082149 -43.2916179 122377433
122415030 -22.8081889 -43.2901433 122415027
122378060 -22.8081475 -43.2908873 122378059
837573407 -22.8081323 -43.2929498 837573408 837573406
122415033 -22.8081245 -43.2900056 122415030
122377433 -22.8080815 -43.2918862 122377036
1635265749 -22.8080385 -43.2905278 1635265748
1635265748 -22.8080215 -43.2909603 122364410
122364410 -22.8079967 -43.2911985 1635265744
122378061 -22.8079779 -43.2908205 122378060
1635265744 -22.8079656 -43.2914192 122364409
122369361 -22.8079267 -43.2905478 122359996
1635265743 -22.8079196 -43.2909434 122369361
122359996 -22.8079046 -43.290003 122381577
122369363 -22.8079004 -43.2911921 1635265743
122364409 -22.8078682 -43.2918284 1635265737
1635265741 -22.8078586 -43.2914271 122369363
122378062 -22.8078278 -43.2908335 122378061
122383974 -22.8077922 -43.2900509 122383973
837573406 -22.8077664 -43.2933467 837573405 837573407
1635265737 -22.8077565 -43.2921577 122364408
122369364 -22.8077501 -43.2918359 1635265741
1635265736 -22.8077197 -43.2909019 122378062
1635265728 -22.807662 -43.2910201 1635265736
1635265727 -22.8076398 -43.2921472 122369364
122383976 -22.8076241 -43.2902887 122383974
1635265725 -22.8076207 -43.2911869 1635265728
122364408 -22.8076036 -43.2924829 1635265706
122377036 -22.8075253 -43.2928151 122377035
1635265722 -22.80748 -43.2903782 122383976
122375440 -22.8074793 -43.2919783 122375438 1635265725
122369365 -22.8074732 -43.2924882 1635265727
122375438 -22.8074498 -43.2916712 122375437
1635265707 -22.8074155 -43.2922537 122375440
122375437 -22.8074073 -43.2914425 122375435
1635265706 -22.8073967 -43.2928513 122364407
1635265705 -22.8073283 -43.2925053 1635265707
122383979 -22.8073209 -43.2904254 1635265722
1635265701 -22.8072994 -43.2927986 122369365
122375435 -22.8072878 -43.2911473 122375434
122377035 -22.8072399 -43.2932 122376015
122375442 -22.8071883 -43.292783 1635265705
1635265696 -22.8071783 -43.2904482 122383979
122364407 -22.8071705 -43.2931543 122376015
837573405 -22.8071433 -43.2940119 837573404 837573406
122369366 -22.807095 -43.2930871 1635265701
122383981 -22.8070552 -43.290414 1635265696
122375444 -22.8070059 -43.2930663 122375442
122376015 -22.8069603 -43.2934286 122364405
1635265683 -22.8069562 -43.2903505 122383981
1635265680 -22.8068948 -43.2902707 1635265683
122375446 -22.8068452 -43.2933598 122375444 122369366
1635265679 -22.8068423 -43.2901639 1635265680
1635265677 -22.8068224 -43.2900391 1635265679
122375434 -22.8067264 -43.2901466 1635265670
837573404 -22.8067082 -43.294484 837573403 837573405
837573403 -22.8064115 -43.2949024 837573402 837573404
837573402 -22.8062532 -43.2951492 837573403 837573401
122364405 -22.8061361 -43.2942306 122364404
837573401 -22.8061247 -43.2954603 837573400 837573402
837573173 -22.806095 -43.2985931 837573172 837573174
837573174 -22.806095 -43.2982605 837573173 837573175
837573175 -22.8060455 -43.2969731 837573176 837573174
837573400 -22.8060455 -43.2958036 837573399 837573401
837573172 -22.806006 -43.2988721 837573171 837573173
837573176 -22.8059961 -43.2966405 837573175 837573180
837573399 -22.8059763 -43.2961255 837573180 837573400
837573180 -22.8059664 -43.2963937 837573176 837573399
837573171 -22.8058477 -43.299151 837573170 837573172
837573170 -22.8055708 -43.2993656 837573171 837573169
122369367 -22.8050917 -43.2951919 122375446
122364404 -22.8050838 -43.2953721 122364402
837573169 -22.8048983 -43.2996445 837573170 837573168
122369369 -22.8047356 -43.2957068 122369367
122364402 -22.8046011 -43.2960587 2523457067
837573168 -22.8044829 -43.299784 837573167 837573169
2523457067 -22.804343 -43.2965986 122364401
122369372 -22.8042925 -43.2964621 122369369
2523457065 -22.8042529 -43.296557 122369372
837573167 -22.8041664 -43.2999557 837573166 837573168
122364401 -22.804158 -43.2969857 2523457062
2523457062 -22.8041075 -43.2971397 2523457059
2523457059 -22.8040962 -43.2971742 122364400
122369373 -22.8040235 -43.2971059 2523457065
122364400 -22.8038653 -43.2978784 122364399
122369374 -22.8036912 -43.2981873 122369373
122364399 -22.80362 -43.2989169 122364398
122369375 -22.8034934 -43.2990714 122369374
122364398 -22.8034222 -43.2997409 122364397
122369376 -22.803264 -43.2998181 122369375
837607525 -22.8032536 -43.2902126 1636649559
1636649558 -22.8031917 -43.2900873 122391262 122218025
1636649559 -22.8031516 -43.2902386 1636649557
1636649557 -22.8028964 -43.2903005 122280493
1636649556 -22.8028915 -43.2901638 1636649558
122280493 -22.8025117 -43.2903755 835514836
1636649555 -22.8025012 -43.2902339 1636649556
837573938 -22.8024455 -43.2953208 837573937
837573937 -22.8024257 -43.2954818 837573938 837573028
837573028 -22.8023268 -43.2960182 837573029 837573937
2933620897 -22.8020206 -43.2900888 837616908 837616905
835514836 -22.802006 -43.2904373 3344320734 835514834
122218026 -22.8019801 -43.2902761 1636649555
837616908 -22.801896 -43.2901262 2933620897 1636649553
1636649554 -22.8017069 -43.2902972 122218026
1903288610 -22.8016739 -43.2917917 835513157
835513157 -22.8016587 -43.2920263 835512835
1903288576 -22.8016265 -43.2918826 835513157
835512835 -22.8016254 -43.292452 835519403
1903288590 -22.8016083 -43.2915673 1903288610
1903288620 -22.8015782 -43.2918292 1903288576
3344320734 -22.8015675 -43.2904403 3344320733
835519403 -22.801566 -43.2925486 835519521
1903288548 -22.8015172 -43.2918006 1903288620
835514834 -22.8014654 -43.2905303 2933621803 835515653
2933620888 -22.801457 -43.2914812 1903288602
1903288579 -22.8014525 -43.2916157 2933620888
835513820 -22.8014516 -43.2917956 1903288548
835518544 -22.801419 -43.2917338 1903288579
1903288587 -22.8014005 -43.2918085 835513820
835249988 -22.8013903 -43.2944648 835525306 835525241
1903288602 -22.8013882 -43.291259 835513530 1903288590
835515653 -22.8013041 -43.2905896 835515652
835513822 -22.8012807 -43.291866 835518544 1903288587
835525241 -22.8012594 -43.2953703 835249988 835525242
835513530 -22.8012576 -43.2910315 835515535 1903288602
835515652 -22.8012549 -43.290644 835515651
835515651 -22.8012299 -43.2907272 835515650
835525242 -22.8012298 -43.295735 835525241 835525244
835515648 -22.8012191 -43.2909442 835513530
122218027 -22.801219 -43.2903102 1636649554
835515650 -22.8012048 -43.2908192 835515648
2933621803 -22.801138 -43.2905496 835514833
2933621802 -22.8011365 -43.2902435 1636649554
835525244 -22.8011309 -43.2963573 835525242 835525310
835515535 -22.801099 -43.2907804 835515534
835525310 -22.8010936 -43.2966045 835525245 835525244 835525309
1636649553 -22.8010584 -43.2901539 837616908 835517655
835515534 -22.8009924 -43.2906301 835514833
2933621801 -22.8009008 -43.2903102 122218027
835525245 -22.8008737 -43.2980632 835525308 835525310 835525246
835514833 -22.8008152 -43.2905284 835514831
3344320733 -22.8008065 -43.2904206 3344320732
835517655 -22.8007407 -43.2901753 2933621802 1636649553
835519520 -22.8006663 -43.2939909 2973370654 835519521
835525246 -22.8006561 -43.2995652 835525245 835525293 835525247
2973370654 -22.8006537 -43.2940414 2973370653 835519520
835517921 -22.8006462 -43.2923125 835513822
2973370653 -22.8006111 -43.2940645 2973370652 2973370654
2933333215 -22.8004827 -43.2923125 835517921
122218029 -22.8004218 -43.2902713 2933621801
835514831 -22.8003859 -43.290504 835514830 835524931
835517922 -22.8003496 -43.2922698 2933333215
835519521 -22.8003467 -43.2934451 835519401 835519520 835518073
835517657 -22.8003412 -43.2901272 835517655
835517923 -22.8002597 -43.2922055 835517922
835517924 -22.8002084 -43.2921313 835517923
2973370652 -22.8001988 -43.2943311 2973370651 2973370653
835516844 -22.8001814 -43.2909714 835517927 835516842
835517927 -22.8001769 -43.2920082 835517924 835516844
835525306 -22.8001517 -43.2949947 835249988 835525305
835518068 -22.8001319 -43.2923555 835517927
835518069 -22.8000924 -43.2924735 835518068
835514830 -22.8000872 -43.2904617 835514829
835524931 -22.8000825 -43.2906388 835519522
2933621810 -22.8000736 -43.2902257 122218029
835518072 -22.8000231 -43.2926666 835518069
