1194980794 -22.9199726 -43.3688258 2303600827
2962122674 -22.9199635 -43.3604241 2962122675 2962122672
1760562785 -22.9199389 -43.3697411 2962122668
2962122672 -22.9199086 -43.3602717 2962122681 2962122674 545975342
2303600816 -22.919904 -43.3675503 2962122702 476947362
1497223455 -22.9198865 -43.3630522 1497223363 1497223427
1194971866 -22.9198754 -43.3659446 1194972010 2962122934
1497223427 -22.9198732 -43.3629935 1497223455 1497223401 1497223314
2962122668 -22.919871 -43.3696731 1194983534
1497223314 -22.9198569 -43.3629205 1497223555 1497223427
1194983534 -22.9197987 -43.3696338 3040026604 1194980794
2882855172 -22.9197652 -43.3676536 2882855167 2303600816
1497223401 -22.9197294 -43.3630765 1497223566 1497223427
1497223394 -22.9196027 -43.3612135 1497223395
1194971985 -22.9195879 -43.3643361 1194971958 1497223486
1497223368 -22.9195659 -43.3669451 2303600816
1497223555 -22.9194986 -43.3621829 1497223566 1497223314 1497223399
1497223566 -22.9194922 -43.3624811 1497223555 1497223401
1194971958 -22.9194296 -43.3641583 1194971984 1194971985
545975342 -22.9194189 -43.3604085 2962122672 3039852509
3040026604 -22.9194185 -43.3694802 1194983534 3040026603
1497223399 -22.9194048 -43.362007 1497223555 2832262604
2962122628 -22.9192971 -43.3699092 1419957681
1194972010 -22.9192476 -43.3663805 1497223368
2832262604 -22.9192443 -43.3617674 1497223399 1497223432
3039852509 -22.9191174 -43.3605152 3620961673 545975342
3040026603 -22.9190876 -43.3693249 3040026604 3040026600
2882855167 -22.9189913 -43.3662559 2936329201
1194971844 -22.9189898 -43.362627 1194971971 1194971973
1194971973 -22.9189862 -43.3627374 1194971844 1194971933
1194971971 -22.9189646 -43.362521 1194971844 1194971893
1194971933 -22.9189593 -43.3628215 1194971880 1194971973
1699890121 -22.9189137 -43.3651224 1194971866
1194971880 -22.9189051 -43.3628906 1194971984 1194971933
3620961673 -22.9188752 -43.360621 1497223537 1497223432 3039852509
1194971984 -22.918765 -43.3630026 1194971859 1194971958 1194971880
3040026600 -22.9187566 -43.3691877 3040026603 453562248
1497223432 -22.9187485 -43.3606747 3620961673 1194971893 2832262604
2303600827 -22.9187029 -43.3683077 453560859 2882855172
3040026599 -22.9186751 -43.3652876 1699890121
1699890033 -22.9186323 -43.3653186 3040026599 1194972010
1419957728 -22.918593 -43.3697886 1419957681 2962122550
2962122550 -22.9185411 -43.36979 1419957728 1419957946
2936329201 -22.918503 -43.3654013 1699890033 2936330706
1419957946 -22.9184983 -43.3698207 1419957689 2962122550
453562256 -22.9184439 -43.3685949 2962122542 453562254
2962122542 -22.9184434 -43.36843 453560859 453562256
453562254 -22.9184293 -43.368731 453562256 453562248
453560859 -22.9184275 -43.3681977 2962122542 476947357 2962122536
2962122536 -22.918374 -43.367924 453560860
3040026597 -22.9183625 -43.3654916 2936329201
453562248 -22.9183544 -43.3690149 1419958193 453562254 3040026600
453560860 -22.9183034 -43.3674122 453560861
1194971893 -22.9182955 -43.3608677 3620961667 1497223432 1194971971
453560861 -22.9182833 -43.3671214 1497223484
1497223538 -22.9182774 -43.36232 1497223425
476947357 -22.918271 -43.3681482 1419957890
453560863 -22.9182696 -43.3651469 1699890030
1497223484 -22.918268 -43.3667286 1497223366
1497223366 -22.918268 -43.3665703 2962122527
453560862 -22.9182612 -43.365386 453560863
2962122528 -22.918259 -43.3654466 453560862
2962122527 -22.9182556 -43.3657765 2962122524 2936330965
1699890030 -22.9182554 -43.3650279 2936330706
2936330965 -22.9182544 -43.3655777 2962122528 3040026597
2962122524 -22.9182383 -43.36573 2962122517
2936330706 -22.9182166 -43.3648803 1194972006
2962122517 -22.9182033 -43.3656954 2962122514
2962122514 -22.9181634 -43.3656761 2962122510
2936329202 -22.9181244 -43.3644409 1699890033 1699890121
2962122510 -22.9181224 -43.3656681 2303600818
2303600818 -22.9180856 -43.365676 1194971873
3620961667 -22.9179723 -43.3610078 2962122494 2962122496 1194971893
1419957890 -22.9178717 -43.3680303 1419958047 1419957889
2962122494 -22.9178487 -43.3603444 1772969952 3620961667
2962122496 -22.917824 -43.3610679 1497223425 3620961667
1194971859 -22.9177795 -43.3636496 1194971984 2936330703
1772969952 -22.9177675 -43.3600852 1772969928 1772969946 2962122494
1497223425 -22.917762 -43.3610945 1497223538 545975261 2962122496
2936330703 -22.9176819 -43.3637188 2424116837 1194971859 2936329202
1772969946 -22.9176695 -43.3600538 2962122472 1772969952
2424116837 -22.9176422 -43.3637473 2905980269 2936330703
2905980269 -22.9176025 -43.3637758 2424116837 1194972006
1194972006 -22.9175628 -43.3638043 2962122490 2936330702 2905980269
1194971873 -22.9175202 -43.3660316 1194971944 1497223367
2962122490 -22.9175029 -43.3638471 1497223532 1194972006
1497223532 -22.9174225 -43.3639045 1194971944 2962122490 1497223512
1194971953 -22.9171914 -43.3628634 2936330703
1419958253 -22.9171315 -43.3680578 1419957772 1419957827
1419958047 -22.9171187 -43.3674808 476947339 1419957827
2936330702 -22.9170715 -43.3629377 2936330705
1497223367 -22.9169992 -43.3663857 1497223388
1419957827 -22.9169356 -43.3679056 1419957853 1419958253 1419958047
1497223388 -22.9169176 -43.3664358 2962122427
453552297 -22.9168481 -43.3623695 1194971953
1419957889 -22.9168126 -43.3696273 3040026593 1419957890
1419957853 -22.9167848 -43.3678001 1419957807 1419957827
2936330705 -22.9167727 -43.3625562 453560868
2962122430 -22.9167537 -43.3608459 2962122408
3040026593 -22.9167044 -43.3697384 1419958222 1419957889
2962122427 -22.91669 -43.3665861 1194971847
545975261 -22.9166896 -43.3615661 1194971989 1497223425
1194971944 -22.9166503 -43.3644149 1497223532 1194971873 1194971860
1419957772 -22.9166408 -43.3688893 1419958253 1419957807
453552298 -22.9166269 -43.3620259 453552297
1497223512 -22.9166188 -43.3632528 1497223532
1419958222 -22.9166067 -43.3698172 3040026593 1419957658 1419958067
1194971989 -22.9165967 -43.361643 3040026592
1194971964 -22.9165918 -43.3615811 545975261
453560868 -22.9165633 -43.3623995 1497223268 453560871
3040026592 -22.9165494 -43.3617333 2936330709
2936330709 -22.9165459 -43.3618553 2936330707 453552298
1497223528 -22.9165352 -43.3626334 1497223517 1497223268
1497223517 -22.9165334 -43.3627611 1497223352 1497223528
1194971959 -22.9165184 -43.3615714 1194971964
2936330707 -22.9164784 -43.36203 1194971934
1419957658 -22.9164672 -43.3698954 1419958019 1419958222
1497223268 -22.9164665 -43.3624776 1497223528 453560871 1497223540 453560868
1497223522 -22.9164563 -43.363381 1497223352
1194971895 -22.9164516 -43.3615316 1194971959
1194971934 -22.9164349 -43.3621194 1760562831
1760562831 -22.9163995 -43.362165 1194971843
1419957807 -22.9163812 -43.3686984 1419957772 1419957853
476947339 -22.916362 -43.3669301 1194971847
1497223560 -22.9163544 -43.363659 1497223344
1194971843 -22.9163543 -43.3621966 1194971950
1194971891 -22.9163293 -43.361405 1194971895 2936330709
1497223352 -22.9163173 -43.363273 1497223522 1497223517 2962122406
1419958019 -22.9163129 -43.3699688 1419958049 1419957658
1194971950 -22.9163001 -43.3622059 453560871
2962122406 -22.9162799 -43.3633434 1497223352 1497223423
1194971860 -22.9162666 -43.36467 1194971944
1497223424 -22.9162587 -43.3638736 1497223325
1497223540 -22.9162577 -43.3626748 1497223268 1497223533
1194971847 -22.9162475 -43.3668783 1194971977 2962122380
1497223423 -22.9162449 -43.363405 1497223344 2962122406
453560871 -22.9162312 -43.3621951 1497223268 453560875
1497223344 -22.9161853 -43.3634639 1497223560 1497223325 1497223423
1497223533 -22.9161744 -43.3626594 1497223482 1497223540
1497223282 -22.9161627 -43.3640741 1497223418
2853383009 -22.9161166 -43.3609963 1194971891
1194971942 -22.9160908 -43.364878 1194971943
2962122380 -22.9160596 -43.3668645 476947333
453552300 -22.9160547 -43.3608918 2853383009
1497223482 -22.916021 -43.3626192 1497223470 1497223533
1194971943 -22.9160161 -43.3651964 1194971845 1194971942
2303600825 -22.9159708 -43.3608149 453552300
1497223398 -22.9159703 -43.3642507 1497223546
1497223325 -22.9159578 -43.3635369 1497223424 1497223344 1497223418
1497223470 -22.9158995 -43.3625631 2962122360 1497223482
1194971845 -22.9158829 -43.3654441 1194971943 1194971940
476947333 -22.9158814 -43.3668387 476947331
453560875 -22.9158634 -43.3619097 1497223479
1497223418 -22.9158464 -43.363737 1497223546 1497223282 1497223325
453552301 -22.9157988 -43.360706 2303600825
1194971940 -22.9157763 -43.3655699 1194971845 1497223376
2962122360 -22.9157493 -43.3624308 1497223529 1497223470
1497223529 -22.9157287 -43.3623848 1497223341 2962122360
1497223541 -22.9157236 -43.3633964 1497223524
1497223546 -22.9157186 -43.3639344 1497223398 1497223524 1497223418
1497223479 -22.9156649 -43.3617535 453560877 3040026590
476947331 -22.9156406 -43.3667894 476947330
453552302 -22.915635 -43.3606671 453552301
1497223420 -22.9156297 -43.3630755 1497223513
3040026590 -22.9155502 -43.3618642 1497223479 1497223410
1497223524 -22.9155389 -43.3637864 1497223546 1497223513 1497223541
1497223497 -22.9155129 -43.3627645 1497223514
2853383019 -22.9154899 -43.3606583 453552302
453560877 -22.9154715 -43.3615978 453560879
1497223341 -22.9154379 -43.3623863 1497223558 1497223529 1497223471
476947330 -22.9154275 -43.3666841 476947328
1497223410 -22.9154077 -43.3619612 3040026590 1497223471
1497223513 -22.9153737 -43.3636528 1497223524 1497223348 1497223420
1497223558 -22.9153689 -43.3624115 1497223369 1497223415 1497223341
3039852448 -22.9153093 -43.3602727 1772969918
1497223369 -22.9153059 -43.3625354 1497223558 1497223421
1497223471 -22.9152987 -43.3620981 1497223410 1497223341
1497223514 -22.9152983 -43.3631212 1497223497 1497223421
476947328 -22.9152674 -43.3665652 476947327
1497223415 -22.9152378 -43.3624219 1497223317 1497223558
3039852441 -22.915222 -43.3606336 2853383019
1194971977 -22.9152131 -43.3675167 1194971949 1194971847
453560879 -22.915198 -43.3614063 453560882
1497223317 -22.9151179 -43.3623872 1497223415 1497223409
1497223348 -22.9151042 -43.3634763 1497223513 1497223252
476947327 -22.9150918 -43.3663746 1497223376
1194971949 -22.9150377 -43.3675849 1194971977 1194971922
1497223421 -22.9150371 -43.3628395 1497223252 1497223369 1497223514
1497223376 -22.9149686 -43.3661097 476947326 1194971940
453560882 -22.9149507 -43.3612129 453560884
1419958067 -22.9149224 -43.3681271 1419958222 1419957735
1772969913 -22.9148998 -43.3606001 3039852441
1497223531 -22.9148917 -43.3621072 1497223409
1497223409 -22.9148358 -43.36227 1497223408 1497223402 1497223317 1497223531
1194971922 -22.9148168 -43.3676047 1419957735 1194971949
453560884 -22.9148059 -43.3610839 3039852027
1497223402 -22.9147163 -43.362222 1497223409
1497223252 -22.9147002 -43.3631804 1497223348 1497223273 1497223421
3039852027 -22.9146402 -43.3608987 3039852028
1195040437 -22.9146352 -43.3605983 1772969913
1497223408 -22.9145556 -43.362769 1497223243 1497223409
1195040428 -22.914555 -43.3606291 1195040437
3039852028 -22.914534 -43.36077 1195040428 453560896
1497223273 -22.9144717 -43.3629422 1497223252 1497223243
1497223243 -22.9144634 -43.3628797 1497223273 1497223408
476947326 -22.9144248 -43.364805 1497223301
453560896 -22.9143561 -43.3606318 453560898
1497223301 -22.9143462 -43.3646784 1497223389 476947322
1497223389 -22.9142839 -43.364895 1497223301 1195047069
1195047069 -22.914258 -43.3654036 1497223389 1195047045
1195047045 -22.9142312 -43.3655932 1195047069 1776093257
453560898 -22.9141037 -43.3605724 453560900
3620961666 -22.9140984 -43.3604733 1772969913 1772969905
1772969905 -22.9140708 -43.3601076 3620961666 1776082244
476947322 -22.9140119 -43.3643665 476947321
1419957735 -22.9140096 -43.3675548 1194971954 1194971922 1419958067
476947321 -22.9139185 -43.3642479 476947320
1776093257 -22.9138982 -43.3666239 1195047031 1776093255 1195047045
476947320 -22.9138555 -43.3640757 476947317
1195047066 -22.9138488 -43.3689778 1195047059 1195047070
1195047059 -22.9137639 -43.3687033 1195047048 1195047066
476947317 -22.9137513 -43.3634416 3039852018
1195047031 -22.9137504 -43.3671642 1776093257 1194971954
1195047048 -22.9137208 -43.3684508 1195047059 2938246455
1194971954 -22.913683 -43.3675203 1195047031 1419957735 2938246455
3039852018 -22.913683 -43.36324 476947315
2938246455 -22.9136814 -43.3678632 1194971954 1195047048
476947315 -22.9135743 -43.3630636 476947312
453560900 -22.9135272 -43.3604799 2877897390
1776093255 -22.9135036 -43.3660681 1776093257 1776093245
453552307 -22.9134864 -43.3603954 3620961666
476947312 -22.9134039 -43.3628828 476944452
1776093245 -22.9133767 -43.365961 1776093237 1776093255
1776093241 -22.9132668 -43.3697129 1776093236
1776093237 -22.9132159 -43.3659259 1776093207 1776093245
1776093236 -22.913191 -43.3697129 1776093241 1776093230
2938246450 -22.9131831 -43.3699653 2938246448 2938246452
2938246448 -22.9131554 -43.3699512 2938246450 2938246433
1776093230 -22.9130441 -43.3696666 1776093224 1776093236
2938246433 -22.9129744 -43.3699572 2938246448 2938246431
2938246431 -22.9129448 -43.3699733 2938246433 2938246427
1776093224 -22.9128545 -43.3696872 1776093222 1776093230
1776093207 -22.9127617 -43.3658912 3039851992 1776093237
1776093222 -22.9127123 -43.3698518 1776093224 1776093218
2877897390 -22.912686 -43.3604518 476944945
453552308 -22.9125625 -43.3603298 453552307
476944452 -22.9125567 -43.3621594 476944448 476947303
476944945 -22.9125452 -43.3604505 453560904
2973286288 -22.912503 -43.3608845 476944945
2973286295 -22.912486 -43.361029 2973286288
476947303 -22.9124765 -43.3620521 476947296
1497223458 -22.9124388 -43.3614426 2973286295
476947296 -22.9124267 -43.3619338 476944032
1497223311 -22.9124252 -43.3615483 1497223458
476944032 -22.9123991 -43.3618004 2303600835 1497223311
476944448 -22.9123984 -43.3620849 476943524
2303600835 -22.9123508 -43.3619541 476944027
476944027 -22.9123097 -43.3620195 476943524
3039852004 -22.9122847 -43.3645231 3039852001
476943524 -22.9122567 -43.3620496 476943528
1776093196 -22.9122303 -43.3664227 1776093168
3039852002 -22.9121568 -43.3649904 3039852001 3039851996
3039852001 -22.9121451 -43.3646241 3039852004 3039852002
476943528 -22.9120169 -43.3620632 476943524 476938551
3039851997 -22.9119497 -43.3655056 3039851995 3039851996
3039851996 -22.9119218 -43.3650182 3039851997 3039852002
3039851995 -22.9118427 -43.3656319 3039851989 3039851997
1776093194 -22.9117969 -43.3696142 1776093172 1776093209
476938551 -22.9117776 -43.3620975 476938556 476943528
3620961670 -22.9117666 -43.3602991 453552308 1776082177
453560904 -22.9117484 -43.3604115 1497223495
1776093168 -22.9115566 -43.36658 3039851992 1776093196 3039851967
476938556 -22.9115111 -43.3622257 476938551 476938561
3039851992 -22.9114895 -43.3660871 1776093207 1776093168 3039851990
1776093172 -22.9114383 -43.3691684 1776093194 1776093156
3039851990 -22.911401 -43.3661038 3039851989 1776093142 3039851992
476938561 -22.9113846 -43.3623459 476938556 476938567
3039851989 -22.9113518 -43.3657203 3039851990 3039851995
1497223557 -22.9112471 -43.3602439 3620961670
1497223495 -22.9112335 -43.3603876 453560908
476938567 -22.9112185 -43.3626635 476938572 476938561
476938572 -22.9111237 -43.3628437 476938567 476938577
1776093164 -22.9109385 -43.3695201 1776093157 1776093069
453552324 -22.9108763 -43.3601465 1497223557
1776093156 -22.9108519 -43.3684822 3039851968 1776093172
453560908 -22.9108431 -43.3602987 453560910
1776093157 -22.9107764 -43.3699299 1776093155 1776093164 1776093097
476938577 -22.9107205 -43.3632557 476938572 476938582
453560910 -22.9104378 -43.3601294 453560912
1776093142 -22.9103693 -43.3662976 3039851971 3039851990
3039851971 -22.910228 -43.366377 3039851970 1776093142
3039851970 -22.910142 -43.3664756 3039851971 3039851969
3039851969 -22.9101024 -43.3665943 3039851970 3039851967
3039851968 -22.9100802 -43.3675144 1776093114 1776093156 3039851967
3039851967 -22.9100722 -43.3669277 1776093114 1776093168 3039851968 3039851969
476938582 -22.9099141 -43.3638994 476938577 476938586
1776093114 -22.9096788 -43.3670159 1776093075 3039851968 3039851967
1776093113 -22.9096568 -43.3698448 1776093134 3039851965 1776093109
1776093109 -22.9095784 -43.369125 1776093155 1776093113 1776093097
476938586 -22.9095108 -43.3641484 476938590 476938582
1776093097 -22.9095053 -43.3685183 1776093157 1776093109
1776093075 -22.9094056 -43.3671632 1776093035 1776093114
1776093069 -22.9093423 -43.3678201 1776093164 1776093062
1776093062 -22.9092899 -43.3678035 3039851959 1776093069
3039851959 -22.9092472 -43.3678214 1776093060 1776093062
1776093060 -22.9092189 -43.3678565 3039851959 1776093056
1776093056 -22.9092069 -43.367924 1776093060 1776093111
476938590 -22.9091393 -43.3643286 476938586 476938595
1776093035 -22.9089127 -43.3675337 1776093003 1776093075
476938595 -22.9088705 -43.364526 476938590 476938599
1776093003 -22.9084565 -43.3680643 1776093035 1776092999
1776093001 -22.9084533 -43.3684788 1776092966 1776092999
1776092999 -22.9084518 -43.3683061 1776093001 1776093003
1776092966 -22.9082827 -43.3689316 1776092957 1776093001
476938599 -22.9081352 -43.3650839 476938602 476938595
1776092957 -22.9080231 -43.3694603 1776092943 1776092966
476938602 -22.9078822 -43.3653242 476938599 476938604
1776092943 -22.9078194 -43.3697189 1013001907 1776092957
476938604 -22.9077399 -43.3656246 476938602 476938607
476938607 -22.9076055 -43.3659851 476938610 476938604
1013001907 -22.9075182 -43.3699972 1776092918 1776092943 1776092921
476938610 -22.9074473 -43.3661997 476938607 476938625
1776092891 -22.9072664 -43.3699054 1776092884 1776092921
476938625 -22.9071785 -43.36644 476938610 476938632
1776092884 -22.9070921 -43.3698781 1776092878 1776092891
1776092878 -22.9070465 -43.3698937 1776092866 1776092853 1776092884
1776092866 -22.9069748 -43.3699181 1776092858 1776092878
1776092858 -22.9069212 -43.3699675 1776092866
476938632 -22.9069176 -43.3666203 476938625 476938638
1776092853 -22.9069128 -43.369751 1776092878 1776092834
1776092834 -22.9068022 -43.3696746 1776092853 1776092810
1776092810 -22.9066179 -43.3696546 1776092834 1776092803
476938638 -22.906576 -43.3667021 476938632 476938646
1776092807 -22.9065445 -43.369932 1776092799 1776092814
1776092803 -22.906517 -43.3697007 1776092810 1776092799
1776092799 -22.9063748 -43.369783 1776092793 1776092807 1776092803
1776092793 -22.9062563 -43.3697047 1776092784 1776092799
476938646 -22.9061941 -43.3667011 476938657 476938638
1776092784 -22.9059781 -43.3694846 1776092793
1776092779 -22.9059507 -43.369942 1776092788 2984699824
476938657 -22.905745 -43.3667675 476938663 476938646
476938663 -22.9050965 -43.3669363 476938657 1776203562
1776203565 -22.905001 -43.3624355 1776203559
1776203562 -22.9049125 -43.3669749 476938663 1776203556 476938669
1776203559 -22.9049071 -43.36249 1776203549 1776203565
1776203556 -22.9048603 -43.3667397 1776203553 1776203562
476938669 -22.9047079 -43.3670256 1776203562 476938674
1776203553 -22.9046944 -43.3665082 1776203556 1776203546
1776203549 -22.9046726 -43.3626101 1776203544 1776203559
476938674 -22.9045621 -43.3669879 476938669 476938678
1776203546 -22.9043863 -43.3661429 1776203553 1776203539
476938678 -22.9043486 -43.3668506 476938683 476938674
1776203544 -22.9043395 -43.3628642 1776203549 1776203537
1776203542 -22.9041494 -43.3640283 1776203536 1776203538
1776203540 -22.9041494 -43.3638534 1776203538
476938683 -22.904101 -43.3666192 476938678 476938687
1776203539 -22.9040783 -43.365932 1776203534 1776203546
1776203538 -22.9040666 -43.36395 1776203540 1776203542 1776203533
1776203537 -22.9040291 -43.3632089 1776203544 1776203508
1776203536 -22.9040214 -43.3644399 1776203542 1776203535
1776203535 -22.9039408 -43.3648875 1776203536 1776203534
1776203534 -22.9039219 -43.3653351 1776203535 1776203539
476938687 -22.9038658 -43.3664385 476938683 476938692
1776203533 -22.9038422 -43.3642118 1776203531 1776203538
1776203531 -22.9038233 -43.3642479 1776203505 1776203533
1776203508 -22.9038063 -43.3634199 1776203499 1776203537
1776203505 -22.9037645 -43.3642307 1776203531 1776203502
476938692 -22.9036365 -43.3663612 476938697 476938687
1776203502 -22.9035341 -43.3644665 1776203491 1776203505
1776203499 -22.9034935 -43.3639807 1776203493 1776203508
1776203496 -22.903438 -43.3601128 1776203489
1776203493 -22.9033276 -43.3641273 1776203487 1776203499
1776203491 -22.9033232 -43.3646054 1776203484 1776203502
476938697 -22.9032807 -43.366387 476938692 476938701
1776203489 -22.9031666 -43.3606731 1776203496 1776203482
1776203487 -22.9031597 -43.3642273 1776203485 1776203493
1776203485 -22.9030602 -43.3642221 1013033523 1776203487
476938701 -22.9030336 -43.3664442 476938697 557522256
1776203484 -22.9030128 -43.364626 1776203474 1776203491
1776203482 -22.9029755 -43.360986 1776203477 1776203489
1776203477 -22.9028482 -43.361197 1776203482 1776203469
1013033523 -22.9028433 -43.3642115 1776203443 1776203485
1776203474 -22.9028068 -43.3644742 1776203484 1776203439
1776203469 -22.902751 -43.3612042 1776203477 1776203429
1776203466 -22.9027495 -43.3601692 1776203441 1776203480
557522256 -22.9027249 -43.3665759 476938721 476938701 557522875
1776203443 -22.9026882 -43.3641784 1013033523 1776203437
1776203441 -22.9026737 -43.3602695 1776203466 1776203431
1776203439 -22.9026696 -43.3642928 1776203474 1776203437
1776203437 -22.9026433 -43.3642656 1776203443 1776203424 1776203439
476938721 -22.902585 -43.3668606 557522256 476938724
1776203431 -22.9025718 -43.3604779 1776203441 1776203427
1776203429 -22.90257 -43.3611133 1776203469 1776203412
1776203427 -22.902541 -43.3606605 1776203420 1776203431
1776203424 -22.9025011 -43.3641189 1013033939 1776203437
1776203420 -22.9024959 -43.3608946 1776203427 1776203412
557522875 -22.9024956 -43.3655789 557522256 557522879
476938724 -22.9024506 -43.3671524 476938721 476938727
1776203412 -22.9024248 -43.3610361 1776203420 1776203429
557522879 -22.902377 -43.3652184 557522920 557522875
1013033939 -22.9021818 -43.3637882 1776203424 1013033958
476938727 -22.9021422 -43.3675816 476938731 476938724
557522996 -22.9021003 -43.36006 1776203409 557523006
1776203409 -22.9020534 -43.3602368 557522996 2984703361 557522986
557522986 -22.9019501 -43.3606265 557522976 1776203409
476938731 -22.9018971 -43.3678477 476938735 476938727
1013033958 -22.9018886 -43.3633945 1776203406 1013033939
476938735 -22.9016836 -43.3681309 476938731 476938739
1776203406 -22.9016293 -43.3629894 1776203403 1013033958
557522976 -22.9014836 -43.3612359 557522964 557522986
476938739 -22.9014227 -43.3683455 476938735 476938744
557522920 -22.9013966 -43.3634932 557522933 557522879
1776203403 -22.9013813 -43.3625201 1776203398 1776203406
1776203398 -22.9012473 -43.3622036 1776203395 1776203403
557522933 -22.9012464 -43.3631242 557522920 557522944
3819339081 -22.9012439 -43.3640073 3819339080
1776203395 -22.9012071 -43.3619817 1776203398 1776203380
557522964 -22.9011831 -43.3618109 557522976 1776203380
476938744 -22.9011776 -43.3684828 476938739 476938749
1776203377 -22.9011446 -43.3603632 1776203367 1776203383
1776203380 -22.9011403 -43.3619309 557522957 557522964 1776203395
1776203383 -22.9011281 -43.360628 1776203374 1776203377
557522944 -22.9011199 -43.3627207 557522933 557522550
557522957 -22.9010882 -43.362077 557522550 1776203380
1776203374 -22.9010679 -43.3608297 1776203383 1776203363
557522550 -22.9010487 -43.3622573 557522944 557522957 557522546
3819339080 -22.9010306 -43.3638876 3819339079 3819339081
1776203363 -22.9010149 -43.3609186 1776203374 1776203345
1776203370 -22.9009812 -43.3613565 1776203359
3819339079 -22.9009056 -43.3637638 557522631 3819339080
476938749 -22.9008455 -43.3685686 476938744 476938751
1776203359 -22.900817 -43.3616184 1776203370 1776203349
1776135212 -22.9007446 -43.3662647 1776135210 1776135207
1776203345 -22.9007226 -43.3611527 1776203363 557522526
1776135210 -22.9007067 -43.366558 1776135206 1776135212
1776203349 -22.900654 -43.3617732 1776203359 1776203342
1776135207 -22.9006309 -43.3661103 1776135203 1776135212
1776135206 -22.9006024 -43.3667741 1776135210 1776135199
557522546 -22.9005348 -43.3624203 557522550 557522536
557522526 -22.9004794 -43.3612273 557522527 1776203345 1776203340
1776203342 -22.9004778 -43.36186 1776203349 557522527
1776135203 -22.9004697 -43.3660023 1776135207 1776135201
1776135201 -22.9004223 -43.3659972 1776135203
557522631 -22.9004162 -43.3631242 3819339079 557522626 557522650
557522536 -22.9004083 -43.3625062 557522529 557522546 557522626
557522626 -22.9004004 -43.3626521 557522631 557522536
557522527 -22.9004004 -43.3618624 557522526 557522528 1776203342
1776135199 -22.9003465 -43.3671033 1776135193 1776135206
557522529 -22.9003292 -43.3624118 557522528 557522536
557522528 -22.9002502 -43.3619311 557522527 557522529
476938751 -22.9002288 -43.3687231 476938749 3080129461
1776203340 -22.900204 -43.3612328 1776203337 557522526
557522650 -22.9000841 -43.3631842 557522631 557521154
1013033918 -22.9000421 -43.3679094 1776135195
3080129461 -22.9000006 -43.3687618 476938751 476938754
