3082441679 -22974247 -43568923 3082441678 3082441671
3082441678 -22974243 -43569206 3082441672 3082441679
3082441672 -22974212 -43569581 3082441669 3082441678
3082441671 -22974201 -43568635 3082441679 3082441663
3082441663 -22974158 -43568499 3082441648 3082441671
3082441648 -22973872 -43567934 3082441663 3082441643
3082441643 -22973816 -43567719 3082441648 3082441641
3082441642 -22973812 -43566561 3082441426
3082441641 -22973808 -43567415 3082441637 3082441643
3082441637 -22973758 -43567132 3082441641 3082441426
3082441426 -22973616 -43566877 3082441637 3082441642
3082440878 -22970079 -43565958 3082439517
3082440860 -22969814 -43567922 3082440857 3082439499
3082440857 -22969718 -43568990 3082440860 3082440856 3082439498
3082440856 -22969705 -43569135 3082440857 3082440854
3082440854 -22969642 -43569871 3082440853 3082440856
3082439525 -22968271 -43563660 3082439517
3082439517 -22967832 -43565382 3082439525 3082439506 3082440878
3082439508 -22967168 -43564104 3082439506
3082439506 -22967152 -43565208 3082439517 3082439508 3082439502
3082439502 -22966942 -43565154 1542872558 3082439506
3082439501 -22966718 -43563745 1542872558
1542872558 -22966624 -43565127 3082439500 3082439501 3082439492 3082439502
3082439500 -22966524 -43566080 3082439499 1542872558
3082439499 -22966354 -43567969 3082439500 3082440860 3082439498
3082439498 -22966261 -43569005 3082439499 1542872561 3082440857
3082439492 -22965586 -43563345 1542872558
