3637787364 -22.9257827 -43.2858993 490919169
490919169 -22.9257812 -43.2859893 3637787363
3637787363 -22.9257717 -43.2860495 490919172
3637787362 -22.9257681 -43.2858061 3637787364
490919172 -22.9257538 -43.2861122 490919176
490919166 -22.9257378 -43.2857186 3637787362
490919176 -22.9257077 -43.2862091 490919182
3637787359 -22.9256938 -43.2859488 490929044
490929044 -22.925692 -43.2858831 490929035
3637787358 -22.9256861 -43.2856294 490919166
490929051 -22.9256844 -43.2860201 3637787359
490929035 -22.9256744 -43.2857985 490929014
490919182 -22.9256595 -43.2862749 490919185
490929064 -22.9256563 -43.2861049 490929051
490929014 -22.9256438 -43.285726 3637787353
3637787355 -22.9256169 -43.2861732 490929064
490919164 -22.9256135 -43.28555 3637787358
3637787353 -22.9256045 -43.2856665 490929010
490919206 -22.9255906 -43.2884831 490919208
490919208 -22.9255892 -43.2886173 490919212
3637787350 -22.9255796 -43.28836 490919206
490919212 -22.925575 -43.2887597 3637787347
490929068 -22.9255742 -43.2862233 3637787355
2203455214 -22.9255683 -43.2886781 490919212
3637787349 -22.9255581 -43.2882328 3637787350
490929010 -22.9255565 -43.2856164 490929007
3637787348 -22.9255551 -43.2886498 2203455214
3637787347 -22.9255548 -43.2888907 3637787344
490919163 -22.9255443 -43.2855003 490919164
2203455199 -22.9255384 -43.2886334 3637787348
3637787345 -22.9255238 -43.2881094 3637787349
3637787344 -22.9255208 -43.289011 490919226
3637787342 -22.9255162 -43.2886231 2203455199
490929007 -22.9255007 -43.2855763 2203455195
3637787341 -22.9254966 -43.2886212 3637787342
3637787340 -22.9254772 -43.2879763 3637787345
2203455212 -22.9254758 -43.2886257 3637787341
490919226 -22.9254678 -43.2891556 490919230
2203455221 -22.9254561 -43.2883637 490929120
3637787339 -22.9254553 -43.2886384 2203455212
2203455241 -22.92545 -43.2884608 2203455221
490929120 -22.9254488 -43.288222 490929114
3637787338 -22.9254371 -43.288663 3637787339
490929114 -22.9254301 -43.2881189 2203455200
490919201 -22.9254232 -43.287858 3637787340
490929126 -22.9253987 -43.2887529 3637787338 2203455241
490919230 -22.9253982 -43.289289 490919235
2203455200 -22.9253903 -43.2879928 490929107
490929107 -22.9253291 -43.2878669 2203455234
490919235 -22.9253181 -43.2894107 3600294202
490929157 -22.9253071 -43.2891949 490929126
2203455196 -22.92527 -43.289302 490929157
2203455198 -22.9252511 -43.2838716 490919140
490919140 -22.925247 -43.2839634 490919143
490919136 -22.9252382 -43.2837786 2203455198
490919143 -22.9252255 -43.2840562 490919146
490929170 -22.9252234 -43.2893995 2203455196
2203455202 -22.9252109 -43.2836955 490919136
490919131 -22.9251685 -43.2836172 2203455202
490925011 -22.9251616 -43.283851 2203455223
490925013 -22.925161 -43.2839384 490925011
2203455223 -22.9251443 -43.2837687 2203455226
2203455222 -22.9251418 -43.2840226 490925013
490919185 -22.9251249 -43.2866669 3637787331
2203455226 -22.9251093 -43.2836911 3637787330
490919158 -22.9251061 -43.2852261 490919163
2203455244 -22.9250995 -43.283536 490919131
2203455195 -22.9250714 -43.2853132 2203455233
3637787331 -22.9250694 -43.2867287 490919191
3637787330 -22.9250613 -43.283627 490925009
490929072 -22.9250579 -43.2866062 490929068
490919155 -22.9250541 -43.285178 490919158
490919198 -22.9250365 -43.2872934 490919201
490919191 -22.9250285 -43.2867929 3637787326
3637787329 -22.9250278 -43.2834817 2203455244
3637787327 -22.9249988 -43.2851054 490919155
490925009 -22.9249975 -43.2835735 3637787324
490919196 -22.9249968 -43.287206 490919198
3637787326 -22.9249916 -43.2868818 490919193
2203455233 -22.9249896 -43.285242 490925020
490929080 -22.9249806 -43.2867022 490929072
3637787325 -22.9249723 -43.2870985 490919196
490919193 -22.9249702 -43.2869941 3637787325
2203455234 -22.9249699 -43.2873373 2203455225
490919154 -22.9249604 -43.2850301 3637787327
490919146 -22.9249499 -43.2846663 3637787323
490919152 -22.9249349 -43.2849485 490919154
3637787324 -22.9249346 -43.2835416 490925006
490919127 -22.9249344 -43.2834399 3637787329
2203455240 -22.9249333 -43.2867927 490929080
490925020 -22.9249284 -43.2851634 2203455191
3637787323 -22.9249266 -43.2847669 3637787322
2203455225 -22.9249247 -43.2872423 490929095
3637787322 -22.9249225 -43.2848486 490919152
490929095 -22.9248974 -43.2871446 2203455207
490929088 -22.9248973 -43.2869127 2203455240
2203455207 -22.9248865 -43.287033 490929088
2203455191 -22.9248839 -43.28508 490925018
490925006 -22.9248727 -43.2835249 3637787315
490925014 -22.9248689 -43.2846386 2203455222
3637787319 -22.9248529 -43.2834238 490919127
490925018 -22.9248519 -43.2849847 490925015
3637787318 -22.9248471 -43.2847168 490925014
2203455213 -22.9248365 -43.2847905 3637787318
490925015 -22.924836 -43.2848826 2203455213
3637787315 -22.9247953 -43.2835219 490925004
490919121 -22.9247834 -43.2834235 3637787319
490929179 -22.9247804 -43.2899811 490929170
490925004 -22.9247394 -43.2835318 490924998
2203455205 -22.9247144 -43.2834352 490919121
490919114 -22.924643 -43.2834611 2203455205
3637787294 -22.9242044 -43.2824264 3637787293
490919055 -22.9241984 -43.2823413 3637787294
3637787293 -22.9241948 -43.2825218 490919061
2203446890 -22.9241751 -43.2822472 490919055
490919061 -22.9241665 -43.2826176 2203446936
2203446934 -22.9241287 -43.2821495 2203446890
2203446936 -22.9241209 -43.2827049 2203446938
2203446902 -22.9241143 -43.2823988 490924954
490924959 -22.9241098 -43.282489 2203446902
490924954 -22.9240942 -43.2822918 2203446942
2203446932 -22.924078 -43.2825952 490924959
2203446938 -22.9240684 -43.2827714 490919065
3637787089 -22.9240679 -43.2820701 2203446934
2203446942 -22.9240366 -43.2821793 490924946
490924998 -22.924035 -43.2838176 2203455201
3637787087 -22.9240264 -43.2826794 2203446932
490919110 -22.9240178 -43.2837227 490919114
490919065 -22.9240009 -43.2828303 490919077
490919050 -22.9239925 -43.282006 3637787089
490924946 -22.9239616 -43.2821028 2203446885
490924962 -22.9239566 -43.2827463 3637787087
2203455201 -22.9239498 -43.2838452 490924994
2203455206 -22.9239243 -43.2837541 490919110
490919077 -22.9239094 -43.2828837 490919080
490919047 -22.923908 -43.2819612 490919050
490924965 -22.9238823 -43.2827881 490924962
2203446885 -22.9238684 -43.282052 490924943
2203455229 -22.9238618 -43.2837603 2203455206
490924994 -22.9238485 -43.2838548 490924989
3637787080 -22.9238257 -43.2819379 490919047
490924943 -22.9238028 -43.2820357 3637787079
490924989 -22.9237717 -43.2838462 2203455239
2203455193 -22.9237683 -43.2837487 2203455229
490919045 -22.9237367 -43.281932 3637787080
490919102 -22.9237105 -43.2837282 2203455193
2203446899 -22.923692 -43.2828626 490924965
3637787079 -22.9236914 -43.2820318 490924938
2203455239 -22.9236785 -43.2838163 490924985
490919080 -22.9236619 -43.2829841 490919082
490919099 -22.9236335 -43.2836814 490919102
490919082 -22.923602 -43.2830319 3637787076
490924985 -22.9235995 -43.2837711 2203455230
490924968 -22.9235837 -43.2829254 2203446899
490919097 -22.9235703 -43.2836193 490919099
3637787076 -22.9235501 -43.2830935 2203455209
490919093 -22.9235258 -43.2835522 490919097
2203455230 -22.9235189 -43.2836987 490924978
3637787075 -22.9235188 -43.282986 490924968
2203455209 -22.9235086 -43.2831697 490919085
490919091 -22.9234863 -43.2834481 490919093
490919085 -22.9234807 -43.2832651 490919088
490919088 -22.9234746 -43.2833678 490919091
490924978 -22.9234563 -43.2836112 490924974
490924938 -22.9234548 -43.2820497 2203446873
490924971 -22.9234464 -43.2830917 3637787075
490924974 -22.9234083 -43.2834975 3637787073
2203455224 -22.9234045 -43.2832008 490924971
3637787073 -22.9233896 -43.2834044 2203455220
2203455220 -22.9233877 -43.2833006 2203455224
2203446873 -22.9233585 -43.2820762 2203446945
490919044 -22.9233469 -43.2819467 490919045
2203446945 -22.9232806 -43.2821166 490924933
2203446907 -22.9232481 -43.2819632 490919044
490924933 -22.9231881 -43.2821952 490924929
490919042 -22.9231562 -43.2819999 2203446907
490924929 -22.9231375 -43.2822608 2203446951
490919036 -22.9230896 -43.2820422 490919042
3637787063 -22.9230302 -43.2823657 2203446940
3637787062 -22.92303 -43.2823388 3637787063
3637787061 -22.9230285 -43.2820966 490919036
3637787060 -22.9230233 -43.2823188 3637787062
2203446940 -22.923021 -43.2823982 2203446951
3637787059 -22.923014 -43.2823045 3637787060
3637787058 -22.9229977 -43.2822905 3637787059
2203446951 -22.9229837 -43.2824797 3637787046
2203446935 -22.9229824 -43.2822823 3637787058
2203446896 -22.9229655 -43.2822774 2203446935
3637787056 -22.9229513 -43.2822001 3637787061
3637787055 -22.922935 -43.2822778 2203446896
3637787053 -22.9229003 -43.2822938 3637787055
2203446905 -22.9228584 -43.2823282 3637787053 3637787056
3637787046 -22.9226337 -43.2829783 490924924 3637787044
3637787044 -22.9225896 -43.2830187 3637787040
3637787040 -22.9225479 -43.2830364 3637787039
3637787039 -22.922525 -43.2830358 3637787038
3637787038 -22.9225058 -43.2830299 3637787037
490919017 -22.9224902 -43.282848 2203446905
3637787037 -22.9224884 -43.2830195 3637787035
3637787035 -22.9224739 -43.2830053 3637787033
3637787034 -22.9224663 -43.2828927 490919017
3637787033 -22.9224613 -43.2829848 3637787031
3637787032 -22.9224546 -43.2829227 3637787034
3637787031 -22.9224533 -43.2829571 3637787032
490924924 -22.9223869 -43.2833243 3637787029
3637787029 -22.9223519 -43.2833827 3637787028
3637787028 -22.9223263 -43.2834472 490924920
490919013 -22.9223204 -43.2830977 490919017
490924920 -22.9223111 -43.2835108 490924916
2203446910 -22.9222826 -43.2831762 490919013
490919008 -22.9222568 -43.2832789 2203446910
490924916 -22.9222481 -43.2839257 490924911
490924911 -22.9221942 -43.2841405 2203446893
490919003 -22.9221567 -43.2839269 490919008
2203446893 -22.92214 -43.2842634 490924905
2203446876 -22.9221256 -43.2840606 490919003
490918997 -22.9220808 -43.2841869 2203446876
490924905 -22.9220704 -43.2844051 2203446948
2203446944 -22.922018 -43.2843169 490918997
2203446948 -22.9219944 -43.284525 490924894
490918991 -22.9219279 -43.2844676 2203446944
490924894 -22.9218416 -43.2847005 490924890
3637787024 -22.9217332 -43.2846823 490918991
490924890 -22.9216223 -43.284914 2203446869
490918986 -22.9215431 -43.2848592 3637787024
2203446869 -22.9215212 -43.2849878 2203446882
490918980 -22.921479 -43.2849037 490918986
2203446882 -22.9214363 -43.2850266 490924888
3637787023 -22.9214027 -43.2849386 490918980
490924888 -22.9213449 -43.2850499 2203446879
490918963 -22.9213298 -43.2849545 3637787023
2203446879 -22.9212721 -43.2850563 490924887
3637787021 -22.9212492 -43.2849594 490918963
3637787020 -22.9211892 -43.2849542 3637787021
490924887 -22.9211604 -43.2850457 3637787019
490918939 -22.9211259 -43.2849396 3637787020
490918934 -22.9210735 -43.2849135 490918939
3637787019 -22.921055 -43.285012 490924886
490924886 -22.9209679 -43.2849634 3637787017
490918930 -22.9209422 -43.2848382 490918934
3637787018 -22.9204518 -43.284535 490918930
3637787017 -22.920417 -43.2846287 490924885
