1661755691 -22.9169574 -43.7452489 1661755689 1661755682
1661755689 -22.9155997 -43.7413243 1661755687 1661755691 1661755675
1661755682 -22.9133141 -43.7470601 1661755691 1661755675 1661755678
1965093790 -22.9128432 -43.7482532 1965093746 1965094079
1965093746 -22.9126244 -43.7478941 1965093790 1661755678
1661755678 -22.9122815 -43.7475734 1965093746 1661755682 1661755660
1661755675 -22.9118502 -43.7431309 1661755662 1661755664 1661755689 1661755682
1965092590 -22.9097648 -43.7495507 1965092832 1965092528
1661755662 -22.9095139 -43.7442566 1661755657 1661755660 1661755675
1965092528 -22.9090445 -43.7488498 1965092590 1965092448
1661755660 -22.9088666 -43.7445684 1661755662 1661755647 1661755678
1661755657 -22.9084743 -43.7414879 1661755662
1965092448 -22.9078387 -43.7477783 1965092371 1965092528
1965092371 -22.9060141 -43.7462144 1965092448 1965092301
1661755649 -22.9057782 -43.7407074 1661755647 1661755644
1965092301 -22.9052831 -43.745612 1965092371 1965092251
1661755647 -22.9050921 -43.7410757 1661755649 1661755638 1661755660
1965092251 -22.9044028 -43.7448243 1965092301 1965092205
1965092205 -22.9026367 -43.743104 1965092251 1965092100
1965092147 -22.9021725 -43.7441176 1965092064
1965092100 -22.901639 -43.742073 1965092205 1965092003
1965092064 -22.9013028 -43.7418761 1965091952 1965092147
