1327763148 -22.7998555 -43.6504053 1327763442 1327763229 1327763136 1327635384
2205842335 -22.7997849 -43.6575973 2205842422 2205842371
1327635378 -22.7995798 -43.651852 1327635452 1327635200 1327635650
1327635206 -22.7994574 -43.6534462 1327635160 1327635784 1327635116
1327635384 -22.7992633 -43.6508596 1327635306 1327763148 1327635480
1327635650 -22.7990857 -43.6514679 1327635782 1327635378 1327635740
2205842422 -22.7988057 -43.6560738 2205842335 1327635208
1327635480 -22.7987342 -43.6504895 1314097938 1327763215 1327635384
1327635740 -22.7986105 -43.6510984 1327635371 1327635650 1327635575
1314097938 -22.7985804 -43.6507417 1314097951 1327635480
1327763348 -22.798477 -43.6500388 1327763215 1327763229
1314097951 -22.7984667 -43.6509026 1314097938 1327635575
1327635575 -22.7984276 -43.6509562 1314097951 1327635740 1327635626
1327635208 -22.7984106 -43.6554522 2205842422 2205842368
1327635784 -22.7984098 -43.6534589 1327635206 1327635200 1327635142
1327763215 -22.7983266 -43.6501722 1327635744 1327635480 1327763348
1327635626 -22.7981008 -43.6507224 1327635646 1327635653 1327635575
2205842368 -22.7980219 -43.6548534 1327635308 1327635208
1327635308 -22.7977511 -43.6544306 1327635262 2205842368
1327635371 -22.7977338 -43.6517374 1327635740 1327635330 1327635653
1327635142 -22.7977217 -43.6534589 1327635452 1327635784 1327635367
1327635452 -22.7976356 -43.653284 1327635378 1327635367 1327635142
1327635646 -22.7975936 -43.6503596 1327635626 1327635514 1327635285
1327635653 -22.7974141 -43.6512388 1327635314 1327635371 1327635626
1327635367 -22.7973448 -43.6534624 1327635452 1327635782 1327635142 1327635262
1327635262 -22.7971747 -43.653533 1327635792 1327635308 1327635367
1327635514 -22.7971103 -43.6500139 1327635599 1327635646 1327635469
1327635782 -22.7970405 -43.6529918 1327635650 1327635792 1327635330 1327635367
1327635792 -22.7968877 -43.6530846 1327635782 1327635601 1327635262 1327635363
1327635363 -22.7967393 -43.6531841 1327635316 1327635792 1327635550
1327635330 -22.7967113 -43.6524826 1327635371 1327635314 1327635782 1327635601
1327635601 -22.7965607 -43.6525743 1327635792 1327635330 1327635216
1327635314 -22.7964001 -43.6520012 1327635653 1327635216 1327635285 1327635330
1327635216 -22.7962452 -43.6520914 1327635314 1327635268 1327635601
1327635268 -22.7961435 -43.6519358 1327635534 1327635216 1327635550
1327635285 -22.7960823 -43.6515097 1327635599 1327635314 1327635646 1327635534
1327635316 -22.796034 -43.6536974 1327635363
1327635550 -22.7960235 -43.6520601 1327635312 1327635268 1327635363 1327635474
1327635534 -22.7959304 -43.6516096 1327635721 1327635268 1327635285
1327635599 -22.7957594 -43.6510103 1327635048 1327635285 1327635514 1327635721
1327635474 -22.7956601 -43.6514918 1327635334 1327635550 1327635287
1327635721 -22.7955993 -43.6511028 1327635336 1327635599 1327635534
1327635048 -22.7954477 -43.6505282 1327635599 1327635469 1327635336
1327635170 -22.7954158 -43.6536759 1327635312
1327635287 -22.7953059 -43.6509378 1327635089 1327635474 1327635667
1327635336 -22.7952869 -43.6506245 1327635730 1327635721 1327635048
1327635762 -22.7951293 -43.6500293 1327635765 1327635644 1327635761
1327635730 -22.7950236 -43.6502216 1327635761 1327635336 1327635667
1327635761 -22.7949624 -43.6501279 1327635730 1327635762 1327635705
1327635312 -22.7949262 -43.6529517 1327635334 1327635677 1327635550 1327635170
1327635667 -22.7949163 -43.6503285 1327635730 1327635066 1327635287 1327635705
1327635334 -22.7945482 -43.6524043 1327635312 1327635478 1327635474 1327635089
1327635089 -22.7941759 -43.6518651 1327635215 1327635334 1327635287 1327635066
1327635677 -22.793952 -43.6537027 1327635312
1327635066 -22.7937697 -43.6512769 1327635089 1327635680 1327635529 1327635667
1327635680 -22.7933866 -43.6507221 1327635212 1327635418 1327635066 1327635271
1327635478 -22.7929579 -43.6536491 1327635334
1327635271 -22.7929262 -43.6500855 1327635707 1327635767 1327635680
1327635532 -22.792587 -43.6536866 1327635215
1327635215 -22.7923348 -43.6533239 1327635532 1327635529 1327635089
1327635529 -22.7919429 -43.6527603 1327635215 1327635418 1327635066
1327635418 -22.7915463 -43.6521898 1327635529 1327635767 1327635680
1327635767 -22.7911261 -43.6515899 1327635418 1327635780 1327635271
1327635780 -22.7910252 -43.6514432 1327635707 349248739 1327635767
349248739 -22.7897232 -43.6525499 3831827544 1327635780
3831827544 -22.7893842 -43.6528296 3831827526 349248738 349248739
349248738 -22.7884254 -43.6535971 3831827535 3831827544
3831827535 -22.7880173 -43.6539147 349248737 3831827534 349248738
3831827534 -22.7879087 -43.6538285 3831827535 3831827530
3831827530 -22.7877264 -43.65376 3831827534 3831827063
349248737 -22.7865817 -43.6550648 3831827535 349248736
349248736 -22.7854184 -43.6560003 349248737 349248735
349248735 -22.784271 -43.6569788 349248734 349248736
349248734 -22.7829811 -43.6581804 3831826951 349248735
3831827063 -22.7817608 -43.6537688 3831827530 3831827062
3831827062 -22.781706 -43.6537324 3831827061 3831827063
3831827061 -22.7816724 -43.6536652 3831827062 3831827060
3831827060 -22.7816551 -43.6520172 3831827061 3831827058
3831827058 -22.7816247 -43.6519401 3831827060 3831826955
3831826955 -22.7815921 -43.6518828 3831827058 3831826949
3831826951 -22.7815445 -43.659517 349248734 3831826942 349248733 3831827088
3831826949 -22.781521 -43.6518012 3831826882 3831826955
3831826942 -22.7814027 -43.6592481 3831826926 3831826951
349248733 -22.781256 -43.6597855 349248731 3831826951
3831826926 -22.7809311 -43.6583756 3831826918 3831826942
3831826918 -22.7808551 -43.6583017 3831826912 3831826926
3831826912 -22.7807529 -43.6582335 3831826918 3831826891
3831826891 -22.7803258 -43.6580231 3831826912
