3055756253 -22.833188 -43.4200093 3055756252
3055756250 -22.8329604 -43.420004 3055756251 3055756249 3055756252
593633403 -22.8314914 -43.4217102 593633398 593633408
593633398 -22.8314222 -43.42156 593638609 593633403
593638609 -22.8314149 -43.4214966 593631760 593633398
593633408 -22.8314024 -43.4219677 593633411 593633403
593631760 -22.8314024 -43.4213883 593638609
593633411 -22.8311948 -43.4222574 593633408 593633414
593633414 -22.8308981 -43.4225578 593633411 593633425
463203623 -22.8308024 -43.4200583 460850773 463203696 463203622
460850773 -22.8307381 -43.4201168 463203623 460850753
593633425 -22.8303642 -43.4231157 593633427 593633414
460850753 -22.8303426 -43.4205374 460850773 463199500
3055756249 -22.8301693 -43.4254929 3055756244 3055756250
593633427 -22.830028 -43.4233839 593633425 593633430
463199500 -22.829723 -43.4202752 463199499 460850753
593633430 -22.8296127 -43.4236843 593633427 593633434
463199499 -22.8295015 -43.4201636 463203599 463199500
593633434 -22.829049 -43.4240705 593633430 593633437
3055756244 -22.8286211 -43.428649 3055756241 3055756249
593634896 -22.8284767 -43.4281548 593634899 593634893
593634899 -22.8284668 -43.4283586 593634896
3055756241 -22.8283682 -43.4291601 3055756239 3055756244
593634893 -22.8282789 -43.4279938 593634891 593634896
593633437 -22.8282382 -43.4246821 593633434 593633442
3055756239 -22.828185 -43.429321 3055756241 3055756236
593634891 -22.8280416 -43.4278222 593634888 593634893
3055756236 -22.8280034 -43.4294143 3055756095 3055756239
3055756234 -22.8279718 -43.4291277 3055756115
593633442 -22.8279217 -43.4248752 593633447 593633437
593634888 -22.8278933 -43.4276612 593634880 593634891
593634880 -22.8277647 -43.4274359 593634877 593634888
593634877 -22.8277054 -43.4271784 593634874 593634880
593634874 -22.8275472 -43.426878 593634871 593634877
593634871 -22.8273692 -43.4264596 593634866 593634874
593634866 -22.8272406 -43.4261592 593634871 593634862
593633447 -22.8271504 -43.4252185 593633442 593633452
593634862 -22.8271417 -43.4260841 593634866 593634860
593634860 -22.8270033 -43.4259553 593634857 593634862
461999747 -22.8269016 -43.4201827 461999912
593634857 -22.8268945 -43.4258373 593634855 593634860
3055756115 -22.8267153 -43.4292452 3055756089 3055756234
593634855 -22.826677 -43.4255798 593633452 593634857
593633452 -22.8266118 -43.4254911 593633447 593633457 593634855
593633457 -22.8261921 -43.425737 593633452 593633462
3055756095 -22.8259913 -43.4295623 3055756075 3055756236
593633462 -22.8258056 -43.4260447 593633457 593633468
3055756089 -22.8257427 -43.4293162 3055756077 3055756115
593633468 -22.825588 -43.4262485 593633474 593633462
462123234 -22.825555 -43.4211306 462123235
462123235 -22.8253418 -43.420629 461999912 462000139 462123234
593633474 -22.8253309 -43.4263343 593633483 593633468
462000136 -22.8252957 -43.4212641 462000139
462000139 -22.8250887 -43.4208114 462123235 1278064320 462000136 462123305
1278064325 -22.8250357 -43.4214823 1278064320
1278064349 -22.8249566 -43.4215574 1278064394
462123305 -22.8249428 -43.4204673 462000139 462000142 462123304
3055756077 -22.8248836 -43.429444 3055756089 3055756072
593633483 -22.8248563 -43.4263558 593633474 593633486
3055756075 -22.8248399 -43.429638 3055756095 3055756070
1278064320 -22.8248356 -43.4209938 1278064368 1278064325 462000139
462000142 -22.8248206 -43.4201789 462000481 462000463 462123305
1278064394 -22.8247786 -43.4212034 1278064368 1278064349
1278064368 -22.8247191 -43.4210778 462002041 1278064394 1278064320
3055756072 -22.8246699 -43.4295008 3055756077 3055756066
1278064393 -22.8246253 -43.4218203 1278064447
3055756070 -22.8246044 -43.429709 3055756061 3055756075
462002041 -22.8245441 -43.4212039 1278064368 1278064447 462123304
3055756066 -22.8245085 -43.4295623 3055756059 3055756072
1278064447 -22.8243981 -43.4213091 462002041 1278064390 1278064393
462123304 -22.8243869 -43.4208296 462002041 462002011 462123303 462123305
3055756061 -22.8242773 -43.4298651 3055756057 3055756070
1278064346 -22.8242396 -43.4219436 1278064390
3055756059 -22.8242381 -43.4297421 3055756056 3055756066
1278064390 -22.8240897 -43.4215314 1278064447 461999914 1278064346
3055756057 -22.8240854 -43.4299408 3055756061 3055756047
3055756056 -22.8240593 -43.4298415 3055756048 3055756059
593633486 -22.8239564 -43.4263236 593633483 593633489
462123270 -22.8238621 -43.4207272 462123271
3055756048 -22.8238194 -43.4298415 3055756041 3055756056
3055756047 -22.823815 -43.4299124 3055756043 3055756057
462123303 -22.8237513 -43.4212937 462123304
462004376 -22.8237055 -43.4225344 461999914
462123207 -22.8234824 -43.4203753 462123179
461999914 -22.8234603 -43.4219851 1278064390 462004410 2778561197 462004376
3055756043 -22.8234182 -43.4298509 3055755912 3055756047
3055756041 -22.8233397 -43.4297374 3055756039 3055756048
3055756039 -22.8232437 -43.4297563 3055756036 3055756041
2778561197 -22.8231863 -43.4213216 462123271 461999914 2778561199
593633489 -22.8231752 -43.426227 593633486 593633492
462123271 -22.82315 -43.4212336 462123270 462123358 2778561197
3055756036 -22.8231085 -43.4297705 3055756039 3055755931
3055755931 -22.8230082 -43.4297279 3055756036 3055755926
462123358 -22.8229648 -43.4207851 462123351 462123271 2778561196
2778561196 -22.8229001 -43.4206285 462123358 2778561195 462000947
3055755926 -22.8228512 -43.4297184 3055755922 3055755931
593633492 -22.8227697 -43.4262378 593633494 593633489
462000947 -22.8226771 -43.4200882 2778561194 2778561183 462123179 2778561196
3055755922 -22.8226506 -43.4297563 3055755913 3055755926
2778561199 -22.8224913 -43.4218294 2778561197
3055755913 -22.8224412 -43.4297752 3055755909 3055755922
462123453 -22.8224065 -43.4221005 462123459
3055755912 -22.8223932 -43.4298698 3055755890 3055756043
3055755909 -22.8223104 -43.4297563 3055755913 3055755904
2778561195 -22.8222927 -43.4210366 2778561194 2778561196
3055755904 -22.8221403 -43.4296853 3055755900 3055755909
1278064327 -22.8221163 -43.4238612 462004407
462004407 -22.8220996 -43.4236845 1278064327 462004410
2778561194 -22.8220636 -43.4205217 2778561195 462000947 462004412
593633494 -22.8219885 -43.4263451 593633495 593633492
3055755900 -22.8218917 -43.4295907 3055755894 3055755904
462004410 -22.8218626 -43.4231358 462004407 1278064395 461999914 1278064425
3055755894 -22.8217434 -43.4295765 3055755900 3055755888
1278064395 -22.8216803 -43.4226948 462004410 462123459 1278064317
1278064371 -22.8216636 -43.423848 1278064425
462123459 -22.8216563 -43.4226367 1278064395 803439975 462123453
3055755890 -22.8216562 -43.429884 3055755882 3055755912
3055755888 -22.8215515 -43.42969 3055755887 3055755894
1278064425 -22.8214792 -43.4234119 462004410 1278064365 1278064371
803439975 -22.8214373 -43.4221068 462123459 462123351 803439972
462123351 -22.8213635 -43.4219282 803439975 2778561200 462123358
2778561200 -22.8213448 -43.421883 462123351 462004412 2778561201
3055755887 -22.8213421 -43.4298083 3055755881 3055755888
1278064388 -22.8211345 -43.4242611 1278064365
3055755882 -22.8210848 -43.4299929 3055755868 3055755890
462004412 -22.8210719 -43.4212225 2778561200 2778561194 2779835138 462004440
3055755881 -22.8210674 -43.429903 3055755871 3055755887
593633495 -22.8209897 -43.4265382 593633494 593633496
803440254 -22.8209557 -43.4246422 803440256 803440253
803440253 -22.8209261 -43.424728 803440051 803440254
1278064365 -22.8208828 -43.4238415 1278064425 803440256 1278064388
1278064317 -22.8208626 -43.4232633 1278064395
2779835138 -22.8207816 -43.4205271 2779835141 462004412 462124476
462124476 -22.8207644 -43.420486 2779835138 2779835144 462124474
2778561203 -22.8207413 -43.4231873 2778561202
462004445 -22.8207151 -43.4253153 803439677
462124712 -22.8207056 -43.4228901 462124714
2778629020 -22.8206863 -43.4257099 2778629019
803440256 -22.8206837 -43.4239849 1278064365 803440254 462004442
2779835144 -22.8206833 -43.4202917 2779835152 2779835147 462124476
803439677 -22.8206737 -43.4252191 803440051 462004445 803439675
3055755871 -22.820653 -43.4299503 3055755867 3055755881
2779835152 -22.8206386 -43.4201848 462002237 2779835149 2779835155 2779835144
2778561201 -22.8206289 -43.4223986 2778561200
803440051 -22.8205632 -43.4249625 462004442 803439677 803440253
593633496 -22.8204953 -43.4267635 593633495 593638706
3055755867 -22.8204219 -43.4299503 3055755865 3055755871
803439972 -22.8203624 -43.4228505 803439975
593638706 -22.8203565 -43.4269336 593633496 593633497
2778629023 -22.8203183 -43.4267514 462004473 2778629025
462004442 -22.8202704 -43.4242826 2778561202 803440051 803440256 803439764
593633497 -22.8202678 -43.4270424 593638706 593633498
462004473 -22.8202009 -43.4268345 2778629023 462004474
2779835149 -22.820153 -43.4205181 2779835152
3819977657 -22.8201259 -43.4200928 3819977658
593633498 -22.8201195 -43.4275896 593633499 593633497
2778629025 -22.8201074 -43.426254 2778629023
803439762 -22.8200855 -43.4250177 803439764
593633499 -22.8200701 -43.4278686 593633498 593633500
2778629022 -22.8200428 -43.4262937 2778629021
2778561202 -22.8200103 -43.4236737 462124714 462004442 2778561203
