1757202650 -22.8540446 -43.646091 2615830835 1757202800
1757202800 -22.8536442 -43.6452971 1757202526 1757202650
1757202526 -22.8535612 -43.6451678 1757202645 1757202800
1757202645 -22.8530374 -43.6443632 1757202526 1757202692
1757202692 -22.8519289 -43.6427437 1757202645 1757202372
1757202372 -22.8504174 -43.6404257 1757202692 1757202395
1757202395 -22.850279 -43.6402433 1757202594 1757202372
1757202594 -22.8501357 -43.6400931 1757202395 1757202397
1757202469 -22.8452008 -43.6467187 1757202580
1757202580 -22.8447274 -43.6459403 1757202469 1757202504
1757202504 -22.8432641 -43.6435692 1757202580 1757202720
1754820728 -22.8405301 -43.6483008 1754820751 1754820797
