490919739 -22923240 -43308634 490919732
3635589835 -22923239 -43308713 490919739
490919732 -22923232 -43308552 490919725
490919686 -22923227 -43306165 490919680
490919743 -22923226 -43308799 3635589835
490919694 -22923215 -43306324 490919686
490919680 -22923214 -43305988 3635589834
490919725 -22923211 -43308467 490919714
3635589834 -22923187 -43305875 490919670
490929479 -22923155 -43306113 490929485
490929485 -22923153 -43306250 490929502
3635589833 -22923152 -43308607 490929517
490929517 -22923152 -43308704 490929519
3635589832 -22923140 -43308510 3635589833
490919670 -22923139 -43305768 490919657
490929519 -22923137 -43308791 490929523
490929475 -22923130 -43305970 490929479
490929513 -22923110 -43308412 3635589832
3635589829 -22923088 -43305851 490929475
490919657 -22923063 -43305664 490919644
3637787065 -22923040 -43303709 3637787064
3637787064 -22923034 -43303603 490919469
490919483 -22923026 -43303865 3637787065
490919714 -22923025 -43307878 490919710
490919469 -22923017 -43303506 490919453
490929471 -22923013 -43305742 3635589829
490919710 -22923007 -43307762 490919701
490919701 -22923007 -43307607 490919694
490919488 -22922989 -43304007 490919483
490919420 -22922987 -43301548 490919410
490919429 -22922979 -43301674 490919420
490919410 -22922977 -43301445 3637787054
3637787057 -22922960 -43303747 490929407
490919750 -22922957 -43309829 490919743
2203455232 -22922956 -43303639 3637787057
490929509 -22922956 -43307953 490929513
490929407 -22922949 -43303852 490929410
490919644 -22922944 -43305566 490919628
490919437 -22922944 -43301781 490919429
3635589822 -22922938 -43309941 490919750
490929403 -22922938 -43303534 2203455232
490929502 -22922936 -43307614 490929505
490929505 -22922933 -43307792 490929509
490919498 -22922933 -43304132 490919488
3637787054 -22922930 -43301296 490919398
490929410 -22922913 -43303980 490929415
490929467 -22922907 -43305648 490929471
2203455216 -22922907 -43301565 490929383
490929383 -22922901 -43301669 490929387
490929377 -22922888 -43301447 2203455216
490929523 -22922871 -43309772 3635589811
490919514 -22922871 -43304231 490919498
490929387 -22922869 -43301759 2203455217
490929415 -22922858 -43304096 490929427
3635589811 -22922842 -43309914 490929526
490929370 -22922832 -43301311 490929377
490929460 -22922814 -43305597 490929467
490929427 -22922795 -43304186 490929434
3637787049 -22922792 -43302106 490919437
3637787048 -22922739 -43302226 3637787049
490919453 -22922729 -43302598 490919448
490919448 -22922713 -43302499 490919443
490919443 -22922710 -43302367 3637787048
2203455217 -22922689 -43302138 2203455218
2203455231 -22922648 -43302604 490929403
2203455218 -22922647 -43302254 490929393
490929393 -22922631 -43302368 3637787045
3637787045 -22922630 -43302468 2203455231
490919628 -22922572 -43305402 490919576
490919398 -22922562 -43300557 490919395
490919395 -22922520 -43300454 490919394
490929454 -22922519 -43305460 490929460
490919394 -22922497 -43300364 3637787036
490919576 -22922492 -43305350 490919570
490919390 -22922486 -43300150 490919384
3637787036 -22922484 -43300261 490919390
490929364 -22922480 -43300574 490929370
490929359 -22922440 -43300466 490929364
490929450 -22922431 -43305396 490929454
490919528 -22922425 -43304712 490919514
490919570 -22922425 -43305281 490919555
3637787030 -22922419 -43300377 490929359
490929338 -22922411 -43300163 490929353
490929353 -22922408 -43300268 3637787030
490929434 -22922379 -43304641 2203455237
490919555 -22922375 -43305199 490919546
3635584289 -22922373 -43304799 490919528
3635584288 -22922349 -43304862 3635584289
490919546 -22922342 -43305100 490919539
490929443 -22922339 -43305297 490929450
490919539 -22922331 -43304970 3635584288
2203455237 -22922303 -43304739 490929440
3637787026 -22922287 -43305196 490929443
490929440 -22922266 -43304823 3637787025
490929442 -22922259 -43305109 3637787026
3637787025 -22922248 -43304904 2203455238
2203455238 -22922243 -43305007 490929442
