462006508 -22819963 -43418575 462002237 2779835123 2779835133 462006505
462004802 -22819950 -43413582 462004801 462004805 462004933
462004735 -22819940 -43412158 462004800 462004734
3819977658 -22819888 -43419581 462002237 3819977657 462004439
2778561167 -22819857 -43415537 2778561166
462123028 -22819812 -43410866 462123024 462123030
462123030 -22819780 -43410926 462123028 462123035
462004805 -22819763 -43413134 462004810 462004734 462004802
2779835133 -22819747 -43418066 462006580 462006508 2779835135
462006580 -22819723 -43418010 462006576 2779835133 462006151
462123024 -22819646 -43410428 462123028 462123097
462004734 -22819498 -43412497 462004752 462004735 2776918591 462004805
462123097 -22819495 -43410054 462123024 460812153 460827920
2779835123 -22819494 -43418909 2779835121 462006508
462006151 -22819472 -43417416 462006580 462123807 2779835125 462123168
462123167 -22819448 -43415698 462123168
2779835121 -22819299 -43418978 2779835119 2779835123
2779835119 -22819112 -43418990 462124565 2779835121
462124495 -22819084 -43419578 462124496
2776918591 -22819078 -43411490 2776918592 462123035
2779835128 -22819078 -43418331 2779835125
803440909 -22819067 -43414193 803440911
462123035 -22819055 -43411435 462123030 462004375
462123807 -22818979 -43416249 462123845 462006151 462004934
2779835135 -22818917 -43418628 803440690 2779835133
462124565 -22818902 -43419123 462124566 2779835119
2779835125 -22818846 -43417864 462006144 462006151 2779835128
803440690 -22818830 -43418602 2779835135 803437647
462004375 -22818718 -43410607 460812128 462123097
462004934 -22818672 -43415525 462123807 462124635 803440911 462004933
2776918593 -22818580 -43412394 2776918592
462124281 -22818393 -43419833 462124566 462124496 462124326
2776918592 -22818381 -43411957 2776918591 2776918593
803440911 -22818332 -43414721 803440909 462004934 462004810
462124566 -22818275 -43419557 462124281 462124565 803437521
462124624 -22818246 -43417346 462124625
803437521 -22818233 -43419458 462124566 803437647 803437522
2776918594 -22818211 -43411889 462123638
462004810 -22818143 -43414275 462004752 803440911 462004805
803437647 -22818083 -43419105 803437642 803440690 462006144 803437521
462004752 -22817873 -43413636 462004810 462004734 462004749
462006144 -22817856 -43418572 462124625 803437697 2779835125 803437647
803437642 -22817741 -43419351 803437639 803437697 803437647
462124635 -22817600 -43416287 462004935 462124640 462004934
2363006254 -22817592 -43410118 2363006288
462124625 -22817556 -43417866 462123845 462006144 462124624
803437522 -22817544 -43419922 803437521 462124369
803437697 -22817504 -43418826 462123864 803437642 462006144
803437639 -22817455 -43419557 803437642
462235322 -22817418 -43412561 462004752 3121070987
462123864 -22817386 -43418912 803437697 462123889 2779835107
462123638 -22817383 -43412480 462235322 2776918594
462123845 -22817340 -43417357 462004935 462124625 462123807 462123889
2779835109 -22817197 -43419734 2779835107
3076060898 -22817108 -43413498 3121070987
462004413 -22817089 -43411768 462123638 462004375 462004414
462004935 -22817051 -43416678 2778561163 462123845 462124635 462123890
462124640 -22817019 -43414977 462124635 2778561163
2779835113 -22816987 -43419803 2779835110
2779835107 -22816949 -43419227 2779835110 462123864 2779835109
3121070987 -22816880 -43412980 3076060899 462235322 3076060898
462123889 -22816852 -43417687 462123845 462123864 462123846 462123890
2779835110 -22816770 -43419357 462005586 2779835113 2779835107
2363006288 -22816719 -43410510 462004414
803437368 -22816714 -43418549 803437372
3076060899 -22816660 -43413140 3121070987
2363006293 -22816627 -43410159 460816292 2363006294
462004414 -22816598 -43410564 462004413 2363006286
460816292 -22816586 -43410178 462047576 2363006293
462123890 -22816572 -43417030 462004935 462123913 462123889
2363006286 -22816534 -43410593 747082403
2778561163 -22816483 -43415342 462004935 462124640 462004749
462047576 -22816459 -43410232 460816292 2363006291 462685083
462005586 -22816361 -43419652 462001592 2779835110
2363006291 -22816359 -43410274 462047576 460816274
462004749 -22816249 -43414792 2778561163 462004752 462124012 462124055
462123913 -22816234 -43417278 462004936 462123936 462123890
462001592 -22816198 -43419265 462001725
462005546 -22816162 -43419774 462005543 462001590
462001725 -22816107 -43419336 462001593 803437372
462124055 -22816014 -43414239 462124051 462123953 462004749
462001593 -22816000 -43419419 462005546
803437372 -22815995 -43419073 803437368 3819977666 462001725 462123846
747082403 -22815849 -43410908 803450800
462123953 -22815751 -43413623 1272199653 462124055 462123950
462123846 -22815726 -43418446 462004936 462123889 803437372
462124012 -22815723 -43415164 462123936 462124051 462004749
803450796 -22815616 -43412058 803450800
462124051 -22815479 -43414632 462124011 462124012 462124055
462004936 -22815468 -43417842 462123913 803441119 462123846 462124094
3819977666 -22815454 -43419449 803437372
1272199653 -22815453 -43412934 462004420 462004413 462123953
462123936 -22815416 -43415381 462124012 462123913 462124033
462124011 -22815334 -43414316 462124051
462124033 -22815308 -43415458 462123936 462001728 462124030
803450800 -22815269 -43411166 462004420 803450796
462124094 -22815063 -43416897 462004936 462001728 462124117
460816274 -22814988 -43410856 462047562 2363006291
462124030 -22814891 -43414548 462124033
462004420 -22814804 -43411373 1064406821 1272199653
462001728 -22814648 -43415926 462004753 803437038 462124033 462124094
462047562 -22814637 -43411043 460866515 460816274 462685084
803441118 -22814588 -43419031 803441119
462685084 -22814430 -43410709 462684147 462047562 462685083
803441119 -22814419 -43418559 462004936 462004937 803441118
803450590 -22814301 -43412540 803450593
803437038 -22814218 -43414919 462001728 462123950 803436968
462123950 -22814150 -43414761 803437038 462003487 462123953
460866515 -22814102 -43411328 2775499785 462047562
2775499785 -22814057 -43411350 1064406955 460866515 2775499786
1064406821 -22814002 -43411729 747082389
1064406955 -22813896 -43411430 460866493 2775499785
462003487 -22813859 -43414070 1272199653 462123950
462004937 -22813836 -43418959 462125972 462126201 803441119 462004938
747082389 -22813604 -43411906 462001729
462126201 -22813550 -43418284 462124117 462126196
803450593 -22813471 -43413173 803450590 462003487
462124117 -22813445 -43418036 462126143 462124094
462126143 -22813349 -43417810 462004753 803436813
2775499786 -22813348 -43410176 2775499784 462684147 2775499785
462004753 -22813047 -43417095 803436844 462126221 462001728
462001729 -22813043 -43412169 747082384 803450593
460866493 -22813041 -43411852 460866476 1064406955
803436813 -22812771 -43418211 462126142 803436844 462126143
2776918590 -22812730 -43414052 2776918589
2775499784 -22812677 -43410682 2775499786
462126221 -22812628 -43416106 462126234 803436968
747082384 -22812595 -43412453 462004279
803436968 -22812590 -43416017 2777386307 803437038
460866476 -22812567 -43412066 460866493 460866463
803436844 -22812461 -43417508 462004753 803436813 462126151
462124173 -22812446 -43413312 462124174
2777386307 -22812392 -43415545 462004277 2777386308
462004277 -22812253 -43415214 2776918589 462003487
462126142 -22812223 -43418591 803436813 462126141 462126151
462047386 -22812206 -43410962 462047385 462238624
462047385 -22812206 -43410798 462047386 462683480
460866463 -22812044 -43412418 460866444 460866476
2777386308 -22811995 -43415804 2777386307
2776918589 -22811983 -43414599 2775499769 2776918590
2775499769 -22811952 -43414529 462004278 2775499771
462126097 -22811949 -43419427 462004938 462126068 462126196
462126151 -22811936 -43417879 803436844 462126142 462004764
462126196 -22811930 -43419382 462126097 462126201 462126141
462004278 -22811815 -43414218 1272200497 1272200500 462124174
462126141 -22811739 -43418927 462126142 462126196 803441789
462124174 -22811699 -43413889 462004279 462124173
1272200499 -22811686 -43414219 2432671544
2432671544 -22811674 -43414268 1272200497
1272200497 -22811661 -43414323 2432668518
2777386305 -22811659 -43416453 2777386304
1272200500 -22811626 -43413962 1272200499 462004291
2432671546 -22811584 -43414045 2432671544
803441789 -22811557 -43418492 462004764 462126141
462004279 -22811473 -43413249 2432671554
462004764 -22811445 -43418225 2778561162 462126151 462126247 803441789
2432671545 -22811376 -43413538 2432671546
460866444 -22811348 -43412916 2432677761 460866463 462238624
2432671554 -22811305 -43413370 2363006298 2432671545
2432677761 -22811201 -43413019 2363006275 460866444 2432677763
462004291 -22811124 -43412796 462238560 1272200500
462126247 -22811073 -43417337 462126372 462126234 462004764
462126234 -22811040 -43417259 2777386304 462126221 462126247
2777386304 -22810924 -43416981 462004139 462126234 2777386305
462238560 -22810911 -43412436 462004291 1272200501
2363006298 -22810874 -43413681 2432668553
2432668518 -22810818 -43414898 2432669369
462238624 -22810803 -43411969 462047386
2432677763 -22810780 -43412299 2432677761 2432677762
2432669369 -22810735 -43414954 2432670504
2363006275 -22810708 -43413361 460866426 2432677761
2775499772 -22810700 -43410728 462683481 2775499773 462683480
1272200501 -22810689 -43412080 462238560 462047564
462004139 -22810661 -43416349 2777386304 462004277
2432677762 -22810642 -43412154 2432677763 2432677764
2432670504 -22810632 -43415024 462004292
2432677764 -22810602 -43412149 2432677765 2432677762
462047564 -22810560 -43411914 462683481 1272200501
2775499771 -22810362 -43415655 462004139
460866426 -22810336 -43413620 460876898 2363006275
2432668553 -22810333 -43414071 2432669548
2432669548 -22810249 -43414131 2432670935
2776918588 -22810248 -43415392 2775499771 462126709
462004292 -22810213 -43415310 462004138 2776918588
460876898 -22810154 -43413740 460866426 460876884
2778561161 -22810152 -43419830 2778561159 2778561162
2432670935 -22810145 -43414207 462004138
462683481 -22810102 -43411167 462047564 462683221 2775499772
2778561159 -22810023 -43419904 2778561161 462126109 803441755
803441755 -22809931 -43419685 2778561159 803441789 462004790
2778561162 -22809921 -43419291 2778561161 462004764 462004790
460876884 -22809885 -43413817 460876898 460876866
462004138 -22809836 -43414430 2363006282
462004790 -22809800 -43419375 462004771 2778561162 803441755
2777386310 -22809765 -43417676 2777386309
460876866 -22809536 -43413826 460876852 460876884
462683221 -22809525 -43410225 462683481 462683224 462682764 2775499773
2432677765 -22809495 -43412943 462238635 2432677764
462126372 -22809434 -43418504 2777386312 462004790
460876852 -22809339 -43413998 462239010 460876866
2777386309 -22809239 -43418037 462126372 2777386310
462239010 -22809092 -43414176 462126555 460876852 462238635
462003762 -22809022 -43417518 462004139 2777386309
462683224 -22808802 -43410746 462683221 462683247 462683222
462238635 -22808651 -43413539 2432677765 462683531 462239010
2777386312 -22808620 -43419045 462126372 803450033
462126709 -22808614 -43416555 2776918588 462126484
2777386314 -22808556 -43419633 2777386313
803450033 -22808525 -43419171 2777386312 803450035
462683247 -22808488 -43410214 462683224
462683531 -22808467 -43413236 462683535 462683483 462238635
803450035 -22808456 -43419267 803450033 803450036
2777386316 -22808332 -43418844 2777386315
2363006282 -22808294 -43415527 462003763
462126555 -22808270 -43414773 462239010 462126553
462003763 -22808208 -43415588 2363006281
2777386318 -22808138 -43418811 2777386317 2777386319
462126553 -22808111 -43414548 462047529
462683483 -22808094 -43412620 462683481 462683222 462683531
2363006281 -22807977 -43415756 462004132
2777386317 -22807895 -43418320 462003762 2777386318
462126841 -22807878 -43419837 462127127 803450036
2363006273 -22807846 -43415078 462126555
462047529 -22807823 -43414712 462683535 2776438356
803450036 -22807819 -43419698 803450035 462126730
2776438356 -22807750 -43414775 462239071
462126522 -22807733 -43415160 2363006273
462126730 -22807692 -43419398 2777386315 462126725
2363006250 -22807687 -43415193 462126522
462239071 -22807667 -43414859 462126552
2777386315 -22807656 -43419313 2777386319 2777386316
2777386319 -22807606 -43419195 462004131 2777386318
462126552 -22807597 -43414926 462126522
462683222 -22807519 -43411671 462239008 462683224 462683483 462683223
462239070 -22807401 -43414655 462239071
462004131 -22807390 -43418681 2777386317 462126484
462047522 -22807380 -43410395 462239008 462681727 462682764
462683535 -22807374 -43414024 462047528
2432679104 -22807300 -43415502 2363006250
462239069 -22807005 -43414320 462239070 462683535
462126484 -22806986 -43417704 462126709 462126501 462004132
462239008 -22806950 -43410733 462683222 462047522 462682765
462047528 -22806794 -43413133 462239044 462683223
460876832 -22806736 -43415877 460878632 2432679104
462239037 -22806689 -43415728 460876832
462239068 -22806649 -43413926 462239069
462004132 -22806597 -43416756 462004099
462239036 -22806570 -43415385 462239037
462683787 -22806376 -43414863 462239036 462239069
462683223 -22806375 -43412489 462685475 462683222
462239044 -22806356 -43413444 462239068 462049093
462239035 -22806072 -43414046 462683787
462685475 -22806016 -43411936 462239510 462682765
462049093 -22805995 -43413700 462239035 462685481 462239044 462239435
462004104 -22805776 -43419831 462004131 462126725
462682765 -22805775 -43411566 462239008 462685475 462681728
460878632 -22805675 -43416830 460878606 460876832
462239510 -22805352 -43412441 462672324 462685480
462126501 -22805343 -43418856 462004104
460878606 -22805208 -43417258 460878580 462710032 460878632
462681728 -22805188 -43410663 462682765 462047527 462681727
462047527 -22805165 -43410627 462681728 462681729
462685481 -22805131 -43413291 462049160 462685535 462049093
462004099 -22804942 -43417951 1278174015 462126501
462710032 -22804836 -43416238 460878606 462683787 462239435 462710057
460878580 -22804718 -43417663 460878606 1278174060
462049160 -22804650 -43413064 462685481 462685480
462685480 -22804544 -43413031 462049160 462049158
1278174015 -22804440 -43418331 460868218
462239435 -22804434 -43415119 462710032 462717470 462685535 462049093
1278174060 -22804226 -43418012 460878580 460878555
462049158 -22804112 -43412893 462672327 462718341 462685480
462685535 -22803927 -43414357 462685481 462685536 462239434 462239435
462710057 -22803907 -43417012 462710032 462710072 2776454244
462672324 -22803622 -43410241 462718959 462672001 462672327 462239510
462239434 -22803611 -43413883 462685535
2776454244 -22803608 -43416601 462717470 462710057 2776454243
460878555 -22803586 -43418505 462713496 462710072 1278174060
460868218 -22803373 -43419139 803448712 462130455
462717470 -22803269 -43416136 2776454244 462239435 2776454242
462718341 -22803223 -43413560 462718435 462717981 462049158
2776454243 -22803049 -43417017 2776454242 2776454244
462710072 -22803021 -43417707 1278174065 460878555 462713451 462710057
462713496 -22802854 -43419050 460878525 462710081 460878555
462672327 -22802832 -43412519 462049158 462672324 462718752 462712883
1278174065 -22802791 -43417880 462710072 1278174072
2776454242 -22802728 -43416582 462717470 462713451 2776454243
1278174072 -22802686 -43417959 462710081 1278174065
462685536 -22802681 -43415519 462685535 462685537
462713451 -22802374 -43416874 462710072 2614097044 462685537 2776454242
460878525 -22802365 -43419425 462710812 462713496
462717981 -22802306 -43414248 462713452 462718341 462718283
462710081 -22802296 -43418252 462713496 462713611 1278174072 462710096
803448712 -22802270 -43419856 803448679 462004606
2614097044 -22802195 -43417022 2614097043 462713451
462710812 -22802120 -43419601 460878525 460878502 462710096
2614097043 -22802095 -43417105 2614097044 462713611
462685537 -22801887 -43416197 462716584 462685536 2614097045 462713451
462718752 -22801877 -43411301 462718959 462672327 462712749
462712883 -22801736 -43412204 462672327 462718435 462049157
462713611 -22801714 -43417419 462710081 2614097043 2614097048
2614097045 -22801692 -43416354 2614097046 462685537
462716584 -22801598 -43415777 462713452 1278174113 462685537
462712749 -22801597 -43410944 462718752 462674171 462712754
2614097046 -22801577 -43416447 2614097045 462685538
462710096 -22801542 -43418811 462710812 2614097047 462710081 803449114
1278174113 -22801387 -43415950 1278174109 462716584
1278174109 -22801297 -43416023 462716581 1278174113
462718435 -22801234 -43412999 462718341 462712883 462718283
2614097053 -22801170 -43418024 2614097052 2614097054
2614097052 -22801162 -43418089 2614097053 2614097051
2614097054 -22801160 -43417959 2614097053 2614097048
2614097051 -22801134 -43418148 2614097047 2614097052
462713452 -22801132 -43415128 1278174036 462717981 462716584
2614097048 -22801131 -43417901 462713611 2614097054 2614097055
2614097047 -22801091 -43418195 462710096 2614097066 2614097051
2614097055 -22801086 -43417855 2614097048 2614097056
462674171 -22801082 -43410283 462673765 462730332 462674176 462712749
2614097066 -22801039 -43418224 2614097047 2614097065
2614097056 -22801030 -43417828 2614097055 2614097057
2614097065 -22800981 -43418234 2614097064 2614097066
2614097057 -22800969 -43417821 2614097058 2614097056
2614097064 -22800922 -43418225 2614097063 2614097065
2614097058 -22800909 -43417835 2614097057 2614097049
1278174036 -22800892 -43415308 462739167 462713452
2614097063 -22800870 -43418196 2614097064 2614097050
2614097049 -22800857 -43417869 2614097059 2614097058 462685538
462049157 -22800845 -43411948 462738500 462712883 462737201
2614097050 -22800827 -43418152 2614097062 803449338 2614097063
2614097059 -22800819 -43417916 2614097049 2614097060
2614097062 -22800800 -43418097 2614097061 2614097050
2614097060 -22800795 -43417973 2614097059 2614097061
2614097061 -22800789 -43418035 2614097062 2614097060
462739167 -22800773 -43415398 462712513 462739199 1278174036
462718283 -22800733 -43413793 462718435 1278174086 462717981
462739199 -22800649 -43415296 462739167 462739200
462739200 -22800522 -43415184 462739199 462739183
462685538 -22800470 -43417341 2614097046 462716581 462685539 2614097049
803449114 -22800275 -43419757 803449334 462710096 462710105
462737201 -22800192 -43411762 462673765 462737199 462049157
462716581 -22800177 -43416940 462716379 1278174109 462712513 462685538
1278174086 -22800087 -43414818 462718283 462739183
462739183 -22800004 -43414949 462739200 462739201 1278174086 462713107
