2693749522 -22.979871 -43.482261 2693749520 2693749525
2693749521 -22.97981 -43.482993 2693749518
2693749520 -22.979712 -43.482192 2693749516 2693749522
2693749518 -22.979678 -43.482806 2693749521 2693749525 2693749459
2693749516 -22.979487 -43.482266 2693749520 2693749482
2693749482 -22.97923 -43.481844 2693749516 2693749460
2693749475 -22.979201 -43.480717 2693749458 2693749465
2693749465 -22.979166 -43.480402 2693749479 2693749475
2693749460 -22.979137 -43.481574 2693749482 2693749453
2693749459 -22.979132 -43.482034 2693749416 2693749518
2693749458 -22.979132 -43.481064 2693749445 2693749475
2693749453 -22.978965 -43.481493 2693749460 2693749404
2693749451 -22.9789448 -43.4809837 2693749443 2693749454
2693749445 -22.978849 -43.48123 2693749458 2693749409
2693749443 -22.9788227 -43.4811096 2693749430 2693749451
2693749431 -22.978595 -43.488703 2693749352
2693749430 -22.9785701 -43.4811367 2693749424 2693749420 2693749443
2693749427 -22.978513 -43.482893 2693749416 2693749419
2693749424 -22.9784775 -43.4809074 2693749425 2693749430
2693749420 -22.9784491 -43.4811712 2693749430 2693749401 2693749399
2693749419 -22.97842 -43.483057 2693749394 2693749427
2693749416 -22.978391 -43.482523 2693749404 2693749427 2693749459
2693749409 -22.978268 -43.481356 2693749445 2693749403
2693749404 -22.978176 -43.481865 2693749416 2693749398 2693749453
2693749403 -22.978175 -43.4815457 2693749409 2693749398 2693749399
2693749401 -22.978138 -43.4802361 2693749425 2693749377 2693749420
2693749399 -22.9781151 -43.4813423 2693749403 2693749388 2693749420
2693749398 -22.978113 -43.481672 2693749391 2693749404 2693749403
2693749394 -22.978072 -43.483061 2693749361 2693749419
2693749391 -22.9780636 -43.4815178 2693749398
2693749389 -22.9780293 -43.4814262 2693749388
3783441984 -22.9780131 -43.4884519 2693749380
2693749388 -22.9779952 -43.4813229 2693749376 2693749389 2693749399
2693749380 -22.9779787 -43.4885086 3783441984 2693749324
2693749378 -22.9776478 -43.4800377 2693749377 2693749356 2693749405
2693749377 -22.9776445 -43.4801388 2693749376 2693749401 2693749378
2693749376 -22.9776402 -43.4802704 2693749377 2693749388
2693749372 -22.9775352 -43.4843483 2693749367 2693749363
2693749367 -22.9774094 -43.4837608 2693749279 2693749366 2693749372
2693749366 -22.9773827 -43.48349 2693749367
2693749363 -22.977314 -43.4844704 2693749372 2693749357 2693749359
2693749361 -22.97724 -43.483374 2693749394 2693749229
2693749359 -22.9771614 -43.4847298 2693749342 2693749363
2693749357 -22.9770775 -43.4845467 2693749290 2693749351 2693749363
2693749356 -22.9770458 -43.4805355 2693749346 2693749310 2693749378
2693749351 -22.976965 -43.4841843 2693749357
2693749346 -22.9767933 -43.4802628 2693749334 2693749356
2693749342 -22.9765854 -43.4850655 2693749303 2693749359
2693749324 -22.976344 -43.489906 2693749330 2693749318 2693749380
2693749318 -22.976243 -43.489722 2693749324 3840150271
3840150271 -22.9761242 -43.4890859 2693749299 2693749318
2693749310 -22.9761162 -43.4813042 2693749273 2693749356
2693749307 -22.976075 -43.481062 2693749285 2693749305
2693749305 -22.976069 -43.480466 2693749307 2693749257
2693749303 -22.9760418 -43.4855156 2693749289 2693749263 2693749342
2693749299 -22.976015 -43.488501 2693749280 3840150271
2693749290 -22.9759541 -43.4851074 2693749289 2693749286 2693749357
2693749289 -22.9759331 -43.4853363 2693749303 2693749290
2693749286 -22.9759197 -43.484787 2693749290 2693749279
2693749285 -22.975919 -43.48127 2693749272 2693749307
2693749280 -22.975867 -43.488136 2693749256 2693749299 2693749267
2693749279 -22.9758453 -43.484539 2693749367 2693749286 2693749269
2693749273 -22.975798 -43.481879 2693749272 2693749250 2693749310
2693749272 -22.975786 -43.481542 2693749273 2693749285
2693749269 -22.9757633 -43.4843483 2693749279
2693749267 -22.9757404 -43.4878258 2693749237 2693749280
2693749266 -22.975729 -43.485951 2693749263 2693749260
2693749263 -22.9756923 -43.4858177 2693749242 2693749303 2693749266
2693749260 -22.9756754 -43.4860189 2693749225 2693749247 2693749266
2693749258 -22.975669 -43.486758 2693749236 2693749237
2693749256 -22.975661 -43.488304 2693749198 2693749280
2693749250 -22.975625 -43.482184 2693749273 2693749206
2693749247 -22.9756052 -43.4861044 2693749228 2693749260
2693749242 -22.975574 -43.485388 2693749263 2693749238
2693749238 -22.975547 -43.484868 2693749242 2693749229
2693749237 -22.975543 -43.487342 2693749258 2693749267
2693749236 -22.975535 -43.486506 2693749228 2693749258
2693749231 -22.97547 -43.480179 2693749234
2693749229 -22.97541 -43.484349 2693749361 2693749238 2693749206
2693749228 -22.975402 -43.486365 2693749220 2693749236 2693749175 2693749247
2693749225 -22.9753036 -43.4854736 2693749207 2693749260 2693749224
2693749224 -22.9752998 -43.4849739 2693749225 2693749216
2693749220 -22.97523 -43.486183 2693749228 2693749044
2693749216 -22.975172 -43.4845123 2693749224
2693749207 -22.9749851 -43.4850235 2693749225 2693749203
2693749206 -22.974944 -43.482737 2693749165 2693749229 2693749250
2693749203 -22.9748554 -43.4847794 2693749207
2693749186 -22.974535 -43.484306 2693749167
2693749175 -22.974424 -43.486921 2693749228 2693749060
2693749167 -22.974393 -43.484105 2693749157 2693749186
2693749165 -22.974386 -43.482441 2693749149 2693749206
2693749157 -22.974289 -43.484099 2693749131 2693749167
2693749150 -22.974164 -43.482843 2693749137 2693749126
2693749149 -22.974104 -43.482227 2693749165 2693749142
2693749142 -22.97404 -43.482207 2693749137 2693749098 2693749149
2693749137 -22.974015 -43.482361 2693749142 2693749150
2693749131 -22.973978 -43.48424 2693749157 2693749126
2693749129 -22.973951 -43.488974 2693749100
2693749126 -22.973932 -43.484133 2693749131 2693749150
2693749121 -22.973911 -43.489962 2693749104 2693749183
2693749104 -22.973626 -43.4899 2693749100 2693749095 2693749121
2693749100 -22.973544 -43.48976 2693749129 2693749074 2693749104
2693749098 -22.9734871 -43.4820316 2693749142 2693749077
2693749077 -22.973211 -43.481944 2693749098 2693749030
2693749074 -22.973181 -43.489135 2693749100 2693749065
2693749065 -22.97292 -43.489278 2693749074
2693749060 -22.972814 -43.488089 2693749175 2693749059
2693749059 -22.972806 -43.488197 2693749042 2693749060
2693749044 -22.972452 -43.484676 2693749026 2693749220
2693749042 -22.972444 -43.488559 2693749059 2693749023
2693749034 -22.972132 -43.480503 2693749014 2693749015
2693749030 -22.972101 -43.481002 2693749077 2693749006 2693749015
2693749026 -22.972063 -43.484636 2693748861 2693749044
2693749023 -22.972049 -43.488845 2693749042 2693749008
2693749015 -22.971991 -43.480906 2693749030 2693749034
2693749014 -22.971945 -43.480342 2693748992 2693749034
2693749008 -22.971859 -43.488847 2693749023 2693748976
2693749006 -22.971856 -43.480972 2693749030 2693748986
2693748992 -22.971555 -43.480108 2693749014 2693748974
2693748986 -22.971343 -43.480675 2693748973 2693749006
2693748976 -22.971145 -43.48828 2693749008
2693748974 -22.971116 -43.48007 2693748992 2693748963
2693748973 -22.971111 -43.480503 2693748986 2693748959
2693748861 -22.969303 -43.484966 2693748826 2693749026
2693748845 -22.968902 -43.486973 2693748777
2693748840 -22.968829 -43.480734 2693748823 2693748824
2693748826 -22.968642 -43.484764 2693748760 2693748791 2693748861
2693748824 -22.968628 -43.4816573 2693748796 2693748811 2693748840
2693748823 -22.968597 -43.480632 2693748840 2693748757
2693748811 -22.968474 -43.482365 2693748773 2693748824
2693748796 -22.968376 -43.481515 2693748768 2693748824
2693748791 -22.968283 -43.485532 2693748826 2693748777
2693748777 -22.968235 -43.486697 2693748791 2693748845 2693748762 2693748751
2693748773 -22.968227 -43.482547 2693748811 2693748741
2693748768 -22.968172 -43.481025 2693748796 2693748757
2693748762 -22.96816 -43.486663 2693748777 2693748732 2693748710
2693748760 -22.96815 -43.484349 2693748826 2693748687
2693748757 -22.968124 -43.480727 2693748823 2693748768
2693748751 -22.968081 -43.487042 2693748777
2693748745 -22.968037 -43.488162 2693748716 2693748743
2693748743 -22.967968 -43.488431 2693748745
2693748741 -22.967955 -43.48243 2693748734 2693748773
2693748734 -22.967828 -43.482775 2693748687 2693748741
2693748732 -22.967824 -43.48706 2693748762 2693748705
2693748716 -22.967718 -43.487807 2693748702 2693748745
2693748710 -22.967542 -43.486391 2693748762 2693748696
2693748705 -22.967436 -43.487124 2693748732 2693748702
2693748702 -22.967379 -43.487304 2693748716 2693748705
2693748696 -22.967284 -43.486394 2693748641 2693748710
2693748687 -22.9672103 -43.4830605 2693748662 2693748760 2693748734
2693748662 -22.966768 -43.482454 2693748651 2693748687
2693748651 -22.966647 -43.482097 2693748662 2693748646
2693748646 -22.9666 -43.481441 2693748651 2693748656
2693748641 -22.96655 -43.486073 2693748696 3081850538
3081850538 -22.9664921 -43.4860685 2693748641 3081850535
3081850535 -22.966304 -43.486164 3081850538 2693748628
2693748628 -22.9661923 -43.4861253 3081850535 2693748623
2693748623 -22.965966 -43.4859975 2693748628
3081847232 -22.965933 -43.4895898 3081847231 3081847230
3081847231 -22.9659155 -43.4894949 3081847229 3081847232
3081847230 -22.965892 -43.4897724 3081847232 3081847228
3081847229 -22.9658613 -43.4893326 3081847231 3081847226
3081847228 -22.9658502 -43.4898942 2693748599 2693748620 3081847230
3081847226 -22.9657913 -43.4892292 3081847223 3081847229
3081847223 -22.9656094 -43.4891022 3081847220 3081847226
2693748599 -22.965537 -43.489685 3081847228 2693748558
3081847220 -22.9654057 -43.4890014 3081847216 3081847223
3081847216 -22.9653008 -43.4890472 3081847214 3081847220
3081847214 -22.965149 -43.4891415 3081847211 3081847216
3081847211 -22.9650116 -43.4892109 3081847214 3081847205
3081847205 -22.9648308 -43.489186 3081847211 3081847204
2693748558 -22.964752 -43.48961 2693748554 2693748599 2693748515 2693748556
2693748554 -22.9646664 -43.4896431 2693748558 2693748524
3081847204 -22.9643921 -43.4891467 3081847203 3081847205
3081847203 -22.9635761 -43.4891219 3081847204
2693748527 -22.963153 -43.488328 2693748520 2693748512
2693748524 -22.963131 -43.4896088 2693748554 2693748508
2693748520 -22.963119 -43.48759 2693748527 2693748469
2693748515 -22.96307 -43.489559 2693748508 2693748558
2693748512 -22.962993 -43.488581 2693748507 2693748527
2693748508 -22.962907 -43.489503 2693748500 2693748515 2693748489 2693748524 2693748507
2693748507 -22.962888 -43.488987 2693748508 2693748512
2693748500 -22.9628086 -43.4896278 2693748508 2693748490
2693748490 -22.9625072 -43.4898338 2693748500 2693748475
2693748489 -22.9624863 -43.4898109 2693748473 2693748508
2693748475 -22.9621296 -43.4899712 2693748490 2693748464
2693748473 -22.9621201 -43.4899445 2693748489 2693748462
2693748469 -22.961936 -43.486167 2693748520 2693748439
2693748464 -22.9616871 -43.4899788 2693748455 2693748475
2693748462 -22.9616776 -43.4899445 2693748473 2693748453
2693748455 -22.961422 -43.4898109 2693748453 2693748464
2693748453 -22.961359 -43.4897308 2693748455 2693748462 2693748447 2693748443
2693748443 -22.9609928 -43.4894142 2693748453 2693748434
2693748439 -22.960947 -43.485704 2693748430 2693748469
2693748434 -22.9608421 -43.4891586 2693748431 2693748443
2693748431 -22.960762 -43.4887047 2693748421 2693748434
2693748430 -22.960762 -43.485776 2693748423 2693748439
2693748425 -22.9607182 -43.489994 2693748436 2693748417
2693748423 -22.960575 -43.486029 2693748430 2693748414
2693748421 -22.9605312 -43.4880943 2693748431 2693748412
2693748417 -22.9603634 -43.4897728 2693748425 2693748406
2693748414 -22.960257 -43.48627 2693748423 2693748410 2693748413
2693748413 -22.9602394 -43.4865723 2693748407 2693748414
2693748412 -22.9602318 -43.4874001 2693748407 2693748421
2693748410 -22.960184 -43.485713 2693748394 2693748414
2693748407 -22.9601364 -43.487011 2693748413 2693748412
2693748406 -22.9601345 -43.4896965 2693748417 2693748400
2693748400 -22.9600639 -43.4898567 2693748406 2693748397
