3637787007 -22917419 -43279840 3637787006
3637787006 -22917417 -43279698 490918799
490918799 -22917407 -43279588 490918795
490918795 -22917387 -43279481 3637787001
3637787005 -22917339 -43279713 3637787004
3637787004 -22917330 -43279927 490924802
490924792 -22917326 -43279582 3637787005
3637787001 -22917137 -43278457 490918789
3637787000 -22917087 -43278609 490924792
490918789 -22916986 -43277826 490918785
490918785 -22916959 -43277672 490918776
490924788 -22916924 -43277944 3637787000
490918776 -22916907 -43277186 490918766
490918766 -22916879 -43277029 490918757
490924783 -22916877 -43277697 490924788
490924779 -22916827 -43277250 490924783
3637786995 -22916801 -43277104 490924779
490924775 -22916771 -43276964 3637786995
3637751890 -22916681 -43273527 490918706
490918715 -22916672 -43273707 3637751890
490918706 -22916668 -43273374 3637751889
3637751889 -22916641 -43273239 3637751888
490918720 -22916641 -43273867 490918715
3637751888 -22916609 -43273131 490918701
490924761 -22916591 -43273579 3637751886
3637751887 -22916588 -43273422 490924761
3637751886 -22916579 -43273719 3637751884
490918727 -22916575 -43274053 490918720
490918701 -22916568 -43273021 490918696
3637751885 -22916565 -43273296 3637751887
3637751884 -22916550 -43273854 490924764
490924759 -22916530 -43273166 3637751885
490924764 -22916517 -43273950 490924765
490918696 -22916501 -43272902 490918687
490924756 -22916472 -43273033 490924759
490918687 -22916439 -43272813 490918678
490924765 -22916433 -43274121 490924766
490924754 -22916398 -43272901 490924756
490918757 -22916335 -43275144 3637751882
490918744 -22916290 -43274523 490918727
3637751883 -22916256 -43274604 490918744
3637751882 -22916255 -43274907 3637751881
490924766 -22916238 -43274447 3637751879
3637751881 -22916238 -43274830 490918750
3637751880 -22916236 -43274698 3637751883
490918750 -22916233 -43274762 3637751880
3637751879 -22916170 -43274581 3637751878
3637751878 -22916147 -43274680 3637751877
490924770 -22916146 -43274828 490924775
3637751877 -22916142 -43274752 490924770
490918678 -22916006 -43272309 3637751876
3637751876 -22915941 -43272216 490918670
490924749 -22915928 -43272354 490924754
490918670 -22915899 -43272135 490918663
490918663 -22915861 -43272028 490918634
490924747 -22915851 -43272237 490924749
3637751875 -22915798 -43272117 490924747
490924745 -22915766 -43271985 3637751875
3026245105 -22915669 -43271504 490924745
3637751868 -22915551 -43278496 3637751867
3637751867 -22915519 -43278243 3637751864 3637751868
3637751864 -22915461 -43278136 3637751862 3637751867
3637751862 -22915429 -43278123 3637751864 3637751861
3637751861 -22915403 -43278129 3637751860 3637751862
3637751860 -22915372 -43278154 3637751859 3637751861
3637751859 -22915298 -43278409 3637751856 3637751860
3637751858 -22915292 -43273216 3637751828
3637751856 -22915272 -43278459 3637751852 3637751859
3637751855 -22915244 -43277098 3637751827
3637751852 -22915194 -43278469 3637751850 3637751856
3637751850 -22915135 -43278427 3637751852 3637751832
3637751832 -22914817 -43277631 3637751830 3637751850
3637751830 -22914771 -43277572 3637751824 3637751832
3637751828 -22914654 -43273029 1913396470 3637751858
1913396462 -22914577 -43278835 1913396458 830403817
1913396458 -22914573 -43278801 1913396462 3637751824
830403817 -22914560 -43278857 1913396462 1913396494
496190242 -22914548 -43277377 3637751827
3637751827 -22914522 -43277186 496190242 3637751825 3637751855 3637751822
3637751825 -22914412 -43276400 3637751827 518307727 3637751820
3637751824 -22914205 -43277813 1913396458 3637751822 3637751830
518307727 -22914205 -43275094 3637751825 518307715 1913396470
3637751823 -22914103 -43276822 3637751820
1913396476 -22914020 -43279974 830403825 830403826
3637751822 -22914019 -43277311 3637751824 3637751827 3637751818
830403825 -22913971 -43279956 1913396476 1913396459
3637751820 -22913962 -43276472 3637751817 3637751825 3637751823
1913396459 -22913937 -43279904 830403825 1913396494
1913396470 -22913922 -43273096 496189948 3637751828
3637751818 -22913896 -43277019 3637751817 3637751822 3637751815
496189948 -22913880 -43272771 496189899
496189899 -22913771 -43272067 1913396485 3252986394
3637751817 -22913705 -43276513 3637751816 3637751818 3637751820
1913396494 -22913703 -43279268 830403814 830403817 1913396459
3637751816 -22913682 -43276453 3637751817 3637751812 3637751809
3252986394 -22913631 -43270999 3252986398
3637751815 -22913608 -43277148 3637751818
3252986398 -22913587 -43270664 3252986401
3252986401 -22913546 -43270398 3637751814
830435731 -22913511 -43274761 830435730
3637751814 -22913506 -43270047 3637751813
3637751812 -22913457 -43275854 3637751816 518307715 3637751806
830435730 -22913438 -43274406 830435731 1913396450
1913396450 -22913415 -43274313 830435729 830435730
3637751809 -22913399 -43276596 3637751816
830435729 -22913379 -43274223 1913396461 1913396450
518307723 -22913341 -43273571 518307722 1913396465
518307722 -22913340 -43273664 1913396449 518307723
1913396449 -22913325 -43273782 518307722 1913396479
1913396465 -22913323 -43273480 518307723 1913396483
1913396461 -22913309 -43274100 830435729 1913396454
1913396479 -22913298 -43273884 1913396449 518307721
1913396483 -22913286 -43273392 830435723 1913396465
518307721 -22913268 -43273966 1913396454 1913396479
1913396454 -22913243 -43274013 1913396477 518307721 1913396461
518307715 -22913233 -43275258 496190263 3637751812 518307727 518307716
830435723 -22913208 -43273262 830435721 1913396483 518307724
518307724 -22913136 -43273172 830435723 1913396481
1913396481 -22913035 -43273064 1913396480 518307724
1913396477 -22913020 -43274419 1913396482 1913396454
1913396482 -22912980 -43274459 518307716 1913396477
1913396480 -22912949 -43272998 1913396473 1913396481
518307716 -22912931 -43274492 518307715 1913396482 1913396488
1913396488 -22912867 -43274488 518307716 1913396451
1913396473 -22912860 -43272955 1913396480 1913396466
518307726 -22912848 -43272905 496189948
830403814 -22912791 -43279673 830403813 1913396494
1913396466 -22912724 -43272920 1913396473 518307726
830435721 -22912672 -43273664 830435723
3637751806 -22912631 -43276222 3637751812
830403813 -22912622 -43279504 2260062564 830403814
1913396485 -22912617 -43272225 496189906 1913396466
1913396451 -22912602 -43274384 1913396488 518307717
518307717 -22912529 -43274349 518307718 1913396451
2260062564 -22912430 -43279591 2260062001 830403813 2260062561
496189836 -22912292 -43270105 3637751808 1913396485
518307718 -22912278 -43274170 1913396452 518307717
1913396452 -22912132 -43274041 518307718 1913396463
1913396463 -22912072 -43274016 1913396452 518307719
518307719 -22912009 -43274010 1913396463 518307720
496190263 -22911958 -43275470 518307715 496331452
2260062001 -22911882 -43279835 830403812 2260062564
496331452 -22911787 -43274547 496331446 518307720
518307720 -22911698 -43274066 496189540 518307719
496189540 -22911638 -43273741 496189940 496189564
518307738 -22911542 -43278987 2260062001 518307736
496189940 -22911512 -43273064 496189431 1913396466
830403812 -22911504 -43279996 2260062001
496189431 -22911458 -43272770 496189906 496189459
496189906 -22911388 -43272394 496189343
496189343 -22911307 -43271962 496189349 496189277
496189277 -22911113 -43270921 496189827
496189827 -22911007 -43270341 496189836 496190274
496190001 -22910294 -43275739 496190263 518307738
496331446 -22910109 -43274837 496190001 3062478160 496331452
518307736 -22909963 -43279712 518307734 2260063719
496189564 -22909921 -43273953 496331446 496189540 496189680
496189459 -22909738 -43272985 496189431 496189480 496189564
518307728 -22909682 -43275863 496190001
3404837271 -22909619 -43275875 518307728
496189349 -22909585 -43272236 496189459 1913396467
1913396471 -22909547 -43271937 496189349
3404837270 -22909481 -43275960 3404837271
490911989 -22909477 -43270020 496189990
496189269 -22909466 -43271022 496189277 1913396471
2260063719 -22909396 -43278159 518307736 518307729 929714833
496189990 -22909378 -43270028 490911987 496189269
490911987 -22909286 -43270029 490911986 837056701
496190062 -22909260 -43276097 3062478162 3404837270
3062478160 -22909081 -43274970 496331446
496189680 -22909036 -43274062 496189564
3062478162 -22908769 -43275175 3404837267 3404837266
518307729 -22908764 -43276429 496190062 2260063719
3404837267 -22908735 -43275137 3404837265 3062478162
3404837266 -22908734 -43275088 3062478167
496189480 -22908712 -43273113 496189459
3062478167 -22908705 -43274991 3404837264
3404837265 -22908705 -43275122 3404837267 3404837263
3404837264 -22908662 -43274808 496331441
3404837263 -22908659 -43275129 3404837260 3404837265
3404837262 -22908611 -43274779 496331441
3404837261 -22908607 -43274837 3404837262
1913396467 -22908607 -43272350 1913396469
518307786 -22908607 -43279880 518307785 518307787
3062478166 -22908602 -43274914 3404837261
496331441 -22908595 -43274689 837056670
3062478165 -22908586 -43274982 3062478166
3404837260 -22908576 -43275163 3062478161 3404837263
3062478164 -22908556 -43275057 3062478165
3062478163 -22908505 -43275150 3062478164
518307787 -22908488 -43279623 518307786 929714817
1913396469 -22908487 -43272362 1913396460
3062478161 -22908431 -43275230 3404837260 3062478163
1913396460 -22908400 -43272359 496189361
496189361 -22908286 -43272331 496189371
929714817 -22908203 -43278928 929714815 518307787 929714833
929714833 -22908119 -43278722 929714817 518307745 2260063719
837056670 -22908075 -43273646 1913396456
1913396456 -22908014 -43273472 496190087
496190087 -22907986 -43273319 2430529954
2430529954 -22907945 -43272435 2430529955
2430529955 -22907942 -43272379 496189371
496189371 -22907935 -43272221 837056673 1913396486
837056673 -22907875 -43271125 496189256 496189269
829518308 -22907733 -43274786 829518307
518307745 -22907640 -43277551 1786303711 518307744 929714833
1786303670 -22907607 -43277171 518307729 1786303742
1786303742 -22907581 -43277219 1786303741
1913396486 -22907579 -43272001 496189256
1786303711 -22907570 -43277380 518307730 518307745
1786303741 -22907566 -43277293 1786303711
1786303694 -22907546 -43277173 1786303670
518307730 -22907512 -43277255 1786303711 1786303726
1786303668 -22907504 -43277157 1786303694
1786303726 -22907424 -43277094 518307730 1786303668 496331451
518307744 -22907276 -43277873 518307743 518307745
829518290 -22907061 -43274431 829518292 829518287
829518287 -22907021 -43274732 829518286 829518290
2052826841 -22906968 -43277580 2052826831
829518292 -22906883 -43274120 829518295 829518290
829518286 -22906863 -43274839 829518285 829518287
496331451 -22906829 -43276193 3062478161 1786303726
518307743 -22906699 -43278384 518307742 518307748 518307744
829518285 -22906695 -43274828 829518284 829518286
496189256 -22906666 -43271189 829518312
829518295 -22906626 -43273820 829518292 829518297
829518284 -22906547 -43274603 829518283 829518285
829518307 -22906415 -43275669 829518308 496331451
829518297 -22906389 -43273648 829518295
3404837259 -22906313 -43276430 496331451 3404837257
829518283 -22906290 -43274292 829518280 829518284
2052826831 -22906241 -43276643 2052826841 518307749
518307788 -22906202 -43275401 829518307
518307749 -22906147 -43276506 2052826831 3404837259
829518280 -22906132 -43274292 2973141156 829518283
518307789 -22906124 -43275211 518307788
3404837258 -22906096 -43275135 518307789
3404837257 -22906078 -43276144 3404837259 3404837255
3404837256 -22905950 -43276612 518307749 3404837248
3404837255 -22905945 -43275997 3404837254 3404837257
490911983 -22905936 -43270054 3819125329 490911981
518307742 -22905932 -43279063 929714815 518307747 828920002 518307743
518307794 -22905897 -43276657 3404837256
3404837254 -22905855 -43275902 3404837255 3404837252
3404837253 -22905849 -43274443 3404837258
2973141156 -22905840 -43274419 829518280 3404837253
829518312 -22905806 -43270370 496189385
3404837252 -22905786 -43275805 3404837254 3404837251
829518320 -22905715 -43273715 829518321 829518319
3404837251 -22905714 -43275685 3404837252 3404837249
3404837250 -22905712 -43276823 518307794
829518319 -22905704 -43273810 829518320 2973141155
2973141155 -22905664 -43273906 2973141156 829518319
3404837249 -22905653 -43275561 3404837251 3404837247
3404837248 -22905651 -43276261 3404837256
490911981 -22905647 -43270071 496189385
3404837247 -22905590 -43275424 3404837246 3404837249
518307790 -22905583 -43273699 2973141155
518307748 -22905581 -43276941 3404837250 518307743
829518321 -22905558 -43273337 829518320 829518322
3404837246 -22905557 -43275337 3404837247
3404837244 -22905521 -43273598 518307790
496189385 -22905435 -43270064 490898726
518307791 -22905405 -43273537 3404837244
518307795 -22905310 -43277185 518307748
3404837235 -22905259 -43277234 518307795
829518322 -22905203 -43272736 829518321 829518325
829518325 -22905074 -43272436 829518322
518307792 -22904974 -43273482 518307791
518307747 -22904875 -43277599 518307742 3404837235
3404837231 -22904867 -43273403 518307792
518307793 -22904784 -43273295 3404837231
442130289 -22904780 -43274182 442130290
442130288 -22904772 -43273804 442130289
442130290 -22904724 -43274637 442130291
442130287 -22904677 -43273426 442130288
518307796 -22904664 -43277775 518307747 875779169
442130291 -22904645 -43275049 442130292
3404837230 -22904580 -43272833 518307793
442130286 -22904535 -43272997 442130287
830364400 -22904498 -43276645 875779172 875779169
442130292 -22904464 -43275392 2503618008
3404837229 -22904447 -43272587 3404837230
3404837228 -22904363 -43278204 518307796
442130285 -22904290 -43272422 3404837229 442130286
2503618008 -22904238 -43275711 442130293
518308635 -22904234 -43274164 518308636
875779169 -22904227 -43277514 875779257 518307796 830364400
442130293 -22904203 -43275761 875779172
518308636 -22904155 -43273786 518308637
518308634 -22904140 -43274670 518308635
875779435 -22903982 -43278570 3404837228
875779112 -22903956 -43278769 828920002
518308633 -22903918 -43275177 518308634
829518310 -22903859 -43271369 829518312 442130285
875779172 -22903787 -43276172 875779257 830364400
830391877 -22903744 -43274412 830391878 2996633577
875779110 -22903669 -43278361 875779112
518308632 -22903665 -43275400 518308633
442130284 -22903618 -43270791 829518310
875779414 -22903542 -43279217 2163873005
2996633577 -22903521 -43274045 830391877 2996633578 929714743
2163873005 -22903503 -43279169 518307797
518307797 -22903467 -43279125 875779435 2163873026
2163873013 -22903394 -43279195 518307797
2163873007 -22903352 -43279234 2163873013
442130283 -22903349 -43270045 442130284
518308639 -22903278 -43271486 518308640
830391878 -22903250 -43275249 830391877 490898285
518308640 -22903246 -43271272 830391817
518308637 -22903193 -43272173 518308638
830391817 -22903184 -43271134 830391859 929714743
518308638 -22903180 -43271950 518308639
2996633578 -22903160 -43274466 2996633577 2996633575
875779257 -22903135 -43276816 518307804 875779169
490898285 -22902999 -43275742 992070185 830391878 518308632
2668366471 -22902896 -43270241 2668366474
2668366474 -22902869 -43270112 2668366481
518308749 -22902860 -43279705 2163873007
830391859 -22902821 -43270310 2668366471 2668366481
992070185 -22902772 -43275644 992070187 490898285
518307804 -22902730 -43277278 875779110 2361276134
2361276134 -22902589 -43277420 518307805
992070187 -22902519 -43275339 992070185 2996633576
442104599 -22902490 -43276773 490898285 875779178
2163873026 -22902387 -43277779 2163873010
2163873010 -22902365 -43277752 518307805
442130329 -22902334 -43277082 442104599
2361276140 -22902319 -43277112 442130329
518307805 -22902317 -43277693 442130444
2996633576 -22902270 -43274901 992070187 2996633575
2996633575 -22902253 -43274777 2996633574 2996633578 2996633576 992070179
2996633574 -22902211 -43274416 2996633573 2996633575
442130444 -22902207 -43277808 442130446 2163873020
929714743 -22902202 -43271883 830391817 1993554714 617024660 2996633577
442104600 -22902165 -43277417 2361276140
2996633571 -22902061 -43272763 617024660 830391864
2163910102 -22902055 -43279235 518308749
2163910137 -22902023 -43279176 2163910102
442130446 -22902020 -43278885 2163910025
830391864 -22901995 -43273007 929714744 2996633571 2996633572
2163910025 -22901995 -43279032 2163910013 2163910137
2996633573 -22901970 -43273999 2996633570 2996633574 828919726
2163910013 -22901966 -43279197 2163910114
2163910114 -22901957 -43279243 518308746
518308746 -22901952 -43279272 1768288551 2920275903
617024660 -22901932 -43272128 929714744 3633669183 929714743 2996633571
1768288551 -22901929 -43279385 442130447
442130449 -22901904 -43279939 2163910088
442130447 -22901890 -43279614 1768288535
1768288535 -22901886 -43279789 442130449
442104601 -22901857 -43277700 442104600
875779178 -22901833 -43276362 442104599 875779191 828919698
2996633572 -22901830 -43273262 2996633570 830391864
2996633570 -22901807 -43273340 2996633569 2996633572 2996633573
992070179 -22901755 -43274728 2996633575 875779108
1993554714 -22901734 -43271045 830391859 3633669182 929714743
1993554728 -22901681 -43277877 442104601
830391867 -22901669 -43272245 830391866
929714744 -22901566 -43272505 617024660 830391864 830391865
830391866 -22901521 -43272084 830391865 830391867
2163873020 -22901367 -43278649 2163873001
830391865 -22901353 -43272256 929714744 830391866
2163873001 -22901333 -43278681 2361276145
2920275903 -22901303 -43279943 875779242
875779242 -22901256 -43279992 828919883
2361276145 -22901194 -43278820 2502824281
2920276701 -22901190 -43279918 875779242
875779191 -22901138 -43277311 875779178 1993554728
2502824281 -22901136 -43278879 2361276135
3633669183 -22901085 -43271691 1993554628
2361276135 -22901036 -43278979 875779243
2361276146 -22900964 -43278598 1993554728
2361276148 -22900876 -43278687 2361276146
1993554628 -22900855 -43271573 830391868
2361276144 -22900831 -43278732 2361276148
929734609 -22900815 -43276903 875779191
442104602 -22900782 -43278781 2361276144
2920276801 -22900778 -43279462 2920276701
875779243 -22900672 -43279345 1565871552 2920276801
3633669182 -22900640 -43271794 1993554714 929714670
2996633569 -22900623 -43272831 2996633570
1565871552 -22900355 -43279672 1809586761 828919883
442104603 -22900323 -43279288 442104602
875779004 -22900298 -43279795 875779002 1809586733
875779002 -22900296 -43279865 1809586756 875779004
1809586733 -22900294 -43279727 875779004 1809586727
1809586756 -22900285 -43279963 875779002 1809586720
1809586727 -22900284 -43279670 1809586733 1809586747
1809586747 -22900269 -43279597 1809586727 1809586729
1809586761 -22900261 -43279775 442130297
1809586729 -22900252 -43279542 1809586747 1809586712
1809586712 -22900232 -43279494 1809586729 1809586763
830391868 -22900230 -43271256 830391869
1809586763 -22900206 -43279435 828920050 1809586712
828920050 -22900172 -43279376 1809586763 1809586724
875779361 -22900155 -43279450 442104603
828919698 -22900123 -43275447 929734609 875779178 828919699 828919850
1809586724 -22900116 -43279299 828920050 828920053
828919850 -22900011 -43275570 828919848
