2712314793 -22.7991644 -43.7497096 2712314846 2712314988
2712314988 -22.799026 -43.749951 2712314793 2712314864
2712403815 -22.7947631 -43.740526 2712403629 2712403835
2712403629 -22.7945158 -43.7406869 2712403815 2712403712
2712403712 -22.7942141 -43.7407888 2712403589 2712403629
2712403589 -22.7939223 -43.7408961 2712403799 2712403712
2712403799 -22.793685 -43.7410571 2712403863 2712403589
2712403863 -22.7934179 -43.7413306 2712403814 2712403799
2712403814 -22.7932992 -43.7415452 2712403495 2712403863
2712403495 -22.7931956 -43.7419937 2712403738 2712403814
2712403738 -22.7930717 -43.7421997 2712403644 2712403495
2712403644 -22.7924884 -43.7427876 2712403775 2712403738
2712403775 -22.7922409 -43.7429775 2712403644 2712403745
2712403745 -22.7920332 -43.7430848 2712403811 2712403775
2712403811 -22.7917812 -43.7431578 2712403548 2712403573 2712403745
2712403548 -22.7916573 -43.7430687 2712403811 2712403663
2712403573 -22.7916474 -43.7433155 2712403811 2712403841
2712403663 -22.7914399 -43.7428305 2712403780 2712403548
2712403841 -22.7912171 -43.7440289 2712403573 2712403718
2712403780 -22.7912122 -43.7425323 2712403506 2712403663
2712403718 -22.7911135 -43.7441073 2712403622 2712403841
2712403622 -22.7910146 -43.7441234 2712403718 2712403803
2712403803 -22.7908759 -43.7440504 2712403622 2712403864
2712403506 -22.790866 -43.7420924 2712403780 2712403691
2712403864 -22.7902082 -43.7435998 2712403643 2712403803
2712403691 -22.7899711 -43.7410442 2712403654 2712403506
2712403643 -22.7899708 -43.7435193 2712403864 2712403610
2712403610 -22.7897288 -43.7435118 2712403643 2712403752
2712403752 -22.7896101 -43.7435923 2712403610 2712403669
2712403654 -22.789432 -43.7403575 2712403849 2712403691
2712403669 -22.788952 -43.7448121 2712403851 2712403752
2712403851 -22.7881805 -43.7461798 2712403669 2712403518
2712403518 -22.7875279 -43.7473957 2712403851 2712403543 2712403707
2712403707 -22.7874288 -43.7473332 2712403806 2712403518
2712403806 -22.7870779 -43.7469772 2712403545 2712403707
2712403545 -22.7865583 -43.7465178 2712403806 2712403747
2712403543 -22.7864102 -43.749461 2712403713 2712403518
2712403747 -22.7857425 -43.7457917 2712403545 2712403496
2712403496 -22.785426 -43.7454913 2712403747 2712403664
2712403664 -22.7847135 -43.7448816 2712403496 2712403805
2712403805 -22.7840261 -43.7442382 2712403664 2712403679
2712403679 -22.7837741 -43.7440161 2712403805 2712403553
2712403553 -22.7832545 -43.7435301 2712403679 2712403639
2712403639 -22.7831855 -43.7434796 2712403553 2712403728
2712403728 -22.7831309 -43.7434818 2712403639 2712403857
2712403857 -22.7826511 -43.7443186 2712403728 2712403671
2712403671 -22.7819342 -43.7455127 2712403857 2712403504
2712403504 -22.7816262 -43.7460247 2712403671 2712403711
2712403711 -22.7810984 -43.7469021 2712403732 2712403504
2712426613 -22.7800923 -43.7495908 2972130156
