625969738 -22.8999678 -43.3833911 625969740
625969736 -22.8993646 -43.3849832 625969738
1195048868 -22.8993572 -43.3851996 1678837705
1678837705 -22.8992751 -43.3855087 1678837759
1678837665 -22.8992082 -43.3854624 625969736
1678837759 -22.8992076 -43.3858283 1195048855
3052198127 -22.8991772 -43.3823034 3052198126 3052198131
1678837745 -22.8991342 -43.3858461 1678837665
625969734 -22.8990892 -43.3861897 1678837745
3052198126 -22.8990799 -43.3822719 3052198127 3052198112
1195048855 -22.8990611 -43.3874706 3052198123
3052198123 -22.89904 -43.3878576 1195048800
1195048896 -22.8990317 -43.3895836 1195048850
3052198121 -22.8989912 -43.3894913 1195048896
1195048800 -22.8989819 -43.3887548 1195048896
3052198119 -22.898969 -43.3894653 3052198121
3052198118 -22.8989331 -43.3894561 3052198119
625969733 -22.8989123 -43.3885106 625969734
3052198114 -22.8988973 -43.3894635 3052198118
3052198115 -22.8988768 -43.389495 3052198114
625969731 -22.8988484 -43.3895885 3052198115 625969733
3052198112 -22.8985098 -43.3818309 3052198126 3052198111
3052198111 -22.8983852 -43.3816864 3052198112 3052198110
3052198110 -22.8981325 -43.3814733 3052198111 3052198109
3052198109 -22.8979635 -43.3813473 3052198108 3052198110
3052198108 -22.8977946 -43.381262 3052198107 3052198109
3052198107 -22.8976392 -43.3811842 3052198108 3052198106
3052198106 -22.8974224 -43.3811045 3052198107 3052198105
3052198105 -22.8972551 -43.3810601 3052198106 3052198103
3052198103 -22.8970093 -43.3810174 3052198105 3052198102
3052198102 -22.8968233 -43.38101 3052198101 3052198103
3052198101 -22.8967021 -43.3810211 3052198098 3052198102
3052198098 -22.8965469 -43.3810766 3052198101 3052198097
3052198097 -22.8962173 -43.3813269 3052198098 3052198096
3052198096 -22.8960124 -43.3814547 3052198097 3052198095
3052198095 -22.8958844 -43.3815196 3052198094 3052198096
3052198094 -22.8957188 -43.3815585 3052198095 3052198092
3052198092 -22.8954969 -43.381653 3052198094 3052198091
3052198091 -22.8954167 -43.3816697 3052198089 3052198092
3052198089 -22.8953484 -43.3816623 3052198091 3052198088
3052198088 -22.8951914 -43.3816252 3052198089 3052198086
3052198086 -22.8950514 -43.381616 3052198088 3052198084
3052198084 -22.894978 -43.381603 3052198086 3052198083
3052198083 -22.8945137 -43.3813399 3052198084
1776203336 -22.8921473 -43.380322 1776203333
1776203334 -22.8918657 -43.3823811 1776203333
1776203333 -22.8916636 -43.3817433 1776203310 1776203336 1776203334
3206819092 -22.8915554 -43.3845934 3206819091
1776203310 -22.8914855 -43.3818303 1776203297 1776203293 1776203333
3206813547 -22.8911694 -43.3832932 3206813546
1776203297 -22.8910214 -43.3806606 1776203290 1776203310 1776203283
870450522 -22.8910099 -43.3868141 870450514 870457702 870450584
870457702 -22.8910099 -43.3860523 870457704 870450522 870457706
870457706 -22.8910099 -43.3853657 870457702 870457811 870457710
870457811 -22.8910099 -43.3848829 870457814 870457706
1195059663 -22.8909847 -43.3895188 870450514 625969681
870457814 -22.8909803 -43.3843035 870457811 3206819091
3206819091 -22.8909381 -43.3841885 870457814 3206819092 3206813546
870450514 -22.8909365 -43.388816 870450513 625969677 1195059663 870450522
1776203293 -22.8908592 -43.3821363 1776203278 1776203310 1776203283
3206813546 -22.8906951 -43.3835262 483342732 3206819091 3206813547
483342732 -22.8905357 -43.3830917 1776203278 3206813546 483342735
870450584 -22.8904114 -43.3866834 870450513 870450508 870450522
1776203283 -22.8903883 -43.3809325 1776203267 1776203297 1776203293 1776203271
1776203278 -22.8902666 -43.3823983 483342732 1776203293 870457546
870457546 -22.8902297 -43.3823032 1776203278 870457555 870457548
870450513 -22.8900694 -43.3886456 870450514 870450584 870450506 870450583
870457555 -22.8899475 -43.3815761 1776203267 870457546 870457560
1776203267 -22.8897896 -43.3811691 870457555 483343611 1776203283
483343611 -22.8896263 -43.3807485 1776203267 870457577 483343609
870450508 -22.8895832 -43.3865154 870457704 870450584 870450591 870450506
870457704 -22.8893707 -43.385704 870450508 870457702 870457710 870457629
870450506 -22.889256 -43.38848 870450505 870450508 870450513 870450511
870457710 -22.8892276 -43.3849909 870457704 870457717 870457630 870457706
870457717 -22.8890766 -43.3842382 870457529 870457633 870457710
870457529 -22.8889235 -43.3834753 870457717 483342735 870457533
483342735 -22.8887724 -43.3827226 483342732 870457634 870457529 870457548
870450591 -22.8887465 -43.3863742 870450508 439825129 870450511
870457548 -22.8885781 -43.3819831 870457550 483342735 870457560 870457546
870450511 -22.8884408 -43.3883198 870450631 870450591 3052198063 870450506
870457560 -22.8883808 -43.381232 870457548 870457555 870457565 483343609
483343609 -22.8881793 -43.3804652 483343606 483343611 870457560 870457584
439825130 -22.8879699 -43.3856774 439825129
870457629 -22.8879505 -43.3854181 870457704 439825130
439825131 -22.8879462 -43.3853598 870457629
439825129 -22.8879261 -43.3861918 870450591 870450510
439825132 -22.8878118 -43.3847847 439825131
870457630 -22.8877777 -43.3846858 439825132 870457710
439824569 -22.8876501 -43.3857573 439824572
3052198063 -22.8876459 -43.3881685 870450511
439824560 -22.8876385 -43.3861679 439824569
439824572 -22.8876377 -43.3853788 1273176527
870450510 -22.8875589 -43.3881481 625969666
1273176527 -22.8875109 -43.384767 439824577
870457633 -22.8875081 -43.3839037 870457630 870457717
1776203218 -22.8874936 -43.3864893 1776203215 1776203213
1776203215 -22.8874668 -43.3850995 1776203199 1776203218
439824550 -22.8874596 -43.3876115 439824560
1776203213 -22.8874365 -43.3871179 1776203204 1776203218
1776203204 -22.887295 -43.3872581 1776203213 1776203202
1273176541 -22.8872839 -43.3882206 1273176585
870457533 -22.8872539 -43.3831663 870457633 870457529
1776203202 -22.8872452 -43.3878638 1776203204 1776193801
1776193801 -22.8871949 -43.387943 1776203202 1776193799
1776203199 -22.8871182 -43.3849467 1776203166 1776203215
1273176563 -22.8870759 -43.3898928 439824550
439824577 -22.887021 -43.3832999 439824582
870457634 -22.8869721 -43.382349 870457533 483342735
439825133 -22.8868945 -43.382124 870457634
1776203172 -22.8867294 -43.3829821 1776203166 1776203164
870457550 -22.8867186 -43.3816112 439825133 870457548
1776203166 -22.8865886 -43.3834769 1776203199 1776203172
1776193799 -22.8865873 -43.3883464 1776193801 1776193794
1776203164 -22.8865618 -43.3823782 1776203160 1776203172
870457565 -22.886449 -43.3808252 870457550 870457560
483343606 -22.8864476 -43.3801133 483343609
1776203160 -22.8864411 -43.3820075 1776203157 1776203164
1776193798 -22.8864297 -43.3854069 1776193793 1776193797
1776193797 -22.886423 -43.3855451 1776193796 1776193798
1776193796 -22.8863962 -43.3875315 1776193797 1776193795
1776193795 -22.8863846 -43.3877905 1776193796 1776193790
1776193794 -22.8863665 -43.3884933 1776193791 1273176539 1776193799
439825134 -22.8863311 -43.3804279 870457565
439825135 -22.8862873 -43.3801471 439825134
1776193793 -22.8862755 -43.3854069 1776193786 1776193785 1776193798
1776193791 -22.8862065 -43.3884634 1776193790 1776193794
1776193790 -22.8861997 -43.3879999 1776193795 1776193791
439824582 -22.8861749 -43.3808709 439824588
1273176539 -22.8861257 -43.3899063 1273176585 1273176598 1776193794
1776203157 -22.8861127 -43.3817092 1776203160 1776203148
439824588 -22.8860672 -43.3803229 3048926420
1776193788 -22.8860486 -43.3821587 1776193787
1776203148 -22.885925 -43.3810398 1776203157 1776203146
1776193787 -22.8857073 -43.3819426 1776193788 1776193784
1776193786 -22.8856923 -43.3837988 1776203145 1776193793
1776203146 -22.8856501 -43.3807342 1776203141 1776203148
1776203145 -22.8855889 -43.3835343 1776193786
3048926407 -22.8855058 -43.3888113 3048926408 3048926406
3048926408 -22.8854926 -43.3887633 3048926407 3048926409
1776193785 -22.8854644 -43.3854069 1776193793
3048926409 -22.8854638 -43.3887369 3048926408 3048926410
1776193784 -22.8854561 -43.3818139 1776193783 1776193787
3048926410 -22.885424 -43.3887224 3048926409 3048926411
3048926411 -22.8853753 -43.3887224 3048926412 3048926410
1776193783 -22.8853566 -43.3818294 1776203115 1776193784
3048926406 -22.8853528 -43.3897625 3048926407 3048926405 1273176539
1776203115 -22.885252 -43.3818996 1776193774 1776193783
1776193782 -22.8851327 -43.3848593 1776193781
444830322 -22.885079 -43.3897115 3048926412 1187807444 3048926406
3048926412 -22.8850104 -43.3888091 3818206481 444830322 3048926411
3818206481 -22.884928 -43.3876174 444830321 3048926412
444830321 -22.8848804 -43.3870993 3818206476 3818206481
3818206476 -22.8848206 -43.386856 444830321 444830320
444830320 -22.8847532 -43.3866771 3818206470 3818206476
3818206470 -22.8846741 -43.3865253 3818206465 444830320
1776193781 -22.8845585 -43.3839285 1776193767 1776193782 1776193772
1776193776 -22.8843087 -43.3854762 1776193770
3818206465 -22.8842844 -43.3858921 3818206470 444830319
1776193774 -22.8841976 -43.3825602 1776193765 1776193764 1776203115
1776193772 -22.8840567 -43.3831152 1776193781
1776193770 -22.8837967 -43.3846993 1776193767 1776193776
1776193767 -22.8836888 -43.3845188 1776193770 1776193781 1776193752
1776193765 -22.8836063 -43.382964 1776193774 3818206443
1776193764 -22.8835994 -43.38154 1776193755 1776193774 3818206411
3818206450 -22.8835967 -43.3825361 1776193759
3818206443 -22.8835116 -43.3828086 1776193765 1776203094 1776193752
3818206411 -22.8832639 -43.3817657 3818206392 1776193759 1776193764
1776193759 -22.8831742 -43.381826 3818206450 3818206360 3818206411
3818206401 -22.8831189 -43.3830355 3818206390
1776193758 -22.8831179 -43.3801032 1776193756 1776193757
1776193757 -22.8831165 -43.3801921 1776193758 1776193754
1776203094 -22.8830842 -43.3821072 3818206390 3818206443
1776193755 -22.8830611 -43.3806096 1776193764 1776193754
1776193754 -22.8830373 -43.3804883 1776193757 1776193755
1776193752 -22.8829057 -43.3832062 1776203080 1776193767 3818206443
444830319 -22.8828475 -43.383538 3818206465 3818206369
3818206392 -22.8827813 -43.3809485 3818206341 3818206385 3818206411
3818206390 -22.8827238 -43.3823418 1776203080 3818206401 1776203094
3818206385 -22.8826549 -43.3807114 3818206392
3818206369 -22.8825002 -43.3829892 444830318 444830319
3818206360 -22.8824235 -43.3823281 1776193741 1776193759 3818206340
1776203080 -22.8823241 -43.3826021 3818206390 1776193741 1776193752
444830318 -22.8822575 -43.3827317 444830317 3818206369
1776193741 -22.8822007 -43.3824771 3818206253 1776203080 444830317 3818206360
444830317 -22.8820811 -43.3825846 1776193734 444830318 1776193741
3818206341 -22.8820054 -43.3814792 3818206392 3818206340
3818206340 -22.8819369 -43.3814907 3818206341 3818206327 3818206360
3818206327 -22.8817267 -43.3814279 3818206340
1776193734 -22.8814086 -43.3821273 3818206290 444830317
3818206293 -22.8813002 -43.3812 3818206253
3818206290 -22.8812537 -43.3820226 3818206233 1776193734
3818206253 -22.8808351 -43.3815355 3818206293 1776193724 1776193741
3818206233 -22.8806614 -43.381622 444830316 3818206290
444830316 -22.8803652 -43.381443 3818206233 3818206201
1776193724 -22.8803461 -43.3806042 3818206253
