3659450399 -22.9399551 -43.6937664 3659450398
3018736106 -22.9394549 -43.6988229 1661833568 3025229210
1661218310 -22.9394231 -43.6908408 1661218298 3659450372 1661218320
1661218298 -22.9393454 -43.691214 1661833575 1661218291 1661218310
3025229208 -22.9393427 -43.6996083 3025229206
3659450397 -22.9393085 -43.6930713 3659450393 3659450400 3659450394
3659450404 -22.9392969 -43.6981445 3659450402 3659450403 3659450405
1661833575 -22.9392366 -43.6916558 1661218298 3659450393
3659450400 -22.9392254 -43.693586 3659450396 3659450397 3659450401
3659450395 -22.9392096 -43.6944339 3659450391 3659450392 3659450398
3659450398 -22.939198 -43.6940055 3659450395 3659450396 3659450399
3659450396 -22.9391922 -43.6937916 3659450400 3659450398
3659450405 -22.9391614 -43.6976256 3659450404 1661218282 1661218373
1661218291 -22.9390401 -43.6911276 1661218266 1661218298 3018736105
3659450393 -22.9389111 -43.6931915 1661833575 1661218288 3659450397
1661218288 -22.9388852 -43.6933138 3659450393 3018736139 1661218264
3025229206 -22.9388639 -43.6998158 3025229205 3025229208
3018736139 -22.9388301 -43.6937142 1661218288 3659450391
3025229205 -22.9388056 -43.6996432 3025229206 3025229204
3659450391 -22.9387983 -43.6945687 3018736139 1661218286 3659450395
1661218286 -22.9387689 -43.6953565 3659450391 1661218283 1661218259
1661218283 -22.9387266 -43.6969396 1661218286 1661218282 1661218257
1661218282 -22.9387144 -43.6977538 1661218283 3659450402 3659450405
3659450402 -22.9386897 -43.6983475 1661833568 3659450404 1661218282
1661833568 -22.9386775 -43.6986423 3659450402 3018736106 1661833566
1661833566 -22.938642 -43.6993624 1661833568 3018736109
3018736109 -22.9385876 -43.6995269 1661833566 3025229204
3025229204 -22.9385246 -43.6996033 3018736109 1661833565 3025229205
1661833565 -22.9384497 -43.6996942 3018736108 3025229204
1661218266 -22.9383928 -43.6913004 1661218291 3018736103
3018736108 -22.938316 -43.6997827 1661833565 1661833556
3018736103 -22.938309 -43.6912934 1661218266 3018736104
1661218264 -22.9382848 -43.6934903 1661218288 1661218215 1661218260
3018736105 -22.9382487 -43.6905556 1661218291 1661218226
1661218260 -22.9382324 -43.6944582 1661218264 1661218238 1661218259
3018736104 -22.9382143 -43.6912467 1661218255 3018736103
1661218259 -22.9382091 -43.6953188 1661218286 1661218209 1661218260 1661218257
1661833556 -22.9381665 -43.6998331 3018736108 1661218202
3025229203 -22.9381577 -43.6994444 1661218253
1661218257 -22.9381432 -43.6971116 1661218283 1661218259 1661218243
1661218255 -22.9381326 -43.691144 3018736104 1661218226
1661218243 -22.9379675 -43.6971692 1661218209 1661218257 1661218230
1661218253 -22.9379633 -43.6994968 3025229201 1661218235 3025229203
1661218242 -22.9379076 -43.6986735 1661218235 1661218232
1661218240 -22.9378922 -43.6917854 1661218207
1661218238 -22.9378629 -43.6945575 1661218215 1661218260 1661218197
1661218232 -22.9378483 -43.6983845 1661218179 1661218242
1661218235 -22.9378295 -43.6986919 1661218253 3025229199 1661218242
3025229202 -22.9376915 -43.6982353 1661218230
1661218226 -22.9376488 -43.6901913 1661218255 3018736105 1661218200
1661218215 -22.9376367 -43.6936853 3023900008 1661218238 1661218264 1661218181
3025229201 -22.9376116 -43.6995721 3025229198 1661218253 3025229199
3023900008 -22.9375731 -43.6934464 1661218215
1661218209 -22.9375467 -43.6954965 1661218153 1661218197 1661218243 1661218259
1661218207 -22.9375418 -43.6911387 1661218182 1661218240 1661218195
1661218204 -22.9375354 -43.6920308 3018736101
3018736101 -22.9374874 -43.6919395 1661218182 1661218204
3025229199 -22.9374796 -43.6987372 3025229201 1661218183 1661218235
1661218202 -22.9374563 -43.6999418 3025229198 1661833556 1661833417
1661218230 -22.9374549 -43.6973337 3025229202 1661218243 3023899995
3025229198 -22.9373806 -43.6996002 1661218202 3025229201 1661218183 3025229197
1661218195 -22.9373397 -43.6907819 1661218165 1661218178 1661218207
1661218197 -22.9373376 -43.694718 1661218181 1661218209 1661218238
3023899995 -22.9373121 -43.6967734 1661218193 1661218230
1661218193 -22.9372055 -43.6964411 1661218176 3023899995
1661218183 -22.9372016 -43.6987741 3025229196 3025229198 3025229199 1661218179
1661218182 -22.9371504 -43.6912765 3018736101 1661218207 1661218170
1661218179 -22.9371308 -43.6984312 3023899984 1661218232 3025229194 1661218183
1661218178 -22.9371101 -43.6903499 3018736100 1661218195
1661218181 -22.9370977 -43.6938745 1661218215 1661218174 1661218197
3025229197 -22.9370917 -43.6996577 3025229198 3025229196 3025229195
1661218176 -22.9370831 -43.6962989 1661218153 1661218193
1661218170 -22.9369826 -43.6913137 1661218182 1661218165
1661833434 -22.9369246 -43.692605 1661218150
1661218165 -22.9368947 -43.6908978 1661218133 1661218195 1661218170
1661218174 -22.9368905 -43.6939331 1661218181
3025229196 -22.9368851 -43.6988395 1661218135 1661218183 3025229197
1661218153 -22.9368379 -43.6951777 1661218132 1661218209 1661218176 3023899985
3025229195 -22.9367733 -43.6997209 3025229193 1661833417 3025229197
3025229194 -22.9367648 -43.6984716 1661218134 1661218179 3025229192
3025229193 -22.9367567 -43.699665 1661218149 3025229195 3025229187
1661218150 -22.9367522 -43.6919699 3023899967 1661218133 1661833434
3023899985 -22.9367126 -43.6951592 1661218153 3023899980
3023899984 -22.9366704 -43.6964276 1661218114 3023899970 1661218179
1661218149 -22.9366455 -43.699202 3025229193 1661218135 3025229189
3025229192 -22.9366096 -43.6976843 3025229194
3023899980 -22.9365953 -43.6951664 3023899985 3023899970
1661218135 -22.9365843 -43.6989017 1661218134 3025229191 3025229196 1661218149
3025229191 -22.9365342 -43.6989223 3025229188 1661218135
1661218134 -22.9365199 -43.6984986 3025229190 1661218131 1661218135 3025229194
1661218133 -22.9365094 -43.6910429 1661218165 1661218115 1661218150
1661218132 -22.9364431 -43.6937616 1661218153 1661218111
3023899970 -22.9363756 -43.6952256 3023899980 1661218129 3023899984
1661218131 -22.9363493 -43.6975426 1661218128 1661218134 1661218069
1661218129 -22.9363358 -43.6952376 3023899957 3023899970 1661218111
3023899967 -22.9363321 -43.6921084 1661218150 1661218109
1661218128 -22.936279 -43.697184 1661218114 1661218068 1661218131
3025229190 -22.9362113 -43.6985866 1661218134 3023899933
1661218114 -22.936202 -43.6968077 1661218128 1661218050 3023899984
3025229189 -22.9361238 -43.6993811 1661218149 1661218094
1661218112 -22.9361019 -43.6962714 3023899957
3025229188 -22.9360594 -43.6990119 1661218104 3025229191
1661218111 -22.9359894 -43.6939293 1661218083 1661218132 1661218091 1661218129
3023899957 -22.9359135 -43.6953505 1661218129 1661218108 1661218112
1661218109 -22.9358843 -43.692344 3023899967 1661218093 1661218089
1661218108 -22.9358715 -43.6953721 3023899957 1661218073 1661218083
3025229187 -22.9358373 -43.6998448 3025229193 1661218106 1661218094
1661218104 -22.9357833 -43.6991504 1661218056 3025229188
1661218094 -22.9357685 -43.6994827 3025229187 3025229189 3025229185
1661218093 -22.9357527 -43.6918285 3023899948 1661218109
3023899948 -22.9356949 -43.6917265 1661218093 3023899944
1661218091 -22.9356786 -43.6933812 1661218071 1661218074 1661218111
1661218089 -22.9356618 -43.6924821 1661218109 1661218074 1661218031
3023899944 -22.9356153 -43.6916592 3023899948 3023899825
3025229185 -22.9355383 -43.6995296 3025229184 1661218094
1661218083 -22.9355366 -43.6941344 1661218071 1661218111 1661218108
1661218074 -22.9354058 -43.6926657 1661218091 1661218089 1661218049
3023899933 -22.9353801 -43.6989267 3025229190 3025229182 1661218061
1661218071 -22.9353595 -43.6935277 1661218083 1661218091
1661218073 -22.9353506 -43.6955955 1661218108 3023899826
3025229184 -22.9353237 -43.6997157 1661218056 1661218090 3025229185
1661218069 -22.9352498 -43.6979603 1661218068 1661218131 1661218061
3023899826 -22.9352127 -43.6956132 1661218073 1661218051
3025229182 -22.9351631 -43.6990038 3025229181 3025229176 3023899933
3023899825 -22.9351529 -43.6913421 1661218066 3023899944
1661218068 -22.9351316 -43.6976262 1661218128 1661218069 1661218050
1661218063 -22.9350862 -43.6904806 1661218042 1661218044
1661218061 -22.935035 -43.6980431 1661218069 3023899813 3023899933
1661218051 -22.9350261 -43.6955945 1661218030 3023899826
1661218050 -22.935024 -43.6972865 1661218068 1661218114 3023899813
1661218056 -22.9350128 -43.6994006 1661218104 3025229184 1661218038
1661218066 -22.9350108 -43.6912927 1661218031 3023899825 1661218042
3025229181 -22.9349921 -43.6990693 3025229182 1661218038
1661218049 -22.9349258 -43.6929499 1661218074 1661218027
1661218044 -22.9348976 -43.6903815 1661218040 1661218063
3023899813 -22.9348057 -43.6973638 1661218050 3025229179 1661218061
1661218040 -22.9348008 -43.6901496 1661218044 1661218026
1661218038 -22.9347989 -43.6992026 3025229181 1661218056 3025229177
3025229179 -22.9347896 -43.6973158 3023899809 3023899813 1661218028
1661218042 -22.9347875 -43.6912515 1661218066 1661218008 1661218063
3025229177 -22.9347044 -43.6990999 1661218029 1661218038
3023899809 -22.9346976 -43.6971098 3023899807 3025229179
1661218028 -22.9346959 -43.6973705 3025229179 1661218024
3025229176 -22.9346907 -43.6978236 3025229182
1661218031 -22.9346302 -43.6920205 1661218066 1661218089 1661218027
1661218029 -22.9346264 -43.6989356 3025229177 1661218024
1661218030 -22.9346146 -43.695462 1661218051 3023899802
3023899807 -22.9346055 -43.6970705 3023899793 3023899809
3023899805 -22.9345484 -43.6905473 3023899801
3025229174 -22.9344549 -43.6996788 3025229172 3025229175
3023899801 -22.9344391 -43.6902896 1661832861 3023899805
3023899802 -22.9344384 -43.6954595 1661218030 1661218019
1661832861 -22.9344018 -43.6900882 1661218010 3023899801
1661218024 -22.9343856 -43.6979429 1661218029 3023899793 1661218028
3025229172 -22.9343684 -43.6990191 3025229170 3025229174 3025229169
1661218027 -22.9343684 -43.6930202 1661218022 1661218049 1661218031
1661218022 -22.9342877 -43.6931175 1661218007 1661218027
3023899793 -22.9342252 -43.6972479 1661218009 3023899807 1661218024 3023899787
3025229170 -22.9341873 -43.6981169 3025229172 3025229168
1661218019 -22.9341653 -43.6955345 3023899802 3023899788
3025229169 -22.9341431 -43.6990344 3025229167 3025229172 3025229164
1661218009 -22.9341405 -43.69692 3023899793
1661218006 -22.9341341 -43.6906846 1661218002
1661218008 -22.9341025 -43.691039 1661217988 1661218042
3025229168 -22.9340847 -43.6977717 3023899787 3025229170 3025229162
1661218007 -22.9340799 -43.6932216 1661218022 1661218004 3659450389
3025229167 -22.9340079 -43.6984955 3025229162 3025229169
3023899788 -22.9340042 -43.6956116 3023899775 1661218019
3023899787 -22.9339195 -43.6973635 3023899793 3023899784 3025229168
3023899784 -22.933875 -43.6973724 3023899776 3023899787
3025229164 -22.9338534 -43.699065 3025229158 3025229169
3025229162 -22.933789 -43.6978394 3025229167 3025229159 3025229168
1661218004 -22.9337525 -43.6933857 1661218007 1661217987
3659450390 -22.9335744 -43.6926951 3659450389
3659450389 -22.9335644 -43.6932154 1661218007 1661217984 3659450390
3025229159 -22.9335616 -43.697905 3025229158 3025229162
3023899776 -22.9335016 -43.6975135 3023899770 3023899784
3023899777 -22.9334976 -43.6996988 3023899508 1661217999
3025229158 -22.9334771 -43.6979705 3025229164 3025229159
3023899775 -22.9334511 -43.695554 3023899788 3023899765
1661217988 -22.9333872 -43.6914245 1661218008 1661217970
1661217987 -22.9332843 -43.6937154 1661218004 1661217982
3023899770 -22.9331512 -43.69766 3023899776 3023899759
1661217984 -22.9330468 -43.6932092 1661217964 3659450389
3023899765 -22.9329954 -43.6953137 3023899775 3023899755
3023899749 -22.9329771 -43.6988675 3025229143
1661217982 -22.9329755 -43.6939389 1661217987 1661217948
3023899759 -22.9328567 -43.6977868 3023899770 3023899753
1661217970 -22.9328556 -43.6916033 1661217988 1661217968 1661217967
3018736093 -22.9327591 -43.6904444 1661217967
3023899755 -22.9327299 -43.6952993 3023899737 3023899765
1661217968 -22.9326993 -43.6916877 1661217965 1661217970
1661217967 -22.9326365 -43.6904982 3023899751 1661217970
3023899753 -22.9326198 -43.6978922 3023899531 3023899759
1661217965 -22.9325114 -43.6921054 3026536346 1661217964 1661217968
3023899751 -22.9324897 -43.6905211 1661217941
1661217964 -22.9324404 -43.6929667 1661217984 1661217917 1661217948 1661217965
3025229143 -22.9324364 -43.6987302 3023899749 3023899523
1661217948 -22.9323426 -43.6937265 1661217982 1661217964 3023899735 3023899736
1661217941 -22.9323381 -43.6905041 3018736092
3023899740 -22.9322135 -43.6958594 3023899737 3023899738
3023899737 -22.9322078 -43.695333 3023899755 3023899740 3023899485 3023899736
3023899738 -22.9322036 -43.6962596 3023899740 3023899734
3023899736 -22.9321971 -43.6947144 3023899737 1661217948
3023899735 -22.9321823 -43.6936998 3023899528 1661217948 3023899529
3018736092 -22.9321713 -43.6904593 3003439356
3023899734 -22.9321691 -43.6968347 3023899532 3023899738
3023899532 -22.9321214 -43.6969008 3023899517 3023899734
3003439356 -22.9320643 -43.6904006 3023899527
3023899531 -22.9320622 -43.6981209 3023899494 3023899753 3023899523
3023899528 -22.9320408 -43.6936623 3023899735 3023899524
3023899527 -22.9320267 -43.6903684 3003439355
3023899529 -22.9320177 -43.6937624 3023899477 3023899735
3023899524 -22.9319667 -43.6936248 3023899528 3023899507
3023899523 -22.9319451 -43.6985756 3025229143 3023899521 3023899531
3003439355 -22.9319334 -43.6902885 3026536351
3023899521 -22.9319316 -43.698604 3023899494 3025229132 3023899523
3023899517 -22.9318467 -43.6971188 3023899532 3023899516
3023899516 -22.9317924 -43.6971366 3023899509 3023899517
3025229132 -22.9317919 -43.6990948 3023899508 3023899521
3023899508 -22.9317647 -43.6991411 3023899450 3023899777 3025229130 3025229132
3026536351 -22.9317565 -43.6900586 1661217923 3026536349
3023899509 -22.9317463 -43.6971402 3023899505 3023899516
3025229130 -22.9317249 -43.6991917 3023899504 3023899508
3023899507 -22.9317101 -43.6934122 3023899497 3023899524
3023899505 -22.9316937 -43.6971205 3023899502 3023899509
3023899504 -22.9316715 -43.699767 3025229101 1661832389 3025229130
3023899502 -22.9316262 -43.6970652 3023899498 3023899505
1661217917 -22.9315208 -43.6927575 1661217964 1661217883 3023899497
3023899497 -22.9315045 -43.6930514 3023899507 1661217917
3023899498 -22.931493 -43.6969026 3023899475 3023899502
3023899494 -22.9314732 -43.6983888 3023899489 3023899531 3023899521
3023899489 -22.9313778 -43.6984192 3023899450 3023899494 3023899482
3023899485 -22.9313052 -43.6954098 3023899737 3023899457 3023899484
3026536349 -22.9312468 -43.6911202 3026536346 1661217905 3026536351
3023899484 -22.9312429 -43.6958719 3023899480 3023899485
3023899482 -22.931187 -43.6978368 3023899489 3023899463
3023899480 -22.9311804 -43.6961399 3023899462 3023899479 3023899484
3023899479 -22.931108 -43.6964471 3023899475 3023899424 3023899480
3023899477 -22.931029 -43.6942768 3023899471 3023899529
3023899475 -22.9310044 -43.6967026 3023899498 3023899467 3023899479
3023899471 -22.9309484 -43.6943625 3023899477 3023899466
3026536346 -22.9309009 -43.6918128 1661217965 1661217892 3026536349
3023899466 -22.9308695 -43.6945215 3023899471 3023899458
3023899467 -22.9308547 -43.6969151 3023899463 3023899475
1661217905 -22.9308512 -43.6905805 3023899452 3026536349
3023899462 -22.9308366 -43.6960738 3023899480
3023899463 -22.9308333 -43.6971545 3023899482 3023899467
1661217892 -22.9308287 -43.691965 1661217883 3026536346 1661217851
3023899458 -22.9307444 -43.6948877 3023899466 3023899457
3023899457 -22.9307255 -43.6954579 3023899458 3023899455 3023899485
3023899455 -22.9306503 -43.6955299 3023899449 3023899457
1661217883 -22.9306361 -43.6923746 1661217860 1661217917 1661217892
3023899452 -22.9306046 -43.690431 1661217905 3023899442
3023899450 -22.9305923 -43.6987529 3023899489 3023899431 3023899508
3023899449 -22.9305751 -43.6955492 3023899455 3023899443
1661217860 -22.9305328 -43.6925942 3018736141 1661217883 3026536342
3023899443 -22.9304777 -43.6955444 3023899449 1661217842
3023899442 -22.9304648 -43.6903845 3023899452 1661217865
3025229104 -22.930436 -43.6977934 3025229098
3023899431 -22.9303591 -43.6986888 3023899450 3023899391 3025229098
1661217865 -22.9303459 -43.6904136 3023899442 3023899423
3023899430 -22.9302937 -43.6906864 3023899423
3023899423 -22.9302131 -43.6904935 1661217865 3023899430
3023899424 -22.9302098 -43.6962685 3023899479
3025229101 -22.9301383 -43.6992827 3023899504 3025229094 3025229082
3026536342 -22.9301181 -43.6922169 1661217860 3026536321
3025229098 -22.9300594 -43.6982236 3023899399 3023899431 3025229104
3025229094 -22.9298681 -43.6991921 3025229101 3025229090
3023899399 -22.9297606 -43.69776 3025229098 3023899390
1661217851 -22.9297449 -43.6909591 1661217892 3026536321
3026536337 -22.9297381 -43.6904586 3026536333
1661217842 -22.9296524 -43.6948652 3018736141 3023899386 3023899443
3025229090 -22.9296228 -43.6990783 3025229094 3025229086 3025229078
3023899391 -22.9295897 -43.6984206 3023899373 3023899431
3023899390 -22.9295764 -43.6974903 3023899399 3023899362 3023899373
3018736141 -22.9295234 -43.6947569 1661217842 3018736140 1661217860
3023899386 -22.9294998 -43.6954062 1661217842 3023899372
3023899373 -22.9293456 -43.6983153 3003439088 3023899391 3023899390
3023899372 -22.9293288 -43.696178 3023899362 3023899386
3025229086 -22.9292565 -43.69886 3025229090 1661217839
3023899362 -22.9291721 -43.6968889 1661217834 3023899372 3023899390
1661217839 -22.9291078 -43.6987182 3025229086 1661217833 1661831884
3026536321 -22.9291019 -43.6912926 1661217835 3026536342 1661217851
1661217834 -22.9290403 -43.6974866 3003439087 3023899362 1661217800
1661217833 -22.9290273 -43.6985169 1661217839 3003439088
1661217835 -22.9290255 -43.6912321 1661217821 3026536321
3003439088 -22.928985 -43.6981743 3003439087 1661217833 3023899373
3003439087 -22.9289845 -43.6978048 3003439088 1661217834
1661831884 -22.9289781 -43.6989187 3025229076 1661217731 1661217839
1661217821 -22.9288125 -43.6913745 1661217835 1661217813
1661217815 -22.9287334 -43.6961039 3023899222 3003439085
1661217814 -22.9287115 -43.6901407 3026536318 1661217813 1660827590
3023899222 -22.9286099 -43.696514 3023899220 1661217815
1661217813 -22.9286007 -43.6902059 1661217821 1661217814 3003439081
3023899220 -22.9285936 -43.6968335 3023899222 1661217800
1661217800 -22.9285059 -43.6971786 3023899220 1661217787 1661217834
3003439085 -22.928332 -43.6957417 1661217789 1661217815
3025229076 -22.9282686 -43.6999654 1661831884
3003439081 -22.9279645 -43.6905566 3003439082 1661217813
1661217731 -22.9279192 -43.6985627 3025229072 1661831884 1661831867
3003439082 -22.9278502 -43.6906073 3023899154 3003439081
1661217789 -22.9278253 -43.6953159 3003439085 3003439083
3003439083 -22.9277866 -43.6957129 3003439084 1661217789
1661217787 -22.9277515 -43.6967289 1661217775 1661217800 1661217777
3023899154 -22.9277348 -43.6906453 3003439082 934570890
934570890 -22.9276851 -43.6906577 3023899154 934570891
3003439084 -22.9276791 -43.6960725 1661217777 3003439083
2035857669 -22.9276396 -43.6947746 1661217789 3026536224
3018736140 -22.9275187 -43.6929777 3018736141 2035857669
1661217777 -22.9275115 -43.6964399 1661217787 3003439084
1661217775 -22.9274263 -43.6971252 1661217787 1661217746
3023899124 -22.9273896 -43.6908945 3018736140
3023899123 -22.9273873 -43.6908377 3023899124
934570891 -22.9273825 -43.6907245 3023899123 3023899089 934570890 3023899094
3025229072 -22.9273712 -43.6993627 1661217731 3025229070 3025229067
1661831867 -22.9272703 -43.6983715 1661217731 3025229065 1661217757
3025229070 -22.9271765 -43.6996429 3025229072 3025229068 1706409132
3023899094 -22.9270867 -43.6906861 934570891 3023899054
1661217757 -22.9270411 -43.6986952 3025229065 1661831867 3025229067
3025229068 -22.9269833 -43.6999409 3025229062 3025229070 3025229059
3023899089 -22.926973 -43.6907897 3023899055
3025229067 -22.9268896 -43.6989333 3025229058 3025229072 1706409132 1661217757
3025229065 -22.9268681 -43.6982348 1661217757 1661831867 1661217746
1661217746 -22.926843 -43.6981616 1661217775 3025229065
3026536245 -22.9267968 -43.6968051 3026536244
3026536244 -22.92677 -43.6965002 3026536245 3026536225
1706409132 -22.9266955 -43.6992384 3025229070 3025229055 3025229067 3025229059
3023899059 -22.9266486 -43.6907122 3023899060
3023899060 -22.9266477 -43.6907527 3023899061
3023899058 -22.9266342 -43.6906749 3023899059
3023899061 -22.9266316 -43.6907892 3023899055
3023899054 -22.9266069 -43.6906472 3023899058 3023899094 3023898815
3023899055 -22.9266032 -43.6908154 1664361849
3026536231 -22.9265484 -43.696158 3026536226 3026536229
3026536229 -22.9265338 -43.6957522 3026536224 3026536231 3026536211
3026536226 -22.9265104 -43.6964211 3026536225 3026536231
3025229059 -22.926504 -43.699515 3025229068 1706409132 3025229050 1661831808
3026536227 -22.92649 -43.6968111 3026536225 3026536218
1661217723 -22.9264894 -43.6980423 1661217686
3026536225 -22.9264725 -43.6964624 3026536217 3026536226 3026536244 3026536227
3026536224 -22.9264685 -43.6948559 3026536229 1661217653 2035857669
3025229058 -22.9264357 -43.6985619 3025229067
1661831808 -22.9263024 -43.6998142 3025229062 3025229043 3025229059
3026536218 -22.9262885 -43.6979271 3026536227
1664361849 -22.926249 -43.6908437 3023898801 3023898810
3025229055 -22.9262394 -43.6988817 1706409132
3023898815 -22.9262345 -43.6906202 3023899054 1664361847
3023898810 -22.9262095 -43.6908299 3023898806
3023898809 -22.9261999 -43.6906352 3023898815
3023898806 -22.9261725 -43.6908096 3023898796 3023898800
3023898804 -22.9261719 -43.6906618 3023898809
3026536217 -22.9261659 -43.6964497 3026536212 3026536215 3026536225
3023898805 -22.9261536 -43.690697 3023898804
3023898800 -22.9261532 -43.6907767 3023898799
3023898801 -22.9261489 -43.6908734 3023898737
3023898799 -22.9261471 -43.6907368 3023898805
3025229052 -22.9261441 -43.6979688 1661217659
3026536215 -22.9261396 -43.696754 3026536217 3026536213
3023898796 -22.9261114 -43.6907539 3023898789
3026536214 -22.9261054 -43.6961967 3026536212 3026536211
3026536213 -22.9260968 -43.6968125 3026536215 3026536186 3026536206
3026536212 -22.9260865 -43.6964301 3026536217 3026536189 3026536214
3026536211 -22.9260864 -43.6957748 3026536229 3026536190 3026536214
3023898789 -22.9260684 -43.6906809 1664361847
3025229050 -22.9260601 -43.6991829 3025229059
1664361847 -22.9260475 -43.6905974 3023898788 3003439047 3023898815
3023898788 -22.9260421 -43.6904444 1542807893 1664361847
3026536206 -22.9260257 -43.6969094 3026536213 3026536201
3026536204 -22.9260053 -43.6974483 3026536201 3026536205
3026536205 -22.9259965 -43.6975117 3026536204 3026536195
3026536201 -22.9259761 -43.6972359 3026536204 3026536206
3026536195 -22.9259177 -43.6976195 3026536183 3026536205
1661217686 -22.9258928 -43.6990191 1661217659 1661217723 1661217676
3025229043 -22.9258609 -43.6994625 1661831808
1661217678 -22.9258262 -43.6999429 1661217646 1661217696
3025229040 -22.9258112 -43.6978607 3025228130
3026536190 -22.9257805 -43.6957903 3026536211
3026536189 -22.925729 -43.6963033 3026536167 3026536212 3026536186
1661217676 -22.9256895 -43.6993461 1661217686 1661217612
3026536186 -22.9256403 -43.6966526 3026536184 3026536213 3026536189
1661217659 -22.925621 -43.6988244 3025228130 1661217686 3025229052
3023898737 -22.9255226 -43.6909014 3018587997
3025229034 -22.9254883 -43.6977479 3025228127
3026536184 -22.9254855 -43.6966621 3026536182 3026536186
1661217653 -22.9254661 -43.6949254 3026536167 3018588001 3026536224
3026536182 -22.9254359 -43.6973088 3026536183 3026536184 3026536172
3026536183 -22.925433 -43.6975054 3026536195 3026536182
3018588001 -22.9253501 -43.6949392 1661217604 1661217653
3025228130 -22.9253409 -43.6986246 3025228127 3025229040 1661217659
3025228127 -22.9250516 -43.6984182 3025228130 3025228121 3025229034
3018587996 -22.9249867 -43.6914882 3018587995
3025228125 -22.9249633 -43.6978962 3025228121
3018587997 -22.9249488 -43.6909374 3023898280
3026536172 -22.9249168 -43.6971044 3026536182
3026536167 -22.9248085 -43.6959934 3026536189 1661217653 1661217624
3025228121 -22.9247611 -43.6982154 3025228127 3025228125 1661217614
3003439047 -22.9246938 -43.6905466 1664361847 874345456
1661217624 -22.9245383 -43.6964324 3026536167 1661217619 1661217606
1661217619 -22.9241804 -43.6969751 1661217624 1661217614 1661217608
3018587995 -22.9241002 -43.6915512 3018587996 3018587994
1661217614 -22.9238239 -43.6975427 1661217619 3025228121 1661217612
1661217612 -22.923635 -43.6978449 3025228104 1661217614 1661217676
3018587994 -22.9234771 -43.6916235 3018587993 3018587995
3025228104 -22.923354 -43.6982963 1661217603 3025228100 1661217612
874345456 -22.923293 -43.6905993 3003439047 158800996 1664361786
1661217608 -22.9232276 -43.6966272 1661217609 1661217619 1661217607
1661217607 -22.9231928 -43.6962556 1661217606 1661217602 1661217608
1661217606 -22.9231758 -43.6959831 1661217605 1661217607 1661217624
158800996 -22.9231188 -43.6905769 874345456 1664361780
1661217605 -22.923103 -43.6953375 1661217604 1661217606 3026536143
1661217604 -22.9231028 -43.6951268 3026536153 3018588001 1661217605
1661217609 -22.9231018 -43.6969713 1661217594 1661217608
3018587993 -22.9230969 -43.6916964 1664361782 3018587994
3026536153 -22.9230652 -43.694606 3026536152 1661217604 3026536142
3026536152 -22.9230372 -43.6941456 3026536153 3026536150
3023898280 -22.9229282 -43.6910854 1664361807
1661217603 -22.9229147 -43.6989846 3025228104 3025228097 3025228093
3026536150 -22.9228885 -43.6920383 1664361782 3026536152
1664361807 -22.9228867 -43.6910996 3023898277
1664361782 -22.922862 -43.6917874 3023898267 3018587993 3023898274 3026536150
3023898277 -22.9228475 -43.6911419 3023898274 1664361807
3023898274 -22.9228276 -43.6912007 1664361782 3023898277
1664361780 -22.9227976 -43.6904484 1664361714 1664361776 158800996
3025228100 -22.9227694 -43.6978221 3025228104
3023898267 -22.9227413 -43.6918133 1664361782 1664361752
1664361752 -22.9226918 -43.6918216 1664361746 3023898267
1661217602 -22.9226911 -43.6963272 1661217600 1661217607
3026536146 -22.9226282 -43.6960439 3026536143 3026536139
1661217600 -22.9226093 -43.6965987 1661217592 1661217602
3026536143 -22.922574 -43.6953835 3026536138 1661217605 3026536146
3025228098 -22.9225503 -43.6978792 3025228093 1661217597
3025228097 -22.9225312 -43.6996059 1661217603 1661217596 3025228094
1664361776 -22.9225224 -43.6910262 1664361748 1664361780
3026536142 -22.922434 -43.6945158 3026536137 3026536153
1661217597 -22.9223446 -43.6977264 3025228098 1661217594 3025228091
1664361748 -22.9223302 -43.6910769 1664361776 1664361699 1664361742
3025228095 -22.9223142 -43.698891 3025228094
3026536139 -22.922265 -43.6961592 3026536138 3026536136 3026536146
1664361746 -22.9222328 -43.6919094 1664361737 1664361752
1664361742 -22.9222184 -43.6913764 1664361737 1664361748 1664361698
3026536137 -22.9222033 -43.694538 3026536142 3026536134
3026536138 -22.9221938 -43.6953979 1661217587 3026536143 3026536139
3025228093 -22.9221746 -43.6984517 1661217603 3025228098 1661217591
3025228094 -22.9221668 -43.6989885 3025228097 3025228092 3025228095
3026536136 -22.9221639 -43.6961913 3026536139
1664361737 -22.9221084 -43.6919191 1664361746 1664361735 1664361742
1661217594 -22.9221008 -43.6972922 1661217609 3026536135 1661217597
3025228092 -22.9220585 -43.6990601 3025228090 3025228094 1660661420
1661217592 -22.9220378 -43.6967357 1661217589 1661217600
1661217591 -22.9219988 -43.6983251 3025228093 3025228089
3025228091 -22.9219967 -43.6978537 1661217590 1661217597 3025228088
1664361735 -22.9219917 -43.6919103 1664361709 1664361737
1664361714 -22.9219412 -43.6900232 3003437528 1664361699 1664361780
3025228089 -22.9218706 -43.6980345 1661217590 3025228084 1661217591
3025228090 -22.9218589 -43.6986887 3025228092
3025228088 -22.9218276 -43.6975286 3025228091
1661217590 -22.9218194 -43.6979184 3025228089 3025228091
1664361709 -22.9217855 -43.6918676 1664361706 1664361735
1661217589 -22.9217716 -43.6964912 1661217587 1661217592
1660661420 -22.9217672 -43.6992527 1661217596 3025228092 1661217575
3026536135 -22.9217579 -43.6968063 1661217594 1661217586 3026536132
3026536134 -22.921723 -43.6945443 3026536131 3026536137
1661217587 -22.9216858 -43.695395 1661217583 3026536138 1661217589
1664361706 -22.9216838 -43.6918389 1664361702 1664361709
3026536133 -22.9216526 -43.6971941 3026536132
3026536132 -22.9216134 -43.6968982 3026536135 3026536133
1664361699 -22.9216112 -43.6906902 1664361714 1664361698 1664361748 1664361659
1664361702 -22.921562 -43.6917922 1664361700 1664361706
3026536131 -22.9215595 -43.6944856 3026536134
3025228084 -22.9215516 -43.6982082 3025228089
1664361698 -22.9214881 -43.6909351 1664361699 1664361742
1664361700 -22.9214258 -43.6917239 1664361691 1664361702
1661217586 -22.9214026 -43.696437 3026536135
1661217585 -22.921342 -43.6935785 1661217579
1664361691 -22.9212972 -43.6916452 1664361700 1664361688
1664361688 -22.9211723 -43.6915548 1664361691 1664361684
1661217583 -22.9211435 -43.6954466 1661217587 1661217582
1664361684 -22.9210757 -43.6914618 1664361678 1664361688
1664361678 -22.9209601 -43.6913396 1664361668 1664361684
1664361668 -22.9208471 -43.6911792 1664361659 1664361678
1661217582 -22.9208327 -43.6955421 1661217579 2710806268 1661217583
1661217579 -22.9206413 -43.6950979 1661217582 1661217585
2710806268 -22.9205067 -43.6957041 1661217571 1661217582 2710806403
1661217575 -22.9201491 -43.6964222 3025228069 1660661420 1661217571
1661217573 -22.92008 -43.6987284 3025228073 1661217593
2710806460 -22.9200747 -43.6941478 2710806381
3025228073 -22.9200619 -43.6986887 1661217573
