591663326 -22859997 -43461930 591663656 591651077
583577720 -22859984 -43465250 583523886 583577719
591665847 -22859922 -43468572 591665392 591666187 591665743 583561141
591656892 -22859737 -43460409 591655956 591652417
591651384 -22859715 -43461246 591651146 591651385
591663925 -22859675 -43462715 591663326
591655956 -22859673 -43460762 591655640 591656892
591655640 -22859630 -43461002 591651146 591655956
591664876 -22859616 -43465493 591665156 591665014 583523900
591651146 -22859579 -43461280 591655640 591651384 591650892
1848620933 -22859573 -43462964 591663925 1848620803
591650892 -22859527 -43461567 591651146 1848621032 591651077
591665014 -22859491 -43466158 591664876 591665133 591664874
591665743 -22859489 -43468220 591664871 591665747 591665847
1848620803 -22859466 -43463016 1848620927 1848620933
591650449 -22859438 -43463295 1848620933
591656166 -22859430 -43460323 591662788
591664874 -22859388 -43466739 591665014 591664871 591665747
1848620927 -22859387 -43463013 1848621083 1848620803
591655093 -22859365 -43460689 591656166
1848621083 -22859321 -43462961 1848620927 1848621032
1848620801 -22859318 -43460238 145048914
1848621032 -22859294 -43462847 1848621083 591650889 591650892
591655137 -22859234 -43461418 591655093
591650889 -22859200 -43463359 591650442 1848621032
1848620800 -22859197 -43461619 591655137
1848620697 -22859185 -43461896 1848620800
145048914 -22859149 -43461174 144302232 145049726
1848621064 -22859147 -43462329 1848620697
591650442 -22859147 -43463655 591650449 591650889
145052133 -22859117 -43462856 1848621064
145052132 -22859086 -43463371 145052133
591664871 -22859062 -43468734 591665517 591664874 591665743
591649636 -22859057 -43463975 591650442 145052132
145052130 -22859027 -43464170 591649636
1848620770 -22859019 -43460214 1848620885
144302232 -22859010 -43462030 583523540
1848620885 -22858952 -43460547 1848620891
145049726 -22858928 -43461818 145049727
144372551 -22858908 -43463232 1848620800
583523886 -22858880 -43465109 145052130 583577720 1848621121
583523900 -22858838 -43465380 583523886 1848621157 591664876
1848620891 -22858797 -43461429 1848620850
591665392 -22858785 -43469968 591665517 591665847 591665515
1848620850 -22858742 -43461923 145049727
145049727 -22858696 -43462516 145049729
591665517 -22858686 -43468745 591665392 591664871
145049729 -22858663 -43462744 592050200
583523627 -22858603 -43464907 144372551
592050200 -22858600 -43463115 145049730
145052128 -22858548 -43466847 583523900
145049730 -22858516 -43463491 3130613110
583523626 -22858498 -43465510 583523627
583523540 -22858482 -43464875 583523541
3130613110 -22858429 -43463720 3130613109
1848620849 -22858429 -43466086 583523626
3130613109 -22858394 -43463812 145049732 592050207
1848620774 -22858386 -43466608 1848620849
583523541 -22858373 -43465508 145049736 1848620776
1848621004 -22858364 -43467461 1848620774
145049732 -22858342 -43463946 592049950
592050207 -22858322 -43463884 592050209
592049950 -22858319 -43464078 583523349
1753585778 -22858312 -43468244 1848621004 145052128
1848621121 -22858253 -43465020 583523886 583523349
592049995 -22858248 -43463957 592049950
592050209 -22858246 -43463916 592049931
1848620776 -22858211 -43466043 1848620973
1848621157 -22858202 -43465317 1848620881 583523900 1848620838
1848620881 -22858150 -43465275 1848621157 583523350
583523349 -22858132 -43465059 1848621121 583523350
592049931 -22858130 -43463942 592049930 592049995
1848620838 -22858120 -43465455 1848621157 1848620926
583523350 -22858115 -43465193 1848620881 1848620926
145050374 -22858097 -43467860 583523626
1848620973 -22858073 -43466541 1848621089
1848620926 -22858013 -43465747 1779579279 1848620838
592049930 -22858011 -43463953 594744214 592049931
1848621044 -22857952 -43469949 1848620962
1848620962 -22857939 -43469854 1848621145
1848621145 -22857885 -43469704 1848620883
1848621089 -22857867 -43467110 1848620683
1848620883 -22857850 -43469644 1848620839
1848620839 -22857746 -43469553 1848621097
1779579279 -22857709 -43467391 1779579277 1779579263
1848620683 -22857704 -43467621 1779579275
1779579277 -22857652 -43467696 1779579275 1779579262
145049736 -22857599 -43469791 593566199
1779579275 -22857588 -43468037 1779579273 1779579261
1848621097 -22857555 -43469544 1848620922
1779579273 -22857510 -43468455 1779579260 1848620726
594744211 -22857499 -43464480 594744214
1848620922 -22857487 -43469572 1848621137
594744214 -22857479 -43464040 592049929 592049930 594744211
1848621137 -22857381 -43469664 1848621040
592049929 -22857359 -43464060 592049928 594744214
594744157 -22857351 -43462699 592049928
595668132 -22857298 -43460381 595668133
1848621040 -22857291 -43469837 1848620726
595668128 -22857169 -43461293 595668129
595668133 -22857169 -43460402 595668132 595668135 595668134
595668135 -22857130 -43461196 595668133 595668129
592049928 -22857122 -43464049 592049925 592049929 594744157
595668129 -22857090 -43461261 595668128 595668135 595668130 595668141
594744073 -22856935 -43464825 592049925
592049925 -22856869 -43464004 592049928 594744073 592049923
595668141 -22856803 -43461969 595668129 595667803
595667803 -22856754 -43462065 595667808 595668141
594744452 -22856629 -43462420 595668321
595667808 -22856566 -43461894 595667624 592051789 595667803
594742029 -22856402 -43465038 594742034
594742034 -22856303 -43464630 594742029 594742192 594741745
595668321 -22856298 -43463474 595668365 594744452 592049923
594741745 -22856234 -43464062 594742889 594742034 592049923
592049923 -22856205 -43463800 592049925 594742843 594741745 595668321
592051783 -22856093 -43460556 595668134 592051784
595668134 -22856088 -43460499 595668387 592051783 595668133
595668365 -22856082 -43463127 595668366 595668321
592051784 -22856073 -43460857 592051783 595668130
595667623 -22856062 -43462484 595667624
595668130 -22856045 -43460951 595668129 592051784 592051786
595667624 -22856012 -43462409 595667808 595668208 595667623 592051792
594742889 -22856009 -43464290 594741744 594741745 594742840
592051786 -22855994 -43461125 592051789 595668130
595668366 -22855953 -43463106 595668365 595668367
592051789 -22855895 -43461361 592051792 595667808 592051786
595668367 -22855854 -43463009 595668366 595668368
1779579263 -22855813 -43466975 1779579249 1779579279 1779579262
1779579262 -22855797 -43467334 1779579258 1779579277 1779579263 1779579261
594742843 -22855781 -43463635 592049921 592049923 594742840
1779579261 -22855778 -43467743 1779579260 1779579275 1779579262
1779579260 -22855720 -43468067 1779579273 1779579248 1779579261
594742840 -22855700 -43463922 594742889 594742836 594742843
1779579258 -22855646 -43467305 1779579253 1779579255 1779579262
595668208 -22855587 -43462731 595667624 595668211
592049921 -22855579 -43463556 594742986 594742843
592051792 -22855569 -43461661 592051789 595667624 595667479 595667341
595667609 -22855568 -43462827 595668211
595668368 -22855548 -43463085 595668367 595668369
1779579257 -22855530 -43468627 1779579250
595668211 -22855520 -43462754 595668208 595668248 595667609 595667479
595667341 -22855488 -43460681 592051792
595668369 -22855479 -43463267 595668370 595668368
595667337 -22855459 -43460370 595667248
595668370 -22855429 -43463364 595668369
1779579256 -22855421 -43469315 1779579251 1779579250
594742986 -22855389 -43463457 595668250 592049921 594743166
1779579255 -22855341 -43467245 1779579245 1779579258
595668248 -22855291 -43462934 595668250 595668211
594741497 -22855265 -43465993 594742192
1779579253 -22855261 -43467703 1779579252 1779579258
1779579252 -22855254 -43467814 1779579253 1779579244
1779579250 -22855157 -43469033 1779579257 1779579248 1779579256
595668250 -22855150 -43463334 594742986 592049918 595668248
594742192 -22855117 -43465821 594741744 594742551 594741497 594742034
1779579249 -22855101 -43466819 1779579263
595667479 -22855052 -43462026 592051792 595666789 595667477 595668211
595667477 -22854925 -43460735 595667479
1779579248 -22854908 -43468766 1779579260 1779579250 1779579244
595667452 -22854905 -43460370 595543265
594741744 -22854830 -43465489 594742192 594742554 594742889 594742836
592049918 -22854749 -43463127 592051397 595668250
1779579245 -22854673 -43467912 1779579240 1779579239 1779579255
1779579244 -22854622 -43468461 1779579236 1779579240 1779579248 1779579252
594742836 -22854524 -43465134 594741744 594742560 594743355 594742840
595666789 -22854506 -43462413 592051795 595666784 595667479
595666784 -22854401 -43461143 595666789
1779579240 -22854380 -43468203 1779579235 1779579245 1779579244
1779579239 -22854373 -43467553 1779579245
595667026 -22854302 -43460145 595667027
592051795 -22854294 -43462562 595666789 592051397
594743355 -22854237 -43464802 594743351 594742836 594743166
594743166 -22854156 -43464708 594743637 594742986 594743355
592051397 -22854008 -43462707 592051795 595666616 595666616 595666329 583571070 592049918
583571070 -22853964 -43462682 595666329 592051397 595666107
595666107 -22853946 -43462548 595667360 583571070
594743637 -22853932 -43464447 594743654 594743166 594743545
594742549 -22853861 -43467398 594742551
593566790 -22853818 -43469980 593566788 616712193
595667360 -22853808 -43460810 595666107
595667359 -22853778 -43460499 595665958
595667395 -22853748 -43460660 595667391
594742551 -22853733 -43467249 594742045 594742192 594742554 594742549
616712193 -22853728 -43469831 593566790 1779579236 616712236
595666611 -22853669 -43462591 595666608 595666613
595666613 -22853659 -43462763 595666611 595666616
594743654 -22853640 -43464109 594743637 594743724 594743723
595666608 -22853640 -43462441 595666329 595666611
1779579236 -22853552 -43469542 616712193 616712192 1779579244
595666329 -22853551 -43462330 595666608 592051397 583571067 583571070
595666616 -22853547 -43462894 592051397 594741500 595666613 592051397
594742554 -22853431 -43466910 594743377 594741744 594742551 594742557
616712192 -22853414 -43469314 1779579236 1779579235 616712191
594742557 -22853367 -43466787 594742554 594742560
1779579235 -22853358 -43469222 616712192 593566792 1779579240
595665957 -22853353 -43462001 595665956 583571067
583571067 -22853321 -43462135 594745522 595666329 595665957
594743724 -22853320 -43463738 594743654 594741500 594742571
595667391 -22853313 -43460714 595665956 595667392 595667395
595667392 -22853294 -43460606 595667391 595667389
594742560 -22853255 -43466445 594743351 594742557 594742836
595665956 -22853254 -43460874 595667391 595667413 595665957
595667389 -22853224 -43460553 595665955 595667392
595667413 -22853126 -43460735 595665956 595667414
593566792 -22853096 -43468789 583523318 616712127 1779579235
594743351 -22853095 -43465959 594742560 594743545 594743532 594743355
583523318 -22853058 -43468678 583523319 593566792
594743377 -22853058 -43467289 594741521 594742554 594743532
583523319 -22852989 -43468463 594742045 583523318 594738012
594743545 -22852932 -43465463 594743351 594743637 594743723
595667414 -22852928 -43460756 595667413
594742045 -22852880 -43468129 583523319 594741521 594742551
594741500 -22852866 -43463212 595666616 592051803 594743724
594746487 -22852853 -43462495 594746492 594745510
594745508 -22852843 -43462098 594745654 594745510
594743723 -22852782 -43465007 594742571 594743654 594743545
594741521 -22852719 -43467632 594742045 594743189 594743377
594743532 -22852696 -43466115 594743189 594743351 594743377 594743534
594745510 -22852695 -43462313 594746778 594745508 594746487
594746492 -22852675 -43462731 594746866 594746487 594746905
594738012 -22852651 -43468563 583523319 594737947 594738009
595665944 -22852651 -43460606 595665945
594742571 -22852616 -43464502 594743534 594743723 594743724
594738009 -22852428 -43467913 594738012
594746905 -22852399 -43462864 594746492 594746495 594747086
592051803 -22852395 -43463431 594741500 594727471
594743189 -22852281 -43466278 594741521 594736945 594743532
594727471 -22852264 -43463494 593567098 594745656 592051803
594743534 -22852230 -43464630 594742571 594743828 594743532
594737947 -22852200 -43468696 594734581 594738012 594738339
594734581 -22852161 -43468707 592054999 594737947
594746495 -22852161 -43462978 594746618 594746905
594745522 -22852132 -43461001 583571064 594745654 583571067
594736945 -22852107 -43465744 594736938 594743189 594743828
594738339 -22852043 -43468199 594738309 594737947 594738364
594745654 -22851932 -43461230 594747098 594745522 594746778 594745508
594738309 -22851930 -43467843 594738141 594738339 594738245
594738141 -22851820 -43467493 594738085 594738155 594738309
595667419 -22851801 -43460188 595667420
594743828 -22851792 -43464771 593567098 594743534 594736945
594746778 -22851770 -43461437 594745654 594746866 594745510
616712191 -22851759 -43469707 616712236 616712127 616712189 616712192
594736938 -22851755 -43465905 594737835 594737066 594736945
594747098 -22851737 -43461044 594747403 594745654 594747269
594738155 -22851700 -43467114 594737829 594738232 594738141
594737832 -22851676 -43466733 594737829 594737835
616712127 -22851628 -43469140 593566792 616712191 592055003
594737829 -22851591 -43466771 594737826 594737832 594738155
594737066 -22851588 -43465489 594736938 594737203 594737184
592055003 -22851585 -43469171 616712127 616712147
594746866 -22851583 -43461676 594746778 594746492 594747086
592054999 -22851545 -43468860 594734579 594734581
594747403 -22851538 -43460855 594747414 594747098 594747306
593567098 -22851496 -43463859 594743828 594727471 594737042
594737835 -22851462 -43466039 594736936 594736938 594737832
594737203 -22851418 -43465066 594737066 594737356 594737334
594747086 -22851416 -43461890 594746866 594746618 594746905
583571064 -22851374 -43460279 594745522 595667420 594728741
594747414 -22851338 -43460663 594747505 594747403 594747489
594737356 -22851263 -43464679 594737203 594737042 594737486
594746618 -22851244 -43462110 594745656 594747086 594746495
594747505 -22851132 -43460467 594747611 594747414 594747596
594745656 -22851097 -43462297 594747269 594746618 594727471
594734579 -22851044 -43468965 594734576 592054999 594738364
594737042 -22851024 -43464084 593567098 594731368 594737356
594738364 -22850941 -43468705 594734579 594738605 594738339
594747611 -22850938 -43460282 594747505 594747657 594745282
594747269 -22850910 -43462105 594745656 594747098 594747306
594738605 -22850842 -43468453 594738364 594738245 594738599
594738245 -22850803 -43468356 594738605 594738624 594738309
594732619 -22850796 -43462367 594732616 594727467
594732616 -22850786 -43462538 594732683 594732619
594745282 -22850735 -43460089 594728390 594747611 594728741
594747306 -22850732 -43461922 594747269 594747403 594747489
594738624 -22850730 -43468170 594738085 594738729 594738245
594732683 -22850677 -43462666 594732616 594732605 594732779
594738085 -22850675 -43468032 594738624 594738741 594738141
594738741 -22850613 -43467875 594738085 594738232 594738839
594747489 -22850549 -43461734 594747414 594747306 594727470
594738232 -22850532 -43467670 594739077 594738741 594738155
594732605 -22850510 -43462860 594732389 594732683 594727457
594738599 -22850500 -43468621 594738525 594738605
594739077 -22850500 -43467602 594738232 594737826 594738935
594737826 -22850390 -43467309 594739077 594736936 594737829 594737667
594727470 -22850383 -43461597 594727467 594747596 594747489
594747596 -22850336 -43461549 594747657 594747505 594727470
594738729 -22850272 -43468396 594738624 594738730
594732389 -22850233 -43462989 594732975 594727454 594732605
594727467 -22850203 -43461809 594732779 594727470 594732619
594747657 -22850160 -43461363 594747596 594728390 594747611
594738839 -22850144 -43468128 594738841 594738741
594736936 -22850129 -43466650 594736934 594737835 594737826 594737184
594734576 -22850085 -43469201 594734579 594738525 594676333
594732779 -22850045 -43462029 594727457 594727467 594732683
594745195 -22850035 -43460285 594745192 594745197
594737184 -22849962 -43466226 594736936 594737066 594737334 594737186
594732975 -22849952 -43463122 594732389 594730270 594733110
594738525 -22849951 -43468855 594734576 594740355 594738599
594740355 -22849930 -43468802 594738525 594738730 594740221
594728390 -22849926 -43461173 594747657 594745197 594728740 594745282
594738730 -22849834 -43468554 594740355 594740214 594738729
594745192 -22849827 -43460124 594745195 594745081
594740214 -22849815 -43468504 594738730 594738841 594740090
594737334 -22849812 -43465847 594737184 594737486 594737203 594737337
594727457 -22849752 -43462128 594727454 594732779 594732605
594728740 -22849736 -43461396 594728730 594728390 594731058
594738841 -22849716 -43468247 594740214 594739988 594738935 594738839
616712147 -22849710 -43469591 592055003
594731368 -22849693 -43464716 594734770 594737042 594731365
594733110 -22849689 -43463247 594732975 594733221 594733203
594737486 -22849650 -43465436 594734770 594737334 594737356 594737488
594738935 -22849626 -43468014 594738841 594739973 594739077
594745197 -22849622 -43460873 594728390 594745195 594745081
594739973 -22849594 -43467933 594739824 594738935 594737667
594728730 -22849572 -43461599 3014351787 594728740 594730933
594731365 -22849554 -43464371 594732258 594731368 594732044
594737667 -22849507 -43467707 594739973 594739299 594737826 594736634
594727454 -22849472 -43462259 594730270 594727457 594732389
3014351787 -22849461 -43461734 594728730 594728858
594733221 -22849437 -43463367 594727447 594732258 594733110 594732258
594734770 -22849418 -43464847 594731368 592051806 594737486
594745081 -22849406 -43460677 594745197 594745067 594745192
594739299 -22849383 -43467387 594736934 594739573 594737667
616712380 -22849364 -43469709 616712379 592054893
594728858 -22849333 -43461750 3014351787 594728857 594729107
594730270 -22849313 -43462452 594727454 594732975 594733203
594732044 -22849282 -43464497 594731837 594731365 594726587
594736934 -22849260 -43467068 594736154 594736936 594739299 594737186
594732258 -22849194 -43463483 594727447 594727447 594731365 594733221 594733221
594745067 -22849192 -43460482 594745081 594744939 594745065
594676333 -22849175 -43469383 594740221 594734576 592054891
594728857 -22849150 -43461954 594728853 594729002 594728858
594733203 -22849127 -43462679 594727447 594730270 594733110
594740221 -22849097 -43469185 594740090 594740355 594676333
594737186 -22849089 -43466625 594736934 594737337 594737184
592054893 -22849083 -43469751 616712380 616712381
594731837 -22849042 -43464609 594732044 594731717 594727445
594744939 -22848997 -43460305 594745067 594744791 594745062
592054891 -22848994 -43469418 594734574 594676333
594740090 -22848989 -43468915 594739988 594740221 594740214 594740703
594728853 -22848977 -43462173 594728857 594729971
594737337 -22848940 -43466239 594739783 594737186 594737334
594727447 -22848938 -43462849 594726587 594733203 594732258 594733221 594732258
594729971 -22848899 -43462106 594728853 594729255 594729351
594739783 -22848895 -43466123 594739803 594737337 594737488
594739988 -22848876 -43468629 594739824 594740090 594738841 594740582
616712381 -22848820 -43469838 592054893 616712549 616713197
594744791 -22848804 -43460129 594744939 594744928 594744923
594731717 -22848794 -43464724 594731837 594727442 594731637
594737488 -22848785 -43465840 594739783 592051806 594737486
594739824 -22848766 -43468350 594739988 594739973 594736634 594740443
594729351 -22848730 -43462324 594729496 594729513 594729971
594734574 -22848720 -43469491 594734571 592054891
594739803 -22848701 -43466220 594739783 594739781 594739801
594736634 -22848654 -43468068 594739573 594739824 594737667 594736632
594726587 -22848641 -43462935 594727447 594729269 594727445 594732044
594740703 -22848582 -43469104 594740090
594729513 -22848566 -43462533 594729269 594729351 594729670
594731637 -22848565 -43464830 594731482 594731717 594727441
592051806 -22848559 -43465255 594734770 594678054 594737488
594739573 -22848537 -43467772 594736154 594739299 594736634
594739801 -22848503 -43465725 594739803
594740582 -22848463 -43468836 594739988
594727445 -22848414 -43463075 594727442 594731837 594726587
594736154 -22848410 -43467449 594736082 594736934 594739573 594740813
594729269 -22848403 -43462731 594726595 594726587 594729513
594739781 -22848384 -43466379 594739778 594739803
616712549 -22848355 -43469913 616713163 616712381
594731482 -22848325 -43464941 594731182 594731637 594727440
594740813 -22848273 -43467105 594740904 594736154 594740811
594736530 -22848236 -43468782 594736532
594727442 -22848216 -43463289 594727441 594727445 594731717
594734571 -22848206 -43469673 594734570 594734574 594736532
616713163 -22848188 -43469978 616712549 616712550 616713161
594736632 -22848176 -43468278 594736634
594740904 -22848170 -43466843 594740986 594740813 594740902
594739778 -22848157 -43465746 594739781
594740443 -22848147 -43468643 594739824
594731182 -22848087 -43465049 594727439 594731482 594731485
594740986 -22848055 -43466552 594741057 594740904 594740983
594727441 -22848048 -43463493 594727442 594727440 594731637
594730933 -22848032 -43460194 594731058 594728730 594729107
594678054 -22847990 -43465523 594731485 592051806 594676332
594741057 -22847933 -43466244 594741054 594676332 594740986
594736532 -22847912 -43468936 594734571 594736530 594736289
594740811 -22847870 -43467313 594740813
594729107 -22847859 -43460424 594729002 594730933 594728858
594731485 -22847843 -43465165 594726849 594678054 594731182
594727440 -22847801 -43463633 594727439 594731482 594727441
594740902 -22847781 -43467023 594740904
594736063 -22847771 -43467516 594736064
594726595 -22847759 -43462166 594672020 594729269 594726829
594734570 -22847722 -43469823 594734569 594734571
594676332 -22847701 -43465659 594678054 594741057 594676939 594676704
594729002 -22847700 -43460636 594729255 594729107 594728857
594740983 -22847662 -43466733 594740986
594736289 -22847661 -43468306 594736082 594736532 594736286
594727439 -22847603 -43463836 594726849 594731182 594727440
594735939 -22847583 -43467237 594735940
594735932 -22847524 -43466916 594735933
594729255 -22847523 -43460872 594729496 594729002 594729971
594736082 -22847490 -43467878 594736154 594736064 594736289
594676704 -22847456 -43465064 594677480 594677895 594676332
594736286 -22847455 -43468396 594736289
594741054 -22847415 -43466540 594741057
594736064 -22847413 -43467684 594736082 594736063 594736066 594735940
594729496 -22847354 -43461097 594729255 594729670 594729351
594726849 -22847349 -43463953 594731485 594727439 594677897
594735813 -22847316 -43466637 594735810
594735940 -22847298 -43467397 594736064 594735933 594735939
594734569 -22847277 -43469887 594734568 594734570
594735896 -22847247 -43466293 594735898
594677897 -22847227 -43463654 594726849 594677895 594726829
594729670 -22847199 -43461304 594672020 594729496 594729513
594735933 -22847174 -43467085 594735940 594735810 594735932
594677480 -22847168 -43465200 594677025 594677817 594676704
594736066 -22847158 -43467806 594736064
594735810 -22847042 -43466754 594735933 594735898 594735807 594735813
594726829 -22847031 -43463181 594726595 594677952 594677897
594672020 -22847029 -43461530 594726595 594677952 594729670
594677895 -22846935 -43463802 594673032 594677817 594676704 594677897
594735898 -22846922 -43466454 594735810 594735116 594735896
594676939 -22846916 -43466028 594677008 594676332 594735116
594677025 -22846899 -43465326 594677008 594677480 594676903
592052666 -22846879 -43467905 592054001 592053086
594734568 -22846802 -43469973 594734569
594735116 -22846778 -43466093 594676718 594735898 594676939
592054001 -22846762 -43467621 592054021 592052666 592053926
594735807 -22846743 -43466894 594735810
594677008 -22846676 -43465432 594676897 594677025 594676939 594677010
594676718 -22846669 -43466145 594676897 594735116 594673682
594677817 -22846668 -43463963 594677480 594677582 594677895
592054021 -22846662 -43467379 592054217 592054001 592054118
592052030 -22846631 -43469729 592053086 592053687
594677952 -22846578 -43462091 594673032 594672020 594726829
592054217 -22846563 -43467138 592054247 592054021 592054142
594676903 -22846505 -43464351 594677025 594677010 594677621
592054247 -22846446 -43466853 592054217 592052525 592054332
594676897 -22846425 -43465550 594674384 594677008 594676718 594676901
594673682 -22846417 -43466263 594676718 592052541 594674631
592053687 -22846365 -43469838 592053670 592053869 592052030
594677621 -22846347 -43463965 594676903 594677295 594677459
594673032 -22846347 -43462377 594677582 594677952 594670444 594677895
592052525 -22846345 -43466607 592052523 592052541 592054247
594677010 -22846330 -43464557 594676903 594677008 594676901
594674631 -22846275 -43465919 594674384 594674164 594673682
592052541 -22846252 -43466341 594673682 592051809 592052525
594674384 -22846172 -43465670 594674631 594676897 594674976 594673860
594677459 -22846169 -43464180 594677461 594677621 594677358
594677582 -22846139 -43462656 594677295 594673032 594677817
594676901 -22846130 -43464791 594676897 594677010
594670444 -22846130 -43462184 594673032 594670441 594670446
592053670 -22846111 -43469943 592053669 592053433 592053687
592053086 -22846057 -43468287 592053926 592053869 592052666 592052030
594674976 -22846055 -43465384 594674384 594674974 594674984
594677358 -22845981 -43464405 594677360 594677459
594674984 -22845948 -43465127 594675290 594675115 594674976
592053926 -22845946 -43468009 592054001 592054118 592053086
594677295 -22845927 -43462938 594677461 594677582 594677621
594675290 -22845843 -43464872 594675311 594675137 594674984
592054118 -22845842 -43467748 592053926 592054021 592054142
592053869 -22845803 -43468404 592053669 592053871 592053086 592053687
594677461 -22845749 -43463176 594677360 594677295 594677459
592054142 -22845743 -43467497 592054217 592054332 592054118
594675311 -22845726 -43464587 594675551 594675290 594675432
592054332 -22845637 -43467232 592052523 592054247 592054142
594675551 -22845617 -43464324 594672017 594675311 594673865
594677360 -22845568 -43463418 594672017 594677461 594677358
592053669 -22845554 -43468518 592053434 592053869 592053549 592053670
592052523 -22845532 -43466968 592053871 592051809 592054332 592052525
592051809 -22845435 -43466725 592052541 594671484 592052523
594672017 -22845359 -43463697 594673865 594677360 594675551 594670441
592053434 -22845321 -43468624 592053344 592053669 592053433 592053520
592053871 -22845275 -43467086 592053549 592052523 592053869
594670441 -22845082 -43463472 594672579 594672017 594670444
592053344 -22845068 -43468740 592053082 592053434 592053183 592053348
592053549 -22845038 -43467194 592053871 592053669 592053520
594673860 -22844844 -43466283 594674974 594673990 594674384
592053082 -22844811 -43468858 592052792 592053344 592053126
592053520 -22844790 -43467308 592053183 592053549 592053434
594674974 -22844733 -43465994 594675115 594673860 594674663 594674976
594675115 -22844641 -43465755 594674974 594675137 594674984
592052792 -22844596 -43468964 592053082 592052680 3819977602
592053183 -22844541 -43467422 592053126 592053344 592053520
594675137 -22844541 -43465494 594675115 594675290 594675432
3819977602 -22844512 -43469006 592052792 592052339 3819977600
594675432 -22844443 -43465240 594675137 594673865 594675311
594673990 -22844380 -43466497 594674167 594674663 594673860
594673865 -22844340 -43464972 594672017 594675551 594672010 594675432
594674164 -22844330 -43466851 594674167 594674404 594674631
594671484 -22844319 -43467222 594671190 594674404 592051809
592053126 -22844308 -43467529 592053183 592053082 592052680
594672010 -22844261 -43465070 594673994 594673865 594672579
594674663 -22844177 -43466256 594673990 594673994 594674974
592052339 -22844166 -43468609 592052379 592051949 3819977602
594674167 -22844129 -43466609 594674164 594674170 594673990
594674404 -22844096 -43466966 594671484 594674164 594671479
592052680 -22844071 -43467637 592052379 592053126 592052792
594671190 -22844064 -43467336 594671484 592052263 594671082
594672579 -22844058 -43464818 594671213 594670441 594672010
592052379 -22843820 -43467752 592052263 592052339 592052680
594673994 -22843750 -43465749 594674170 594672010 594674663
592052263 -22843713 -43467492 594671190 592051949 592052379
594674170 -22843590 -43465962 594673994 594674167 594671479
594671479 -22843419 -43466189 594671213 594674404 594674170
592051949 -22843339 -43467659 592052263 594669818 592052339
594671213 -22843203 -43465941 594672579 594671082 594671479
594671082 -22843003 -43466205 594669818 594671213 594671190
3819977618 -22842654 -43467525 3819977619
594669818 -22842560 -43466787 592051949 3819977603 594671082
3819977616 -22842441 -43467842 3819977617
3819977603 -22842421 -43466908 594669818 3819977619
3819977619 -22842256 -43467094 3819977603 3819977618 3819977617
3819977614 -22842233 -43468105 3819977615
3819977617 -22842001 -43467380 3819977604 3819977616 3819977619
3819977604 -22841981 -43467402 3819977617 3819977615
3819977612 -22841962 -43468351 3819977613
3819977615 -22841789 -43467647 3819977604 3819977613 3819977614
3819977610 -22841769 -43468673 3819977611
3819977613 -22841580 -43467913 3819977612 3819977615 3819977611
3819977609 -22841556 -43468952 3819977608
3819977611 -22841331 -43468232 3819977613 3819977608 3819977610
3819977607 -22841324 -43469231 3819977606
3819977608 -22841123 -43468496 3819977606 3819977611 3819977609
3819977606 -22840905 -43468774 3819977608 3819977605 3819977607
3819977605 -22840824 -43468877 3819977606
