1655083716 -22839938 -43728678 1655083661
1655083698 -22838455 -43726076 1655083619 1655083648
1655083661 -22837561 -43727891 1655083648 1655083716
1655083648 -22837182 -43727229 1655083698 1655083661
1655083619 -22836267 -43723371 1655083426 1655083698
1655061383 -22827609 -43723141 2712369644 2712369703 1655083426
2712369703 -22827355 -43723376 2712369652 1655061383
2712369652 -22825590 -43725007 2712369703
2712369684 -22822549 -43728650 2712369720
2712369720 -22822163 -43728757 2712369684 2712369755
2712369755 -22821629 -43728837 2712369720 2712369706
2712369706 -22821436 -43728907 2712369755 2712369647
2712369647 -22821229 -43729068 2712369706 2712369729
