618142063 -22859993 -43265455 618142062 618143758 618142064
3877491509 -22859970 -43267565 486219754 3875143242
3875143242 -22859873 -43267533 3877491509 486219774 3875143241
618142061 -22859830 -43266248 2780685781 2669655476
3875143241 -22859827 -43267540 3875143240
618142062 -22859806 -43266142 2780685781 618142063
1507147368 -22859804 -43268836 3895967556 3895967557
3895967557 -22859802 -43268503 3877491472 1507147368
3877491472 -22859801 -43268408 3877491471 3895967557
2780685781 -22859801 -43266199 618142061 618142062
3877491471 -22859796 -43268262 3877491472 3877491470
3895967556 -22859796 -43269176 1507147368 3895967555
3895967555 -22859791 -43269395 3895967556 3879148451
3877491470 -22859789 -43268154 3877491469 3877491471
3879148451 -22859787 -43269552 3879148450 3895967555
3877491469 -22859785 -43268091 3877491468 3877491470
3879148450 -22859784 -43269654 3879148451 3879148449
3877491468 -22859784 -43268075 3877491469 3895967554
3879148449 -22859782 -43269760 3879148450 1507147366
1507147366 -22859778 -43269925 3877491467 3879148449
3875143240 -22859776 -43267566 3875143239
3895967554 -22859775 -43268048 1507147365 3877491468
1507147365 -22859764 -43268014 3875143235 3895967554
3875143239 -22859745 -43267593 3875143238
3875143238 -22859721 -43267614 3875143237
486219774 -22859712 -43267479 3875143242 3875143232
3875143237 -22859703 -43267641 3875143234
3875143236 -22859699 -43267767 3875143235
3875143235 -22859698 -43267827 1507147365 3875143233
3875143234 -22859682 -43267686 3875143236
618141297 -22859667 -43260606 618141517 618141295 618141299
3875143233 -22859664 -43267774 3875143231
618140521 -22859627 -43264819 618140532 618140516
618140532 -22859627 -43264457 618140253 618140521 618140122 618142064
3875143232 -22859627 -43267456 3875143234 486219774 618143762
618141097 -22859608 -43261722 618141295 618140887 618141654
3875143231 -22859586 -43267542 618143762
618143762 -22859579 -43267443 3875143232 486219797 2714471467
618143758 -22859558 -43265820 3875143230 618142063
618140253 -22859513 -43263673 618140532 618140552
3875143230 -22859485 -43265896 618143759 618143758
2714471467 -22859470 -43266881 2730458921 618143762
2730458921 -22859449 -43266777 618143761 2714471467
486219797 -22859438 -43267432 486219806 618143762
618143761 -22859420 -43266625 2730458921 2669655473
618143759 -22859420 -43266013 618143760 3875143230
618141299 -22859400 -43260102 1015728131 618141297 618141391
2669655473 -22859390 -43266306 3875143229 618143761 2669655474
618140552 -22859387 -43263415 618140251 618140253 618140887
2669655474 -22859384 -43266237 618143760 2669655473
618143760 -22859384 -43266126 618140516 2669655474 618143759
618140516 -22859379 -43266018 618140521 618143760
3875143229 -22859310 -43266222 2669655473 618140119
618140119 -22859252 -43266131 3875143229 2714471377
2714471377 -22859235 -43265998 618140120 618140119
486219806 -22859205 -43267426 2730458945 486219797
618140120 -22859202 -43265734 2714471377 3224674103
3224674103 -22859180 -43265489 618140120 618140121
618140121 -22859133 -43264994 618140122 3224674103
618140122 -22859094 -43264500 618140532 618140121 2669655468
618140251 -22859093 -43262820 618140552
2730458945 -22858983 -43267433 486219806 3895967489
2669655468 -22858967 -43264191 618140122 618145321
3895967489 -22858829 -43267437 2730458945 3875143228
3875143228 -22858793 -43267438 3895967489 3895967464
618145321 -22858621 -43263489 618144659 3224674102 2669655468
618141654 -22858619 -43262258 618141097
3895967464 -22858617 -43267443 3875143228 2730458971
2730458971 -22858587 -43267444 3895967464 486219821
618141391 -22858482 -43260587 618141299 618140123 618141515
3875143205 -22858471 -43265892 1015727195 1015727197
1015727195 -22858466 -43265962 1015727193 3875143205
1015727197 -22858455 -43265800 3875143205 2714471266
1015727193 -22858446 -43266012 1015727195 2669655444
2714471266 -22858374 -43265735 1015727197 1015727199
2669655444 -22858364 -43266085 1015727193 2669655445
2669655451 -22858345 -43266587 2730458877
618141517 -22858342 -43261335 618141297
3224674102 -22858335 -43263660 618145321
2714471264 -22858334 -43265299 2714471262
618144659 -22858328 -43262839 2715624265 618144835 618145321
2714471262 -22858323 -43265269 2714471264 2714471260
2669655445 -22858315 -43266126 2669655446 2669655444
3875143188 -22858289 -43265753 2669655454 2714471323
2669655446 -22858289 -43266169 3875143185 2669655445
2714471260 -22858288 -43265181 2730458878 2714471262
2730458877 -22858287 -43266536 2669655449 2669655451
2714471323 -22858285 -43265708 1015727199 3875143188
2669655454 -22858281 -43265809 3875143188 2669655457
3875143185 -22858271 -43266218 2669655447 2669655446
2669655449 -22858269 -43266488 2730458877 2669655448
2730458878 -22858265 -43265132 2714471257 2714471260
2669655447 -22858264 -43266263 3875143185 3875143183
1015727199 -22858263 -43265616 2743643907 2714471323 2714471266
3875143183 -22858260 -43266291 2743643821 2669655447
2669655448 -22858258 -43266378 2669655449 3875143182
3875143182 -22858257 -43266362 2669655448 2743643821
2743643821 -22858256 -43266333 3875143182 3875143183
2743643907 -22858253 -43265594 1015727199 618143808
2669655457 -22858252 -43265867 2669655454 618139403
2910194609 -22858240 -43268365 3895967384
2714471257 -22858238 -43265072 2730458878 2714471256
618143808 -22858233 -43265546 2743643907 3875143178
3875143178 -22858226 -43265528 2730458893 618143808
486219821 -22858224 -43267467 2730458971 2730458969
618139403 -22858208 -43265905 2669655457 3875143174
2730458893 -22858193 -43265424 3875143178 3875143175
3875143175 -22858189 -43265413 2730458893 2743643932
3875143174 -22858178 -43265922 618139403 2669655456
2743643932 -22858167 -43265351 618143809 3875143175
2714471256 -22858167 -43264945 2714471253 2714471257
2669655456 -22858148 -43265933 3875143174 2743643893
2715624265 -22858138 -43262426 618144659 2669655467
2714471253 -22858114 -43264847 2714471251 2714471256
618143809 -22858108 -43265213 618143810 2743643932
2743643893 -22858099 -43265938 2669655456 2669655455
3895967384 -22858086 -43268541 2910194608 2910194609
1776372062 -22858083 -43268582 2910194608
2669655455 -22858080 -43265941 2743643893 2743643867
2714471251 -22858071 -43264774 3875143171 2714471253
2910194608 -22858051 -43268566 3895967384 3895967367 1776372062
3875143171 -22858029 -43264727 2714471251 2714471247
618143810 -22858022 -43265018 618143809 3875143169
2743643867 -22858012 -43265954 618139404 2669655455
3875143169 -22858008 -43264982 618143810 3875143168
2669655467 -22858007 -43262126 2715624265 618140123
3875143168 -22858003 -43264958 3875143169 2714471326
2714471326 -22857993 -43264893 3875143168 2714471247
2730458969 -22857970 -43267469 486219821 486219834
3895967367 -22857969 -43268537 1776372061 2910194608
2714471247 -22857967 -43264696 2714471326 2714471315 3875143171
618139404 -22857949 -43265964 2743643867 3875143166
2714471315 -22857948 -43264606 2714471247 618143811
618143811 -22857933 -43264546 618143812 2714471315
3895662994 -22857922 -43267722 3895967358 3895963755
3895971334 -22857921 -43267538 3895967358 486219834
486219834 -22857920 -43267466 3875143163 2730458969 3895971334
3895967358 -22857920 -43267623 3895662994 3895971334
3895967357 -22857919 -43269281 3895963753
618143812 -22857906 -43264430 618143811 2714471268
3895963755 -22857906 -43267799 3895662994 1776372057
1776372057 -22857900 -43267827 3895963755 1776372050
3875143166 -22857898 -43265972 618139404 2743643912
3895963753 -22857894 -43269224 3895963749 3895967357
3895963749 -22857867 -43269126 3895963748 3895963753
2743643912 -22857864 -43265983 3875143166 2669655453
1776372061 -22857863 -43268522 1776372051 3895967367
1776372058 -22857861 -43268967 3895662992 3895662991
2714471268 -22857858 -43264275 618143812 618139753
3895662992 -22857850 -43268900 1776372058 1776372055
3895662991 -22857846 -43269016 1776372058 3895963748
3895963748 -22857837 -43269030 1776372053 3895662991 3895963749
2730458953 -22857837 -43266993 2669655463
618139753 -22857836 -43264176 618145547 2714471268
1776372055 -22857827 -43268873 3895662992 3895963747
2669655453 -22857820 -43266003 2743643912 2743643884
3895963747 -22857816 -43268862 2910194615 1776372055
1776372053 -22857803 -43269083 3895963748 3895662989
2743643853 -22857802 -43266772 2743643850
2743643884 -22857798 -43266014 2669655452 2669655453
2910194615 -22857794 -43268841 3895662990 3895963747
2669655463 -22857792 -43266919 3875143162 2730458953
618145547 -22857780 -43263964 618144835 618139753
3875143163 -22857778 -43267445 486219846 486219834
1776372050 -22857773 -43268028 3895662988 1776372057
3875143162 -22857756 -43266865 2743643850 2669655463
3895662990 -22857746 -43268829 1776372036 2910194615
3895662989 -22857743 -43269151 1776372053 1776372049
2743643850 -22857734 -43266821 3875143162 2669655461 2743643853
2669655452 -22857714 -43266057 2714471494 2743643884
1776372049 -22857698 -43269219 3895662989 1776372034
1776372036 -22857695 -43268827 2910194614 3895662990
3895662988 -22857694 -43268198 1776372033 1776372050
2669655461 -22857692 -43266729 2743643855 2743643850
2669655466 -22857692 -43262303 618139755
1776372051 -22857675 -43268518 1776372031 1776372061
1776372033 -22857669 -43268242 3895662988 3895662987
2743643891 -22857664 -43266505 2743643889
1776372034 -22857641 -43269326 1776372049 3895662986
2743643855 -22857639 -43266587 2669655460 2669655461
3895662987 -22857635 -43268289 1776372033 3895662985
486219846 -22857633 -43267401 3875143163 486219896 3895963731
2669655460 -22857622 -43266542 2743643889 2743643855
2743643889 -22857616 -43266525 2669655459 2669655460 2743643891
3895662986 -22857606 -43269414 1776372032 1776372034
618144835 -22857605 -43263203 618145547 618139755 618144659
2714471494 -22857597 -43266128 2669655452 2743643882
2910194614 -22857578 -43268832 1776372030 1776372036
2743643882 -22857571 -43266145 2714471494 2669655458
1776372032 -22857562 -43269511 3895662986 2910194617
3895662985 -22857561 -43268375 3895662987 3895662983
618140123 -22857532 -43261089 618143851 2669655467 618141391
2669655459 -22857524 -43266282 2669655458 2743643889
2910194617 -22857501 -43269720 1776372032 1776372029
2669655458 -22857499 -43266167 2743643882 2669655459 3875143161
3895662983 -22857493 -43268437 3895662982 3895662985
1776372030 -22857471 -43268844 2910194614 3895662981
3895662982 -22857462 -43268478 3895662983 1776372031
3875143161 -22857441 -43266027 2669655458 3875143160
1776372031 -22857430 -43268531 3895662982 2910194610 1776372051
1776372029 -22857423 -43269917 3902386480 2910194617
3875143160 -22857420 -43266012 618139006 3875143161
3902386480 -22857418 -43269928 3895662979 1776372029
3895662981 -22857416 -43268857 3895662980 1776372030
3875143159 -22857401 -43266042 618139006 3875143158
618139006 -22857398 -43265981 3875143159 618139005 3875143160
3875143158 -22857385 -43266083 3875143159 3875143157
2910194610 -22857382 -43268631 1776372031 2910194612
3895662980 -22857378 -43268851 1776372028 3895662981
618139755 -22857371 -43262461 2669655466 618144835 618139137
3875143157 -22857355 -43266120 3875143158 2669655465
2910194612 -22857353 -43268681 2910194610 2910194611
1776372028 -22857352 -43268839 2910194613 3895662980
2910194613 -22857333 -43268795 1776372028 3895662977
2910194611 -22857332 -43268719 2910194612 3895662977
3895662977 -22857328 -43268756 2910194613 2910194611
3895963731 -22857177 -43268016 486219846 3895963724
486219896 -22857062 -43267117 486219846 2669568791
618139137 -22857018 -43262644 618139755 618139005 618143851
2669568791 -22856990 -43267080 637664405 486219896 486219905
3895963724 -22856763 -43268543 621999425 3895963731
486219905 -22856729 -43266946 2669568791 486220885
486220464 -22856603 -43266800 486219905
621999425 -22856571 -43268837 3895963719 3895963724
618143851 -22856559 -43261605 618140123 618143852 618139139 618139137
3895963719 -22856499 -43268974 621999425 3895963718
2669655465 -22856492 -43266605 486220464 3875143157
486220885 -22856468 -43266834 2716388732
2716388737 -22856464 -43266555 2669655465 2716388736
2716388736 -22856455 -43266599 2716388735
486220475 -22856437 -43266508 2716388737
2716388735 -22856435 -43266635 2716388734
2716388734 -22856393 -43266685 2716388733
2716388733 -22856346 -43266707 2716388732
2716388732 -22856288 -43266710 486220896
486220896 -22856231 -43266671 1015710290 2669620432
3895963718 -22856229 -43269428 3895963719 3895963717
3895963717 -22856206 -43269444 621999627 3895963718
621999627 -22856182 -43269446 3895963716 3895963717
3895963716 -22856139 -43269435 3895963715 621999627
3895963715 -22856096 -43269397 637664405 3895963716
618139005 -22856069 -43263127 618143852 618139006 618139137 618139757
2669620432 -22855613 -43266036 2669620472 2669620434
618143852 -22855592 -43262081 618138777 618143851 618139005
637664405 -22855562 -43269017 2669568791 1015710771 3895963715
2669620472 -22855329 -43265744 1015711034 1015710807
1015710771 -22855284 -43269369 637664405 1015710204 1015710769
1015710204 -22855128 -43269569 1015710771 1015710489 1015710290
618139757 -22855085 -43263612 618139005 486220475
486210708 -22855029 -43260303 2366985005 618139139
2366985005 -22854969 -43260343 618138777 486210708
1015710489 -22854854 -43269915 1015710204 1015707423 1015710488
618138777 -22854799 -43260459 2366985009 2366985005
2366985009 -22854712 -43260533 618138777 486210700
2366984981 -22854665 -43260032 1779400583
618143853 -22854597 -43262568 618143852 618139757 618143854
1779400583 -22854595 -43260158 2366985011
1015711034 -22854577 -43266212 2669620472 2669620474 1015711118
486210700 -22854556 -43260667 2366985009 486210694
1015710807 -22854540 -43264916 618139759 1015711118
2366985011 -22854538 -43260259 529739078
529739078 -22854531 -43260272 1779400573
1015710290 -22854483 -43268907 1015710204 2669568797 486220896
486210694 -22854357 -43260860 486210700 486210678
486210678 -22854270 -43260989 486210673
2011749206 -22854198 -43260957 486210694
2669620474 -22854186 -43266471 1015711034 2669620480
2011749110 -22854117 -43261033 2011749206
486210673 -22854040 -43261375 618136564 618143853
2011749129 -22853991 -43261310 486210673
2669620480 -22853982 -43266686 2669620474 2669620482
2013148862 -22853968 -43261174 2011749110
1015711118 -22853956 -43265559 1015711818 1015711034 1015711373
2011749115 -22853949 -43261282 2011749129
1779400573 -22853937 -43260742 2011749195 1779400558
2011749105 -22853903 -43261262 2013148862 2011749115
2011749183 -22853878 -43261353 2011749105
618139759 -22853866 -43264241 1015711139 618139757
618136564 -22853852 -43261666 486210662
2011749113 -22853830 -43261401 2011749183
2011749170 -22853803 -43261283 2011749105
2669620482 -22853760 -43266986 2669620480 1015711442
486210662 -22853740 -43261839 486210639
1015711139 -22853607 -43263975 618143854 1015711373
1015711818 -22853372 -43266192 1015711023 1015712030
331870106 -22853302 -43261671 2011749170
486210639 -22853241 -43262388 2013148843
2011749135 -22853240 -43261084 2011749168
1779400565 -22853232 -43261039 2011749135
2011749168 -22853230 -43261129 2011749175
2011749175 -22853196 -43261171 2011749092
2669620434 -22853190 -43269133 2669620432 2669620436
2669620436 -22853051 -43269271 2669620434 2669620437
618143854 -22853033 -43263385 2013148819
1015711373 -22853016 -43264618 1015711118 1015711139 1015712030
2011749195 -22852978 -43261505 2011749209 2011749112
2011749092 -22852954 -43261366 2011749136
2669620437 -22852865 -43269425 2669620439 2669620436
1015711023 -22852779 -43266884 1015711025 1015711555
2011749209 -22852765 -43261617 2011749203
2013148819 -22852728 -43263102 2013148817
2011749136 -22852704 -43261570 2011749151
2011749210 -22852685 -43262179 331870106
2013148843 -22852675 -43262970 2013148865 486220904
1015711442 -22852663 -43268413 2669620484 1015711441 2669620482
2013148817 -22852662 -43263065 486220904
2011749203 -22852642 -43261669 2011749151
2011749174 -22852623 -43261464 529739058
529739058 -22852622 -43261513 529739057
529739057 -22852614 -43261593 529739055
529739059 -22852596 -43261410 2011749174
529739055 -22852589 -43261657 2011749151
486220904 -22852585 -43263065 486210632
2011749177 -22852556 -43261369 529739059
2669620439 -22852548 -43269651 2669620437 637664434
2011749151 -22852538 -43261702 331870115
486210632 -22852524 -43263126 486210623
2669620484 -22852523 -43268569 2669568798 1015711442
2013148865 -22852522 -43262633 2013148843
529739060 -22852509 -43261348 2011749177
331870115 -22852475 -43261726 331870114
331870107 -22852470 -43262354 2011749210
2013148867 -22852451 -43262476 2011749113
2011749208 -22852451 -43261344 529739060
1015712030 -22852429 -43265288 486210613 1015711373 1015711555
637664434 -22852423 -43269744 2669620439 2669568798 637664412 1015707353
1015711025 -22852412 -43267297 1015711023
2366985013 -22852412 -43262506 2013148867
2011749204 -22852400 -43262389 331870107
2011749138 -22852380 -43261353 2011749208
331870114 -22852349 -43261769 2011749099
2011749187 -22852332 -43262399 2011749204
529739062 -22852320 -43261386 2011749198 2011749138
331870108 -22852257 -43262395 2011749187
1015711441 -22852255 -43267983 1015711440 1015711442 1015712179
2011749099 -22852228 -43261814 2011749093
2011749139 -22852191 -43262376 331870108
2366985003 -22852167 -43262697 2366985013
2011749093 -22852160 -43261860 331870113
2011749198 -22852149 -43261027 1779400551 2011749120
331870109 -22852140 -43262340 2011749139
331870113 -22852132 -43261885 331870112
2011749095 -22852098 -43262288 331870109
331870112 -22852097 -43261930 331870111
331870286 -22852064 -43262538 2011749083
331870111 -22852062 -43261991 2011749127
2011749205 -22852062 -43262225 2011749095
2011749083 -22852061 -43262476 2011749184
486210623 -22852055 -43263701 486210613 1015711373
2011749133 -22852050 -43262626 331870286
1015711440 -22852047 -43267792 1015711374 1015711441
331870110 -22852045 -43262161 2011749205
2011749127 -22852044 -43262080 331870110
2011749184 -22852039 -43262400 331870287
2011749112 -22852025 -43262261 2011749179 2011749171
2011749161 -22852024 -43262692 2011749133
331870287 -22852008 -43262345 331870288
331870285 -22851978 -43262742 2011749161
331870288 -22851968 -43262301 2011749172
2011749120 -22851957 -43261192 2011749198 2011749121
2011749172 -22851926 -43262277 2011749212
2011749121 -22851916 -43261352 2011749120 2011749149
331870284 -22851912 -43262792 331870285
2669568798 -22851909 -43269003 2669620484 637664376 1015712179 637664434
2011749149 -22851895 -43261530 2011749121 1779400553
1779400553 -22851883 -43261738 529739062 2011749149 1779400549
2011749212 -22851857 -43262252 331870289
1015711555 -22851828 -43265955 1015711374 1015711023 1015712030 486210601
331870289 -22851789 -43262236 2011749131
331870283 -22851744 -43262920 331870284
2011749171 -22851741 -43261855 2011749112 1779400553
2011749131 -22851725 -43262240 2011749201
1779400551 -22851680 -43260491 1779400537 3196291566
2011749201 -22851671 -43262259 2011749178
2011749178 -22851626 -43262289 331870290
331870290 -22851581 -43262338 331870291
1015712179 -22851553 -43268514 1015712176 2669568798 1015711441 2013148810
331870291 -22851548 -43262386 331870293
331870293 -22851512 -43262455 2011749179 2011749119
1779400549 -22851492 -43261639 1779400544 1779400553
3196291566 -22851487 -43260700 1779400551 1779400546
2011749119 -22851448 -43262505 2011749146
2011749146 -22851405 -43262519 529739075
2011749147 -22851388 -43262149 2011749171
486210613 -22851362 -43264177 529739125 2011749077
529739075 -22851351 -43262515 2011749191
2011749179 -22851336 -43262808 1779400540
1779400546 -22851329 -43260948 3196291566 1779400544
2011749190 -22851325 -43263353 2366985003
529739066 -22851313 -43262245 2011749147
2011749191 -22851306 -43262497 529739073
529739125 -22851299 -43264095 529739123
529739069 -22851291 -43262305 529739066
529739073 -22851272 -43262433 529739071
529739071 -22851269 -43262387 529739069
2011749194 -22851241 -43263420 2011749190
2011749150 -22851236 -43263310 331870283
1015711374 -22851187 -43266665 1015711440 1015711555 2013148810
1779400544 -22851184 -43261493 1779400546 1779400527 1779400549
1779400543 -22851153 -43262368 1779400539 1779400540
529739123 -22851133 -43263856 2011749200
2011749200 -22851096 -43263776 2011749128
2011749202 -22851079 -43263518 2011749150 2011749194
2011749128 -22851069 -43263658 2011749202
1779400540 -22851052 -43263030 2366990178 1779400543
1779400539 -22851049 -43262325 1779400525 1779400543
1779400536 -22850920 -43260107 1779400537 1779400532
2366990178 -22850840 -43263198 1779400531
637664376 -22850772 -43269877 1015712176 2669568798 637664412 2669620485
1779400534 -22850746 -43260466 1779400532 1779400527
2011749077 -22850718 -43264658 486210613 1015726706 486210601
1779400532 -22850689 -43260406 1779400524 1779400534 1779400536
486210601 -22850650 -43264719 486210588 2011749077 1015711555
1779400531 -22850646 -43263352 1779400522 1779400511
2013148810 -22850612 -43267304 1015711374 2013148886 1015712179
1015712176 -22850420 -43269435 637664376 1015712842 1015712179 1015712193
1779400527 -22850280 -43261044 1779400525 1779400534 1779400544
1015726706 -22850199 -43264133 2011749077
486210588 -22850133 -43265306 2013148886 486210601
1779400525 -22850036 -43261297 1779400539 1779400527 1779400518
3014311335 -22849949 -43267055 2669620413
1015712842 -22849634 -43268451 2669620414 1015712176 3014311333
2013148886 -22849605 -43265904 486210588 3327632738 1015726511 2013148810
1779400522 -22849596 -43264184 1779400515 1779400509
1015712548 -22849366 -43269524 3014311333
1779400518 -22849247 -43260594 1779400512 1779400525 1779400524 1779400511
2669620414 -22849212 -43267909 2669620413 1015712842
2669620413 -22849097 -43267671 2669620414 486210563 3014311334 3014311335
1015726511 -22849006 -43265072 2013148886
3014311333 -22849003 -43268897 1015712548 3014311334 1015712842 2013148853
3327632738 -22848899 -43266535 1015726384 2013148886
1779400515 -22848812 -43264806 1779400505
3327632739 -22848777 -43266489 3327632738
3014311337 -22848738 -43266618 1015726384
3014311338 -22848732 -43266527 3014311337
1015726384 -22848725 -43266677 3327632738 486210563
3014311336 -22848685 -43266431 3014311338 3327632739
1779400514 -22848669 -43262754 1779400513 1779400509
1779400512 -22848668 -43260062 1779400500 1779400519 1779400499 1779400518
1779400513 -22848666 -43262644 1779400510 1779400514
486210563 -22848665 -43266719 486210550 1015726384 2669620413
1779400510 -22848642 -43262584 1779400506 1779400513
1779400509 -22848618 -43262812 1779400522 1779400514 1779400507
1779400511 -22848611 -43261389 1779400500 1779400531 1779400518
3014311334 -22848536 -43268084 3014311333 3014311340 2669620413
1779400507 -22848488 -43262796 1779400504 1779400509
2013148853 -22848411 -43269309 2013148861 3014311333 1015713455
1779400506 -22848408 -43262309 1779400503 1779400510 1779400497
1779400505 -22848397 -43265135 529739108 1779400491
3014311340 -22848384 -43267804 3014311339 3014311334 486210550
1779400504 -22848369 -43262700 1779400503 1779400501 1779400507
1779400503 -22848210 -43262532 1779400504 1779400506
1779400502 -22848182 -43264024 1779400515
1779400501 -22848087 -43262984 1779400494 1779400504 1779400498
1779400500 -22848068 -43260882 1779400512 1779400511 1779400497 1779409227
1015726383 -22848014 -43265914 3014311336
486210550 -22847970 -43267039 486210541 486210563 3014311340
2013148861 -22847956 -43268473 3014311339 1015713456
2366995654 -22847872 -43266022 1015726383
3014311339 -22847795 -43268171 486210541 3014311340
1015713455 -22847732 -43269735 1015713453 1015713456 2013148853 1015713872
1779400498 -22847680 -43263549 1779400501 1779400502
529739108 -22847625 -43265747 2366995659 529726782
2366995659 -22847561 -43265798 529739188
1779400497 -22847552 -43261515 1779400496 1779400495 1779400506
529726782 -22847469 -43265697 3385077093 529739108 3385077095
529739188 -22847452 -43265885 1779426587
1779400496 -22847397 -43261503 1779400494
486210541 -22847292 -43267319 2013148811 486210550 1015713457
1779400495 -22847291 -43261276 3196289055 1779400497
1015713456 -22847258 -43268883 2013148861 1015713455 1015713457 1015713369
3385077093 -22847208 -43265509 529726777
3385077094 -22847206 -43265582 3385077093
3196289055 -22847183 -43261222 3196289054 1779400495
3385077095 -22847146 -43265626 529726782 3385077094
1779409227 -22847080 -43260001 1779400500 529726825 1779409209
1779400494 -22847035 -43261937 1779400501 1779400492
529726777 -22846976 -43265341 529726775 1779426570
3196289054 -22846923 -43261207 501029320 3196289055
2013148811 -22846921 -43266736 2366995654 2013148874
3343139732 -22846771 -43265544 3343139733 3385077095
529726775 -22846673 -43264860 529726773
1779426587 -22846661 -43266519 3343139733 1779426572
1779400492 -22846600 -43262458 1779400498 1779400489
1015713457 -22846538 -43267601 1015713456 2917450764 486210541
1015713369 -22846537 -43269370 1015713298 1015713456 1015713872
529726773 -22846491 -43264388 529726772
1779400491 -22846448 -43263400 1779400490
529726798 -22846309 -43265418 3343139732
529726772 -22846230 -43263692 1779400490
1779400490 -22846174 -43263239 1779400489
1779400489 -22846142 -43263010 501029320 1779426574
3340997407 -22846012 -43265369 529726798 1779426571
501029320 -22845952 -43261445 3196289054 529726827
3343139733 -22845945 -43266396 1779426587 1779426571 3343139732
529726827 -22845878 -43260781 501028286 1779409227 501029320
2917450764 -22845875 -43267837 1015713874 1015713457
501028286 -22845825 -43260312 501029139 501028210
2917450763 -22845785 -43267816 2917450764
1015713298 -22845769 -43269857 2895167075 1015713095
2013148874 -22845765 -43267665 2917450762
1779426574 -22845764 -43263464 1779426570
2917450762 -22845741 -43267763 2917450763
1015713874 -22845738 -43267884 2917450761 1015713369 2917450764
2917450761 -22845518 -43267957 486205369 1015713874
529726795 -22845423 -43265280 3340997407
1779426572 -22845339 -43267515 1779426567
1779426570 -22845321 -43264045 1779426569 3385084233
1779426571 -22845267 -43266281 1779426565 3343139733 1779426559 3340997407
486205369 -22845215 -43268062 2895167075 2917450761
2990681829 -22845065 -43261731 501029320
501028210 -22845058 -43260587 501028286 501027910 501028239
529726794 -22845008 -43265032 529726795
2895167075 -22844848 -43268415 2895469980
486205349 -22844808 -43268344 486205369
1779426569 -22844712 -43264723 1779426565 529726794
2366996884 -22844659 -43268458 486205349
1779426567 -22844604 -43268072 1779426484 2366996879
501027910 -22844591 -43260741 2990681811 501028210 2990681813
2366996879 -22844557 -43268115 529739187
1779426565 -22844300 -43265188 1779426531 1779426552 1779426571
2895469980 -22844265 -43268885 3327351682
2366996881 -22844225 -43268830 2366996884
529739187 -22844183 -43268413 2366997209
1779426559 -22844165 -43266116 1779426572 1779426571
2990681815 -22844108 -43260255 2990681816
529726792 -22844094 -43264113 1779426569
3385084233 -22844031 -43262983 3385118035
1779426555 -22844018 -43262068 2990681829 1779426574
2366997209 -22843940 -43268439 529739186
3385118035 -22843933 -43262902 3385084230
3385084230 -22843882 -43262860 3385084227
529726790 -22843833 -43263581 529726792
1779426552 -22843817 -43265687 1779426559
529739186 -22843777 -43268459 529739185
3385084227 -22843765 -43262765 2990681819
2990681819 -22843700 -43262711 2990681821 529726731
3327351682 -22843690 -43269408 2895167074
3327351681 -22843619 -43269345 2366996881
2895167074 -22843548 -43269562 1015713041 2895167073
486205255 -22843480 -43269500 3327351681
529726731 -22843422 -43262946 2990681821 2990681819 529726790
529739185 -22843362 -43268499 3423866854 2990689160
2990681821 -22843189 -43262343 1779426555 501028185
2990681813 -22843106 -43261274 501027910 501028185 2990681814
3423866854 -22843099 -43268537 2990689161
2990681816 -22843096 -43260618 2990681812 2990681815 2990681814
2990681812 -22843034 -43260403 2990681816 2990681811 2990681825
2990689161 -22842988 -43268574 529739184
2990689160 -22842974 -43268440 3423888490
2990681825 -22842974 -43260203 2990681812 501028487 2990681818
2990681814 -22842937 -43260675 2990681816 2990681813 2990681817
1779426531 -22842840 -43263431 1779426565 501027365 529726731
529739184 -22842783 -43268724 529739155
3423866836 -22842779 -43268579 529739184
2990681817 -22842771 -43260735 2990681824 2990681827 2990681814
3423866837 -22842725 -43268516 3423866836
3423888490 -22842724 -43268438 3423888495
2990681827 -22842701 -43260519 2990681818 2990681828 2990681817
1779426525 -22842662 -43267159 529739186 1779426488
3423888495 -22842652 -43268438 2990689158
3423888496 -22842652 -43268514 3423866837
2990681818 -22842637 -43260325 2990681826 2990681827 2990681825
529739155 -22842611 -43268872 2990689167
2990681824 -22842570 -43260807 2990681817
501028185 -22842476 -43261500 2990681821 2990681822 2990681813
2990681828 -22842383 -43260627 2990681827
2990689167 -22842374 -43269255 529739183 3423866845
2990681826 -22842342 -43260431 2990681818
1779426514 -22842307 -43263876 1779426531 1779426552
501027365 -22842271 -43262665 2990681821 1779426531 3416917831
3423866845 -22842251 -43269288 2990689168
529739183 -22842215 -43269567 529739182
3423866838 -22842206 -43268506 3423888496
529739181 -22842176 -43269979 529739106
529739182 -22842160 -43269773 529739181
2990689168 -22842151 -43269247 2990689166
3423866839 -22842133 -43268559 3423866838
529726739 -22842109 -43268859 3423866844 3423866840
2990689166 -22842102 -43269131 529726739
2990689158 -22842100 -43268434 529726738
3423866840 -22842087 -43268656 3423866839
529726741 -22842079 -43269435 2990689166
529739199 -22842070 -43269756 529726741
3423866844 -22842038 -43268558 529726738
1779426493 -22841925 -43265406 2990681804
529726738 -22841919 -43268362 1779426488
1779426488 -22841789 -43268245 1779426525 1779426480 1779426470
1779426484 -22841664 -43264448 1779426514 2990681807
2990681822 -22841578 -43260411 501028173 501028185
501027335 -22841541 -43262930 501027365 1779426514
2990681948 -22841521 -43269281 2990681947
2990681804 -22841417 -43265842 1779426525 1779426493 1779426477
501028173 -22841412 -43260209 501028150 2990681822 501028440
1779426480 -22841365 -43268769 1779426488 1779426453
3416917831 -22841348 -43261556 501027365 501027371
2990681950 -22841263 -43269104 2990681949
2990681807 -22841216 -43263884 501028029 2990681808
2990681952 -22841009 -43268876 2990681951
1779426478 -22840992 -43264974 1779426484 2990681806
2990681947 -22840830 -43269684 2990681948 1779426485 3196321198
3196321198 -22840750 -43269624 2990681949 2990681947 3196321196
1779426477 -22840748 -43265177 2990681804 1779426478
2990681954 -22840747 -43268683 2990681953
501028029 -22840696 -43263236 501027335 501028044
2990681949 -22840575 -43269495 2990681950 2990681941 3196321198
2990681956 -22840482 -43268476 2990681955
2990681806 -22840386 -43264249 1779426478 2990681808 2990681805
2990681941 -22840366 -43269340 2990681951 2990681949 2990681942
2990681808 -22840316 -43264166 2990681806 501027999 2990681807
2990681951 -22840289 -43269283 2990681952 2990681941 2990681953
1779426470 -22840231 -43266846 1779426457 2990681804
2990681958 -22840218 -43268291 2990681957
501027389 -22840201 -43265634 1779426477 2990681805
2990681953 -22840042 -43269096 2990681954 2990681951 2990681943
