442522569 -22859309 -43383562 442522568
442522568 -22859306 -43383903 442522566 1779579274
442523227 -22859265 -43388794 442523229 3798721803
442522566 -22859261 -43384803 1779579282
1779579282 -22859255 -43384973 1779579281 1779579284 3798721787
442522570 -22859251 -43383136 442522569
1779579281 -22859203 -43387009 442522564
1274286750 -22859165 -43380748 1274286769 1274286771
442522564 -22859149 -43387946 442522802
442522830 -22859138 -43388372 442523227
3798721803 -22859131 -43388579 442522835
3798721802 -22859130 -43388319 442522830
442522802 -22859127 -43388062 442522829
3798721801 -22859118 -43388223 3798721802
442522829 -22859099 -43388136 3798721800 3798721801
3798721800 -22859045 -43388157 3798721799
442522571 -22859013 -43381997 442522570
3798721799 -22858986 -43388155 442522800
442522835 -22858981 -43388283 3798721797
1274286771 -22858975 -43380751 1274286750 1274286749
3798721797 -22858962 -43388241 442522800
1274286769 -22858960 -43380863 1274286743 1274286750
3798721796 -22858941 -43388024 442522829
1274286747 -22858930 -43381121 1274286766 1274286743
1274286743 -22858916 -43380955 1274286769 1274286747
1274286749 -22858906 -43380735 1274286771 1274286745
442522801 -22858902 -43387998 3798721796
442522800 -22858880 -43388100 560430567
1274286745 -22858846 -43380670 1274286764 1274286749
1274286766 -22858792 -43380568 1274286762 1274286747
1274286764 -22858792 -43380354 1274286745 1274286752
1274286752 -22858752 -43380016 1274286764 439846612 1274286762
1274286762 -22858747 -43380198 1274286766 1274286752
439846611 -22858654 -43380148 442522571
439846599 -22858252 -43380460 439846600
1779579280 -22857844 -43382529 1779579278
1779579278 -22857682 -43382675 1779579274 1779579280
442522828 -22857670 -43387158 442522801
442522760 -22857629 -43381958 439846599
1779579274 -22857575 -43382962 1779579271 442522568 1779579278
560430566 -22857347 -43386945 442522828 560430567 560430567
560430567 -22857318 -43387047 3798721790 3798721792
560430593 -22857287 -43389503 560430594
3798721792 -22857221 -43387154 3798721789
3798721791 -22857214 -43386853 560430566
3798721790 -22857169 -43386941 3798721788
3798721789 -22857167 -43387174 560430569
3798721788 -22857129 -43386912 442522794
1779579271 -22857021 -43384447 1779579274
442522758 -22857012 -43383529 442522760
560430594 -22856938 -43389823 560430593 560430595
3798721787 -22856838 -43384980 1779579282
442522792 -22856831 -43386585 3798721791
442522794 -22856754 -43386661 3798721777 3798744535
3798744535 -22856716 -43386705 442522794 3798744534
1177312562 -22856684 -43384364 442522758 1274298844
3798744534 -22856671 -43386730 3798744535 3798744520
560430595 -22856669 -43389990 560430594 560430596
560430596 -22856483 -43389755 560430599 560430595
442522755 -22856415 -43384999 1177312562 1177312419
3798721777 -22856331 -43386371 442522753 3798721776
1177312419 -22856326 -43384963 1274298844
3798721776 -22856298 -43386414 3798721774 3798721777
3798721774 -22856256 -43386439 3798721776 3798721144
3798721772 -22856200 -43386158 442522792
3798744522 -22856141 -43387305 3798744520
3798721766 -22856052 -43385901 442522755
3798744520 -22856050 -43386899 3798744522 3798744534 3798744508
1274298844 -22856024 -43384958 1177312440 1177312562
442522791 -22856002 -43386022 3798721772 3798721766
442522753 -22855956 -43386115 442522791 3798721156
2334079795 -22855916 -43386172 442522753
2334079796 -22855871 -43386205 2334079795
3798744514 -22855867 -43385932 442522791
3798721156 -22855818 -43386017 3798721153
3798721153 -22855785 -43385994 3798721150
3798744509 -22855736 -43387427 3798744508
560430599 -22855711 -43388193 560430571 560430596 560430574
444449125 -22855667 -43380087 444449123
3798744508 -22855647 -43387008 3798744520 3798744507 3798744509
3798721150 -22855625 -43385891 3798721149 442522793
3798721149 -22855594 -43385939 3798721148 3798721150
3798721148 -22855543 -43385970 3798721149 3798721142
560430569 -22855506 -43387621 560430571
2334081618 -22855472 -43387917 2334081624
2334081624 -22855470 -43388131 560430574
560430571 -22855467 -43387682 2334081618 460842305 560430599 3798721145
560430574 -22855451 -43388282 560430599 2334081620
3798744507 -22855437 -43387059 3798744508
464643975 -22855410 -43384019 464641164 464643986
460842268 -22855404 -43388130 3798721146
3798721146 -22855399 -43387968 460842305
2334081620 -22855386 -43388419 2334081744
460842227 -22855379 -43388248 460842268
3798721145 -22855379 -43387497 560430571 3798721144
464643986 -22855378 -43383898 464643975 464643999
460842305 -22855343 -43387671 2334079721
460842189 -22855335 -43388375 460842227
2334081744 -22855309 -43388561 560430691
464643999 -22855283 -43383813 464643986 3221766546
1177312440 -22855273 -43384948 1177312425
1779579254 -22855272 -43389799 1779579259 1779579247
560430691 -22855229 -43388700 560430782
1177312425 -22855221 -43384968 1177312448
444448724 -22855217 -43381220 444448725
3798721144 -22855198 -43386728 3798721774 3798721143 3798721145
1177312448 -22855181 -43385009 2334079808
444448725 -22855169 -43380971 444448724 444448727
460842159 -22855141 -43388626 460842189
560430782 -22855126 -43388880 560430783
3798721143 -22855125 -43386418 2334079796 3798721142 3798721144
2334079810 -22855108 -43385417 3798744514
2334079808 -22855092 -43385218 2334079809
464641164 -22855091 -43384860 464641694 464643975
2334079807 -22855090 -43385358 2334079810
2334079723 -22855086 -43386451 3798721143
2334079809 -22855083 -43385299 2334079807
2334079721 -22855062 -43386499 464640572 2334079723
3798721142 -22855059 -43386094 3798721148 3798721138 3798721143
442522789 -22855054 -43385357 2334079810
3798744506 -22855023 -43385285 442522789
3221766546 -22855014 -43383693 464644012 464643999
442522793 -22855011 -43385495 3798721139 464641168
464641698 -22855006 -43385216 3798744506
464641694 -22855006 -43385128 464641698
560430783 -22854991 -43389138 560430784
464641168 -22854966 -43385435 3798744504
3798721139 -22854959 -43385564 3798721138 442522793
3798721138 -22854947 -43385655 3798721139 3798721142
3798744504 -22854937 -43385367 3798721136
464640605 -22854936 -43385202 464641164
3798721136 -22854926 -43385299 464640605
444448727 -22854924 -43380130 444448767 444448725
444448767 -22854889 -43380025 444448727 444448730 444448850
560430784 -22854889 -43389292 560430890
464640572 -22854879 -43385647 464640577
464640598 -22854879 -43385373 464640605
464640577 -22854867 -43385491 464640598
1779579247 -22854834 -43389745 1779579254 1779579241
460842133 -22854777 -43389184 460842159
560430890 -22854715 -43389498 560430891
464644012 -22854706 -43383555 464644033 3221766546
464644033 -22854532 -43383512 464644012 464644055
560430891 -22854485 -43389696 560430892
464644055 -22854461 -43383547 464644033 464644073
1779579241 -22854381 -43389972 1779579247 1779579238
460830881 -22854279 -43389802 460842133
464624645 -22854244 -43381776 464635803
464644073 -22854215 -43384139 464644055 464644082
464644082 -22854005 -43384693 464644073 464644108
464626164 -22853943 -43383063 464626157 464635793
464635803 -22853932 -43380794 464624645 464624648 464635793
464626157 -22853888 -43383158 464626164 464626136
464644108 -22853859 -43384877 464644125 464644082
464644125 -22853746 -43384922 3819339082 464644108
3819339082 -22853664 -43384927 464644125 464644135
464644135 -22853539 -43384889 464660284 3819339082
464626136 -22853532 -43383261 464626157 2205958334
2205957400 -22853443 -43384812 464644135
2205958055 -22853371 -43383239 464633960 2205958334
2205958334 -22853363 -43383313 2205958055 464626136 2205958065
2205958065 -22853331 -43383603 2205958053 2205958334
464635793 -22853328 -43381041 464626164 464623380 464635803 464635788
464633960 -22853322 -43383049 2205958055 464635788 464634792
2205957399 -22853262 -43384628 2205957400
2205958053 -22853221 -43384453 2205957403 2205958065
2205957403 -22853132 -43384587 2205957399 2205958053
464660284 -22852965 -43384611 464652299
2205957388 -22852959 -43384560 2205957403
2205957402 -22852773 -43384478 2205957388
464635788 -22852767 -43381247 464633960 464635776 464635793 464633965
464634792 -22852673 -43382903 464633960 2205958298 464634800
464634800 -22852641 -43382697 464635776 464634792
2205958298 -22852460 -43382929 2205958296 464634792
2205958296 -22852311 -43382972 2205958298 2205958297
2205957390 -22852288 -43384226 2205957402
1274297838 -22852273 -43389261 560431677
464635776 -22852258 -43381448 464634800 464634803 464635741 464635788
2205958297 -22852178 -43383090 2205958299 2205958296
1274297839 -22852158 -43389479 1274297834
144372574 -22852145 -43388344 1274297838
464652299 -22852121 -43384192 464652293
2205957401 -22852114 -43384125 2205957390
2205958299 -22851995 -43383272 464668641 2205958297
464652293 -22851993 -43384044 1274297212
464648782 -22851993 -43383950 2205957401
1274297834 -22851983 -43388449 144302215
464668641 -22851930 -43383341 464668636 464668646 2205958299
464668646 -22851930 -43383195 464668641 464668655
464668636 -22851890 -43383478 464668631 464668641
144372576 -22851853 -43387313 144372574
464668655 -22851850 -43383023 464668646 464668672
464635741 -22851850 -43381590 464635776
1274297212 -22851826 -43383960 464652286
464648790 -22851819 -43383864 464648782 464668625
464668631 -22851819 -43383632 464668636 464668625
464668625 -22851803 -43383770 464648790 464668631
464652286 -22851756 -43383924 464652278
464668672 -22851724 -43382929 464668655 464663564
144302215 -22851722 -43387420 1274297835
1274297836 -22851678 -43386851 144372576
464612848 -22851610 -43382565 464612854
1274297835 -22851585 -43387038 1274297825
464652278 -22851550 -43383916 464652254 464663536
464648800 -22851542 -43383735 464648790
464612854 -22851515 -43382565 464615348 464612848 464612860
464663564 -22851423 -43382869 464668672 464668679 464663553
464615348 -22851420 -43381055 464615358 464612854
464663536 -22851415 -43383795 464652278 464663546
464663546 -22851376 -43383735 464648800 464663536 464663553
464663553 -22851376 -43383538 464663546 464663564
464612860 -22851341 -43382565 464612854 464612865
464615358 -22851294 -43380591 464615348 3620992334
464652254 -22851281 -43383916 464652244
1274297825 -22851281 -43386376 144302213
464648807 -22851257 -43383735 464663546
144372577 -22851236 -43385924 1274297836
464668679 -22851202 -43382817 464663564 464668686
464612865 -22851183 -43382514 464612860 464612872
464612872 -22851120 -43382437 464612877 464612865
464612877 -22851080 -43382299 1274296278 464612872
464652244 -22851052 -43384001 464652233
464648812 -22851012 -43383864 464648807
464668686 -22850988 -43382731 464668679 464668696
1274296278 -22850953 -43381288 464612877 464612881
464612881 -22850898 -43380849 1274296278 464612907
464668696 -22850862 -43382602 464668702 464668686
464652233 -22850854 -43384147 464652214
144372579 -22850759 -43385221 144372577
144302213 -22850756 -43385520 1274297214
464668702 -22850743 -43382396 464668696 464668709
464668709 -22850696 -43382096 464668702 464668718
464648816 -22850680 -43384139 464648812
464652214 -22850632 -43384353 464659485
464668718 -22850617 -43381401 464668709 1274296277
1274296277 -22850599 -43381314 464668718 1373510806
1373510806 -22850584 -43381241 1373510810 1274296277 464668724
1274297215 -22850573 -43384956 144372579
464668724 -22850545 -43381057 1373510806 464668731
464659485 -22850488 -43384505 464652203
464648822 -22850474 -43384362 464648816
1274297214 -22850439 -43385064 1274297209
464659517 -22850400 -43384453 464648822 464659485
464652203 -22850387 -43384611 464652196
464648826 -22850348 -43384516 464659517
464668731 -22850269 -43380131 464668724 464668738
146466723 -22850238 -43384339 464659517
470937445 -22850114 -43383140 470937444
464652196 -22850047 -43384937 464652188
3620992331 -22850034 -43380297 3620992330
464648830 -22850015 -43384825 464648826
3620992332 -22850009 -43381082 3620992331
1373510810 -22849973 -43381346 3620992333
3620992333 -22849943 -43381205 3620992332
464652188 -22849913 -43385023 464652178
1274297211 -22849856 -43384178 1274297215
470937444 -22849853 -43382925 470937443 470937445
464648835 -22849834 -43384911 464648830
1274297209 -22849749 -43384305 144280722
464652178 -22849747 -43385049 464652163
470937443 -22849671 -43382694 470937442 470937444
464648841 -22849644 -43384937 464648835
470937442 -22849560 -43382573 470937441 470937443
464652163 -22849525 -43385031 464652156
470937441 -22849505 -43382462 470937440 470937442
470937438 -22849505 -43380196 470937437 1373510807
464648847 -22849486 -43384886 464648841
470937440 -22849473 -43382359 470937441 470937439
470937437 -22849473 -43380110 470937438 470937436
1373510807 -22849473 -43381560 470937438 470937439 1373510811
470937439 -22849458 -43382204 1373510807 470937440 470937446
144280722 -22849440 -43383967 146472999 464654307
146466724 -22849432 -43383506 146466723
144372581 -22849417 -43383701 1274297211
1373510828 -22849385 -43382945 1373510830
470937436 -22849378 -43380041 470937394 470937437
464652156 -22849359 -43384946 464652147
464648861 -22849327 -43384740 464648847
464654307 -22849304 -43383890 464654303
464652147 -22849193 -43384791 464652122
464648866 -22849193 -43384542 464648861
464654303 -22849169 -43383916 464648898
470937446 -22849133 -43382221 470937439 470937449
464656223 -22849114 -43383847 464648898
464656240 -22849114 -43383744 464656223
146472999 -22849107 -43383558 146472998 144280721
464648898 -22849090 -43383933 464648890
464652122 -22849082 -43384568 464652103
464648878 -22849082 -43384353 464648866
464656249 -22849051 -43383658 464656240
464648890 -22849019 -43384062 464648885
464648885 -22849011 -43384182 464648878
464652103 -22849003 -43384422 464657066 464652093
470937449 -22848983 -43382264 470937446 1373510830
464656253 -22848956 -43383632 464656249
464652093 -22848892 -43384130 1274297837
1373510830 -22848887 -43382305 470937450 1373510808 470937449 1373510828
464656261 -22848861 -43383701 464656253
470937450 -22848841 -43382324 470937451 1373510830
1274297837 -22848812 -43383783 464656261 464652083
464652083 -22848774 -43383615 464652068
464657066 -22848766 -43384268 464657062
464656269 -22848750 -43383873 1274297837
464658623 -22848679 -43383795 464658618
464658618 -22848679 -43383529 464652068
1373510811 -22848668 -43381261 470937397 1373510807
144372582 -22848633 -43382740 144372581
470937451 -22848629 -43382511 470937450 146466724
464652068 -22848623 -43383255 146472998
146466725 -22848601 -43382476 470937451
1373516783 -22848584 -43383696 1373516912 1373516891
1373516912 -22848579 -43383557 1373516896 1373516783
464658631 -22848576 -43383967 464658623
464657062 -22848560 -43384225 461714247
464656276 -22848560 -43384044 464656269
1373516891 -22848554 -43383841 1373516783 1373516923
470937397 -22848532 -43381114 1373510823 1373510818 1373510814 1373510811
1373510818 -22848532 -43380632 1373510825 470937397 1373510815
1373510825 -22848532 -43380171 470937396 1373510817 1373510818
1373510814 -22848529 -43381329 470937397 1373510821 1373510812
1373510821 -22848524 -43381572 1373510808 1373510814
1373516896 -22848515 -43383401 1373516876 1373516912
1373510808 -22848490 -43381736 1373510821 1373510830 1373510824
1373516923 -22848460 -43383948 1373516891 1373516818
3130613105 -22848439 -43382243 146466725
464658638 -22848402 -43384113 464658631
461714247 -22848399 -43384173 461714248 464656276
146472998 -22848380 -43382854 3130613103
2506857363 -22848378 -43382155 3130613105
144280721 -22848357 -43382611 3130613102
1274297210 -22848351 -43382116 2506857363
3130613104 -22848348 -43382322 144372582
1373510824 -22848342 -43381523 1373510808 1373510812
1373510812 -22848320 -43381470 1373510813 1373510824 1373510829 1373510814
1373503148 -22848319 -43387203 1373503241
1373516818 -22848317 -43383321 1373516923 1373516876
1373516876 -22848297 -43382983 1373516896 1373516818 1373516925
1373510829 -22848289 -43381394 1373510812 1373510827
461714248 -22848288 -43384173 461714247 464658647
464658647 -22848260 -43384171 464658638 461714248 461714249
3130613102 -22848238 -43382430 144280122
3130613103 -22848141 -43382519 2506857365
1373510827 -22848124 -43381132 1373510823 1373510829
2506857365 -22848060 -43382405 1274297213
461714249 -22848059 -43384156 461714250 464658647
1373510813 -22848052 -43381686 1274297210 1373510812
1373510823 -22848032 -43381016 1373510809 470937397 1373510827
1274297213 -22847972 -43382281 146472997
146466727 -22847945 -43381532 1373510813
461714250 -22847908 -43384139 1373503406 461714249
1373503406 -22847805 -43384090 1373503212 461714250 461714251
1373503212 -22847798 -43384383 1373503406 1373503191
1373516925 -22847768 -43382269 1373516916 1373516876 1373516918
146472997 -22847763 -43381987 461903794
1373510809 -22847750 -43380660 1373510823 1373510805 1373510820
1373516918 -22847738 -43382151 1373516845 1373516925
1373503241 -22847691 -43386747 1373503120 1373503148
461714251 -22847687 -43384036 1373503406 461714252
144372585 -22847676 -43381341 3130613104
1373510805 -22847674 -43380563 1373510809 1373510815
1373503191 -22847649 -43384554 1373503212 1373502979
1373510822 -22847600 -43380172 1373510817 1373510816
1373502979 -22847582 -43384618 1373503165 1373503191
1373510815 -22847581 -43380303 1373510805 1373510816 1373510818
1373516916 -22847563 -43382408 1373516819 1373516925 1373516833
1373510816 -22847543 -43380197 1373510815 1373510822
1373510820 -22847514 -43380844 1373510809 146466727
1373516833 -22847457 -43382607 1373516916 1373516907
461714252 -22847418 -43383881 461714251 461714253
1373516907 -22847383 -43382822 1373516842 1373516833
1373516893 -22847338 -43383256 1373516842 1373516866
1373516842 -22847328 -43383079 1373516893 1373516907
1373516866 -22847318 -43383428 1373516893 1373516804
1373516845 -22847289 -43381497 1373516918 1373516909 1373516819
1373503165 -22847244 -43384860 1373503080 1373502979
1373516804 -22847214 -43383626 1373516866 1373516779
1373503080 -22847180 -43384930 1373503228 1373503165
1373516779 -22847170 -43383669 1373516804 1373516835
1373503228 -22847165 -43385026 1373503080 1373503090
1373516819 -22847155 -43381776 1373516845 1373516873 1373516916
1373503090 -22847121 -43385289 1373503251 1373503228
461714253 -22847117 -43383727 461714254 461714252
1373503251 -22847096 -43385423 1373503138 1373503090
1373516873 -22847073 -43381812 1373516819 1373516913
1373516835 -22847063 -43383641 1373516899 1373516779
144280122 -22847044 -43380611 146449898
1373503138 -22847039 -43385535 1373503170 1373503251
1373516913 -22846989 -43381812 1373516873 1373516867
1373516867 -22846945 -43381785 1373516848 1373516913
1373503120 -22846940 -43386307 1373503241 1373503392
1373516909 -22846925 -43380922 1373516845 1373516869
461714254 -22846880 -43383606 1373516922 461714253
1373516899 -22846799 -43383492 1373516835 1373516921
1373516922 -22846717 -43383596 461714254 461714255 1373516921
1373516921 -22846717 -43383491 1373516796 1373516899 1373516922
1373516848 -22846717 -43381458 1373516798 1373516867 1373516869
1373503170 -22846656 -43385729 1373502976 1373503138
461714255 -22846611 -43383589 1373516922 461714256
1373516869 -22846534 -43381195 1373516848 1373516909 1373516799
1373502976 -22846468 -43385826 1373503392 1373503170
1373516798 -22846363 -43381706 1373516848 1373516851 1373516799
461714256 -22846279 -43383589 461714257 461714255
1373503392 -22846275 -43385836 1373503120 1373502977 1373502976
1373516799 -22846189 -43381432 1373516798 1373516869 1373516917
1373516796 -22846161 -43383503 1373516822 1373516921
1373516822 -22846092 -43383487 1373516838 1373516796
1373516838 -22846038 -43383401 1373516851 1373516822
461714257 -22845883 -43383606 461714256 461714258
1373503118 -22845835 -43388926 1373503135
1373516917 -22845781 -43381713 1373516771 1373516799 1373516871
1373503135 -22845761 -43388191 1373503118 1373503559
1373660078 -22845726 -43383444 1373660084
1373503559 -22845697 -43387328 1373503135 1373502977
461714258 -22845646 -43383684 461714257 1373503523
1373516851 -22845642 -43382210 1373516798 1373516838 1373516871
1373502977 -22845586 -43385358 1373503392 1373503559 1373503071
1373660084 -22845563 -43382983 1373660067 1373660060 1373660078
461907950 -22845558 -43380031 461908292 461907704 461907113
1373516871 -22845534 -43381883 1373516782 1373516917 1373516851
1373503071 -22845529 -43384327 1373502977 1373503508
1373503508 -22845524 -43384238 1373503071 1373503166
1373503166 -22845514 -43384104 1373503523 1373503508
1373503523 -22845495 -43383778 461714259 1373503166 461714258
1373516771 -22845407 -43380594 1373516917 1373516821
1373660060 -22845382 -43382420 1373660075 1373660084
1373516821 -22845333 -43380519 1373516771 1373516852
461714259 -22845330 -43383881 1373503523 461714260
1373660067 -22845247 -43383085 1373660084 1373660083
1373516852 -22845229 -43380492 1373516820 1373516821
1373516820 -22845148 -43380569 1373516852 1373516782
1373516782 -22845143 -43380681 1373516820 1373516871
1373660083 -22845094 -43383208 1373660067 1373660091
461907704 -22844999 -43380204 461907553 461907950 461907752
1373660091 -22844896 -43383433 1373660083 1373660090
1373660075 -22844881 -43380864 1373660060
1373660061 -22844846 -43384007 1373660090
461714260 -22844824 -43384207 461714259 1373660071
1373660090 -22844721 -43383787 1373660076 1373660091 1373660085 1373660061
1373660085 -22844688 -43383851 1373660090 1373660081
1373660071 -22844651 -43384326 1373660093 461714260 461714261
1373660076 -22844639 -43383642 1373660090 1373660056
1373660093 -22844619 -43384243 1373660071 1373660094
1373660081 -22844614 -43383991 1373660085 1373660094
1373660094 -22844584 -43384152 1373660081 1373660093
1373660056 -22844540 -43383439 1373660095 1373660076
1373660095 -22844516 -43383355 1373660105 1373660056
1373660105 -22844500 -43383299 1373660080 1373660095
1373660080 -22844490 -43382988 1373660105 1373660068
1373660068 -22844468 -43382843 1373660088 1373660080
461907553 -22844462 -43380387 461907676 461907328 461907704
1373660088 -22844377 -43382666 3187746645 1373660068
461714261 -22844151 -43384671 1373660071 461714262
461907676 -22844021 -43380048 461907553 461905513 461907752 461907544
461907328 -22843932 -43380549 461907553 461907544 461907091
461714262 -22843906 -43384825 461714263 461714261
461907544 -22843753 -43380428 461907546 461907676 461907328 461907091
461714263 -22843716 -43384902 461714264 461714262
461907091 -22843594 -43380653 461906762 461907328 461907544
461714264 -22843479 -43384945 461714263 461714265
461906762 -22843328 -43380735 461903792 461907091 461906770
3187746645 -22843117 -43381875 1373660088 3187746646
461903792 -22843102 -43380804 461906762 461906557
3187746649 -22842875 -43382819 3187746648
3187746648 -22842845 -43382529 3187746647 3187746649
3187746646 -22842791 -43381993 3187746647 3187746645
461714265 -22842751 -43384988 461714264 461714266
3187746647 -22842687 -43382165 3187746648 3187746646
461906557 -22842661 -43380945 461906565 461906273 461903792
1373660115 -22842638 -43383082 1373660102
1373660102 -22842122 -43381485 1373660115 461906273
461906273 -22842020 -43381150 461905411 461905290 461906557 1373660102
461906565 -22841740 -43380243 461905411 461906734 461906770 461906557
461905411 -22841441 -43380684 461906565 461906273 461905284
461905290 -22841371 -43381357 461906074 461905288 461906273
461714266 -22841248 -43385066 461714265 461714267
461714267 -22841019 -43385066 461714266 461714268
461905284 -22840898 -43380253 461905411 461906520 461905288
461714268 -22840797 -43385203 461714267 461714269
461906074 -22840757 -43381554 461905878 461905290 3846984368
461905288 -22840577 -43380730 461905290 461905284 3846984368
3846984368 -22840272 -43381162 461906074 461906226 461905288
461714269 -22840220 -43385572 461714270 461714268
461905878 -22840126 -43381755 461905730 461906074 461906050
