3077403517 -22.9147 -43.4997382 3077403516 3077403518
3077403516 -22.9146225 -43.4995434 3077403515 3077403517
3077403515 -22.9145539 -43.4993944 3077403513 3077403516
3077403513 -22.9144587 -43.4992742 3077403509 3077403515
3077403509 -22.9143014 -43.4991492 3077403513 3077403504
3077403504 -22.914142 -43.4990367 3077403509 3077403500
3077403500 -22.9139603 -43.4988395 3077403491 3077403504
3077403499 -22.9139557 -43.4969946 3077403489 3077403488
3077403498 -22.9139478 -43.4977277 3077403490 3077403493
3077403493 -22.9139102 -43.4975849 3077403489 3077403498
3077403491 -22.9138946 -43.4983397 3077403490 3077403500
3077403490 -22.9138914 -43.4980371 3077403491 3077403498
3077403489 -22.9138627 -43.4974946 3077403493 3077403499
3077403488 -22.9137763 -43.496658 3077403485 3077403499
3077403485 -22.9135504 -43.4964248 3077403488 3077403479
3077403483 -22.9135084 -43.495795 3077403481 3789073046
3789073046 -22.9134773 -43.4956204 3077403483 3077403478
3077403481 -22.9134619 -43.4960618 3077403480 3077403483
3077403480 -22.913453 -43.4960979 3077403481 3077403477
3077403479 -22.9134375 -43.4963311 3077403485 3077403476
3077403478 -22.9134331 -43.4953719 3077403475 3789073046
3077403477 -22.9134198 -43.49617 3077403480 3077403476
3077403476 -22.9133843 -43.496259 3077403479 3077403477
3077403475 -22.91336 -43.4952757 3077403478
616601994 -22.9038281 -43.4906164 616601993
616601993 -22.9037293 -43.4904233 616601992 616601994
616601992 -22.903334 -43.490316 616601993 616601991
616601991 -22.9032055 -43.4901336 616601992 616601990
616601962 -22.902484 -43.490316 616601964
