1848620837 -22.8599926 -43.4551738 1848620810
591652417 -22.8599245 -43.4593788 591656892 591652836 591653621
1848620983 -22.8598648 -43.4554691 1848620837 595669639 595669698
595686010 -22.8598177 -43.4528697 595686011
595668870 -22.8597491 -43.4578485 595669774
595669852 -22.8596405 -43.4546243 595669819 595669698 595669823
595684925 -22.8596398 -43.45155 595684932
595684932 -22.8596206 -43.4514319 595684947 595684952 595684925
595669945 -22.8596106 -43.4538251 595669944 595669860
595669860 -22.8596007 -43.4536749 595669945 595669859 583571006
595668762 -22.8595839 -43.4587631 595668870
595684947 -22.859558 -43.4510463 595684955 595684932 595684926
595669944 -22.8595572 -43.4541375 595669945 595669943 595669946
595669639 -22.8595487 -43.4572777 595669633 1848620983
595669819 -22.8595118 -43.4546298 595669852 595669943
595684736 -22.8594915 -43.4501553 595684737
1848621025 -22.8594859 -43.4576307 595669639
595669943 -22.8594724 -43.4546329 595669819 595669820 595669944
595686011 -22.8594717 -43.4520758 595686012 595686010
595684926 -22.8594717 -43.4505148 595684895 595684947 595684273
1848620905 -22.8594559 -43.457855 1848621025
583571006 -22.8594401 -43.4532443 145054019 595686006 595669860
595686006 -22.859397 -43.4532661 595684984 595686003 583571006
1848620729 -22.8593944 -43.4581242 1848620905
1848620995 -22.8593842 -43.459459 1848620725
1848620725 -22.8593792 -43.4590057 1848620740
595668850 -22.8593755 -43.4582831 1848620729 595668874
1848620740 -22.8593673 -43.4586472 595668850
1848620802 -22.8593574 -43.4597469 1848620995
595686012 -22.8593234 -43.4518397 595686011 595684972
1848620856 -22.8593177 -43.4585611 1848620875 595668850
595684894 -22.8592938 -43.4515608 595684895
1848620875 -22.8592906 -43.4584514 1848620812 1848620856
1848620812 -22.8592684 -43.4584032 1848620875 1848620873
595685982 -22.8592542 -43.4523654 595685983
595669633 -22.8592349 -43.4572047 595669638 595669634 595669639
595686003 -22.8592344 -43.4528911 595686006
1848620873 -22.8592211 -43.458362 595668874 1848620812
595684972 -22.8592048 -43.4519041 595686012 595685983
1848620919 -22.8591766 -43.4563047 595669824
595668874 -22.8591229 -43.4583723 595668873 1848620873 595668850
595669820 -22.8591064 -43.454662 595669943 595669946 595669854
595684895 -22.8590861 -43.4505133 595684705 595684894 595684926
1848620782 -22.8590844 -43.4598354 1848620856
1848620731 -22.8590657 -43.4599374 1848620782
595685983 -22.8590568 -43.4519181 595684881 595685982 595684972
595669824 -22.8590362 -43.4562974 1848620919 595669823
595684881 -22.8589774 -43.4519256 595685109 595685983 595685981
595669634 -22.858968 -43.4567863 595669635 595669633
595684984 -22.8589599 -43.4534864 595686006 595684993 595684977
595668873 -22.8589421 -43.4584513 595668720 595668874
595685109 -22.8589086 -43.4515669 595684881 595684883 595685115
595685980 -22.8588588 -43.4523011 595685981
595684883 -22.8588291 -43.4511531 595685109 595684884
595669946 -22.858827 -43.4545067 595669820 595669944 595669821
595668720 -22.8587588 -43.4585424 595668873 595669636 595668718
595669585 -22.8587406 -43.456282 595669586
595684705 -22.8587302 -43.4505118 595684884 595684895 595684737
595684737 -22.8587082 -43.4501662 595684705 595684730 595684736 595684738
595669823 -22.8587019 -43.4557365 595669824 595669852 595669854
595669821 -22.8587011 -43.4544367 595669856 595669946 595669859
595684993 -22.8586912 -43.4536219 595684984 583571009 595685001
595684884 -22.8586907 -43.4505117 595684272 595684705 595684883
595685981 -22.8586843 -43.4519962 595684881 595684843 595685980
595669638 -22.8586615 -43.4576339 595669635 595669633
595684978 -22.8586314 -43.4523869 595684977
595684996 -22.8586017 -43.4531594 595684997
595685108 -22.8585424 -43.4517861 595685115
595669856 -22.8585402 -43.454647 595669855 595669857 595669821
595685115 -22.858518 -43.451633 595685108 595685109 595685116 595685107
595684997 -22.8585091 -43.4529628 595684998 595684996 595685001
595669854 -22.8585049 -43.4554654 595669855 595669820 595669823
595684738 -22.8585029 -43.4501553 595684737
595669859 -22.8584982 -43.454217 595669860 595669821 583571009
595684977 -22.858479 -43.4524365 595684976 595684984 595684978
595685107 -22.8584139 -43.4509814 595685115
595685001 -22.8583973 -43.4530238 595684991 595684993 595684997
595669635 -22.8583921 -43.4572547 595669636 595669638 595669634
595684998 -22.8583743 -43.4526766 595684997
595669370 -22.8583254 -43.4557885 595669291
595668718 -22.8582689 -43.4588683 595668715 595668720
595684976 -22.8582359 -43.4525156 595684974 595684977
595669857 -22.858235 -43.4543205 595669856 595669822 595669858
595669855 -22.8582171 -43.4550693 595669822 595669856 595669854
595685019 -22.8582162 -43.4533096 595685958 595685020
595684991 -22.8582162 -43.4526551 595685001
583571009 -22.8581846 -43.4538773 595684993 595669858 595669859
595684843 -22.8581766 -43.4521187 595685116 595685981 595684973
595685116 -22.8581627 -43.4517425 595684843 595685719 595685115 595685117
595685719 -22.8581489 -43.4513676 595685116 595685858 595685224
595685224 -22.8581355 -43.4510025 595684272 595685719 595685214
595684974 -22.8581173 -43.4522474 595684976 595684973
595684272 -22.8581173 -43.4505093 595686361 595684884 595684795 595685224
595684973 -22.8581074 -43.4521616 595684843 595684974
595668715 -22.8580712 -43.4589971 595668713 595668718
595669636 -22.8580246 -43.4575536 595669586 595669635 595668720
595669858 -22.8579376 -43.4540024 583571010 595669857 595685018 583571009
595668713 -22.8579229 -43.4590507 595668715 595669144 595668380
595685958 -22.8579186 -43.4534684 595685018 595685019 595685877
595669822 -22.8578509 -43.4545654 595669855 595669857
595669144 -22.8578014 -43.4576231 595668713
595685020 -22.857712 -43.452226 595685019 595685877
595669586 -22.8576977 -43.4571358 595669636 595669371 595669585
595669291 -22.8576927 -43.456325 595669370 595669290 595669371
595685018 -22.8576131 -43.4536314 595685958 595685037 595669858
595669290 -22.8575543 -43.4547907 595669291
595685212 -22.8575142 -43.4516144 595685858
595685858 -22.8574952 -43.4514838 595685862 595685212 595685214 595685719
583571010 -22.8574431 -43.4542529 595669858 595685084
595685214 -22.8574253 -43.4510029 595685858 595685224 595685070
595685877 -22.857337 -43.4523155 595685022 595685958 595685020
595669371 -22.857311 -43.4566416 595669586 595669270 595669291
595685037 -22.8572671 -43.4532023 595685018 595685038
595669270 -22.8572528 -43.4565671 595669286 595669371 595669140
595685038 -22.8572374 -43.4531272 595685037 595685022 595685039
595685022 -22.8572176 -43.452344 595685038 595685877 595685117
595685117 -22.8571751 -43.4519354 595685022 595685862 595685116
595685862 -22.8571329 -43.4515293 595685858 595685117 595685070
595669173 -22.8570896 -43.4578699 595669174
595685070 -22.8570792 -43.4510136 595685862 595685214
595686361 -22.8570693 -43.4505384 592044668 595684272 595686360
595669254 -22.8570402 -43.458181 595669174
595668380 -22.8570331 -43.4591473 595668713 595668379 595668381
595668379 -22.8570204 -43.4592861 595668378 595668380
595669286 -22.8570204 -43.4566039 595669270 595669255
595669236 -22.8570006 -43.4572369 595669237
595669174 -22.8569908 -43.4578699 595669175 595669237 595669173 595669254
595685084 -22.8569781 -43.4544862 583571010 595686807 595686430
595669140 -22.856971 -43.4562069 595669270 595669256
595668381 -22.8569611 -43.4588891 595668382 595668380
595668378 -22.8569512 -43.4594685 595668377 595668379
595669237 -22.8569512 -43.4572369 595669238 595669174 595669236 595669255
595669255 -22.856882 -43.4566039 595669237 595669286 595669287 595669256
595668377 -22.8568523 -43.4596616 595668376 595668378
595669256 -22.8568511 -43.4560687 595669140 595669141 595669255
595686430 -22.8568332 -43.4530936 595685039 595685084 595686364
595685039 -22.8568222 -43.4529877 595685038 595686362 595686430
595669141 -22.8568128 -43.4560245 595669142 595669256
592044668 -22.8568044 -43.4505457 595686361 592044636
595668382 -22.8567733 -43.4586853 595668381 595668383
595686362 -22.8567615 -43.4523098 595685684 595685039 595686363
595686807 -22.8567456 -43.4546029 595686812 595685084 583571011
595669142 -22.8566942 -43.4557027 595669143 595669141
592044636 -22.8566759 -43.4505564 592044668 595685073 595686220
595685684 -22.8566445 -43.4510018 595685073 595686362
595686812 -22.8566405 -43.4544834 595686807 595686827 595684210
595669288 -22.856625 -43.4560245 595669289
595668376 -22.8566151 -43.4597582 595668375 595668377
595669143 -22.8566052 -43.4552306 595669142 583571011
595685073 -22.8566049 -43.4505588 595685684 595686365 592044636
595686827 -22.856575 -43.4536207 595686812 595686832
595668383 -22.856536 -43.4585887 595668382 595668384
583571011 -22.8565237 -43.4547142 595686807 595669143 595686834
595686363 -22.8564963 -43.452347 595686362 595686364 595686365
595668375 -22.8563778 -43.4597689 595668374 595668376
595686365 -22.8563678 -43.4505669 595686366 595685073 595686363
595668384 -22.8563185 -43.4585887 595668385 595668383
595686364 -22.8562883 -43.4523762 595686427 595686363 595686430
595668374 -22.85619 -43.4596616 595668388 595668373 595668375
595686834 -22.8561681 -43.4549155 583571012 583571011 595686946
595686427 -22.85614 -43.4521509 595686424 595686364
595686424 -22.8561203 -43.4520221 595686366 595686427
595668385 -22.856101 -43.4587282 595668389 595668384 595668386
595668388 -22.8560812 -43.4597045 595668387 595668374
583571012 -22.8560689 -43.4549717 583571013 595686834
595668373 -22.8560614 -43.4595007 592051782 595668374
595668387 -22.8560311 -43.4598655 595668388 592051782 595668134
595668389 -22.856012 -43.4587175 595668385 595668390
595668386 -22.8560021 -43.4589213 595668385 592051782
595686366 -22.8559916 -43.4505797 595686806 595686365 595686424
592051782 -22.855974 -43.4592253 595668390 595668387 595668373 595668386 595667248
595668390 -22.8559246 -43.4586325 595668389 595667098 592051782
595686832 -22.8559225 -43.4527409 595686827 595686828
595667098 -22.8558726 -43.4580085 595669175 595668390 595667093
595669175 -22.8558637 -43.4579557 595669174 595669238 595667098
595686603 -22.8558237 -43.451947 595686605
595669238 -22.8558136 -43.4573424 595669287 595669175 595669237
583571013 -22.8557723 -43.455197 583571012 595687089
595669287 -22.855763 -43.4567221 595669238 595669289 595669255
595669289 -22.8557113 -43.4560884 595669287 595669288 583571014
595686805 -22.8556951 -43.4514964 595686605 595686806
595687089 -22.8556864 -43.4552744 583571013 595687087 583571014
595686605 -22.8556556 -43.4515715 595684211 595686805 595686603
583571014 -22.8556477 -43.4553093 595687089 595687917 595669289
595686806 -22.8555965 -43.4505931 595686366 595686805 595684213
595667093 -22.8555572 -43.4580523 595667098
595667248 -22.8553805 -43.4592888 595543265 592051782 595667247 595667337
595686946 -22.8553392 -43.4539533 595686834
595667247 -22.8553101 -43.4582776 595667248
595667559 -22.8552705 -43.4579021 595667560
595687917 -22.8552542 -43.4557929 583571015 583571014 595687916
595684213 -22.8552206 -43.4506059 595684212 595686806
595667072 -22.8551914 -43.4580738 595667071
595667560 -22.8551024 -43.4561962 583571015 595667559
595684212 -22.8551019 -43.4506274 595684211 595684213
583571015 -22.8550407 -43.4560553 595687917 595687214 595667560
595684211 -22.8550031 -43.4507239 595686828 595684212 595686605
595687214 -22.8548312 -43.4562553 583571015 583571016 595687164
583571016 -22.8547935 -43.4562913 595687214 583571017
595543265 -22.8547713 -43.459354 595667063 595667027 595667248 595667452
595667063 -22.854707 -43.4583098 595543265
595667550 -22.8546872 -43.457945 595667552
595687087 -22.8546867 -43.4542001 595687089
595687044 -22.8546768 -43.4531916 595687045
595686828 -22.8546105 -43.4512308 595684211 595686832 595684210
595687162 -22.8545977 -43.4540606 595687163
595667552 -22.8545686 -43.4566468 595667550 583571017
583571017 -22.8544969 -43.4565596 583571016 595687420 595667552
595687101 -22.8544593 -43.4539104 595687102
595687420 -22.8543709 -43.4566685 595687419 583571017 595687447
595667027 -22.8542431 -43.4594034 595665958 595543265 595667026 595667028
595687916 -22.8542319 -43.4546078 595687917
595684210 -22.854222 -43.4517324 595687045 595686828 595686812
595667028 -22.8541731 -43.4583527 595667027
595687163 -22.8541133 -43.4545112 595687162 595687164
595687918 -22.8540441 -43.4543395 595687919
595687447 -22.8538915 -43.4570831 595687420 595687914 595687445
595687045 -22.8538417 -43.4522325 595687102 595684210 595687044
595687164 -22.8536981 -43.4549296 595687163 595687165 595684209 595687214
595665958 -22.8536885 -43.4594552 595665955 595665960 595667359 595667027
595665960 -22.8536096 -43.4584064 595665958
595687102 -22.853467 -43.4527251 595687101 595687045 595687919
595687914 -22.853429 -43.457483 583571019 595687447 595687913
595687419 -22.8533619 -43.4555304 595687420
595667071 -22.8532339 -43.4582883 595665954 595667072
583571019 -22.8532314 -43.4576539 595687914 583571025
595687165 -22.8532235 -43.4554339 595687166 595687164
595665955 -22.8531453 -43.459506 595665958 595665954 595665945 595667389
595687171 -22.8531444 -43.4552622 595684208
595687919 -22.8530778 -43.4532368 595687918 595684209 595687102
595665954 -22.8530263 -43.4582669 595665955 595667071
583571025 -22.8529645 -43.4578577 583571019 595684095 595687659
595687445 -22.8529269 -43.4559596 595687447
595687166 -22.8528676 -43.4557665 595687167 595687165
595687167 -22.8527786 -43.4557557 595687166 595687477
595687913 -22.8527094 -43.4566355 595687914
595684209 -22.8526797 -43.4537602 595684208 595687919 595687164
595687477 -22.8526152 -43.4555686 595687167 595687170 595687476
595665945 -22.8525702 -43.4595598 595543262 595665955 595665944 595665946
595665946 -22.8525122 -43.4585351 595665945
595684095 -22.8523815 -43.4581444 583571028 583571025 595684094
583571028 -22.8523318 -43.4581689 595684095 583571030
595684208 -22.8522843 -43.4542537 595687170 595684209 595687171
595687659 -22.8521854 -43.4569896 595687654 583571025
595687476 -22.8521854 -43.4559918 595687477 595684207 595687475
595543262 -22.8521315 -43.4596008 595665909 595665945
595665909 -22.8520272 -43.4596141 595543262 595543261 595665905
595687654 -22.8520074 -43.4568286 595687659 595687650
595543261 -22.8519635 -43.4596222 595543260 595665909
595665905 -22.8519486 -43.4588355 595665909
595687650 -22.8519283 -43.4566677 595687474 595687654
595687475 -22.8518888 -43.4564102 595687474 595687476
595687170 -22.8518888 -43.4547365 595684207 595684208 595687477
583571030 -22.851877 -43.4583835 583571028 595684083 583571033
595543260 -22.8518251 -43.4597188 595665881 595543261
595687474 -22.8518097 -43.4565497 595687541 595687475 595687650
595665881 -22.8517057 -43.459859 595667420 595665883 595543260
595667420 -22.8516015 -43.4599815 583571064 595667419 595665881
595665883 -22.8515334 -43.4597045 595665884 595665881
583571033 -22.8515013 -43.4585551 595665885 583571030
595684207 -22.8514933 -43.4552193 595687541 595687170 595687476
595665884 -22.8514642 -43.4595758 595665883 595665885
595665885 -22.8514062 -43.458575 583571035 595665884 583571033
595684196 -22.8513154 -43.4565389 595684197
595684094 -22.8512758 -43.4568608 595684095
583571035 -22.8512442 -43.4586088 595665885 583571038
595687541 -22.8511036 -43.4556982 595684197 595684207 595687474
594728741 -22.8509288 -43.4598695 583571064 583571060 594745282
583571038 -22.8509081 -43.4586195 583571035 595665882
595665882 -22.8508426 -43.4586037 583571038 583571040 595665880
595684083 -22.8508309 -43.4574938 583571030
595684197 -22.850821 -43.4560454 595684196 595687541
595665880 -22.8507721 -43.4589964 595665882 595665879
595665879 -22.8507128 -43.4591466 595665878 595665880
595665878 -22.8505743 -43.459329 595665879
583571040 -22.8505521 -43.4585337 595665882 583571042
583571042 -22.8499985 -43.4584156 583571040 583571044
583571044 -22.8497414 -43.4583513 583571042 583571047
594745065 -22.8496787 -43.4598234 594745062 594745067
583571060 -22.8496232 -43.4586688 594670454 594728741 583571053
583571047 -22.8496228 -43.4583513 583571044 594670454 583571050
583571050 -22.8495634 -43.4584156 583571047 583571053
583571053 -22.8495536 -43.4585122 583571050 583571060
594745062 -22.8494711 -43.459641 594744939 594745065
594670454 -22.8493821 -43.4584179 594670451 594672022 583571047 583571060
594744923 -22.8492832 -43.4594586 594744791 594744927
594670451 -22.8491646 -43.4582462 594670454 594670448
594670448 -22.8490954 -43.4582891 594670451 594670446
594744927 -22.8490855 -43.4592869 594744923 594744928
594744928 -22.8485939 -43.4599379 594744791 594672022 594744927
594672022 -22.8483736 -43.4597375 594731058 594670454 594670446 594744928
594731058 -22.8481971 -43.4599728 594730933 594672022 594728740
594670446 -22.8481363 -43.459523 594672022 594670444 594670448
