1541020476 -22.9512212 -43.6374171 1541020364 1541020459
1541020364 -22.9511619 -43.6370094 1541020476 1541020776
1541020854 -22.9510631 -43.6396916 1541020855 2036302791
1541020459 -22.9510433 -43.638447 1541020476 1541020855
1541020855 -22.9509643 -43.639241 1541020459 1541020854
1541020776 -22.9509445 -43.6367304 1541020515 1541020364
1541020515 -22.9504703 -43.6363442 1541020507 1541020776
1541020507 -22.9501542 -43.635958 1541020515 1541020524
1541020524 -22.9498973 -43.6352713 1541020534 1541020507
1541020534 -22.9495614 -43.6344774 1541020394 2036302774 1541020524
1541020394 -22.9494231 -43.6340911 1541020795 1541020534
2036302782 -22.9493378 -43.6321296 2036302778 2036302781
2036302781 -22.9493188 -43.6322401 2036302779 2036302782
2036302779 -22.9490964 -43.6325368 2036302775 2036302781
2036302778 -22.9490519 -43.631688 2036302777 2036302782
1541020795 -22.9489884 -43.6334903 1541020754 1541020394
2036302777 -22.948874 -43.6314258 2036302771 2036302778
2036302776 -22.948864 -43.6304734 2036302771
1541020754 -22.9487597 -43.6330428 2036302775 1541020795
2036302775 -22.9487596 -43.6328542 2036302779 1541020754
2036302774 -22.948648 -43.6345172 1541020534 2036302773
2036302773 -22.9485145 -43.6344413 2036302774 2036302767
2036302771 -22.9481241 -43.6309565 2036302769 2036302777 2036302760 2036302776
2036302770 -22.9481142 -43.6302456 2036302769
2036302769 -22.9480633 -43.6308046 2036302771 2036302770
2036302767 -22.9477138 -43.6335649 2036302773 2036302765
2036302765 -22.947377 -43.6334062 2036302767 2036302762
2036302762 -22.9468242 -43.6332544 2036302765 2036302760
2036302760 -22.9463031 -43.6322331 2036302771 2036302762 2036302758
2036302759 -22.9462014 -43.6307839 2036302758
2036302758 -22.9461823 -43.631681 2036302760 2036302759
1540728893 -22.9443348 -43.6392941 1540728740 1540728887
1540728740 -22.9436427 -43.6389165 1540728893 1540728743
1540728743 -22.9430504 -43.6384144 1540728774 1540728740
1540728774 -22.9418742 -43.6372964 1540728799 1540728743
1540728799 -22.9413905 -43.6370411 1540728774 1540728892
1540728892 -22.9406693 -43.6368694 1540728858 1540728799
