181358847 -22.9579806 -43.1853393 3765150959
1407839117 -22.9578839 -43.1815654 1407839118
3765150959 -22.9578695 -43.1850423 181358847 3861275695
1239948284 -22.95783 -43.182176 2283566011
3861275695 -22.9577904 -43.1848308 3765150959 142878838
142878838 -22.9575586 -43.1842111 146145256 3861275695
476480550 -22.957402 -43.1892313 3358855930
3288725657 -22.9573563 -43.1892517 476480550
2038066837 -22.9573389 -43.1890521 476480550
2038066836 -22.9573191 -43.1889958 2038066837
2038070855 -22.9572241 -43.188726 2038066836
2038070878 -22.9572049 -43.1886715 2038070855
146145256 -22.9571921 -43.1833333 1239948285
146144536 -22.957062 -43.1834061 146145256
2283566011 -22.9570257 -43.18259 1239948285 1239948284
142841507 -22.9570131 -43.1881266 2038070878
3288728762 -22.9569514 -43.1881601 142841507
142841187 -22.9569341 -43.1881695 3288728762
1239948285 -22.9568984 -43.1826555 146145255 2283566011
1407839118 -22.956814 -43.1821214 2283566009 1407839117
146145255 -22.9567822 -43.1823874 2283566009 146145846
2283566009 -22.9566905 -43.1821811 1407839118 146145254
142778728 -22.9566891 -43.1872597 142778727 142841507
144849104 -22.9564336 -43.1865025 142778728
146145254 -22.9564097 -43.1815492 142879875
142778362 -22.9562764 -43.1860368 144849104
142879477 -22.9560789 -43.1849355 142788274
142788274 -22.9560012 -43.1850648 142778362 142878838
1241089443 -22.9558249 -43.1868161 1241089444
142879875 -22.9558205 -43.180256 142879474
3715892222 -22.9558095 -43.1899412 3288725657
3715892221 -22.9558049 -43.1899592 142834580
679433940 -22.9558042 -43.1801927 142879875
142834580 -22.9557989 -43.1899459 142834579 3715892222
1241089444 -22.955783 -43.1866915 1241089440 2283566002 1241089443
146145845 -22.9556884 -43.1840648 142879477 146144536
2283566002 -22.9556796 -43.1863842 1241089444 1241089446
1241089446 -22.9556425 -43.1862881 142778362 2283566002
1239933804 -22.955572 -43.1848456 142788274
1239940009 -22.9554941 -43.1863453 1241089446 1239933805
142834579 -22.9553487 -43.1889073 142841187 142778727
146145846 -22.9552808 -43.1831297 146145845
1241089445 -22.9551976 -43.1870736 1241089440
1241089440 -22.9551547 -43.1869354 1241089442 1241089445 1241089444
1239933805 -22.9550984 -43.1856156 1239933804
1241089442 -22.9550678 -43.1866355 2283566001 1241089440
2283566001 -22.9550342 -43.1865296 1239940009 1241089442
3435152295 -22.9549992 -43.1823265 146145254
146145847 -22.9549474 -43.182355 3435152295 3435152296 146145846
3435152296 -22.9549024 -43.1823793 3435152294
142778727 -22.9548739 -43.1878563 763701618 2339806111
142764159 -22.9547528 -43.1844273 1239933804 142764157
1081135560 -22.9544502 -43.1812659 146145847
2215261362 -22.9544289 -43.1812116 1081135560
763701618 -22.9544229 -43.1868836 142778364
142778364 -22.9543895 -43.1867818 2283566001 763699047
142879474 -22.9543783 -43.1810825 1081135758 2215261362
1081135758 -22.9542985 -43.1811155 2215261313
763699047 -22.9542616 -43.1865032 142764156 1239933805
2215261313 -22.9542201 -43.1811515 679433625
142764157 -22.954192 -43.1856298 142764156
3435152294 -22.9541867 -43.1827748 315768159 3435152293
1264984093 -22.9541067 -43.1840618 142764159
142764156 -22.9538221 -43.1859437 806195926 418044504
679433625 -22.9538144 -43.1813615 679433612 315768159
3435152293 -22.9537434 -43.1830269 315767341
679433612 -22.9536161 -43.1807814 679433625
315768159 -22.9535105 -43.1815368 315767341
763701320 -22.9533486 -43.189868 142834579 142838875
142778669 -22.9533174 -43.1897844 763701320
418044504 -22.9532916 -43.185387 1264984093 763703670
763703670 -22.953177 -43.1852164 2371414038
2371414037 -22.9531513 -43.1835315 1264984093
3435152298 -22.9531315 -43.183512 2371414037
2371414030 -22.9531122 -43.1834929 3435152298
315767341 -22.9530386 -43.181821 148383168
2339806111 -22.9530169 -43.1885829 142778670
2339805986 -22.9529925 -43.1887604 142778669
143977866 -22.9529759 -43.1833582 2371414030
2339806080 -22.9529739 -43.1887018 2339805986
142778670 -22.9529451 -43.1886109 2339806132 2339806080
2339806132 -22.9528734 -43.1886352 2339806244
2339806244 -22.9528343 -43.1886484 142776471
148383168 -22.952646 -43.1820174 2012416381 2407003181
142777825 -22.9526218 -43.1877325 142778670
2371414038 -22.9525997 -43.1845859 2371414044
2371414044 -22.9525702 -43.1845536 763703134
142778366 -22.9525533 -43.1875045 142777825 142778364
806195926 -22.9524933 -43.1869609 142764154
2407003181 -22.952431 -43.1820232 148383301
2371414035 -22.9524255 -43.1871592 142778366
2012416381 -22.9524173 -43.1821189 2012416383
847764778 -22.9524135 -43.1800574 847764777 1081135862
2371414033 -22.9524065 -43.187108 2371414035
148383301 -22.9523855 -43.1820094 2407003198
763703134 -22.9523802 -43.1843461 143985951
142764154 -22.952377 -43.1870284 2371414039 2371414033
2012416383 -22.9523464 -43.1821884 2012416374
2407003198 -22.9523423 -43.1819743 2012416376
847764777 -22.9523214 -43.1800126 847764778 847764776
2012416376 -22.9523053 -43.1819208 2407003184
2012416374 -22.9523031 -43.182303 142789557
142789557 -22.9522945 -43.1824554 143977866
2371414039 -22.9522923 -43.1870503 2371414043
2407003184 -22.952262 -43.1818462 148383009
2371414042 -22.9522544 -43.1866928 142764154
2371414043 -22.952238 -43.1870642 1956793912
2371414034 -22.9522364 -43.1866438 2371414042
2012416378 -22.9522351 -43.1820089 148383009
418044506 -22.9522198 -43.1865985 2371414034 418044504
148383009 -22.9522146 -43.1817358 2407003190
2407003190 -22.9521941 -43.1816538 148383008
143985951 -22.9521736 -43.1839765 143986442 142779862
148383008 -22.9521569 -43.1815603 2407003151
142875472 -22.9521473 -43.1822242 2012416378 142789557
142779862 -22.9521427 -43.1838768 408443967
763698957 -22.9521393 -43.1831492 763700507
408443967 -22.9521299 -43.1838417 416166028
2407003151 -22.9521074 -43.1814869 148383007
143986442 -22.9520858 -43.1839975 2339810114
299615672 -22.9520532 -43.1839251 142779862
148383007 -22.9520246 -43.1814085 148383005
763700507 -22.9520146 -43.1828726 763698957 1956796471
336097109 -22.9518381 -43.1839909 299615672
148383005 -22.9518252 -43.1812453 148383004
1956796471 -22.9518075 -43.1823377 417739523 763700507
417739523 -22.9517905 -43.1822066 142875472 1956796471
416166028 -22.9517599 -43.1829905 142874234
417739522 -22.9516431 -43.1821478 417739523
142875473 -22.9516196 -43.1822514 417739523
2012416379 -22.9515568 -43.1822985 142875473
416979572 -22.9515179 -43.1823762 2012416379
142874234 -22.951515 -43.1825274 2012416373 408443975
2012416373 -22.9515018 -43.1824374 416979572
336097110 -22.9514846 -43.1840762 336097109
2339810114 -22.9514542 -43.1841691 143985556
2339810115 -22.9514429 -43.1840891 336097110
506830711 -22.9514225 -43.18443 418044506
408443938 -22.951409 -43.1843913 506830711
2854143107 -22.9513987 -43.1843608 408443938
408443975 -22.9513954 -43.1823596 416166005
148383004 -22.9513937 -43.1808457 2407003194 2407003188 2407036509
143985556 -22.9513588 -43.1842448 2854143107
2407036509 -22.9513413 -43.1808298 2407036523
142778672 -22.9513146 -43.1841162 143985556 408443947 2339810115
416166005 -22.9512964 -43.1822404 2794984666
2407003188 -22.9512893 -43.180908 896732365
2407036523 -22.9512796 -43.180825 2407036502
506830733 -22.9512572 -43.1844659 506830711
408443947 -22.9512424 -43.1841302 418044469
2407036502 -22.9512243 -43.1808338 148384189
2407003194 -22.9512225 -43.180614 1745064528
148384189 -22.9511662 -43.1808543 2407036510
417739521 -22.9511292 -43.1817593 417739522 896732366
2407036510 -22.9511245 -43.180881 148380311
2407036494 -22.951122 -43.1807146 148380313
2794984666 -22.9511149 -43.1819894 896732364
148380313 -22.9511097 -43.1808116 148380311
1081135729 -22.9511094 -43.1805594 2407036494
896732366 -22.9510995 -43.1818527 896732364
148380311 -22.9510771 -43.1809171 1745064516
638029423 -22.9510637 -43.186553 638029427
2407036519 -22.9510462 -43.1807382 2407036525
416166026 -22.9510453 -43.1833286 142778672
1745064528 -22.9510363 -43.1803286 1081135729 2794818419
1745064529 -22.9510353 -43.1808129 2407036519
896732364 -22.9510337 -43.1818771 416166031
2407036525 -22.9510275 -43.1805918 344573127
1745064516 -22.9510191 -43.181017 1081032038
344573127 -22.9510084 -43.1805153 2407036508
1081135542 -22.9510059 -43.1809018 1745064529
1110775160 -22.9510008 -43.1862285 638029415
2407036526 -22.9509906 -43.180597 344573127
2794818419 -22.9509886 -43.1802008 1745064530 1745064528
2407036508 -22.9509748 -43.1804259 1745064566
1081135399 -22.9509681 -43.1807925 2407036526
1081135662 -22.9509654 -43.1809863 1081135542
1081032038 -22.9509605 -43.1810965 2407003158
1745064530 -22.9509601 -43.1801244 2794818419 1081135735
1081135848 -22.9509305 -43.1808867 1081135399
1081135735 -22.9509296 -43.1800359 1081135584 1745064530
896732365 -22.9509213 -43.1812344 417739520
638029402 -22.9509087 -43.182929 416166026 638029399
1081135485 -22.9508688 -43.1809734 1081135848
417739525 -22.9508614 -43.1811022 1081135662
416166031 -22.9508544 -43.1816558 142875251
2407003158 -22.9508518 -43.181212 1081032145
1745064566 -22.9508475 -43.1800729 344573202
2407003160 -22.950812 -43.1814655 417739521
417739520 -22.9508038 -43.181351 2407003146
2407003146 -22.9507933 -43.1813826 2407003196
2407003196 -22.9507908 -43.1814088 2407003160
416166003 -22.9507688 -43.1825199 638029402
142875251 -22.9507625 -43.1815436 2407056936 1081135654
417739510 -22.9507616 -43.1810725 1081135485
638029430 -22.9507575 -43.1899755 638029433
344370977 -22.9507566 -43.1860169 344370978
2407056936 -22.9507119 -43.1815053 417739519 1081032116
417739526 -22.9507036 -43.1812403 417739525
1081032145 -22.9506888 -43.181351 2407003155
2794984654 -22.9506834 -43.1822701 416166003
1081032116 -22.9506809 -43.1815244 416166033
527321338 -22.9506801 -43.1851977 527321342
1081135853 -22.9506764 -43.1811502 417739510
2407036500 -22.9506484 -43.1812147 1081135853
1081135654 -22.9506432 -43.1813284 2407036506
2407036506 -22.9506417 -43.1812619 2407036500
527321289 -22.9506251 -43.1854898 527321296
417739511 -22.9506089 -43.1811463 417739510
416166033 -22.9505935 -43.1815856 2407056893
2407036495 -22.9505785 -43.1812913 2407036520
1745064524 -22.950577 -43.1812599 2407036495
2407003155 -22.9505739 -43.1814316 148380309
417739519 -22.950572 -43.1813994 1745064549
2407036520 -22.9505662 -43.181321 1745064557
1745064553 -22.9505581 -43.1812278 1745064524
418044469 -22.950545 -43.1842048 38658105
416166030 -22.9505422 -43.1818573 2794984654
1745064557 -22.950541 -43.1813375 417739527
336097268 -22.9505237 -43.1818021 416166030
1745064533 -22.9505211 -43.1812007 1745064553
2407036531 -22.9505189 -43.1813774 417739526
417739527 -22.950507 -43.1813429 1745064549
248454462 -22.9505052 -43.1817552 336097268
2407056893 -22.9504654 -43.1816575 248454462
1745064549 -22.9504535 -43.1813341 2407041994
1745064554 -22.9504529 -43.1817133 248454462
506830734 -22.9504461 -43.1846421 506830733
148373966 -22.9504439 -43.1816066 2407056893
148380309 -22.9504348 -43.1815087 2407036512
417739512 -22.9504302 -43.1811754 1745064533 417739511
248454463 -22.9504092 -43.1817028 1745064554
2407056901 -22.9503587 -43.1815084 148373966
417739513 -22.9503321 -43.18116 417739512
2407036512 -22.9503233 -43.1815556 148380308
1081032085 -22.950294 -43.1814605 2407056901
344573128 -22.9502688 -43.1814935 2407036531
417739518 -22.9502674 -43.1800733 2407036530 338800608 146189741
1081032072 -22.9501873 -43.1814144 1081032085
2407036497 -22.9501781 -43.1811087 417739513
146189741 -22.9501661 -43.1800438 2370273530
2407036530 -22.9501538 -43.1802423 417739517
2407056904 -22.9500934 -43.181792 2407056927
2407056927 -22.9500896 -43.1817545 2407056908
2407056906 -22.9500858 -43.181808 2407056904
2407056913 -22.9500605 -43.1816689 2407056920
2407056908 -22.95006 -43.1817371 2407056900
2407056920 -22.9500521 -43.1817078 2407056926
417739514 -22.9500513 -43.1810382 2407036497
2407056898 -22.9500472 -43.1816109 2407056913
2407056905 -22.9500444 -43.1818436 248454463 2407056906
2407056900 -22.9500443 -43.1817403 2407056926
638029399 -22.9500351 -43.1832781 638029402
338800608 -22.9500303 -43.1801967 299615288
2407056943 -22.9500206 -43.1815537 2407056898
2407056926 -22.9500201 -43.1817481 2407056929
2407056909 -22.9500196 -43.181389 1081032072
2370273530 -22.9500105 -43.180068 365701536
2407056902 -22.9499807 -43.1815296 2407056943
2407036516 -22.9499803 -43.1809753 417739514
2407056929 -22.9499412 -43.181779 2407056940
148373967 -22.9499398 -43.1813956 2407056909
2407056937 -22.9499309 -43.1815205 2407056902
417739517 -22.9499279 -43.1804727 2407036528
417739515 -22.9499247 -43.1808856 2407036516
2407041994 -22.9499069 -43.1811081 299615259
2407036522 -22.9498787 -43.1807625 417739515
2407056947 -22.9498743 -43.1815308 2407056937
2407036528 -22.9498672 -43.1805588 417739516
2407056896 -22.9498524 -43.1814189 148373967
417739516 -22.949845 -43.180658 2407036522
365701536 -22.9498228 -43.1800975 146189744
142776471 -22.9497369 -43.1896942 3026245108
1007229777 -22.949715 -43.1829079 1162518708
146189744 -22.9497092 -43.1801028 365701165
2407056895 -22.9497024 -43.1814754 2407056896
3026245108 -22.9496826 -43.1891748 142765531
2407036513 -22.9496522 -43.18123 2407036501
2407036501 -22.9496519 -43.1811708 2407036504
142765531 -22.9496499 -43.1888617 142777825 527338821
806195938 -22.9496363 -43.1848181 506830734
299615261 -22.949635 -43.1813146 2407036513
365701165 -22.9496131 -43.1800625 1081032028
2407036504 -22.9496006 -43.1810255 2407036503
2407036517 -22.949596 -43.1813945 299615261
2407056892 -22.949591 -43.1816156 2407056947
527338821 -22.9495871 -43.1882692 527338836 506847485
506847485 -22.9495665 -43.1879181 506847486 1956793912
344370978 -22.9495643 -43.1862226 344370977 344370979
2407036503 -22.9495629 -43.1809662 299615259
1956793912 -22.9495628 -43.1877532 142773729
527321296 -22.9495398 -43.1856707 527321289 408443960
299615257 -22.9495386 -43.1814771 2407036517
527321342 -22.9495247 -43.1853948 527321255 527321338
299615288 -22.9495221 -43.1805719 2407036498 2407080705
142773729 -22.9495156 -43.1873596 638029427 142770538
1162518708 -22.9495054 -43.1820516 2407056905 1007229777
148380308 -22.949504 -43.1818529 2407056948
638029427 -22.9494992 -43.1870032 638029423 638029415
527338836 -22.9494854 -43.1883012 527338821 527338835
299615259 -22.949485 -43.1809043 1081032119
638029415 -22.949482 -43.1866281 344370979 1110775160
408443932 -22.9494768 -43.1817825 344573128
344370979 -22.9494642 -43.1862399 344370978 3026245107
3026245107 -22.9494629 -43.1862126 142773726
299615285 -22.9494566 -43.1808488 299615259
506830838 -22.94945 -43.1848668 806195938
2407036498 -22.949447 -43.1806955 2407036515
142773726 -22.9494414 -43.1857641 408443960
408443960 -22.9494387 -43.1856864 2012424782 527321296
2012424782 -22.9494347 -43.1856461 527321255
2407036515 -22.9494344 -43.1807199 299615287
299615286 -22.9494339 -43.1808089 299615285
142770538 -22.9494286 -43.1873596 142770537
299615287 -22.9494239 -43.1807574 299615286
527321255 -22.9494114 -43.1854124 527321342 506830732
2197861721 -22.9494041 -43.1848788 506830838
1081032119 -22.9493632 -43.1808541 147426100
506830732 -22.9493613 -43.18489 38658105 2197861721
142848379 -22.949328 -43.1857756 142773726
299615262 -22.9493106 -43.1816493 299615257 2407056892 2407056895
38658105 -22.9493022 -43.1842612 408443955 408443951
1081032084 -22.9492893 -43.1801807 1081032032
408443951 -22.9492892 -43.1841575 336095374
2407056946 -22.9492745 -43.1821494 1162518708 2407056919
147426100 -22.9492609 -43.1808238 2407036524
336095374 -22.9492569 -43.1839002 771802320
248454465 -22.9492356 -43.1821732 2407056946
2407056940 -22.949232 -43.1820415 2407056923
2407056919 -22.9492081 -43.1821464 2407056944
2407056934 -22.9492081 -43.1820686 2407056940
2407056903 -22.949201 -43.1822089 248454465
146174309 -22.9492004 -43.180349 1081032084
2407080705 -22.9491949 -43.1807414 146187551
2407056944 -22.9491933 -43.1821222 2407056921
2407056921 -22.9491933 -43.18209 2407056934
408443955 -22.9491879 -43.1842667 153822897
506847486 -22.9491842 -43.1880895 506847485 2655827819
2407036524 -22.9491666 -43.1808271 146187551
2407056891 -22.9491614 -43.1822665 2407056903
771802320 -22.9491449 -43.1827114 2407056918
2407056918 -22.9491215 -43.1825734 142773724
1745064565 -22.9491172 -43.1823827 2407056891
2360458520 -22.9491158 -43.1817262 299615262
142773724 -22.9490962 -43.1824898 2407056897 1745064565
1081032082 -22.9490836 -43.1805031 146174309
2407056897 -22.9490436 -43.182401 2407056915
146187551 -22.9489911 -43.1808408 2360458510
2407056915 -22.9489888 -43.1823482 2407056938
2407056938 -22.9489291 -43.1823055 2407056917
146174310 -22.9488733 -43.1806977 338800608 1081032082
2407056917 -22.9488533 -43.1822819 2407056933
2360458510 -22.9488422 -43.180921 2407080720
344573129 -22.9487894 -43.1820224 408443932
2407056933 -22.9487742 -43.1822719 2407056923
2407075898 -22.9487526 -43.1818665 2360458520
2360456758 -22.9487 -43.1808129 146174310
2407056923 -22.9486662 -43.1822852 2407064351
2407080720 -22.9486379 -43.181051 2360458517
2407056948 -22.9485484 -43.1822267 148377116
344573131 -22.9485347 -43.1820994 344573129
2407075892 -22.9484982 -43.1819543 2407075898
2407064351 -22.9484236 -43.1823572 148377116
2360456760 -22.948351 -43.1810527 2360456758
2407064356 -22.9483199 -43.1821594 344573131
148373969 -22.9481576 -43.1820554 2407075892
2407064354 -22.9481434 -43.1822013 2407064356
2012424788 -22.9480929 -43.1859025 142848379
148377116 -22.9480877 -43.1823984 771802328
2360458517 -22.9480749 -43.1814474 2407080726
146174311 -22.9480522 -43.181273 2360456760
771802328 -22.9479634 -43.1824253 148377115
2407080726 -22.9479551 -43.1815197 299615317
416979565 -22.9479299 -43.185816 153822897
142848381 -22.9479282 -43.1859021 416979565 2012424788
153822897 -22.9478936 -43.1842514 416979567 416979569
416979567 -22.9478876 -43.1842018 2249643556
1757393295 -22.9478656 -43.182132 344573131 148373969
416979569 -22.9478533 -43.1842543 454457495
1757393294 -22.9477883 -43.1821407 1757393295
1757393293 -22.9477857 -43.1822688 2407064354
143992837 -22.9477586 -43.1870158 142850044
2360475900 -22.9477491 -43.1821443 1757393294
2249643556 -22.947734 -43.1826698 148377115
2360475896 -22.9477255 -43.1822781 1757393293
299615317 -22.9477243 -43.1816322 2407080724 2407080715
1476454754 -22.947723 -43.181459 146174311
148377115 -22.9477189 -43.1824631 2251254167
299615318 -22.947713 -43.1821491 2360475900
1110784435 -22.9476557 -43.1820975 299615318
2407080724 -22.9476445 -43.1817336 299615316
2407080716 -22.9476178 -43.1820407 1110784435
299615316 -22.9476077 -43.1817951 299615319
299615314 -22.947596 -43.1819772 2407080716
299615319 -22.9475902 -43.1818599 2407080734
2407080734 -22.9475877 -43.1819296 299615314
2251254167 -22.9475786 -43.1824819 1757393299
527338835 -22.9475696 -43.1892567 527338836
2360475899 -22.94755 -43.1822896 2360475896
142777206 -22.9475475 -43.1899775 142765532
2407080712 -22.9475094 -43.1815329 1476454754
1757393299 -22.9475032 -43.1824866 2407064355
2407080715 -22.9474954 -43.1817038 3766700727
2655827819 -22.9474815 -43.1888619 506847486
142770537 -22.947276 -43.1881009 142851687
146174312 -22.9472723 -43.1815956 2407080712
3766700727 -22.9472285 -43.1817672 2407080729
142851687 -22.9472114 -43.1881152 142769423 142851686
148373970 -22.947201 -43.182168 299615318
142859368 -22.947189 -43.1894913 142859537 142777206
142769423 -22.9471049 -43.1883038 142769424 142851687
2407080729 -22.9469871 -43.1818031 146187548
454457495 -22.9469572 -43.184267 38658108
2360444562 -22.946946 -43.1821712 148373970
142851686 -22.9469124 -43.187131 142850044
2407064355 -22.9469113 -43.1825439 2251254157
2407075893 -22.9469101 -43.1823119 2360475899
146174313 -22.9469025 -43.1816554 146174312
454457493 -22.9469017 -43.1857283 142848381 454457495
142777208 -22.9468915 -43.1890763 142859368
142850044 -22.9468052 -43.1868978 143992837 142777214
146187548 -22.9467551 -43.1818293 3766700724
3766700725 -22.9467177 -43.1816724 146174313
2251254157 -22.9466622 -43.1825577 2407075900
2407075909 -22.9466138 -43.1823009 2407075893
3766700724 -22.9464825 -43.1818427 2360444560
2012424797 -22.9464735 -43.1856544 454457493
2012424780 -22.9464404 -43.1856483 2012424797
2407080709 -22.9464332 -43.1816817 3766700725
2407075900 -22.9463531 -43.1825557 148377114
142777217 -22.9463428 -43.1856323 2012424780 2012424778
2012424778 -22.9463315 -43.185725 2012424781
2012424781 -22.9463239 -43.1857695 142777214
2360444560 -22.9462562 -43.1818423 146187545
1757393296 -22.9461607 -43.1821338 2360444562
142777214 -22.9461568 -43.1868093 3289193592 3289193593
1757393297 -22.9461478 -43.1822703 2407075909
3289193592 -22.9461469 -43.1868871 142769424
2339827201 -22.946104 -43.1821304 1757393296
2339827200 -22.9460944 -43.1822681 1757393297
38658108 -22.9460897 -43.1841908 454457479 454457477
3289193593 -22.9460864 -43.1867972 2404305055
3071006093 -22.946086 -43.1844108 142848382
454457479 -22.9460842 -43.1843405 3071006093
418044462 -22.9460835 -43.1839285 418044463 38658108
142848382 -22.9460505 -43.1855721 142777217
2407080711 -22.9460251 -43.1816638 2407080709
338799181 -22.9460234 -43.1827505 418044462
2339827199 -22.9460226 -43.1826928 338799181
146187545 -22.9460184 -43.1818263 2407080702
148377114 -22.9460131 -43.1825373 2339827198 2339827199
2370274939 -22.9460128 -43.1821232 2339827201 149381269
149381269 -22.9460076 -43.1822643 148377114 2339827200
142769424 -22.9459802 -43.1881839 142769423 142770534
142770534 -22.9459703 -43.1882872 142777211
454457477 -22.9459458 -43.1841712 3071006092
142777211 -22.9458956 -43.1889647 142777208
2370273532 -22.9458771 -43.1822532 149381269
3071006092 -22.9458696 -43.18416 418044464
2339827198 -22.9458522 -43.1825155 338799077
338799077 -22.9458025 -43.1825043 1185559970
2407080702 -22.9457761 -43.1818006 2407080706
146174314 -22.9457168 -43.1816248 2407080711
2407075897 -22.9456093 -43.1820497 2370274939
1185559970 -22.9455756 -43.1824693 148377113
2407080706 -22.945462 -43.1817393 146187543
2407075904 -22.9454273 -43.1819943 2407075897
2407080707 -22.9454223 -43.1815642 146174314
149369298 -22.9453455 -43.1821551 2370273532
146187543 -22.9452305 -43.181676 3766700720
343996671 -22.9451646 -43.1896875 343996670 343996673
343996673 -22.9451623 -43.1896505 343996674 343996671
343996670 -22.9451565 -43.1897281 343996668 343996671
343996674 -22.9451492 -43.1896188 343996675 343996673
343996668 -22.9451399 -43.189752 343996667 343996670
343996675 -22.9451209 -43.189583 343996674 343996677
2407075896 -22.9451159 -43.1821285 149369298
343996667 -22.945112 -43.1897724 2404295957 343996668
2407080717 -22.9450701 -43.1814533 2407080707
148377113 -22.9450699 -43.1823515 148377112
343996677 -22.9450663 -43.1895575 343996675 343996679
2404295957 -22.9450435 -43.189804 343996667 2404295943
343996679 -22.9450172 -43.1895578 343996677 2404295942
2404295943 -22.9450069 -43.1898299 343996665 2404295957
2404295942 -22.9449949 -43.1895667 2404295963 343996679
3766700720 -22.9449816 -43.1815955 2339817328
343996665 -22.9449717 -43.1898703 2404295926 2404295943
2404295963 -22.944942 -43.1896149 2404295942 343996681
2404295926 -22.9449237 -43.189968 2404295975 343996665
149369299 -22.9449174 -43.1820869 2407075896
2407080701 -22.944867 -43.1813786 2407080717
343996681 -22.9448513 -43.1897228 2404295963 2404295979
2404295979 -22.9448162 -43.189748 343996681 2404295940
418044463 -22.9448095 -43.1836512 418044462 418044465
418044465 -22.944768 -43.1838625 418044464 418044463
418044464 -22.9447528 -43.1839226 418044465 1110812712
2339817328 -22.9447509 -43.1815071 2407080700
2404295940 -22.9447444 -43.1897674 2404295979 2404295936
2404295936 -22.94471 -43.1897619 2404295988 2404295940
149382629 -22.9446896 -43.1818694 149369298
2404295988 -22.9446733 -43.189745 2404295936 343996683
343996683 -22.9446346 -43.1897134 2404295988 2404295965
2407080700 -22.9445745 -43.1814211 146187542
2407075907 -22.9445584 -43.181653 2407075904
146174316 -22.9445465 -43.1812295 2407080701
2404295965 -22.9445437 -43.1896059 343996683 2404295927
2404305055 -22.9443957 -43.1865384 1075635733
2404295927 -22.9443658 -43.1893049 343996685 2404295965
2481871851 -22.9443653 -43.1817451 149382629
149369301 -22.944364 -43.1818707 149369299
2407091203 -22.9443384 -43.1815763 2407075907
343996685 -22.9443237 -43.1892475 2404295961 2404295927
1075635733 -22.9443191 -43.1865317 2848299333
148377112 -22.9443175 -43.1820919 2481871857 1186720873
2404295961 -22.944292 -43.189215 343996685 2404295930
146187542 -22.944264 -43.1812535 2407080710
2404295930 -22.9442571 -43.1891939 2404295961 2404295954
1186720873 -22.9442051 -43.1821276 2407075906
3766700716 -22.9441767 -43.1817242 2481871851
2407075906 -22.9441604 -43.1821267 3766700714
1743948165 -22.9441501 -43.1809905 146174316
2404295954 -22.9441376 -43.1891686 2404295958 2404295930
3766700714 -22.9441274 -43.182139 3766700712
3766700712 -22.944104 -43.1821614 149364728
2407091211 -22.9441036 -43.1814382 2407091203
2404295958 -22.9440872 -43.1891749 2404295954 2404295928
1985396160 -22.9440815 -43.1817775 149369301
149364728 -22.9440812 -43.1822047 1110812739
1110812739 -22.944077 -43.1822485 149362164
3766700711 -22.9440756 -43.181702 3766700716
3766700709 -22.9440686 -43.1821158 149364728
2404295928 -22.9440558 -43.1891937 2404295958 2404295962
1186720893 -22.9440544 -43.1820756 3766700709
149365658 -22.9440218 -43.1820461 1186720893
3766700706 -22.9440014 -43.1816749 3766700711
1110812712 -22.9439861 -43.183726 38658111
149362164 -22.9439748 -43.1829093 38658111
2404295962 -22.9439209 -43.1893758 2404295982 2404295928
2407080710 -22.9439168 -43.1810204 2339817329
1186720938 -22.9438925 -43.181728 1985396160
2404295982 -22.9438855 -43.1894127 2404295990 2404295962
146174317 -22.9438469 -43.1807699 1743948165
2404295990 -22.9438349 -43.1894465 2404295982 343996689
3766700701 -22.9438217 -43.1815659 3766700706
148373977 -22.9438092 -43.1812629 2407091211
38658111 -22.9438087 -43.1836742 1110812737 1110812707
1110812707 -22.9437945 -43.1837849 2012424775 38658111
149365661 -22.9437932 -43.1819483 149365658
3766700697 -22.9437814 -43.1815548 3766700701
2481871857 -22.9437748 -43.1818523 454457437 2481871856
2481871853 -22.9437378 -43.1815542 3766700697
2339817329 -22.943724 -43.1808723 2360465979
3071042276 -22.9437051 -43.1815663 2481871853
2481871856 -22.9436943 -43.1817792 3766700690
2012424793 -22.9436896 -43.1852344 142848382
2370274938 -22.9436865 -43.1806395 146174317
149384212 -22.943685 -43.1812401 148373977
149369302 -22.9436807 -43.1817021 1186720938
3071042275 -22.943676 -43.1815931 3071042276
3766700690 -22.9436689 -43.1817478 3766700688
2481871854 -22.9436594 -43.1816233 3071042275
3766700688 -22.9436522 -43.1817083 3071042277
3071042277 -22.9436508 -43.1816691 2481871854
2012424795 -22.9436442 -43.185227 2012424793
1110812737 -22.9436185 -43.1835865 38658113
2848299333 -22.9436132 -43.1858805 142850040
2012424775 -22.943589 -43.185108 142848384 1110812707
142848384 -22.94357 -43.185213 2012424795 2012424775
3766700680 -22.9435691 -43.1812075 149384212
2012424785 -22.9435605 -43.1853038 142848384
2012424790 -22.9435521 -43.1853684 2012424785
344539747 -22.9435453 -43.181864 149365661
38658113 -22.9435301 -43.1835335 2407121171
2360465979 -22.9435096 -43.1806875 2339817330
142850040 -22.9435025 -43.1858173 2404305068 2012424790
3766700669 -22.9434725 -43.1818519 344539747
2407091209 -22.9434691 -43.1812167 2481871851
2407091206 -22.9434681 -43.1811663 3766700680
2360465975 -22.9434447 -43.1804174 2370274938
149369304 -22.9434375 -43.1816846 149369302
2407091210 -22.9433503 -43.1811345 2407091209
2407091207 -22.9433438 -43.1810952 2407091206
148373979 -22.9433421 -43.1809412 148373977
454457438 -22.9433315 -43.1817825 1110812676
3766700657 -22.9433275 -43.1818092 454457438
3766700656 -22.9433193 -43.1818306 3766700657
1110812676 -22.9433086 -43.1816667 3766700648
344539781 -22.9433075 -43.1818451 3766700669 3766700656
2404305069 -22.9432942 -43.1873871 343995068 2404305047
3766700648 -22.9432872 -43.1816079 454457437
1985396158 -22.9432871 -43.1817009 149369304
343995068 -22.9432854 -43.1873174 2404305070 2404305069
2404305047 -22.9432765 -43.1875156 2404305069 343995070
2404305070 -22.9432681 -43.1872899 2404305051 343995068
2404305068 -22.9432675 -43.1858889 142850040 2404305080
454457437 -22.9432567 -43.1815574 1110812682
149382632 -22.9432387 -43.1810456 2407091207 2407091210
2404305051 -22.9432351 -43.1872628 2404305028 2404305070
2407080735 -22.9432003 -43.1801419 2360465975
2404305080 -22.9431978 -43.1858977 2404305068 2404305043
2339817330 -22.9431749 -43.1803511 3766700608
2404305043 -22.9431687 -43.1859152 343995033 2404305080
343995033 -22.9431528 -43.1859496 2404305043 343995036
2404305028 -22.9431366 -43.1872402 2404305035 2404305051
1186720877 -22.943115 -43.181733 1985396158
343995036 -22.9430976 -43.1861956 343995033 2404305034
2404305004 -22.9430925 -43.1856255 2404305049 2404305022
2407121171 -22.9430895 -43.183252 38656233
2404305049 -22.9430869 -43.1855895 2404305004 343995043
378683328 -22.9430856 -43.1807376 148373979
343995070 -22.9430819 -43.1882188 2404305047 343995072
2404305034 -22.9430758 -43.1862204 2404305073 343995036
343995043 -22.9430667 -43.1855624 2404305049 343995044
343995044 -22.9430377 -43.185554 343995043 343995045
2404305073 -22.943028 -43.1862323 343995039 2404305034
343995045 -22.9429983 -43.1855695 343995044 343995046
378683330 -22.9429972 -43.180843 149382632
343995039 -22.9429958 -43.186224 2404305073 2404305018
1985396165 -22.942985 -43.1818695 344539781
343995072 -22.9429755 -43.1885483 343995070 2404305053
2404305018 -22.9429748 -43.1862013 343995039 2404305012
2404305022 -22.9429736 -43.1861229 2404305012 2404305004
2404305012 -22.9429648 -43.1861752 2404305018 2404305022
343995075 -22.9429605 -43.1877745 343995077 2404305081
2404305053 -22.9429583 -43.1885657 343995072 2404305020
343996689 -22.9429573 -43.1898699 2404295990 2404295948
343995046 -22.9429565 -43.1856609 343995045 2404305067
343995077 -22.9429539 -43.1877146 2404305076 343995075
3766700608 -22.9429442 -43.1800765 3766700602
2404305076 -22.9429373 -43.1876782 343995077 2404305078
2404305020 -22.9429171 -43.1885735 2404305014 2404305053
1186720884 -22.9429011 -43.1817849 1186720877
2404305078 -22.9428984 -43.1876503 2404305076 2404307742
2404305014 -22.9428887 -43.1885573 2404305020 2404305081
2404305081 -22.9428808 -43.1885261 2404305014 343995075
1110812682 -22.9428732 -43.1812752 468728799
1985396127 -22.9428488 -43.181914 1985396165
2404305067 -22.9428372 -43.1863865 2404305065 343995046
2404307742 -22.9428147 -43.1876379 2404307746 2404305078
2404295948 -22.942814 -43.1899313 343996689 2404295960
2404305065 -22.9428073 -43.1864993 343995049 2404305067
343995049 -22.9427814 -43.1865531 2404305065 343995051
2407091199 -22.9427806 -43.180636 378683330
2407095795 -22.9427675 -43.1804318 378683328
2404307746 -22.9427334 -43.1876422 343995078 2404307742
38656233 -22.9427301 -43.18294 344539969
2404295960 -22.9427201 -43.1899532 2404295948 343996691
343995051 -22.9427089 -43.1866533 343995049 2404305074
2404305035 -22.9426846 -43.1872006 343995066 2404305028
343995078 -22.9426753 -43.1876563 2404307746 2404307717
343996691 -22.9426231 -43.1899599 2404295960 2404295945
2407091205 -22.9426173 -43.1804886 2407091199
2404307717 -22.9426148 -43.1876882 343995078 343995080
343995066 -22.9426073 -43.1872042 2404305016 2404305035
1110812710 -22.9425945 -43.1820502 1985396127
468728799 -22.9425883 -43.1810152 378683332
378683332 -22.9425551 -43.180977 248170395
2404305016 -22.9425392 -43.1872242 343995066 343995063
149369306 -22.9425114 -43.1819242 1186720884
2404295945 -22.9425105 -43.1899423 343996691 343996692
2407095798 -22.9425009 -43.1801582 2407095795
248170394 -22.9424506 -43.180293 2407091205
343995090 -22.9424295 -43.1853833 343995089 343995091
343995089 -22.9424197 -43.185442 2404307735 343995090
343995091 -22.9424139 -43.1853366 343995090 2404307723
343996692 -22.942413 -43.1899148 2404295945 2404295978
2404307723 -22.9423859 -43.185313 2404307726 343995091
2404307726 -22.9423585 -43.1853098 2404307723 2404307715
343995063 -22.942352 -43.1873287 2404305037 2404305016
344539782 -22.9423403 -43.1821738 1110812710
434943443 -22.9423186 -43.1804395 248170394
2404307715 -22.9423142 -43.1853205 2404307726 343995092
344539969 -22.9423063 -43.1824805 38655871 1985396169
2163914738 -22.9422872 -43.1804765 434943443
343995092 -22.9422813 -43.1853603 2404307715 343995094
343995080 -22.9422754 -43.1879459 2404307717 343995081
2404307735 -22.9422552 -43.1860554 343995087 343995089
2404305037 -22.9422518 -43.1873617 343995062 343995063
344539968 -22.9422447 -43.1822225 344539782
149369310 -22.942232 -43.1820249 149369306
1985396169 -22.9422285 -43.1823302 1985396172
1985396156 -22.9422245 -43.1822516 344539968
343995087 -22.9422238 -43.1861363 2404307735 2404307739
248170395 -22.942223 -43.1805623 2163914738 2163914735
1985396172 -22.942221 -43.1822906 1985396156
343995062 -22.9422107 -43.1873558 2404305037 2404305045
638038195 -22.942189 -43.1821871 344539782
3766680054 -22.9421885 -43.1800301 2407095796
343995081 -22.9421861 -43.1879927 343995080 2404307720
2407095796 -22.9421819 -43.1800757 2407095801
2404305045 -22.9421757 -43.1873344 343995061 343995062
343995983 -22.9421633 -43.1890481 343995984 2404307743
2404305074 -22.9421604 -43.187155 343995051 343995057
38655871 -22.9421601 -43.1823626 248454383
2407095801 -22.9421597 -43.1801336 2162577557
343995061 -22.9421493 -43.1873057 343995060 2404305045
2163914735 -22.9421469 -43.1804785 434943444
2404295978 -22.9421466 -43.1898015 2404295972 343996692
343995984 -22.9421436 -43.1891562 343995983 2404307741
2404307743 -22.9421434 -43.1887383 343995983 343995982
343995057 -22.9421393 -43.1871825 343995058 2404305074
378684135 -22.9421356 -43.1806881 248170395
343995060 -22.9421317 -43.1872682 343995058 343995061
343995058 -22.9421272 -43.1872249 343995060 343995057
2162577557 -22.9421251 -43.180168 2162577558
343995982 -22.9421233 -43.1886721 2404307724 2404307743
2404307741 -22.9421161 -43.1892239 343995984 2404307750
434943444 -22.9421128 -43.1804352 2162577563
2404307724 -22.9421016 -43.1886257 2404307737 343995982
2162577558 -22.9420802 -43.1801919 2162577559
2404307750 -22.9420761 -43.1892896 2404307741 343995985
343995094 -22.9420751 -43.185886 2404307744 343995092
2404295972 -22.9420712 -43.1897795 2404295978 2404320764
2404307737 -22.9420676 -43.1885892 2404307724 2404307728
2404307720 -22.9420545 -43.1880376 343995081 2404307749
2404295971 -22.942038 -43.1898345 2404295931 2404320764
248454383 -22.9420338 -43.18228 1985396175
343995985 -22.942031 -43.1893426 2404307750 2404307722
2162577559 -22.9420309 -43.1801965 2162577562
2404320764 -22.9420279 -43.1897753 2404295972 343996694 2404295971
2404307728 -22.9420242 -43.1885573 2404307737 2404307716
343996694 -22.9419946 -43.189772 2404295970 2404320764
2404307722 -22.9419832 -43.1893908 2404307718 343995985
1985396179 -22.9419776 -43.1820673 1985396177
1985396177 -22.941976 -43.1820186 468728561
2162577562 -22.941976 -43.1801867 2162577563
2404307716 -22.9419733 -43.1885343 343995102 2404307728
2404307749 -22.9419705 -43.1880514 2404307720 343995083
2857262501 -22.9419694 -43.1821767 638038195
1985396175 -22.9419478 -43.1822571 1985396154
1985396121 -22.9419423 -43.1821439 1985396179 149369310
2404307718 -22.9419294 -43.1894275 2404307732 2404307722
343995083 -22.9419038 -43.1880533 2404307727 2404307749
2162577563 -22.9418925 -43.1801542 148377108
149365669 -22.9418714 -43.1821722 2857262501 1985396121
2404295970 -22.9418667 -43.189794 343996816 343996694
1985396154 -22.9418574 -43.1822563 38655869
468728561 -22.9418525 -43.181829 248170397
2404307727 -22.9418313 -43.188042 343995083 2404307745
343995102 -22.9417997 -43.1884922 2404307719 2404307716 2404307748
343996816 -22.9417734 -43.1898208 2404295970 343996813
38655869 -22.9417703 -43.1822893 2506820640
2404307745 -22.9417605 -43.1880199 2404307727 343995084
343995084 -22.9417017 -43.1879846 2404307745 2404307740
2404307719 -22.9416988 -43.1884405 2404307736 343995102
2404307740 -22.9416539 -43.1879334 343995084 2404307714
2404307748 -22.9416391 -43.1884812 2404308791 343995102
2404307736 -22.9415992 -43.1883751 2404307731 2404307719
2404307714 -22.9415921 -43.1878488 343995085 2404307740
2404307739 -22.9415919 -43.1873104 343995087 2404307734
248169884 -22.9415919 -43.1822709 149365669
2404308791 -22.941559 -43.1884669 2404308775 2404307748
248170397 -22.9415522 -43.1814436 468745151 378684135
343995085 -22.9415503 -43.1877472 2404307714 2404307747
527438487 -22.9415434 -43.1853939 527438483 2404308780
2404307734 -22.9415418 -43.1874392 343995086 2404307739
527438483 -22.9415397 -43.1853294 2404308773 527438487
2404307747 -22.9415335 -43.1876512 343995085 343995086
2404307732 -22.9415301 -43.189633 2404307718 343995987
2404308773 -22.9415264 -43.1853062 2404308778 527438483
343995086 -22.941524 -43.1875404 2404307747 2404307734
2404308780 -22.9415215 -43.1855024 527438487 2404308777
468745151 -22.9415015 -43.1813787 378684139
2404308775 -22.9414882 -43.1884362 343995607 2404308791
2404308778 -22.9414846 -43.1852956 527438480 2404308773
343996813 -22.941476 -43.1898813 343996816 2404295935
378684139 -22.9414746 -43.1813418 340480563
527438480 -22.9414619 -43.1853041 2404308790 2404308778
343995987 -22.9414332 -43.1896664 2404307732 343995988
2404308790 -22.9414229 -43.185352 527438480 2404308785
343995607 -22.9414189 -43.1883898 2404308775 2404308779
2404295935 -22.9414077 -43.1898751 2404295947 343996813
2404307731 -22.9414008 -43.1882109 2404307721 2404307736
2404307744 -22.9413653 -43.1871939 343995094 2404307738
2404308785 -22.9413628 -43.1855013 2404308790 2404308786
2404307721 -22.9413583 -43.1881634 2404307729 2404307731
2404295947 -22.9413534 -43.1898526 2404295935 343996812
2404308779 -22.9413428 -43.1883372 343995606 343995607
343996812 -22.9413155 -43.1898144 2404295947 2404295937
2404307729 -22.9413146 -43.1880957 2404307721 343995100
2404295937 -22.9412804 -43.18976 343995988 343996812
343995100 -22.9412727 -43.1880089 2404307733 2404307729
343995988 -22.9412642 -43.1897016 343999021 2404295937 343995987
343995606 -22.9412481 -43.1882583 2404308789 2404308779
2404307733 -22.9412479 -43.1879151 343995098 343995100
2404307738 -22.9412416 -43.1874883 2404307744 343995097
344548869 -22.9412281 -43.1819054 248170397
343995098 -22.9412216 -43.1878052 2404307751 2404307733
343995097 -22.9412154 -43.1876064 2404307751 2404307738
2404307751 -22.9412096 -43.1876999 343995097 343995098
2404308789 -22.9411844 -43.1881934 2404308784 343995606
2506820640 -22.9411543 -43.1825349 378682819
378682819 -22.9411307 -43.1825443 378682822
2506820643 -22.9411273 -43.1824331 248169884
2404308784 -22.9411119 -43.1881026 343995604 2404308789
343995604 -22.9410685 -43.188013 2404308776 2404308784
343999021 -22.9410594 -43.1896958 343995988 2406964104
2404308777 -22.9410445 -43.1874846 2404308780 2404308787
2404308776 -22.941041 -43.187924 343995603 343995604
343995603 -22.9410252 -43.1878176 2404308787 2404308776
2404308787 -22.9410175 -43.1877137 2404308777 343995603
2404308786 -22.9410083 -43.1865311 2404308774 2404308785
2404308774 -22.9409634 -43.1866271 527438472 2404308786
344542082 -22.9409533 -43.1823213 344548869
527438472 -22.940918 -43.1866984 527438469 2404308774
2406964104 -22.9408666 -43.1896564 343999021 343999023
343999023 -22.9408062 -43.1896301 2406964104 2406964140
2406964140 -22.9407335 -43.1895853 343999023 343999025
248170399 -22.9407245 -43.1825737 2506820643 344542652 344542082
343999025 -22.940682 -43.1895346 2406964126 2406964140
527438545 -22.9406457 -43.1851759 527438469
378682822 -22.9406419 -43.1826901 1985396162
527438469 -22.9406278 -43.187149 527438472 527438545 527438463
527438463 -22.940622 -43.1877923 527438469
344542651 -22.9405738 -43.1826182 248170399
2406964126 -22.9405298 -43.18934 2406964080 343999025
2406964080 -22.9404507 -43.1892504 2406964126 2406964159
344542652 -22.9404404 -43.1823166 344542653 248170399
2406964159 -22.9403845 -43.1891873 2406964080 2406964114
344542653 -22.9403376 -43.1824281 344542652 344542654 344542687
1985396162 -22.9403197 -43.1827794 2268582179
2406964114 -22.9402996 -43.1891222 2406964159 343999026
343999026 -22.940221 -43.1890895 2406964114 2406964151
452058992 -22.940217 -43.1827186 344542651
2406964151 -22.9401695 -43.1890793 343999026 2406964082
344542687 -22.9401638 -43.1826341 344542653 344542688
