148201837 -22.9799745 -43.1895441 326211755 1108247191
1108247191 -22.9799688 -43.1897076 326213481
148199716 -22.9792398 -43.1891197 148199715
326211755 -22.97919 -43.1893276 1108247089
1108247196 -22.9791566 -43.1894622 326211755
326213480 -22.9790415 -43.1899268 1108247196 151478849
3626025967 -22.978556 -43.1888805 148199716
1108247190 -22.9785136 -43.1888656 3626025967
1108247089 -22.9784526 -43.1890753 3626025964
3626025964 -22.9783914 -43.1890574 148201835
378689620 -22.9783346 -43.1887932 1108247190 148201835
148201835 -22.9782865 -43.1890239 3626025965 1108247234
3626025965 -22.9782604 -43.1891566 3626025966
3626025966 -22.9782517 -43.1892012 151478849
1108247234 -22.9781766 -43.1889783 3626025963
151478849 -22.9781525 -43.1897069 148823583 151483591
3626025963 -22.9781216 -43.1889527 148201833
3626025962 -22.9777605 -43.1885424 378689620
148201833 -22.977337 -43.1885867 3626025947 1108247221
1108247221 -22.9773086 -43.1887101 151483591
148199717 -22.9771839 -43.1883131 3626025962
151483591 -22.9771154 -43.1894386 148823584 153807611
3487920994 -22.9767638 -43.1880999 148199717
3626025947 -22.9766415 -43.188297 1108247220
1108247220 -22.9762177 -43.1880575 148201832
3626025955 -22.9761949 -43.1878317 3487920994
3626025954 -22.9761529 -43.1878491 3626025955
3487920995 -22.9761245 -43.1878759 3626025954
148201832 -22.9760617 -43.187968 1108247275 3487920995
148199719 -22.9760597 -43.1876867 3487920994
1108247129 -22.9760252 -43.1881343 148201832
153807610 -22.9759637 -43.1889561 1108247129 153801648
153807611 -22.97595 -43.1891382 153807610
1108247275 -22.9759335 -43.1878966 153801749
1162636217 -22.9758921 -43.1899119 153807611
1162636204 -22.9757944 -43.1899921 148823585
2983981512 -22.9757532 -43.189969 1162636204
153801749 -22.9754644 -43.1876392 1108247169
148199721 -22.9752233 -43.1871907 148199719
153801648 -22.9752188 -43.1884516 153801749 150977946
2368201415 -22.9751986 -43.1871764 148199721
1162636223 -22.9751672 -43.1896408 2983981512
2983981519 -22.9751178 -43.1896113 1162636223
1108247169 -22.9750967 -43.1873897 148201830
1108247266 -22.9750523 -43.187092 2368201415 148201830
1162636224 -22.9749631 -43.1893207 153801648
148201830 -22.97494 -43.187289 1108247142 150977946
153801649 -22.9749126 -43.1894923 1162636224 2983981519
148823586 -22.9748634 -43.1894611 153801649
1162636218 -22.9748632 -43.1896583 153801649
2983981520 -22.9748264 -43.1894396 148823586
1108247142 -22.9747781 -43.1871993 332239950
332239858 -22.9747465 -43.1868699 1108247266
150977946 -22.9745424 -43.1879866 1162636197 153812772
1162636187 -22.9741727 -43.1890096 2983981520
1162636197 -22.9740784 -43.1888005 148823588
148199722 -22.9740679 -43.1863997 332239858
148823588 -22.9740168 -43.1889086 1162636187 1162636203
1162636203 -22.9739464 -43.1890322 150977944
1162636198 -22.973902 -43.1888312 148823588
332239950 -22.9738602 -43.1865196 332239947
150977944 -22.9734559 -43.1898926 148824289 153801651
1108247227 -22.9732691 -43.1857426 148199722
332239947 -22.9732589 -43.1860607 1108247302
148823589 -22.9732498 -43.1884269 1162636198
2368201418 -22.9732348 -43.1857138 1108247227
148199724 -22.9731785 -43.1856598 2368201418 146379406
1108247302 -22.9731093 -43.1859169 2368201414
2368201414 -22.973091 -43.1858993 146379406
1793075833 -22.9730576 -43.1886982 148824290
146379406 -22.9730201 -43.1858311 1108247251 1108247262
1108247262 -22.9729002 -43.1859408 153812772
1108247251 -22.9728403 -43.1856622 146377308
148823590 -22.9725123 -43.1879473 148823589
153812772 -22.9721962 -43.1865848 153815610 1162640695
148199725 -22.9720007 -43.184574 148199724
857747580 -22.9719591 -43.1875611 857747579 148823590
1108187641 -22.9718337 -43.1843685 148199725
2368197456 -22.9718106 -43.1843423 1108187641
146377308 -22.9717888 -43.184674 148199725 1108187736
1108187736 -22.971671 -43.1845394 2368197454
2368197454 -22.9716518 -43.1845175 1108187466
1162640696 -22.9716373 -43.1873288 857747580
1162640695 -22.9716271 -43.1871153 146379408
1108187929 -22.9715745 -43.1848651 146377308
146379408 -22.9715094 -43.187232 1162640691 1162640696
857747579 -22.9714159 -43.1880546 857747580
1162640693 -22.9714114 -43.187141 146379408
1162640691 -22.9713735 -43.1873511 146379409
148824291 -22.9712973 -43.1892884 153797663 1901531305 148823590
153815610 -22.9710899 -43.1852973 153815534 1108187929
1108187613 -22.9709617 -43.1833787 2368197456
2368197455 -22.9709242 -43.1833361 1108187613
148199726 -22.9708252 -43.1832237 146369499 2368197455
1108187466 -22.9707783 -43.1835191 2368197458
2368197458 -22.9707578 -43.1834957 146369499
3566970742 -22.9707248 -43.1864582 1162640693
153797663 -22.9707145 -43.1899429 153797662
332239690 -22.9706748 -43.1830341 148199726
146369499 -22.97066 -43.1833839 1108187782 1108187917
1108187782 -22.9705564 -43.1834692 153815534
1108187917 -22.9705163 -43.1832176 148201829
1901531305 -22.9704198 -43.1884203 146379409
1162640698 -22.9703982 -43.1861334 3566970742
1162640681 -22.9703927 -43.1858984 153815610
146379409 -22.9703172 -43.1883081 153796878 1901531306
146377309 -22.9702691 -43.186005 1162640681 1162640698
332239693 -22.9702103 -43.1823713 332239690
1901531306 -22.9702028 -43.1881646 1901643055
1162640684 -22.9701727 -43.1858899 146377309
1162640682 -22.9701511 -43.1861012 146377309
148201829 -22.9700955 -43.1826188 332239536 1108187401
1108187401 -22.9699905 -43.1827104 157861629
332239536 -22.9699475 -43.1824049 332239533
153815534 -22.9699197 -43.1839939 857747590
1901643055 -22.9697822 -43.1875026 3566970741
857747590 -22.9697465 -43.1841279 1162645232 892159923
153796878 -22.969738 -43.1888605 857747582 153797663 146379411
3566970741 -22.9696663 -43.1873202 146377310
857747583 -22.9695884 -43.1883765 857747582
892159923 -22.9695579 -43.1838271 157861629
1108187755 -22.9695373 -43.1813843 332239693
332239533 -22.9695092 -43.1817702 148201827
148201827 -22.9694754 -43.1817217 892160085
857747582 -22.96946 -43.1884838 857747581 857747583 153796878
1108187600 -22.9693677 -43.1818103 148201827
1901607691 -22.9693655 -43.1899536 2162404878
146377310 -22.9693217 -43.1867779 1162640682 146369496
2162404878 -22.9692849 -43.1898306 2162404897 146379411
1162645232 -22.9692578 -43.1845196 146369497
1162645227 -22.9692548 -43.1847679 1162640684
157861629 -22.969213 -43.183291 892159904
146369497 -22.9691333 -43.1846193 1162645246 1162645227
857747581 -22.9690747 -43.1888056 857747582
1162645250 -22.9690473 -43.1844854 146369497
146379411 -22.9690461 -43.1894663 243948936 2283566033
857747612 -22.9690341 -43.1870259 857747611 146377310
1212100948 -22.9690109 -43.1805717 1108187755
1162645246 -22.9689912 -43.1847289 146369496
892160085 -22.9689409 -43.1808899 157865036
148199728 -22.9689212 -43.1804332 1212100948
2368196616 -22.9689024 -43.1804026 148199728
157865036 -22.968828 -43.1807159 1212100948 892160077
892160077 -22.9687446 -43.1805783 2368196617
2368196617 -22.9687276 -43.1805506 332238848
892160119 -22.9687252 -43.1808011 157865036
892159904 -22.9686725 -43.1836934 148823591
892159932 -22.9686401 -43.1838511 1162645250
857747614 -22.968633 -43.1873717 857747612
148823591 -22.968579 -43.1837559 892159899 892159932
2866731150 -22.9685405 -43.1885264 1901643055
892159935 -22.9685054 -43.1836413 148823591
2283566033 -22.968473 -43.1885815 146377311 2866731150 2866731149
892159899 -22.9684655 -43.1838447 892159898
2866731149 -22.9684036 -43.1886432 506682762
146369496 -22.968324 -43.1852437 857747611 148824292
1901630548 -22.9682211 -43.1895015 1901630597
1901630597 -22.9681634 -43.1895198 1901630551 1901630548
892160101 -22.9681485 -43.1828045 1108187600
892159939 -22.9681327 -43.1830609 892159935
1901630551 -22.9680846 -43.1895638 243995869 1901630597
148823592 -22.9680344 -43.1829077 892160101 892159939
146377311 -22.9680276 -43.1878937 857747614 1873721721
857747611 -22.9680205 -43.1854908 857747613
892159898 -22.9679608 -43.1842031 148824292
1873721738 -22.9679521 -43.1879562 146377311
892159942 -22.9679435 -43.1827662 148823592
892159956 -22.9679072 -43.1830143 148823592
344382006 -22.9678219 -43.188064 1873721738
148824292 -22.9677551 -43.1843715 892159998 892160026
506682762 -22.9677283 -43.1891952 1901630611
892159998 -22.9677022 -43.1842904 148824293
892160026 -22.9676704 -43.1844375 892160025
243995869 -22.9676231 -43.1899367 1901630551 1901630569
857747613 -22.9676191 -43.1858179 857747614 146369495
1873721721 -22.9675916 -43.1870677 146369495
892160121 -22.9675543 -43.1818518 892160119
524690795 -22.9675457 -43.188299 344382006
892159944 -22.9675169 -43.1821018 892159942
857747600 -22.9674646 -43.1877006 857747601
148823593 -22.9674254 -43.1819594 892160121 892159944
2472940900 -22.9673544 -43.1884429 524690795
892159947 -22.9673344 -43.1818176 148823593
892160123 -22.967316 -43.1820468 148823593
2472940899 -22.9673155 -43.1884721 2472940900
1901630611 -22.9673107 -43.1895393 243995869
892159958 -22.9673103 -43.1835118 892159956
857747601 -22.9672967 -43.1874967 857747600 857747602
3566988322 -22.9672824 -43.188497 2472940899
506682774 -22.9672571 -43.188516 3566988322 506682762
1901630585 -22.9672481 -43.1894571 1901630611
1108187610 -22.9672413 -43.1816725 892159947
148824293 -22.9672354 -43.1835746 892159995 892159958
1901630589 -22.9672249 -43.1894357 1901630585
892160025 -22.9672224 -43.1847863 150976807
1108187868 -22.9672028 -43.1815679 1108187610
243995840 -22.9671924 -43.1894284 1901630589
148823594 -22.9671834 -43.1814562 1108187656 1108187868
892159995 -22.9671732 -43.1834793 148824294
1901630599 -22.967159 -43.1894349 243995840
148823595 -22.9671574 -43.1805762 148823594 1108187847
146369495 -22.9671386 -43.1862093 885782027 885782064
1901630583 -22.9671354 -43.1894487 1901630599
1108187873 -22.9670883 -43.1803197 148823595
885782064 -22.9670835 -43.1861038 2162396350
885782027 -22.9670579 -43.1862775 344381069
1108187656 -22.9670569 -43.1815468 892160135
857747602 -22.9670299 -43.1873143 857747601 857747603
892160135 -22.9669401 -43.1816062 331961014
857747603 -22.9669114 -43.1871856 857747604 857747602
2162396350 -22.9668846 -43.1857226 150976807
344381069 -22.9668599 -43.1864448 146369494
857747604 -22.9668422 -43.1870032 857747603 2162399458
857592897 -22.9668126 -43.1805981 857592896 857592898
2162399458 -22.966812 -43.1867588 857747604 857747605
857592898 -22.9668027 -43.1807483 857592899 857592897
857747605 -22.9667869 -43.18669 2162399458 2162399459
857592896 -22.966783 -43.180405 857592895 857592897
146369494 -22.9667521 -43.1865209 1401545976 857747617
2162399459 -22.9667475 -43.1866327 857747605
524690796 -22.9667237 -43.1889451 506682774
892160124 -22.9667191 -43.1825451 892160123
857592899 -22.9667138 -43.1808448 857592900 857592898
857592895 -22.9666644 -43.1801689 857592894 857592896
1401545976 -22.9666396 -43.1867087 3566988321
150976807 -22.9666348 -43.1852437 150976806
148824294 -22.966618 -43.1826281 892160124 892159994
857592900 -22.9666052 -43.1808878 857592899 857592901
857747617 -22.9665755 -43.1866062 146369494 2162394999
892159994 -22.9665525 -43.1825277 148824295
3566988321 -22.9665087 -43.1869517 1401547319
1401547319 -22.9664864 -43.186993 524690797
857592901 -22.9664767 -43.1808985 857592900 529749057
857592882 -22.9664669 -43.1805444 857592887
857592887 -22.9663844 -43.1805097 1585102756 857592882
1585102756 -22.9663412 -43.1804668 857592887 857592888
331961014 -22.9663291 -43.1813747 148824295 148824296
146377312 -22.9662693 -43.1893528 146369490 524690796
150976806 -22.9662397 -43.1843854 148824293 150976805
529749057 -22.9662298 -43.1808556 857592901 529749058
857592888 -22.9662298 -43.1802655 1585102756 857592889
857592891 -22.9662199 -43.1800187 857592890 857592892
857592889 -22.96621 -43.1801796 857592888 857592890
857592890 -22.9662002 -43.1800938 857592889 857592891
529749058 -22.966131 -43.1807805 529749057 340478735
3566988328 -22.966116 -43.18821 524690796
2162394999 -22.9660713 -43.186977 857747618 857747617
148824295 -22.9659956 -43.1816739 148824296 150976804
340478735 -22.9659828 -43.1805122 529749058 857592902
243995873 -22.965973 -43.1895996 146377312 1901630609
857747618 -22.9659532 -43.1870783 2162395000 2162394999
524690797 -22.9659433 -43.188001 146369490 3566988328
885782056 -22.9658349 -43.1833293 148824294
857592902 -22.9657853 -43.1800938 340478735
150976805 -22.9657457 -43.183409 885782063 885782056
885782063 -22.9656852 -43.18329 150976804
885782019 -22.9656619 -43.1834836 150976805
148824296 -22.9656448 -43.1811237 340478710
2162395000 -22.9655995 -43.1874385 857747618 2162395002
146369490 -22.9655383 -43.1885374 857747610 1802229133
857747607 -22.9655284 -43.1879688 857747606
857747606 -22.9655185 -43.1878508 524693796
2162395002 -22.96549 -43.1875596 2162395000 524693796
340478710 -22.9654545 -43.1808452 340478735 743696322
857747610 -22.9654198 -43.1883014 857747609
524693796 -22.9654181 -43.1876133 2162395002 2162395004
857747609 -22.9654 -43.1882048 857747607
885782011 -22.9653753 -43.1837385 885782019 157865002
2162395004 -22.9652907 -43.1876835 524693796 524693797
150976804 -22.9652222 -43.1823791 885782040 885782062
524693797 -22.9652158 -43.1877859 2162395004 524693798
524693798 -22.9651783 -43.1878887 524693797 524693799
885782062 -22.9651648 -43.182264 150976803
885782040 -22.9651288 -43.1824543 885782014 150976804
885782012 -22.9651164 -43.1832339 885782011
524693799 -22.9651066 -43.1881959 524693798 524693800
157865002 -22.965067 -43.1840064 885782011
524693800 -22.9650182 -43.1884554 524693799 524693801
885782013 -22.9649682 -43.1829764 885782012
1212052483 -22.9648795 -43.183774 1212052494 1212052480
1212052480 -22.964872 -43.1837019 1212052483 1212052489
1212052494 -22.9648584 -43.1837969 1212052483 1212052478
885782014 -22.9648003 -43.1827189 885782040 885782013 885782017
1212052478 -22.9647905 -43.1838133 1212052494 1212052488
885782017 -22.9647178 -43.1827892 885782014 524693795
150976803 -22.9647085 -43.1813491 340478710 340479021
524693801 -22.9646942 -43.1891592 524693800 524693802
529749041 -22.9646407 -43.1800867 2162389883
1212052488 -22.9646306 -43.1837232 1212052478 1212052491
2172902423 -22.964606 -43.1801554 529749041
524693795 -22.9645885 -43.1828916 885782017 1212052481
340479021 -22.9645838 -43.1810742 885782022 150976802
1212052491 -22.9645718 -43.183715 1212052488 1212052482
198137901 -22.9645516 -43.1802631 2162389885 2172902423 2162391851
524693802 -22.9645204 -43.1895712 524693801 524693803
2162389885 -22.9644961 -43.1801513 885782068
885782022 -22.9644714 -43.18117 885782021 340479021
885782068 -22.9644621 -43.180112 198137895
2162391851 -22.9644432 -43.1803517 340479264 198137901
150976802 -22.9644408 -43.1807954 340479264 2162391853
2162391865 -22.9644338 -43.1805361 198137901
2162391853 -22.9644147 -43.1806895 2162391859
2162391859 -22.9644114 -43.1806045 2162391865
1212052481 -22.9643576 -43.1827371 524693795 1212052493
340479264 -22.9642958 -43.1804658 885782029 2162391851 524693811 150976802
1212052482 -22.9642943 -43.1837559 1212052491 1212052484
524693803 -22.9642675 -43.1898459 524693804 524693802
1212052493 -22.9642672 -43.1827289 1212052475 1212052481
524693811 -22.9642486 -43.1803664 857622886 340479264
1212052475 -22.9642144 -43.1827731 1212052493 1212052485
1212052489 -22.9642114 -43.1829271 1212052485 1212052480
1212052485 -22.9641933 -43.1828436 1212052475 1212052489
885782029 -22.9641685 -43.1805737 885782020 340479264
1212052484 -22.9641254 -43.183579 1212052482 1212052477
857622886 -22.9641227 -43.1801256 2162391855 524693811
2162391855 -22.9640856 -43.1800952 857622886 857622882
857622882 -22.9640422 -43.1800794 2162391862 2162391855
2162391862 -22.9639889 -43.1800802 524693810 857622882
524693810 -22.9639451 -43.1801166 2162391862 2162391863
1212052477 -22.9639384 -43.1836216 1212052479 1212052484
1212052479 -22.963875 -43.1835856 1212052490 1212052477
885782021 -22.9638475 -43.1817177 340479019 885782020 885782022
2162391863 -22.9637475 -43.1803491 524693809 524693810
340479019 -22.9637311 -43.1818198 885782021
524693809 -22.9636921 -43.1803663 2162391864 2162391863
1212052490 -22.963691 -43.1834087 1212052479
2162391864 -22.9636444 -43.1803601 524693790 524693809
885782020 -22.9634884 -43.1811851 340479263 885782029
524693790 -22.9634606 -43.1802591 885782024 2162391864 885782023
885782024 -22.96321 -43.1801383 524693790
885782023 -22.9631689 -43.1806684 524693788 524693790
340479263 -22.9630583 -43.1815718 524693789 885782020
524693789 -22.9629319 -43.181589 340479263 524693788
524693721 -22.9628312 -43.1897998 524693720 524693722
524693722 -22.962763 -43.189703 524693721 524693723
524693788 -22.9626474 -43.1812971 524693789 885782025 885782023
524693723 -22.9626316 -43.1895626 524693722
885782025 -22.9625776 -43.1811954 524693788
524693762 -22.9618808 -43.1894854 524693761 524693763
524693761 -22.9618729 -43.1895626 524693760 524693762
524693760 -22.9618097 -43.1896914 524693759 524693761
524693759 -22.9617939 -43.1898459 524693758 524693760
524693763 -22.9617385 -43.1891936 524693762 524693764
524693765 -22.9617385 -43.1888159 524693764 524693766
524693764 -22.9616832 -43.1889618 524693763 524693765
524693767 -22.9616753 -43.1880778 524693766
524693766 -22.9616121 -43.1884125 524693765 524693767
