278080989 -22.8199779 -43.178126 2393328238
278080991 -22.8199704 -43.1783326 278080989 3755324465
2393328227 -22.8198201 -43.1757782 278612979 278613077
631837261 -22.8197742 -43.1799419 631837258 631837264
278613077 -22.8197131 -43.1757931 2393328227 2393328256
3755324465 -22.8196814 -43.1771207 631837174
631837264 -22.8196805 -43.1796208 631837266 631837261
2393328256 -22.8195983 -43.1757825 278613077 631837174
631837266 -22.8195673 -43.1793915 631837267 631837264
631837174 -22.8194974 -43.1757754 278613079 2393328256
631837267 -22.8193596 -43.1790804 631837266 631837269
631837269 -22.8191619 -43.1788122 631837267 631837169 631837282
631837162 -22.8190135 -43.1797387 631837161 631837276 631837282
631837169 -22.8189123 -43.1782466 631837171 631837269 631837435
278613079 -22.8188768 -43.1753087 631837174 2991711269
631837475 -22.8188486 -43.1772668 631837471 631837481
631837481 -22.8188374 -43.1773644 631837475 631837435
631837471 -22.8188299 -43.177153 2908376933 631837475
2908376933 -22.8187999 -43.1770717 631837471 2908376932
2908376932 -22.8187587 -43.176966 2908376931 2908376933
2908376931 -22.8186837 -43.1767831 631837469 2908376932
2991711269 -22.8186713 -43.1751844 278613079 2991711268
631837282 -22.8186269 -43.1791321 631837224 631837269 631837162
631837435 -22.8186238 -43.1776205 631837445 631837486 631837169 631837481
2908376934 -22.8186013 -43.1761732 631837465 631837469
631837465 -22.8185676 -43.17597 631837462 2908376934
2991711268 -22.8185606 -43.1751463 2991711269 278613080
631837469 -22.8185586 -43.1764089 2908376931 2908376934
278613080 -22.8184817 -43.1751416 2991711268 278613081
631837462 -22.8184795 -43.1757974 631837465 2908376929
2908376929 -22.8183765 -43.1757789 631837459 631837462
631837459 -22.818279 -43.1757464 631837454 2908376929
278613081 -22.8182622 -43.175169 2991711267 278613080
631837454 -22.8181591 -43.1757464 631837459 631837450
631837450 -22.8180579 -43.1757545 631837448 631837454
2991711267 -22.8180176 -43.1752244 278613082 278613081
631837445 -22.817953 -43.1761692 631837435 2908376928
631837448 -22.8179455 -43.1758643 2908376927 631837450
2908376927 -22.8179268 -43.1759618 2908376928 631837448
2908376928 -22.8179155 -43.1760716 631837445 2908376927
631837224 -22.8179059 -43.1795632 631837222 631837161 631837282
278613082 -22.817788 -43.1753416 2991711267 278613083
278613083 -22.817574 -43.1755138 278613082 278613084
631837222 -22.8173818 -43.1798529 631837171 631837229 631837224
631837486 -22.8173066 -43.1782974 631837435 631837218 278613086
278613084 -22.8172581 -43.1759034 278613083 278613085
631837171 -22.8171061 -43.1792427 631837169 631837220 631837222
278613085 -22.816982 -43.1761476 278613084 278613086
2908381337 -22.816915 -43.1799094 631837380 631837376
631837218 -22.8168577 -43.1785869 631837220 631837486
631837376 -22.8168438 -43.1798057 2908375126 2908381337
631837220 -22.816828 -43.1786942 631837171 631837218
278613086 -22.8164917 -43.1764176 278613087 631837486 278613085
631837187 -22.8162851 -43.1798184 631837781 631837188 631837778
2908375126 -22.8162749 -43.179319 631837373 631837376
631837533 -22.8162431 -43.1780779 278613087 631837300
631837781 -22.8161822 -43.1798828 631837187 631837783
278613087 -22.816018 -43.1765757 631837533 278613086 3755324403
631837778 -22.8159775 -43.1795095 2908376936 631837187
2908376936 -22.8158425 -43.179393 631837776 631837778
631837373 -22.8158141 -43.1787895 2908375127 2908375126
631837776 -22.8157732 -43.1793468 2908376936 631837774
2908375127 -22.8157327 -43.1786772 631837304 631837373
631837783 -22.8157303 -43.1799387 631837781 1064207312
631837304 -22.8156775 -43.1785434 631837300 2908375127 631837308
3755324403 -22.8156743 -43.1766354 278613087 278613088
1064207312 -22.8156475 -43.1799418 631837783 631837788 1064207190
631837774 -22.8156435 -43.1793135 631837772 631837776
631837300 -22.8156268 -43.1781845 631837304 631837533 278613088
631837772 -22.8155246 -43.1793285 631837766 631837774
278613088 -22.8153735 -43.1766648 3755324403 631837661 631837300
631837766 -22.8149325 -43.1795337 631837761 631837772
631837720 -22.8149126 -43.1780339 631837711 631837726
631837726 -22.8148899 -43.1782144 631837720 631837733
631837711 -22.8148301 -43.177903 631837720 631837686
631837761 -22.8148245 -43.1795219 631837766 631837308
631837733 -22.8147512 -43.1783401 631837726 631837751
631837308 -22.8146839 -43.1792748 631837756 631837761 631837304 631837313
631837751 -22.8144957 -43.1785604 631837733 631837753
631837686 -22.814465 -43.1773801 631837668 631837711
631837756 -22.8144502 -43.178873 631837753 631837308
631837753 -22.8144244 -43.1787473 631837756 631837751
631837313 -22.8141875 -43.1796168 631837319 631837308
631837668 -22.8141771 -43.176971 631837661 631837686
631837661 -22.8141545 -43.1766063 2991711266 631837668 278613088
631837319 -22.8140788 -43.1796061 631837322 631837313
2991711266 -22.8140283 -43.176598 631837661 278613090
631837354 -22.8139898 -43.1781792 631837349 631837356
631837322 -22.8139799 -43.1794988 631837319 631837327
631837349 -22.8139799 -43.1782865 631837343 631837354
631837343 -22.8139601 -43.1784152 631837340 631837349
631837356 -22.8139304 -43.1780826 631837354
631837340 -22.8138909 -43.1785547 631837343 631837336
278613090 -22.8138467 -43.176586 2991711266 2991711265
631837336 -22.8138216 -43.1786298 631837331 631837340
631837331 -22.8137326 -43.1787049 631837327 631837336
631837327 -22.8137128 -43.1788336 631837322 631837331
2991711265 -22.8136768 -43.176546 278613090 3755324395
3755324395 -22.8135396 -43.1764593 2991711265 278613091
278613091 -22.8134279 -43.1763457 278613092 3755324395
278613092 -22.8130935 -43.1758672 2991711264 278613091
2991711264 -22.8130232 -43.1758009 278613092 3755324393
3755324393 -22.8129619 -43.1757729 2991711264 278613093
278613093 -22.8128873 -43.1757771 3755324393 278613094
1065032351 -22.8128363 -43.1796635 631824097 631824098 1065032459
278613094 -22.8128147 -43.1758105 278613093 2991711263
631824098 -22.8126759 -43.1781465 1065032351
2991711263 -22.8122701 -43.1763074 278613096 278613094
278613096 -22.8121522 -43.1763815 278613097 2991711263
2956620496 -22.8120642 -43.1799725 631824094 631824051
1065032459 -22.8120447 -43.1797575 631824094 631824234 1065032351
631824094 -22.8120042 -43.1798064 2956620496 1065032459 631824233
631824234 -22.8117957 -43.1777602 1065032459
631824233 -22.8117625 -43.1795979 631824231 631824094
631824231 -22.8115133 -43.1793602 631824013 631824233
631824013 -22.8112863 -43.1790451 631824014 631824231 631824008
278613097 -22.8111847 -43.1767431 278613096 2956620495
631824014 -22.8111782 -43.1788025 631824013 2956620494
2956620494 -22.8111497 -43.1785289 631824014 631824016
2956620495 -22.811112 -43.1768065 278613097 2608729637
631824215 -22.8111061 -43.1780728 631824016
631824016 -22.8110998 -43.178272 631824012 2956620494
2608729637 -22.811055 -43.1769442 2956620495 278613098
278613098 -22.8110316 -43.1773087 631824215 2608729637
631824315 -22.8105855 -43.1774637 278613098
631824008 -22.8104547 -43.1792016 631824012 631823989 631824013 631824054
631824012 -22.8102935 -43.1784112 631824008 631824203
631824220 -22.8100976 -43.1775684 631824012 631824315
631824054 -22.8099046 -43.1792901 631824050 631824043 631824008
631824043 -22.8098474 -43.1792962 631824044 631824228 631824054
631824228 -22.80941 -43.1788187 631824043 2991711262
631824224 -22.8093533 -43.177664 631824220
2991711262 -22.8093417 -43.1787139 631824228 631824227
631824227 -22.8093052 -43.1785943 631824203 2991711262
631824203 -22.8093031 -43.1784057 631824224 2608729635 631824227
631824044 -22.8091057 -43.1793695 631824045 631824043
631824319 -22.8089961 -43.1776502 631824224
2608729635 -22.808885 -43.1783756 2608729634 631824203
631824045 -22.8088683 -43.1794232 631824046 631824044
2608729634 -22.8086634 -43.178415 2608729632 2608729635
631824046 -22.8086211 -43.1795412 631824045 631824047
631824047 -22.8085779 -43.1795813 631824046 631824048 631824086
2608729632 -22.808538 -43.1784686 2608729634 2608729630
631824048 -22.8084826 -43.1796699 631824049 631824047
2608729630 -22.8083764 -43.1785841 2608729628 2608729632
631824049 -22.8083738 -43.1799167 631824050 631824048 631824063
631824321 -22.8079328 -43.1776359 631824319 631837590
631837590 -22.8078186 -43.1781363 631824321 631837570 631837594
631837570 -22.8076963 -43.1786768 631837590 2608729628
2608729628 -22.8076174 -43.1792018 631837839 2608729630 631837570
631837594 -22.8075812 -43.1782972 631837590 631837598
631837839 -22.8075152 -43.1792972 2608729626 631837873 2608729628
631824322 -22.8075065 -43.1775675 631824321
631837598 -22.8074375 -43.1783253 631837602 631837594
2608729626 -22.8074014 -43.1794085 631824193 631837839 631837873
631824193 -22.8073991 -43.1794108 631824192 2608729626
631837873 -22.8073537 -43.1793059 631837876 2608729626 631837567
631837567 -22.8073438 -43.1787049 631837570 631837892 631837873
631824192 -22.8072875 -43.1796261 631824193 631837833
631837602 -22.8072528 -43.1782666 631837605 631837598
3755324387 -22.8071033 -43.1775977 631824322
631837605 -22.8070526 -43.1781106 631837602 631837607
631837607 -22.8066112 -43.1780627 631837605 631837608
631824323 -22.8065541 -43.1776314 3755324387
631837876 -22.8065526 -43.1793486 631837880
631837608 -22.8062375 -43.1780086 631837607 631837609
631824324 -22.8061196 -43.1776231 631824323
631837609 -22.8060333 -43.1779613 631837608
631824243 -22.8058643 -43.1778353 631824324
631824265 -22.8057693 -43.1798635 632008865 631824327 631837833
631837880 -22.8057391 -43.1794034 631824265
631837892 -22.8056785 -43.1788465 631837567 631837880
631824245 -22.8056619 -43.1780249 631824243
631824173 -22.8056392 -43.1783618 631837892
2608544728 -22.8056122 -43.1783226 631824173
3755324386 -22.805577 -43.1782958 2608544728
2608544724 -22.8055469 -43.1782843 3755324386
3755324385 -22.8055066 -43.178281 2608544724
2608544722 -22.8054553 -43.1782959 631824245 3755324385
632008865 -22.8053165 -43.1799178 632008863
632008863 -22.8052119 -43.1786186 2608544722
2608544716 -22.8050334 -43.1789185 2608544713
2608544713 -22.8050224 -43.1790086 2608544709
2608544711 -22.8049791 -43.1788502 632008863 2608544716
2608544709 -22.8049735 -43.1790523 2608544706
2608544706 -22.8049002 -43.1790497 631824249
631824249 -22.8048374 -43.1789742 631824250 2608544711
631824250 -22.8046298 -43.1790348 631824251 631824249
631824251 -22.8043649 -43.1791388 2854149159 631824250
2854149159 -22.8043111 -43.1791467 631824251 632856416
632856416 -22.8042464 -43.1791546 632856418 2854149159
632856418 -22.8041316 -43.1791635 2854149162 632856416
2854149162 -22.8040842 -43.1791596 632856418 631824254
631824254 -22.8039867 -43.1791438 631824255 2854149162
631824255 -22.8038217 -43.17912 631824257 631824254
631824257 -22.8035793 -43.179038 2608633313 631824255
2608633313 -22.8034408 -43.1790093 2608633306
2608633309 -22.8033661 -43.1789411 631824257
2608633306 -22.8033405 -43.1790222 2608633301
2608633301 -22.8032932 -43.1790746 278086253
278086253 -22.8032539 -43.1791488 2608633261
2608633294 -22.8032268 -43.1789998 278086253
3867104687 -22.8031865 -43.1788709 2608633309
278086254 -22.8031593 -43.178907 2608633294
2608633282 -22.8030167 -43.1788337 278086254 3867104687
278086172 -22.8028229 -43.1797687 278086173
278086173 -22.802801 -43.1795523 278086174
278086174 -22.8026334 -43.1791898 278086175
278086256 -22.802555 -43.1786945 2608633282
3755324384 -22.8024539 -43.1787508 278086256
278086175 -22.8024165 -43.1789248 278086176 278086261
278086261 -22.8024138 -43.17882 3755324384
278086176 -22.8020392 -43.1785907 278086256 278088594
2786018189 -22.8020315 -43.1799496 628084574 628084575
628084575 -22.8019703 -43.1798088 2786018189 628084576
628084576 -22.8018272 -43.1796517 628084577 628084575
278088594 -22.8016739 -43.1782302 278086176 278088595
628084577 -22.8016353 -43.179547 628084576 628084578
278088595 -22.8015673 -43.1780364 278088594 278088596
278088596 -22.8014878 -43.1777986 278088595 278088597
278088597 -22.8013211 -43.1757257 278088598 278088596
628084578 -22.8013034 -43.1793927 628084577 628084579
628153012 -22.8012629 -43.1766134 628153007 628153016
628153016 -22.8012332 -43.1767207 628153012 628153021
278088598 -22.8012213 -43.1755895 278088597 628152956
628153007 -22.8012134 -43.1764525 628153002 628153012
628153002 -22.8011936 -43.1763022 628153007 628152997
628152997 -22.801164 -43.176034 628152992 628153002
628152992 -22.801164 -43.1758516 628152984 628152997
628153021 -22.8011442 -43.1769567 628153016 628153024
628152984 -22.8011442 -43.1755834 628152992 628152956
628152956 -22.8011305 -43.1755367 278088598 628152984 1065032221
628084579 -22.8011083 -43.1793748 628084578 628084580
628153024 -22.8009958 -43.1770425 628153031 628153021
628084580 -22.8009095 -43.179466 628084579 628084581
628153031 -22.8008475 -43.1771498 628153024 628153034
628084582 -22.800796 -43.1798438 628084581 628084583
628084581 -22.8007855 -43.179637 628084582 628084580 3867132228
628153034 -22.8007288 -43.1772786 628153031 628153037
3867132231 -22.8007011 -43.1799506 3867132227 628084583
3867132228 -22.8006857 -43.179767 3867132227 628084581
3867132227 -22.800661 -43.1798604 3867132231 3867132228
628153037 -22.8006398 -43.1774717 628153042 628153034
628153042 -22.8006101 -43.1776112 628153045 628153130 628153037
628153045 -22.8005409 -43.1776326 628153042 628153048
628153130 -22.800531 -43.1774932 628153042 628153140
628153048 -22.800442 -43.1776326 628153045 628153050
628153140 -22.8004222 -43.177461 628153130 628153146
1065032221 -22.8003093 -43.1750997 628152956 628203976 1065032210
628153050 -22.8002541 -43.1776755 628153048 628153053
628153146 -22.8001255 -43.1770855 628153153 628153140
1065032460 -22.8000468 -43.1762674 1065032178 1065032298
628153053 -22.8000464 -43.177697 628153050 628153056
1065032178 -22.8000297 -43.1763234 1065032354 1065032460
1065032210 -22.8000198 -43.1753578 1065032220 1065032221
628153153 -22.8000167 -43.1770318 628153146 1065032258
