1779579434 -22896403 -43419959 3819339122 1779579425 1779579429
1779579425 -22895851 -43419023 1779579434 1779579422 1779579406
1779579422 -22895635 -43419270 2939328992 1779579425
2939328992 -22895482 -43419478 1779579415 1779579422 1779579413
1779579415 -22895341 -43419672 1779579408 2939328992 1779579429 1779579409
1779579413 -22895232 -43419121 1779579401 2939328992
1779579408 -22895018 -43419329 1779579415 1779579392
1779579406 -22894751 -43417273 1779579425 1779579403 1779579400
1779579398 -22894624 -43415989 1779579397
1779579403 -22894485 -43416828 1779579406 3819339121
3819339121 -22894445 -43416752 1779579403 1779579397 3819339120
1779579402 -22894441 -43419672 1779579387 559981046 1779579409
1779579401 -22894352 -43417697 1779579400 1779579413
1779579400 -22894311 -43417625 1779579401 1779579406 1779579392
1779579397 -22894180 -43416253 1779579390 1779579398 3819339121 1779579393
2939328994 -22893958 -43419736 2939328993 1779579405
3819339120 -22893804 -43417185 3819339119 3819339121
1779579392 -22893748 -43418225 1779579408 1779579387 1779579400 3819339118
1779579393 -22893744 -43415426 1779579397 1779579391
3819339119 -22893697 -43417332 3819339118 3819339120
1779579391 -22893660 -43415380 1779579393 1779579378
1779579390 -22893604 -43416617 1779579389 1779579378 1779579397
2939328993 -22893526 -43419663 1779579386 2939328994
559981046 -22893513 -43419545 2939383220 1779579402
1779579387 -22893364 -43418709 1779579402 2939328969 1779579392
1779579389 -22893353 -43416839 1779579383 1779579390
3819339118 -22893307 -43417875 1779579377 1779579392 3819339119
1779579386 -22893247 -43419675 2939328993 2939383221 1779579396
1779579383 -22893189 -43417034 1779579377 1779579389 1779579373
2939328969 -22893040 -43418427 2939328995 1779579387
2939328995 -22892866 -43418353 2939328976
1779579378 -22892862 -43415377 1779579390 1779579376 1779579391
1779579377 -22892848 -43417513 1779579383 3819339118 1779579371
2939328985 -22892815 -43418236 2939328984 2939328986
2939328984 -22892814 -43418271 2939328983 2939328985
2939328986 -22892807 -43418203 2939328987 2939328985
2939328983 -22892801 -43418302 2939328982 2939328984
2939328987 -22892788 -43418176 2939328986 2939328996
2939328996 -22892786 -43418174 2939328987 2939328969 2939328988
2939328982 -22892779 -43418327 2939328976 2939328983
2939328988 -22892760 -43418160 2939328996 2939328970
2939328976 -22892751 -43418343 2939328999 2939328975 2939328982
1779579376 -22892732 -43415376 1779579374 1779579378
2939328970 -22892731 -43418148 2939328971 2939328988
2939328975 -22892719 -43418347 2939328976 2939328974
2939328999 -22892718 -43418382 559981340
2939328971 -22892703 -43418151 2939328972 2939328970
2939328974 -22892689 -43418339 2939328973 2939328975
2939328972 -22892677 -43418162 2939328971 2939328977
2939328973 -22892662 -43418321 2939328981 2939328974
2939328977 -22892655 -43418182 2939328972 2939328978
2939328981 -22892644 -43418297 2939328980 2939328973
2939328978 -22892640 -43418208 2939328979 2939328977
2939328980 -22892634 -43418268 2939328979 2939328998 2939328981
2939328979 -22892633 -43418238 2939328978 2939328980
2939328998 -22892602 -43418151 2939328997
559981340 -22892594 -43418538 565458612 2939328980
1779579374 -22892579 -43415392 1779579369 1779579376
1779579373 -22892556 -43416312 1779579383 1779579364 1779579361
1779579371 -22892555 -43417951 2939328987 1779579377
2939328997 -22892550 -43418058 559981337
565458612 -22892487 -43418781 559981043 559981340 565458610
1779579369 -22892463 -43415451 1779579368 1779579374
2939383220 -22892436 -43419476 559981043 559981046
559981337 -22892420 -43417847 559981336 1779579371
3819339112 -22892407 -43413967 3819339110 3819339115
3819339115 -22892388 -43414331 3819339114 3819339112 3819339113
3819339113 -22892358 -43414936 3819339115 3819339114
1779579368 -22892328 -43415562 1779579361 1779579369
2939383221 -22892285 -43419615 559981044 1779579386
3819339117 -22892266 -43415168 3819339116
559981043 -22892251 -43419385 559981044 565458612 2939383220 565457648
1779579367 -22892229 -43413263 1779579366 1779579365
1779579366 -22892221 -43413417 1779579356 1779579367
1779579365 -22892218 -43412426 1779579358 1779579367
559981044 -22892172 -43419586 559981043 565457782 559981458 2939383221
1779579364 -22892153 -43416704 1779579344 1779579373 1779579360
559981336 -22892140 -43417598 559981337 565458524
3819339114 -22892125 -43414646 3819339115 3819339113
1779579361 -22892106 -43415763 1779579348 1779579368 1779579373
3819339110 -22891994 -43414499 3819339109 3819339116 3819339112
565457648 -22891934 -43419241 559981043 565457646
565457782 -22891911 -43419413 565457783
565458610 -22891887 -43418254 565458612 565458571
565458524 -22891884 -43417284 559981336 1779579360 565458571
3819339116 -22891858 -43414656 3819339110 3819339111 3819339117
3819339111 -22891766 -43414762 3819339116
1779579358 -22891762 -43412423 1779579349 1779579353 1779579365
565457646 -22891760 -43419070 565457644 565457648
1779579360 -22891728 -43417095 1779579364 439823811 565458524
1779579353 -22891683 -43413126 1779579347 1779579358
565457783 -22891681 -43419190 565457785
1779579356 -22891673 -43414140 1779579347 3819339109 1779579366
3819339109 -22891621 -43414212 1779579348 3819339110 1779579356
439823811 -22891506 -43416832 565458286 439823810 1779579360
565457644 -22891444 -43418675 565457641 565457646
1779579349 -22891444 -43412435 1779579358 1779579342
565459586 -22891438 -43419774 565459588 565459581 565459754
565458571 -22891381 -43417688 565457638 565458524 565458610
1779579348 -22891298 -43414660 3819339109 1779579361 1779579344
565457785 -22891274 -43418655 565457786 565459581
1779579347 -22891238 -43413754 1779579342 439823808 1779579353 1779579356
565457641 -22891199 -43418349 565457640 565457644
565457786 -22891109 -43418481 565457788
565457640 -22891064 -43418229 565457638 565457641
565458286 -22891011 -43417240 565458285 565457633 439823811
565457788 -22890986 -43418378 565457790
1779579344 -22890942 -43415153 1779579364 1779579348 1779579340
565459581 -22890887 -43419040 565459470 565459586 565457785
565457638 -22890859 -43418143 565457635 565457640 565458571
1779579342 -22890808 -43413383 1779579337 1779579349 1779579347 1779579330
439823810 -22890764 -43415899 1779579340 439823811 565458029
565457790 -22890756 -43418246 565457792
565458285 -22890666 -43416795 565458286 565458029 565457629
565457635 -22890566 -43417980 565457638 565457633
1779579340 -22890566 -43415655 439823808 439823810 1779579344
565457792 -22890471 -43418108 565457793
565459470 -22890392 -43418718 565459804 565459499 565459581
565457633 -22890354 -43417825 565458286 565457631 565457635
565458029 -22890298 -43416315 565458282 565458285 565458027 439823810
565457793 -22890250 -43417954 565457794
439823808 -22890145 -43415178 1779579347 1779579330 1779579340
1779579337 -22890057 -43413389 1779579327 1779579342
565457794 -22890044 -43417817 565457795
565459804 -22889996 -43418860 565459470 565459855 565459754
565458282 -22889937 -43415849 565458279 565458338 565458029
565457631 -22889914 -43417637 565457629 565457633
565457795 -22889855 -43417748 565457796
1779579330 -22889756 -43414777 565458257 439823808 1779579342
554823512 -22889737 -43412965 554821245 554823011
565459499 -22889726 -43418308 559981037 565459470 565459276
565457629 -22889720 -43417609 565458285 565457631 559981038
565457796 -22889689 -43417748 559981037
565458257 -22889549 -43414632 1779579327 565458256 1779579330
559981037 -22889548 -43417797 565459499 565457797 559981038
565458027 -22889548 -43417004 565458020 565458029
565458279 -22889546 -43415437 565458256 565458282 565458399
554821245 -22889534 -43412753 554823512 554821033 554820932
559981038 -22889501 -43417625 559981037 565458020 565457627 565457629
565459855 -22889383 -43419079 565459804 565459814 565459416
565458020 -22889340 -43417101 565458216 565458027 559981038
554820932 -22889300 -43412534 554821245 554820948
1779579327 -22889281 -43414440 565458257 1779579337 439823159
565457797 -22889230 -43417885 565457798
565458256 -22889103 -43415055 565458254 565458257 565458279
439823159 -22889047 -43414317 554823011 1779579327 554820030
554820751 -22889029 -43412306 554820772
554823011 -22888859 -43414192 554821033 554823512 439823159
565459416 -22888858 -43419267 565460004 565459855 565459756 565459276
565458216 -22888738 -43417299 565458020 565458338 565458018
565458338 -22888581 -43417079 565458282 565458216 565458399
554820575 -22888571 -43411721 554820553
554821033 -22888561 -43414007 554820959 554823011 554821245
554820948 -22888538 -43413278 554820959 554820932
554805090 -22888457 -43410488 554805101
565459276 -22888431 -43418778 565459201 565459499 565459416 559981035
565460004 -22888384 -43419631 565459413 565459416 565459933
565459413 -22888344 -43419662 565459412 565460004
565457798 -22888273 -43418246 559981035
565458399 -22888234 -43416616 565458338 565458254 565458279
565458018 -22888169 -43417503 565458016 565458040 565458216
554820959 -22888124 -43413724 554821033 554820948 554820772
565457627 -22888099 -43418134 559981036 559981038
554820699 -22888095 -43412755 554820613
559981035 -22888093 -43418363 565457799 559981036 565459276
554820328 -22888081 -43414512 554820321 554820333
554820030 -22888056 -43415190 554820321 565458255 439823159
559981036 -22887998 -43418226 565458015 559981035 565457623 565457627
554805101 -22887915 -43410806 554805090 439823801 554805234
565458254 -22887866 -43416167 565458256 565458399 565458255
554820772 -22887848 -43413489 554820959 554820751 554820613
565458016 -22887823 -43417664 565458015 565458018
554820321 -22887777 -43414791 554820132 554820310 554820030 554820328
565457623 -22887704 -43418495 559981028 559981036
565457799 -22887696 -43418683 559981026
565458015 -22887680 -43417788 565458016 554818671 565458012 559981036
554820613 -22887627 -43413197 554820553 554820699 554820772
554820310 -22887507 -43415016 554820002 554820321
565458255 -22887502 -43415706 554819182 565458254 554820030
554819182 -22887450 -43415746 565458040 554819164 565458255
554820333 -22887324 -43413511 554820132 554820328 554820294
554820553 -22887279 -43412583 439823801 554820613 554820575
565458012 -22887225 -43418168 565458008 565458015 565458151
565459201 -22887182 -43419937 559981026 565459198 565459276
565458040 -22887059 -43416079 554818671 554819182 565458018 565458451
554820132 -22886996 -43413745 554820002 554820123 554820321 554820333
559981026 -22886796 -43419513 559981028 565459201 559981031
565458008 -22886766 -43418549 565457920 565458012 565458184
554820002 -22886717 -43413924 554820132 554820310 554820301
559981028 -22886678 -43419402 559981026 565457920 559981030 565457623
439823801 -22886653 -43411509 554820553 554805101 439823800 554807081
554818671 -22886639 -43416469 565458151 565458040 565458015 554819385
554819164 -22886625 -43414643 554819149 554819182 2635422352
554820294 -22886588 -43412267 554820123 554820333
565458451 -22886534 -43415396 565458040
554807081 -22886408 -43411731 554807330 554805519 439823801
559981031 -22886385 -43419891 559981030 565457809 559981019
439823800 -22886381 -43410629 3819339107 439823801
3819339107 -22886371 -43410550 3819339105 439823800 554805234
565457920 -22886352 -43418898 559981028 565458008 554816913
554819149 -22886340 -43414257 554819164 554819134 2635422350
2635422352 -22886330 -43414909 554819164 554819385
3819339105 -22886319 -43410145 3819339106 439823799 3819339107
439823799 -22886302 -43410011 554804804 3819339105
559981030 -22886282 -43419779 559981028 559981031 565457851
565458151 -22886229 -43416850 554817601 554818671 565458012
554820123 -22886193 -43412642 554807330 554820132 554820294 554820301
554817601 -22886148 -43416929 565458151 554817595 565458184
2635422350 -22886039 -43414529 554819149 554819223
554820301 -22885946 -43412878 554820123 554820002
554807330 -22885911 -43412213 554820123 554807358 554807081 554805525
554819385 -22885895 -43415305 554818671 554819223 2635422352
565457851 -22885862 -43419227 559981030 565457317 565457861
554817595 -22885810 -43416394 554817588 554817601 554817142
565458184 -22885807 -43417241 554817601 565458008 554816913
554805502 -22885778 -43410566 554805311 554805510
554805510 -22885771 -43410695 554805502 554805630
554805630 -22885723 -43410818 554805510 554805519 554805625
554819223 -22885633 -43414896 554819385 554818828 2635422350
565457314 -22885569 -43418589 565457317
554805519 -22885541 -43411295 554806570 554805630 554805525 554807081
554807358 -22885503 -43412627 554807330 554805532 554819134
554817588 -22885502 -43415844 554817595 554817151 554817580
565457317 -22885482 -43418726 565457314 565457320 565457851
565457862 -22885466 -43418374 565457113
565457320 -22885395 -43418804 565457322 565457317
554816913 -22885372 -43417644 565457920 439820273 565458184 554817142
554805525 -22885328 -43411836 554805519 554805532 554807330 2635422347
554805625 -22885312 -43410429 554805623 554805630
554819134 -22885304 -43412806 554819149 554818828 554807358
565457322 -22885284 -43418838 565457320 565457323
439820273 -22885274 -43417736 554816764 554816913
554805623 -22885233 -43410291 554805625 554805622
554805622 -22885217 -43410085 554805623 554805621
554817580 -22885185 -43415381 554817553 554817588 554817983
554805532 -22885075 -43412377 554805525 554807358 554807606
554817142 -22885035 -43417020 554817151 554817595 554816913
565457861 -22884987 -43419993 565457117 565457111 565457851
554817553 -22884861 -43414883 554817332 554818069 554817580
554817151 -22884727 -43416557 554817588 554817142 554817983
554818828 -22884652 -43413362 554817346 554819134 554819223
565457111 -22884649 -43419547 565457323 565457861 565457183
554816764 -22884598 -43418341 554816670 439820273 554816231
565457323 -22884584 -43419462 565457113 565457322 565457111
554817332 -22884497 -43414308 554817167 554817553 554817346
565457113 -22884473 -43419316 565457323 559981491 565457112 565457862
554817983 -22884416 -43416043 554817151 554817159 554817580
554807606 -22884363 -43412034 554805532 2635422349 554807859
554809319 -22884347 -43412694 554809310
554816231 -22884260 -43417647 554816224 554817196 554816764
2635422347 -22884199 -43411260 554806577 554805525
554817159 -22884197 -43415681 554818069 554817196 554817983
554807859 -22884189 -43412463 554807606 554807873
554817346 -22884188 -43413757 554809369 554817332 554818828
554816670 -22884148 -43418745 559981491 554816224 554816764
554818069 -22884123 -43415542 554817167 554817553 554817159
559981491 -22884084 -43418802 554815859 565457113 554816670
2635422349 -22883962 -43411826 554807606 554806583
554807873 -22883952 -43412351 554807859 554808178 554809108
554809369 -22883904 -43413999 554809310 2635422331 554817346
554806570 -22883849 -43410411 554806419 554805519 554806577 442138837
554817167 -22883809 -43414952 554818069 554817332 554809877
554815859 -22883744 -43419107 559981491 554816018 554815853
554809108 -22883677 -43412584 554809013 554807873 554808782
2635422331 -22883656 -43414240 554809369 554809877
554806577 -22883612 -43410961 554806570 442138836 554806583 2635422347
554816224 -22883509 -43417484 554816214 554816231 554816670 554811257
554817196 -22883492 -43416137 554816893 554816231 554817159
554816018 -22883464 -43419358 565453613 554815859 554816007
554809877 -22883454 -43414437 554817167 2635422331 554810136 554813192
554808782 -22883382 -43412833 554809108 554808726 554808855
554806583 -22883367 -43411519 554806591 2635422349 554807621 554806577
554806591 -22883277 -43411707 554806583
554809310 -22883248 -43413707 554809369 554809319 554810044
554816214 -22883091 -43417343 554816224 554815853
554808726 -22883073 -43413095 2635422340 554808782 554808529
554813192 -22883027 -43413912 554809939 554809877
554810136 -22882916 -43414892 554816893 554809877 554810035
554815853 -22882892 -43417441 554815658 554815859 554816214 554816007
554816893 -22882877 -43414926 554811676 554817196 554810136
554809939 -22882805 -43413639 554809936 554813192
2635422340 -22882799 -43413327 554808726 554808192 2635422341
554810044 -22882739 -43413439 554809310 554808192 554809936
554808192 -22882695 -43413415 2635422340 554809705 554810044
554811676 -22882670 -43415108 554816893 554811666 554811257
554809936 -22882663 -43413493 554809939 554810035 554810044
2635422341 -22882614 -43413229 2635422340 2635422343
554816007 -22882576 -43417630 554815881 554816018 554815853
554809705 -22882434 -43413295 554808192 2635422338 2635422336
554808178 -22882423 -43411558 554809013 554807873 442138835
554811257 -22882400 -43415345 554811676 554816224 554812489 554812442
442138836 -22882367 -43410303 554807621 554806577
554815658 -22882286 -43416222 554815502 3052788585 554815853
554809013 -22882273 -43411878 554808178 554809108 554808855
2635422343 -22882260 -43413057 2635422341 2635422345
554807621 -22882200 -43410888 442138835 554806583
554810035 -22882181 -43413922 2635422338 554809936 554810136
442138711 -22882143 -43410526 3052197515 558250573
554812489 -22882134 -43415579 554815502 554812432 554811257
554808855 -22882130 -43412182 554809013 554808529 554808782
554816354 -22882086 -43417973 554812849
3052788585 -22882063 -43416370 554815658 3052788583
2939729726 -22882035 -43410877 442138711
554815881 -22882035 -43416488 3052788583 554816007
3052788583 -22882030 -43416416 3052788585 554815881
442138835 -22882027 -43411330 442138834 554808178
554815502 -22882025 -43415689 554812585 554815658 554812489
2635422338 -22881997 -43413700 554809705 554810252 554810035
554808529 -22881983 -43412497 554808726 554808855 2635422345
554810252 -22881967 -43413664 2635422334 2635422338
2635422336 -22881923 -43413164 554809705 554809714 2635422334
442138710 -22881903 -43411198 2939729726
554812585 -22881846 -43415832 554812756 554815502 554812649
2635422345 -22881786 -43412803 554808529 2635422343
2635422334 -22881747 -43413338 554811666 554810252 2635422336
554816641 -22881667 -43419861 554816649
558250573 -22881608 -43410426 558250571 442138711 558250613
554812756 -22881587 -43416059 554812585 554812653 2635422328
442138709 -22881583 -43411863 442138710
442138834 -22881577 -43412171 2939729724
2635422328 -22881544 -43416097 554812756 554812849
554811666 -22881490 -43413576 554811676 2635422334 554812442
2939729724 -22881331 -43412525 554809714
554812849 -22881324 -43416291 554812777 554816354 554813296 2635422328
558250405 -22881244 -43412426 442138709 558250613 2939729724
554812442 -22881226 -43413802 554812432 554811666 554811094 554811257
558250571 -22881159 -43410350 558250543 558250573
554809714 -22881066 -43412896 3052197513 2635422336
554813296 -22881062 -43416520 554813543 554813231 554812849
558250543 -22881040 -43410390 558250571 558250523 2939729723
554815475 -22881001 -43417241 554813543 554815114 554815464
558250235 -22880958 -43412863 558250636 558250405
3052197513 -22880940 -43413070 3052197512
554812432 -22880918 -43414045 554812649 554812442 554812489
3052197512 -22880912 -43413110 554811094
3052197511 -22880884 -43412964 558250235
3052197510 -22880858 -43413004 3052197511
558250613 -22880819 -43412022 558250675 558250573 558250405
554811094 -22880809 -43413266 2939729721 554812442
554813543 -22880800 -43416751 554810497 554813296 554813594 554815475
554810497 -22880757 -43416789 554813543 554814910
558250523 -22880729 -43410087 558250543 558250476
554812649 -22880677 -43414265 554812653 554812432 554812585
558249813 -22880655 -43413324 3052197510 558249038
558250476 -22880627 -43410078 558250460 558250523
558250675 -22880579 -43411863 558250636 558250613 2939729723
2939729721 -22880551 -43413642 442138832
442138706 -22880486 -43413569 558249813
554812653 -22880403 -43414516 554812777 554812649 554812756
2939729723 -22880390 -43411720 558250675 558250460 558250543
554815464 -22880328 -43417581 554814815 554814910 554815475
558250636 -22880261 -43412293 558250639 558250675 558250235
442138832 -22880252 -43413960 442138831
442138705 -22880211 -43413888 442138706 558249286
554814910 -22880201 -43417311 554813881 554810497 554815464
554813594 -22880164 -43415947 554813543 554812426 554813747
554812777 -22880155 -43414743 554813231 554812653 554812849
