1772862212 -22.9599454 -43.3341399 1772862214 1772862210
2516174255 -22.9599175 -43.3359963 2516174342 2516175465 2516174256
2164857276 -22.9597393 -43.330122 2164857273 1005175646
490953911 -22.9596283 -43.3354458 2516174256
1005175697 -22.9595802 -43.3311911 3778944034 537635138 1005175646 3778944032
1772862211 -22.9595348 -43.3353176 490952346
3778944034 -22.959523 -43.3313098 1005175697 3778944030
2164857273 -22.9594876 -43.3300978 2164857266 2164857276
3778944033 -22.9593684 -43.3336593 3778944031
3778944032 -22.9592646 -43.3309868 1005175697
1772862210 -22.9592199 -43.3344419 1772862212 1772862209
3778944031 -22.9590561 -43.3343171 1772862209 3778944033
1772862209 -22.959008 -43.3345133 1772862210 2164857317 3778944031
3778944030 -22.9587276 -43.333039 3778944034 1772862206
1772862207 -22.9585523 -43.33161 1772862200 1772862204
2516175877 -22.9584729 -43.3370592 2516175465
1772862206 -22.9584564 -43.3335895 3778944029 1772862202 3778944030
1772862204 -22.958226 -43.3314972 1772862197 1772862201 1772862207
3778944029 -22.9582027 -43.3341484 3778944028 1772862206
2516174256 -22.9581716 -43.3360245 490953883 2516174255
490952332 -22.9581188 -43.3359007 1772862211
3778944028 -22.9579496 -43.3346951 3778944029 2164857317
1772862202 -22.9579188 -43.3332977 3778944026 1772862200 1772862206
1772862201 -22.9579108 -43.3313829 1772862204 1772862196
490953883 -22.9578738 -43.3361754 490953872
2164857317 -22.9578258 -43.3349842 1772862209 1772862199 3778944028
2164857262 -22.9577971 -43.3300244 2164857281 2164857264
1772862199 -22.9577864 -43.3350709 1005175695 2164857317
1772862200 -22.9577689 -43.3332139 1772862197 1772862202 1772862207
1005175695 -22.9577653 -43.335208 3778944027 1772862199
3778944027 -22.9577449 -43.3357599 537632852 1005175695
537632852 -22.957724 -43.3360857 490952332 3778944027
2164857281 -22.9576861 -43.3301207 2164857260 2164857262
2164857260 -22.9576369 -43.330239 1005175669 2164857281
1005175669 -22.9575866 -43.3308265 2164857260 1772862198
3778944026 -22.9575541 -43.334065 1772862195 1772862202 3778944025
1772862198 -22.9575224 -43.3311506 1005175671 1005175669
1772862197 -22.9574707 -43.3330557 3778944025 1772862204 1772862200 1772862196
1005175671 -22.9574317 -43.3314595 1772862189 1772862198
1772862195 -22.9571737 -43.3348655 3778944026 1772862191
1772862196 -22.9571697 -43.3328935 1772862201 1772862197 1772862181 1772862189
3778944025 -22.9571674 -43.3338893 1772862197 3778944026 1772862191
1772862193 -22.9569525 -43.3364423 537632852
1772862191 -22.9568482 -43.334767 3778944025 1772862195 1772862181
1772862189 -22.9568314 -43.3327433 3778944024 1005175671 1772862196
3778944024 -22.9567976 -43.3328319 3778944023 1772862189 1772862178
3778944023 -22.9567638 -43.3329205 3778944024 1772862180 3778944022
490953872 -22.9567436 -43.3366904 490953864
1772862184 -22.9566509 -43.3365687 1772862193 1772862179
1772862181 -22.9565242 -43.3346741 1772862196 1772862191
1772862180 -22.9564802 -43.3336636 1772862170 3778944023 1772862174
3778944022 -22.9564793 -43.3328897 3778944023
1772862179 -22.9564727 -43.336048 1772862169 1772862184
1772862178 -22.9563287 -43.3327176 1772862175 3778944024
3778944021 -22.9562539 -43.3329408 1772862177
1772862177 -22.9561371 -43.3332631 3778944021 1772862174 3778944013
1772862174 -22.9560668 -43.3334569 1772862180 1772862177 1772862173
1772862173 -22.9559888 -43.3336624 3778944020 3778944008 1772862174
3778944020 -22.9559193 -43.3338456 1772862173
1772862170 -22.9559102 -43.3352255 1772862169 1772862180 1772862159
490953864 -22.9558146 -43.3371362 2453410077
2453410083 -22.9557572 -43.337107 2453410082
1772862175 -22.9557534 -43.3326505 3778944018 1772862178
3778944019 -22.9557524 -43.334651 1772862166
2453410082 -22.9557498 -43.3371378 2453410077
2453410079 -22.9557498 -43.3370735 2453410083
1772862169 -22.9557428 -43.3357255 3778944017 1772862179 1772862170
2453410077 -22.9557358 -43.3371721 2453410076
2453410081 -22.955735 -43.3370493 2453410079
2453410080 -22.9557128 -43.3370332 2453410081
3778944018 -22.9557065 -43.3326236 1772862168 1772862175
3778944017 -22.9556889 -43.3358693 1772862162 1772862169
2453410078 -22.9556794 -43.3370273 1772862184 2453410080
1772862166 -22.9556777 -43.334835 3778944016 1772862159 3778944019
1772862165 -22.9556676 -43.331217 3778944015
3778944016 -22.9556528 -43.3347694 1772862161 1772862166
1772862168 -22.9556458 -43.3324077 3778944018
3778944015 -22.955637 -43.3311344 3778944004 1772862165
1772862161 -22.9556217 -43.3347299 1772862139 3778944016
1772862162 -22.9556165 -43.3360698 1772862157 3778944017 1772862123
1772862159 -22.9555924 -43.3350971 1772862170 1772862156 1772862166
1772862156 -22.9555141 -43.3353371 3778944012 1772862159 3778944014
1772862157 -22.9554707 -43.3364837 1772862162 1772862110 2453407558
3778944014 -22.9554549 -43.3353716 3778944010 1772862156
3778944013 -22.9554513 -43.3329281 1772862149 3778944008 1772862177
3778944012 -22.9554347 -43.3355616 1772862156
3778944011 -22.9554253 -43.332689 1772862149
2453407547 -22.955417 -43.3371482 2453410078
3778944010 -22.9553984 -43.3353716 1772862117 3778944014
433562219 -22.9553277 -43.3398042 1179232229 1179232615
3778944009 -22.9553239 -43.3324913 1772862146
3778944008 -22.9552902 -43.3333316 1772862145 1772862173 3778944013
2453410076 -22.9552483 -43.337394 2453407556 2453407550
1179232615 -22.9552449 -43.3394637 433562220 1179232531 433562219
1772862149 -22.9552379 -43.3328239 1772862145 3778944011 3778944013
433562220 -22.9552249 -43.3388858 1179232615 1179233242
1179233242 -22.9552135 -43.3387515 1179232270 433562220 1179233038
2453407558 -22.9552068 -43.337239 2453407547 1772862157
2453407550 -22.9552034 -43.3373762 2453407549
1179232531 -22.9551824 -43.3394874 1179232657 1179232615
2453407551 -22.9551774 -43.3372904 2453407558
2453407549 -22.955175 -43.3373413 2453407551
1179233038 -22.9551549 -43.338058 1179233000 1179233242 2453410075
2453407556 -22.955149 -43.3374392 2453410074 2453410073
2453407561 -22.9551435 -43.3372961 2453407558
1772862147 -22.9551388 -43.3317363 3778944007
2453410074 -22.9551287 -43.3374798 2453410075
2453410075 -22.9551155 -43.3375916 2453410073 1179233038
3778944007 -22.9551149 -43.3316556 3778944005 1772862147
1179232270 -22.9551083 -43.3387793 1179233614 1179233242
2453407562 -22.9551064 -43.3373377 2453407561
2453407563 -22.9550928 -43.33739 2453407562
2453410073 -22.9550891 -43.3374423 2453407554 2453407563
1772862146 -22.9550859 -43.3321233 1772862133 3778944009 3778944006
1179233000 -22.955054 -43.3380873 1179233038 1179232917
2453407554 -22.9550447 -43.3374369 2453407555
2453407555 -22.9550027 -43.3374248 2453407553
3778944006 -22.9549807 -43.3319607 1772862146
2453407553 -22.9549304 -43.3374066 2453407552
3778944005 -22.95487 -43.3312873 1772862126 3778944007
1772862145 -22.9548534 -43.3331248 1772862149 3778944008 3778944003
2453407552 -22.954831 -43.3373967 2453407558 490949627
3778944003 -22.95467 -43.3330387 1772862145
1772862139 -22.9546138 -43.3343186 1772862134 1772862161
490949627 -22.9545623 -43.3375143 1772862092 2453407552
1772862140 -22.954551 -43.3330263 1772862133
1772862134 -22.9545289 -43.3343683 1772862139
1772862133 -22.9544595 -43.3325903 1772862112 1772862140 1772862146
1772862126 -22.9542772 -43.3305295 1772862107 3778944005
1772862117 -22.9542727 -43.3349056 1772862109 3778944010
1772862122 -22.9542474 -43.3363883 1772862092
1772862123 -22.9542308 -43.3354858 1772862162 1772862110
1772862119 -22.9541743 -43.3319737 1772862120 1772862118 3778943978
1772862109 -22.9541695 -43.3348104 1772862117
1772862120 -22.9541683 -43.3314779 1772862115 1772862119
1772862118 -22.9541667 -43.3321492 1772862119 1772862112
1772862115 -22.9541442 -43.331245 1772862106 1772862120
1772862112 -22.9541293 -43.3326051 1772862045 1772862133 1772862118 1772862111
1772862107 -22.9541258 -43.3300345 1772862099 1772862126
1772862111 -22.9541205 -43.3326814 1772862112 1772862108
1772862108 -22.9541164 -43.3330355 1772862103 1772862111
1772862110 -22.9540897 -43.3359023 1772862157 1772862101 1772862123
1772862106 -22.9540803 -43.3311567 1772862100 1772862115
1772862103 -22.9540583 -43.3333123 1772862043 1772862108 1772862097
1772862100 -22.9539946 -43.3311119 3778943990 1772862106
1772862097 -22.9539388 -43.3336381 1772862103 1772862096
1772862101 -22.9538836 -43.3358069 1772862110
3778943990 -22.9538385 -43.3311065 1772862085 1772862100
1772862096 -22.9537941 -43.333981 3778943915 1772862097 1772862094
1772862094 -22.9536863 -43.3342507 1772862096 1772862090
1772862092 -22.9536783 -43.3378379 1772862122 490949617 490949627
1772862091 -22.9536584 -43.3304518 3778943986
1772862090 -22.9536371 -43.3343916 1772862094 1772862087
3778943986 -22.9535949 -43.330476 1772862091 3778943979
1772862087 -22.9535893 -43.3346945 1772862038 1772862090 1772862083
1772862083 -22.9534772 -43.3353796 1772862028 1772862081 1772862087
1772862085 -22.9534507 -43.3310053 3778943990
1772862081 -22.953418 -43.3357009 1772862079 1772862083
1772862079 -22.9532783 -43.3360744 1772862081 1772862078 1772862025
3778943979 -22.953214 -43.3304511 3778943986 1772862067
1772862077 -22.9532131 -43.3311023 3778943977
3778943978 -22.9531965 -43.3318607 1772862119
1772862078 -22.9531956 -43.3363068 1772862079 1772862074
1179233614 -22.9531881 -43.339578 1179232270 1179233101 1179232917
1179233101 -22.9531805 -43.3398557 1179233614 1179233568
1179232917 -22.9531719 -43.3388239 1179233000 1179233614 490949617
490949617 -22.9531523 -43.3380523 1772862092 1179232814 1179232917
3778943977 -22.9531467 -43.331134 1772862054 1772862077
3778943973 -22.9530646 -43.3318095 3778943971
1772862074 -22.953038 -43.3367433 1772862078 1772862058 1772862052
1179233528 -22.9529697 -43.3398629 1179233635 1179232761
1179233635 -22.9529697 -43.3397825 1179233509 1179233528
3778943971 -22.9529569 -43.3318388 1772862049 3778943973
1179233509 -22.9529433 -43.338289 1179233635 1179232814
1179232761 -22.9529376 -43.3399213 1179233533 1179233528
1179232814 -22.95292 -43.3381413 1772862058 1179233509 490949617
1179233533 -22.9528608 -43.3399291 1179232761 1179232578
1772862067 -22.9526722 -43.330408 3778943979 1772862060 1772862065
1772862065 -22.9526507 -43.3306296 1772862061 1772862067
1772862060 -22.9526384 -43.33028 1772862068 1772862067
1772862061 -22.9525757 -43.3307767 1772862054 1772862065
1772862058 -22.9524416 -43.3383306 1772862074 3774832974 1179232814
3774832974 -22.9523844 -43.3383556 1772862058 1179232841
1772862054 -22.9523741 -43.3310895 1772862053 1772862061 3778943977
1179232574 -22.9522995 -43.3385488 1179232578 1179232841
1772862052 -22.9522893 -43.3367161 3778943885 1772862074 3774832973
1179232841 -22.95228 -43.3384025 490949593 3774832974 3774832973 1179232574
1772862053 -22.9522403 -43.3313287 1772862054 1772862049
3774832973 -22.9522296 -43.3382444 1772862052 1179232841
1772862049 -22.9522255 -43.3317856 1772862045 1772862053 3778943971
3778943915 -22.9522058 -43.3338946 1772862040 1772862096
1772862050 -22.9521753 -43.330827 3778943908
1772862045 -22.9521741 -43.3324832 1772862112 1772862043 3778943878 1772862049
1772862043 -22.9521431 -43.3331884 1772862103 1772862045 1772862040
3778943908 -22.9521221 -43.3307301 1772862033 1772862050
1179232578 -22.9521073 -43.3396086 1179233533 3774832970 1179232574
1772862040 -22.9521067 -43.3338902 3778943915 1772862043 1772862038
3774832970 -22.9520971 -43.3396568 3774832969 1179232578
1772862038 -22.9520712 -43.3345791 1772862028 1772862087 1772862040
490949593 -22.952058 -43.3384879 1772862022 1179232841
3774832969 -22.9520563 -43.3398544 2961632372 3774832970
2961632372 -22.952046 -43.3399041 1179232915 2961632371 2961632373 3774832969
3778943885 -22.951872 -43.3366877 1772862052 1772862024
2961632373 -22.9517388 -43.3397697 2961632372 3774832964
1772862028 -22.9517145 -43.3352726 1772862083 1772862025 1772862038
1772862025 -22.951678 -43.3359684 1772862079 1772862028 1772862024
1772862024 -22.9516454 -43.3366726 3778943885 1772862022 1772862025
1772862023 -22.9516004 -43.3313732 3778943879
3778943879 -22.951545 -43.331286 3778943874 1772862023
1772862022 -22.951531 -43.3386924 490949586 490949593 1772862024
3774832964 -22.9514933 -43.3397819 2961632373 2961632374
3778943878 -22.9514891 -43.3324505 1772862045
3778943874 -22.9514562 -43.3308168 1772862015 3778943879
2961632374 -22.9514092 -43.3398447 3774832964 1772865645
1772865645 -22.9513553 -43.3399708 2961632374 1772865647
490949586 -22.9513002 -43.3387736 1772862022 3774832960
3398231101 -22.9512467 -43.3336746 3398231100 1772862018
1772862018 -22.9512336 -43.3343927 1772862014 1772861986 3398231101
3398231100 -22.9512151 -43.3336106 3398231099 3398231101
1772862014 -22.9512126 -43.3347113 1772862018
3398231099 -22.9511559 -43.3335511 3398231100 3398231096
3774832960 -22.9510835 -43.3388315 490949580 490949586
1772862011 -22.9510756 -43.3324364 3778943855 3398231098
3398231098 -22.9510253 -43.3324978 1772862011
3778943859 -22.9509111 -43.3358184 1772862006
490949580 -22.9508993 -43.3388619 490949575 3774832960
3398231097 -22.9508612 -43.3350572 1772862008
1772862009 -22.9508147 -43.3364383 1179233470
3778943855 -22.950763 -43.3307939 3778943853 1772862011
1772862008 -22.9507523 -43.3349268 1772862006 3778943854 3398231097
3778943854 -22.9507092 -43.3348873 3778943846 1772862008
1772862007 -22.9507025 -43.3375328 1772861962
1772862006 -22.9506944 -43.3356855 1772862008 1772862005 1772861982 3778943859
1772862005 -22.9506818 -43.3360124 1772862006
3778943853 -22.9506378 -43.3301537 3778943851 3778943855
3398231096 -22.9506179 -43.3332162 1772861991 3398231099 3398231095
1772862001 -22.9503558 -43.3380649 1179233276
3398231095 -22.9502011 -43.3316683 1772861999 3398231096
490949575 -22.9501995 -43.3389649 490949580 490949570
3778943846 -22.9501708 -43.3345584 3778943837 3778943854
1772861999 -22.9501125 -43.3315642 3778943842 1772861993 3398231095
3778943842 -22.9500911 -43.3311005 1772861998 1772861999
1772861998 -22.9500841 -43.3308447 1772861997 3778943842 1772861984
1772861997 -22.9500805 -43.3307145 1772861995 1772861998
1772861993 -22.9500524 -43.3318115 1772861999 1772861991
1772861995 -22.9500409 -43.3302198 1772861975 1772861997 1772861994
1772861994 -22.9500164 -43.3300713 1772861992 1772861995
1772861991 -22.9498582 -43.3327719 3398231096 1772861993 1772861986
3778943837 -22.9497872 -43.3343347 3778943846 3778943836
3778943836 -22.9497347 -43.3343274 1772861989 3778943837
3398231094 -22.9496914 -43.3344387 1772861989 1772861988
1772861988 -22.9496809 -43.3345781 3398231094 1772861982
1772861989 -22.949667 -43.3343226 3398231093 3398231094 3778943836
1772861986 -22.9496663 -43.333457 1772862018 1772861991 1772861983
1772861984 -22.9495554 -43.3309245 3778943832 1772861998 3778943833
3398231093 -22.9495414 -43.3340684 1772861983 1772861989
1772861983 -22.9495213 -43.3338771 3398231093 1772861978 1772861986
1772861982 -22.9495073 -43.3349568 1772862006 3398231085 1772861988
3398231092 -22.9494981 -43.332901 3398231091
3778943833 -22.9494915 -43.3312613 1772861984 3778943831
3778943832 -22.9494525 -43.3309412 3778943822 1772861984
3398231091 -22.949443 -43.3331738 1772861964 3398231092 3398231089
1772861977 -22.9494291 -43.330424 1772861975
3778943831 -22.9494202 -43.3316458 3778943827 3778943833
1772861975 -22.949417 -43.3303139 1772861995 1772861977 3398231090
3398231089 -22.9494159 -43.333308 3398231091
3398231090 -22.9494036 -43.3301922 1772861975
3398231085 -22.9493578 -43.3352336 1772861969 1772861982
1772861978 -22.9493055 -43.3336535 1772861958 1772861983
3398231084 -22.9492494 -43.3343796 3778943826
3778943828 -22.9492338 -43.3355417 1179233470 1179233444
1179233444 -22.9492226 -43.3356654 3778943825 3778943828
490949570 -22.9492194 -43.3390679 490949566 490949575
1179233470 -22.9492056 -43.3354427 1772861969 3778943828 1772862009
3778943827 -22.9491922 -43.3327751 1772861964 3778943831
1772861969 -22.949174 -43.3353862 1179233470 3398231085 1179233574
3778943826 -22.9491738 -43.3344158 3398231084 1772861968
3778943825 -22.9491434 -43.3360853 1772861962 1179233444
1772861964 -22.9491252 -43.333097 3778943827 3398231091 1772861961
1772861968 -22.9491243 -43.3344395 1772861960 3398231083 3778943826
1179233574 -22.9491216 -43.3352924 1772861969 1179232281
1772861961 -22.949094 -43.3332459 3778943821 1772861964 3778943824
3778943824 -22.9490759 -43.3333322 1772861961 1772861958
1772861962 -22.9490717 -43.336465 1179233276 3778943825 1772862007
1179232281 -22.9490615 -43.3352228 1179233574 1179233619
1772861958 -22.9490356 -43.3335736 1772861978 3778943824 1772861956
3778943822 -22.9490133 -43.3309941 3778943832 1772861953
3398231083 -22.9490039 -43.3344972 1772861968
1772861956 -22.94897 -43.3338847 3398231082 1772861958
1772861960 -22.9489676 -43.3340371 3398231082 1772861968
3398231082 -22.9489584 -43.3339673 1772861960 1772861956
1179233276 -22.9489427 -43.337108 1772861962 1772862001 3778943816 1179233172
3778943821 -22.9489406 -43.3332136 3778943818 1772861961
1179233619 -22.948877 -43.335087 1179232281 1179233435
1179233270 -22.9488723 -43.3306361 1179233003 1179233315
1179233315 -22.9488708 -43.3308403 1179233270 1772861953
1179233172 -22.9488645 -43.3372816 1179233276 1179232956
1772861953 -22.9488631 -43.3310096 1772861952 3778943820 1179233315 3778943822
1179233003 -22.9488084 -43.3300394 1179233270 3398231081 3778943817
1772861952 -22.9487565 -43.33108 1772861936 1772861953
3778943820 -22.9487373 -43.3315787 1179233129 1772861953
1179233435 -22.9487215 -43.334933 1179233619 1179232737 1772861951
1179232737 -22.9486442 -43.3348154 1179233435 1179232778
1772861951 -22.9486291 -43.3350835 3778943816 1179233435
3778943818 -22.948599 -43.3331227 3778943821 1772861947
3778943817 -22.9485694 -43.3303009 1179233003 1772861942
1179233129 -22.9485577 -43.3325206 1772861947 3778943820
1179232778 -22.9485571 -43.3346131 1179232737 1179232855
1772861947 -22.9484426 -43.3330811 1179233129 1772861946 3778943818
1772861946 -22.9484249 -43.3331753 1772861933 1179233235 1772861947
1179232855 -22.9483774 -43.3341117 1179233086 1772861938 1179232778
1772861942 -22.9483553 -43.3305246 1772861941 3778943817
1179233235 -22.9483283 -43.3336652 1179233086 1772861946
1179233086 -22.9483229 -43.3338703 1179232855 1179233235
3778943816 -22.9483217 -43.3367011 1179233276 3778943799 1772861951
1179232370 -22.9482753 -43.3369071 3778943810 1179233172
490949566 -22.9482473 -43.3391537 490949563 490949570
1772861941 -22.9482358 -43.3306467 1772861942 1772861926 1772861940
1179232643 -22.9481739 -43.3371043 1179232370
1772861938 -22.9481374 -43.3342044 3778943799 1772861927 1179232855
3778943810 -22.9480722 -43.3367674 1179232370 1772861930
1772861940 -22.9480345 -43.3304633 1772861941 1772861937
490949563 -22.9479944 -43.3391795 1179233382 490949566
1179232956 -22.9479706 -43.3390958 1179233382
1179232563 -22.9479615 -43.3375011 1179232643 1179233482 3778943790
1179233382 -22.9479471 -43.3391905 1179232644 490949559 490949563
1772861937 -22.9479369 -43.3304295 1772861940 1772861934
1772861935 -22.9478973 -43.3321912 1772861933 1772861936
1772861936 -22.9478683 -43.332 1772861935 3778943768 1772861952
1772861934 -22.947845 -43.3304173 1772861937 1772861932
1179232644 -22.9478439 -43.3390422 1179233382 1179233482
1179233478 -22.9478387 -43.3376024 1179232563
490949559 -22.9477968 -43.3393082 495308119 1179233382
1772861932 -22.9477703 -43.3304396 1772861934 3778943778
1772861933 -22.9477407 -43.3330192 1772861935 1772861931 1772861946
3778943799 -22.9477184 -43.3363357 1772861938 3778943816 3778943779
1772861931 -22.94771 -43.3331815 1772861933 1772861920 1772861927
495308095 -22.9476573 -43.3399059 495308092
495308119 -22.9476469 -43.3394439 495308104 490949553 490949559
1179233535 -22.9476127 -43.3398409 495308095
495308104 -22.9475999 -43.3397363 1179233535
495308838 -22.9475762 -43.339908 495308834
490949553 -22.9475597 -43.3395228 495308119 1179233453
1772861927 -22.9475355 -43.334054 1772861931 3778943779 1772861920 1772861938
3778943790 -22.947527 -43.3372199 1179232563 3778943784
1179232631 -22.9475063 -43.3396698 1179233535
1772861930 -22.9474919 -43.3363799 3778943810 1179232751
1179233482 -22.9474656 -43.3383981 1179232644 1179232971
1179233453 -22.9474596 -43.3396241 433562263 490949553 1179232631
495308834 -22.9474577 -43.3397621 433562263
1179232641 -22.9474519 -43.3382697 1179233478
1179232971 -22.9474126 -43.3383079 1179232641 1179232302 1179233482
433562263 -22.9474003 -43.339684 490949547 1179233453
3778943784 -22.9472764 -43.3370557 3778943790 3778943783
3778943783 -22.9472001 -43.3369315 3778943784 3778943776
490949547 -22.9471961 -43.3397288 490949542 433562263
3778943779 -22.9471204 -43.335934 1179232751 3778943799 1772861927 1772861911
1772861926 -22.9471185 -43.3318316 1772861941 3398231080
3778943778 -22.947109 -43.3310244 1772861932 1772861913
1179232609 -22.9470862 -43.3300623 1179233594 1179233373
1179232751 -22.9470782 -43.3361204 1772861930 3778943770 3778943779 3778943776
1772861920 -22.9470108 -43.3339136 1772861931 1772861918 1772861927
3398231080 -22.9469632 -43.3319487 1772861926 1772861919
1179232302 -22.9469332 -43.3374919 1179232675 1179232971
3778943776 -22.946925 -43.3364211 1179232751 3778943771 3778943783
1772861918 -22.9469059 -43.3338878 1772861920 1772861911 1772861904
1772861919 -22.9468068 -43.3320321 3398231080 1772861917
1179233373 -22.9467933 -43.3302415 1179233621 1179232609
1179232675 -22.9467554 -43.3372773 1179232302 3778943771
1772861917 -22.9466805 -43.3321018 1772861919 3398231079 1772861916
1179233621 -22.9466432 -43.3303006 1179232454 1179233373
1772861916 -22.9466139 -43.3327846 3778943768 1772861917
1772861913 -22.9466134 -43.3314579 1772861910 3778943772 3778943778
3778943772 -22.9465612 -43.3313694 3778943767 1772861913
3778943771 -22.946558 -43.3371139 1179232675 3778943776 1772895991
3398231079 -22.9465436 -43.3321677 1772861917 3398231078
1772861911 -22.9465409 -43.3355564 3778943779 1772861918 1772861888
1179232454 -22.9465079 -43.3303109 1179233621 1179233497
3778943770 -22.9465039 -43.3357601 1179232751
1772861910 -22.9464019 -43.3316548 1772861913
3778943768 -22.9463554 -43.3335848 1772861916 1772861904 1772861936
1179233497 -22.9463157 -43.3302921 1179232454 1179232756
3778943767 -22.9462893 -43.3309324 1179232756 3778943772
1772861904 -22.9462872 -43.3337048 1772861896 3778943768 1772861918
3398231078 -22.9462808 -43.3323621 3398231079 1772861891 1772861906
1772861906 -22.9462478 -43.3327351 1772861903 3398231078
1772861903 -22.9462068 -43.332787 1772861901 1772861906
1772895991 -22.9461857 -43.3368059 3398231076 2624016477 3778943771
1772861901 -22.9461562 -43.3328055 1772861895 1772861903
1772861896 -22.9461374 -43.3342614 1772861880 1772861894 1772861904
1772861895 -22.9461031 -43.3327861 1772861901 1772861893
1772861894 -22.9460416 -43.3346316 1772861896 1772861888
1772861891 -22.9460313 -43.3325359 1772861889 3398231078
1772861893 -22.9460086 -43.3326445 1772861889 1772861895
1772861889 -22.9460085 -43.3325869 1772861891 1772861893
1772861888 -22.9459477 -43.335167 3778943763 1772861894 1772861911
1772861887 -22.9459152 -43.3316837 1772861884 1772861885
1772861884 -22.9459115 -43.3316246 1772861887 1772861881
1772861885 -22.9458908 -43.3317296 3778943760 1772861887
1179232756 -22.9458115 -43.3301392 1179232699 1179233497 3778943767
1772861881 -22.9457862 -43.3314093 1772861884 1772861859 1772861876
3778943763 -22.9457802 -43.3350319 1772861888 3778943762
1179232699 -22.9457233 -43.3301161 1179232756 3778943761
2624016477 -22.9456602 -43.337114 1772895886 1772895991
1772861876 -22.9456306 -43.3311612 1772861881 1772861874
1772861880 -22.9456234 -43.3332377 1772861872 1772861896
1772861874 -22.9455885 -43.3311437 1772861876 1772861873
3778943762 -22.9455848 -43.334784 3778943763
1772895970 -22.9455823 -43.3342761 3778943758 3778943757
3778943761 -22.9455732 -43.3301446 1179232699 1772861869
1772861872 -22.9455632 -43.3331324 1772861880 1772861867
1772861873 -22.9455454 -43.3311523 1772861874 1772861865
3778943760 -22.9455311 -43.3319891 1772861870 1772861885
3398231076 -22.9454515 -43.3361983 1772895862 1772895991 1179232938
1772861869 -22.9454406 -43.3302136 1179233486 1772861855 3778943761
3778943758 -22.945385 -43.3338232 1772895970
1772861867 -22.9453512 -43.3329396 3778943453 1772861872
3778943757 -22.9453039 -43.3344299 3778943451 3778943456 1772895970
490949542 -22.9452675 -43.3398575 490949533 490949547
3778943456 -22.9452399 -43.3344653 3778943452 3778943757
1772861865 -22.9452311 -43.3313804 3778943450 1772861873
1772861870 -22.9451596 -43.3322569 3778943760 1772861862
3778943453 -22.9451223 -43.3324588 1772861862 1772861867
3778943452 -22.9451082 -43.3345368 3778943456 1772895949
3778943451 -22.9451005 -43.3339124 3778943757
1772861862 -22.9450517 -43.332321 1772861860 3778943453 1772861870
490949533 -22.9450304 -43.3399004 490949526 490949542
1179233486 -22.9450272 -43.3305279 1772861869 1179232428
1772861860 -22.9449865 -43.3322002 1772861859 1772861862
1179232428 -22.9449557 -43.3305621 1179233486 1772861858
1772861859 -22.9448957 -43.3320233 1772861881 1772861860 3778943449
1772861858 -22.9448719 -43.3305807 1179232428 1772861849 1179232656
3778943450 -22.9448715 -43.331631 1772861865 1772861856
3778943449 -22.9448277 -43.331877 1772861856 1772861859
1179232656 -22.9447734 -43.3305821 1179232411 1772861858
1772861856 -22.944751 -43.3317162 3778943450 1772861851 3778943449
490949526 -22.9447142 -43.3399948 1280705238 490949533
1772861851 -22.9444567 -43.3311435 1179232462 1772861856
1179232938 -22.9444501 -43.3353695 3398231076 1145882282 1772895949
1179232411 -22.9444479 -43.3305205 1179232656 1179232462
1772895949 -22.9443089 -43.3349529 1772895933 3778943452 1179232938
1179232462 -22.9441478 -43.3304721 1179232411 3778943437 1772861851
3778943437 -22.9440928 -43.3304667 3778943433 1179232462 1772861847
1772895933 -22.9440696 -43.3341395 1346387110 1772895949
3778943433 -22.943958 -43.3304813 1179232468 3778943437
1179232468 -22.9438934 -43.3304957 3778943433 1772895890
1280705206 -22.9438405 -43.3384354 1280705238 1772895886
1772895890 -22.9438095 -43.3305322 1179232468 1179232625 1772895840
1179232625 -22.9437503 -43.3305819 1772895890 1179232390
1346387110 -22.9437397 -43.3331861 1772895933 1280705268 3398231075
1772895886 -22.943737 -43.3382415 1280705206 2624016477 1280705229
1145882282 -22.9435837 -43.3355989 1145882326 1179232938 1280705224
1280705229 -22.9435144 -43.3378244 1772895862 1772895886
3398231075 -22.9434332 -43.3322539 1346387110 3398231074 1179232390
1772895862 -22.943239 -43.3372943 3398231076 1280705229 1280705241 1772895788
1359352657 -22.9431578 -43.33896 1359352648 1359352649 1346386967
1280705224 -22.9431488 -43.334713 1772895857
1179232390 -22.9431403 -43.3314108 1179232625 1179232508 3398231075 1772895822
1280705241 -22.9430896 -43.3369982 1772895862 1280705271
1772895857 -22.9430448 -43.3344927 1280705268
1346386967 -22.9429899 -43.3386542 2536490800 1359352657
2536490800 -22.9429602 -43.3386448 1346386965 1346386967
1346386965 -22.942917 -43.3386569 2536490800 2536490798
3398231074 -22.9428646 -43.3325526 3398231075
1280705271 -22.9427635 -43.3362794 1280705241 1145882326
1280705268 -22.9426498 -43.3336248 1346387110 1280705253
1145882326 -22.9426016 -43.3359275 1145881977 1280705245 1145882282 1280705271
2536490798 -22.9423267 -43.3389466 2536490799 1346386965
1179232508 -22.9423201 -43.3322883 1179232390 1179232623
1346386968 -22.9422995 -43.3390901 1346386971 2536490799
2536490799 -22.9422958 -43.3389989 1346386968 2536490798
1179232623 -22.9422402 -43.3323543 1179232508 1280705253
1280705253 -22.9420279 -43.3324473 1179232623 3655892426
1772895809 -22.9419955 -43.330915 1772895803
1359352649 -22.9416919 -43.3396842 1359352657 490943169
3655892426 -22.9416247 -43.3325946 1280705253 3398231073
3398231073 -22.941547 -43.3326012 3655892426 3398231072
3398231072 -22.9414799 -43.3325928 3398231073 3655892416
3655892416 -22.9414099 -43.3325594 1179232799 3398231072
1179232799 -22.9413685 -43.3325148 1179233379 3655892416
1179233379 -22.9411927 -43.3323097 1179232799 3655892392
1145881977 -22.9411607 -43.3363194 1145882160 1280705267 1145882326
3655892392 -22.9411343 -43.3322623 1179233379 1179233531
1179233531 -22.9410715 -43.3322297 3655892392 1179232254
1179232254 -22.9410141 -43.3322105 1179233531 1179233160
490946810 -22.9410107 -43.339862 2536490703
1179233160 -22.9409164 -43.3322071 1280705245 1179232254
1280705245 -22.9408181 -43.3322278 1179233160 1280705267 1145882326
1772895788 -22.9403602 -43.3387952 490946810 1772895862
1280705267 -22.940247 -43.3323563 1280705245 1145881977 490946913
