457301836 -22.7999805 -43.2057354 1941285546 458434830 458589399
278085298 -22.7999736 -43.2004252 3080945329 3063160265
1053021732 -22.7999655 -43.2097006 1053021751
455352707 -22.7999192 -43.2046311 455352706
455352674 -22.799916 -43.2028579 455352670 1396435432
3063160265 -22.7999024 -43.200211 278085297
458614776 -22.799831 -43.2039635 458614764 458614777
3080945329 -22.7998232 -43.200418 1057053011
1057053034 -22.7998149 -43.203798 1396382821 458614766
458614766 -22.7998143 -43.2037133 1057053034 1396382810
3080945324 -22.7997923 -43.2003422 3063160265
1396382821 -22.7997884 -43.2038875 1396382819 1057053034
1396382810 -22.7997823 -43.2036156 458614766 458614767
457301846 -22.799778 -43.2096112 457301845 457301847
455352706 -22.7997501 -43.2046561 455352704
1396435432 -22.7997488 -43.2027989 455352674 1396435423
458614767 -22.7997481 -43.2035655 1396382810 458614768
1396382819 -22.7997285 -43.2039704 458614764 1396382821
1941285546 -22.799707 -43.2058046 458440107 457301836
1057052924 -22.7996879 -43.2014114 1057053053 1057053021 1941285539
458614768 -22.7996774 -43.2035069 1396382816 458614767
458614764 -22.7996557 -43.2040192 1396382817 458614776 1396382819
457301848 -22.799639 -43.2091569 459408904 457301849
455352704 -22.7996163 -43.2046738 455352703
1941285539 -22.7996132 -43.2014483 1057052924 1057052977
1396382816 -22.7995915 -43.2034774 458614768 458614769
1396382817 -22.7995879 -43.2040383 458614775 458614764
1057053053 -22.7995876 -43.201304 1941285527 1057052924
1941285527 -22.7995462 -43.2012493 1057053053 1941285495
1396435423 -22.7995434 -43.2027807 1396435439 1396435432
458614769 -22.7995423 -43.2034753 1396382816 458614770
1057052975 -22.7995097 -43.2016705 1941285500 1941285552
1941285495 -22.7995048 -43.2011669 1941285527 1941285557
458614775 -22.7994952 -43.2040323 1396382817 458614774
1057052977 -22.7994945 -43.2015069 1941285575 1941285539
1941285552 -22.7994896 -43.2016479 1057052975 1941285587
1941285575 -22.7994744 -43.201529 1941285537 1057052977
1941285557 -22.7994713 -43.2010886 1941285495 1057053011
1941285587 -22.7994703 -43.2016178 1941285552 1397506139
1941285537 -22.7994619 -43.2015537 1941285575 1397506139
1397506139 -22.7994603 -43.2015795 1941285587 1941285537
458614770 -22.7994473 -43.2035011 458614769 1396382808
455352703 -22.7994465 -43.2046762 455352702
458614774 -22.7994016 -43.2039846 458614773 458614775
1396382808 -22.7993769 -43.2035532 458614771 458614770
1396435439 -22.799353 -43.2027665 1396435423 624953731
458614771 -22.7993459 -43.2035917 1396382808 1396382822
457301847 -22.7993424 -43.2097031 457301855 457301846 457301861
1057053011 -22.7993341 -43.200657 3080945331 1941285557
458614773 -22.7993234 -43.2038831 1396382806 458614774
3080945330 -22.7993086 -43.2005915 3080945324 1057053011
1396382822 -22.7993081 -43.2036734 458614771 458614772
1396382806 -22.7993062 -43.2038349 458614772 458614773
458614772 -22.7992966 -43.2037432 1396382822 1396382806
455352702 -22.7992788 -43.2046454 2600915514
457301861 -22.7991959 -43.2093286 457301847 457301849
624953731 -22.7991816 -43.2028027 1396435439 455352683 624953721
457301849 -22.7991187 -43.2091024 457301848 457301861 457301860
1941285581 -22.7990645 -43.2071252 1941285491 278611820
2600915514 -22.7990212 -43.2045067 2600915513
1941285491 -22.7990203 -43.207139 1941285469 1941285581
458440107 -22.7989915 -43.2059856 458589409 1941285546
624953719 -22.7989895 -43.2029266 1396412214 1396412188
1396412188 -22.7989854 -43.2028883 624953717 624953719
1396412214 -22.7989808 -43.2029703 624953721 624953719
1941285469 -22.7989753 -43.2071738 1941285491
624953717 -22.7989682 -43.2028488 1396412188 1396412210
624953721 -22.7989525 -43.2030148 455352688 1396412212 1396412214 624953731
1396412210 -22.79895 -43.2028268 624953717 455352683
1396412212 -22.7989171 -43.2030395 1396412191 624953721
455352683 -22.7989164 -43.2028042 624953699 1396412210 1396412231 624953731
457301841 -22.798911 -43.2091913 457301840 457301842
457301860 -22.7989031 -43.2084703 457301849 457301859 457301840
2600915513 -22.7988983 -43.2044984 624953676
1396427489 -22.7988843 -43.2044259 2600915513
1396412231 -22.7988822 -43.2027953 455352683 455352684
1396412191 -22.7988758 -43.2030491 624953723 1396412212
624953678 -22.7988598 -43.2043638 1396427489
2600915512 -22.7988458 -43.2043275 624953678
624953723 -22.7988435 -43.2030453 1396412201 1396412191
455352684 -22.7988431 -43.2027989 1396412231 1396412230
1396412201 -22.7988053 -43.2030263 624953723 624953695
1396412230 -22.7988008 -43.2028213 455352684 455352685
624953670 -22.7987986 -43.2042393 2600915512
624953695 -22.7987791 -43.2030034 1396412201 1396412229
455352685 -22.7987739 -43.2028529 1396412213 1396412230
1396412229 -22.7987656 -43.2029746 455352686 624953695
1396412213 -22.7987578 -43.202895 455352685 455352686
455352686 -22.7987562 -43.2029389 1396412213 624953699 455352688 1396412229
457301835 -22.7987558 -43.2071665 458573742
624953676 -22.7987463 -43.2045041 1396427490 2600915510
624953666 -22.7987441 -43.2041532 624953670 624953859
457301840 -22.798737 -43.2085132 1053021730 457301839 457301841 457301860
455352688 -22.7987339 -43.203256 624953721 455352686 455352689
458589409 -22.7987234 -43.2060535 458434641 458440107
2600915511 -22.7986946 -43.2042807 624953666
457301859 -22.7986895 -43.2074833 457301860 457301839
2600915510 -22.7986863 -43.2044951 455352696
455352694 -22.7986487 -43.2043536 2600915511
455352696 -22.7986451 -43.204472 455352695
624953699 -22.7986369 -43.2025675 624953649 455352683 455352686
624953859 -22.7986353 -43.2038426 624953666 455352689
455352695 -22.7986343 -43.2044262 455352694
455352689 -22.798616 -43.2035808 455352688 1396427497 624953859
2600915509 -22.7985863 -43.2038353 624953859
458573742 -22.7985328 -43.2071059 457301835 458434666
1396427495 -22.798531 -43.2038231 2600915509
624953649 -22.7984927 -43.2021796 624953620 624953699 624953613
457301839 -22.798492 -43.2074132 457301858 457301840 457301859
1396427490 -22.7984801 -43.2045227 455352694 624953660
1396427493 -22.7984801 -43.2038098 1396427495
3080945331 -22.79846 -43.2010681 3080945335
3080945332 -22.7984305 -43.2009949 3080945331 3080945330
624953660 -22.7984166 -43.2045478 1057052991 624953901 1396427490
458434641 -22.7984136 -43.2061319 458440109 458589409
1396427497 -22.7984038 -43.2037904 1396427493 624953822
1057052991 -22.7983756 -43.205807 624953660
624953822 -22.7983487 -43.2038235 1396427488 1396427497
624953613 -22.7983211 -43.2016524 624953620 624953649 624953708
457301858 -22.798278 -43.2073373 457301857 457301839
1396427488 -22.7982679 -43.203873 624953824 624953822
624953708 -22.7982552 -43.2014819 3080945333 624953613
3080945335 -22.7982358 -43.2011859 3080945334 3080945338
3080945334 -22.7982292 -43.2012876 624953708
3080945336 -22.7981909 -43.2011363 3080945335
3080945338 -22.7981664 -43.2012266 3080945328
3080945333 -22.7981599 -43.2013315 3080945328
624953901 -22.7981545 -43.2046505 624953660 1396427503
624953824 -22.7981515 -43.2039418 624953826 1396427488
1053021730 -22.7981346 -43.2083956 457301850 457301851 457301840
457301850 -22.7981338 -43.2083954 457301852 1053021730
624953620 -22.7981323 -43.2019741 624953613 624953649 624953625
3080945323 -22.7981289 -43.2011319 3080945332 3080945336
1396435440 -22.7981189 -43.2029924 624953787 624953789
624953787 -22.7981071 -43.203075 1396435428 1396435440
624953789 -22.7981016 -43.2029307 1396435429 1396435440
3080945328 -22.7980963 -43.2012434 3080945325 3080945337
1396435428 -22.7980859 -43.2031742 624953785 624953787
3080945337 -22.7980832 -43.2011859 3080945323
1396435429 -22.7980571 -43.2028502 624953791 624953789
457301851 -22.7980565 -43.2089681 1053021730 457301832
458440109 -22.7980466 -43.2062247 458573727 458434641
624953785 -22.7980301 -43.2032601 1396435424 1396435428
624953826 -22.7980279 -43.203981 624953828 624953824
624953791 -22.7979656 -43.2027858 1396435429 624953792
1396435424 -22.7979549 -43.2033133 624953785 624953783
624953828 -22.7978783 -43.2039957 624953826 624953830
622755996 -22.7978663 -43.200018 622756087 622756850
624953783 -22.7978494 -43.2033249 1396435418 1396435424
624953792 -22.7978469 -43.2027778 624953791 1396435412
1396427503 -22.7978363 -43.2046667 624953901 624953750
458434666 -22.7978325 -43.2068763 458573739 458573742
1396435418 -22.7978048 -43.2033115 624953781 624953783
458573739 -22.7977817 -43.2068481 1941285530 458434666
457301857 -22.7977716 -43.2071914 457301856 457301858
1941285530 -22.797752 -43.20682 458573739 1941285520
1941285520 -22.7977334 -43.20678 1941285530 458573708
624953830 -22.7977267 -43.2039877 624953831 624953828
624953781 -22.7977257 -43.2032713 1396435418 2908390115
1396435412 -22.7977257 -43.2027885 624953792 2908390113
458573708 -22.7977056 -43.2066172 458573727 1941285520
2908390115 -22.7976862 -43.2032338 2908390114 624953781
458573727 -22.797655 -43.2063238 458572448 458440109 458573708
622756850 -22.7976534 -43.2001063 622755996 622756092 622756849
2908390114 -22.7976318 -43.2032016 1396435438 2908390115
2908390113 -22.7976194 -43.2028529 1396435412 1396435425
624953831 -22.797569 -43.2039769 624953833 624953830
457301852 -22.7975501 -43.2082815 457301850 457301834
1396435438 -22.7975284 -43.2031345 1396435421 2908390114
457301834 -22.7975233 -43.2085075 457301852 457301832
1396435425 -22.7975131 -43.2029199 2908390113 1396435421
457301832 -22.7974789 -43.2088823 457301831 457301853 457301851 457301834
457301831 -22.7973998 -43.2093458 457301832
624953833 -22.7973778 -43.2039332 624953831 1396435442 624953835
1396435421 -22.7972881 -43.2030165 624953768 1396435438 1396435425
1396435442 -22.7972671 -43.203816 624953833 1396435434
624953835 -22.797253 -43.2039555 624953837 624953833
458572462 -22.7972383 -43.2069262 458434660 458434650
458434660 -22.7972009 -43.2067366 458572462 458572448
624953625 -22.7971986 -43.2023153 1396427507 624953620
1396435434 -22.7971703 -43.203743 624953845 1396435442
458572448 -22.7971501 -43.2064515 458573727 458434660 458434651
624953845 -22.7971466 -43.2037315 1396435434 1396435416
624953837 -22.7971398 -43.2039766 1396435426 624953835
1396435416 -22.7971061 -43.2037256 624953845 624953844
1396427507 -22.7971014 -43.202415 624953637 624953625
1396435426 -22.7970964 -43.2039796 624953838 624953837
624953844 -22.79708 -43.20373 1396435416 1396435436
624953838 -22.7970573 -43.2039666 1396435441 1396435426
1396435436 -22.7970431 -43.2037489 624953842 624953844
1396435441 -22.7970329 -43.2039485 1396435419 624953838
457301856 -22.7970279 -43.2075347 278085472 457301857
622756092 -22.7970273 -43.200366 622756128 622756850 278085467
624953842 -22.7970192 -43.2037732 624953768 1396435436 1396435431
624953637 -22.7970163 -43.2025023 1396427507 624953768
1396435419 -22.7970075 -43.2039138 624953840 1396435441
1396435431 -22.7969996 -43.2038121 624953842 624953840
624953768 -22.7969968 -43.2030295 624953842 624953637 624953765 1396435421
624953840 -22.7969946 -43.2038718 1396435419 1396435431
458434650 -22.7969451 -43.2069908 458572459 458572462
624953750 -22.7968949 -43.2046259 624953893 1396427503
458434651 -22.7968487 -43.2065278 458572448 458572456
624953765 -22.7968428 -43.2030277 624953763 624953768
3080945325 -22.7968378 -43.2017296 3080945322
3080945321 -22.7967921 -43.2016786 3080945323
624953816 -22.7967458 -43.2029711 624953765
624953893 -22.7967434 -43.2046714 1396427504
624953763 -22.7967364 -43.2030771 624953761
624953752 -22.7967264 -43.20456 624953750
3080945322 -22.7967074 -43.2018156 278085468
3080945327 -22.7967021 -43.2016757 3080945321
624953814 -22.7966815 -43.2029022 624953816
624953761 -22.7966697 -43.2031422 624953759
458572459 -22.7966607 -43.2070535 458572456 458434650
624953754 -22.7966601 -43.2044691 624953752
1396427504 -22.7966583 -43.2047382 624953877
2942781026 -22.7966368 -43.2023044 624953812
278085468 -22.7966328 -43.2019154 2942781026
458572456 -22.7966198 -43.2065857 458572459 458434651
624953812 -22.7966164 -43.2028033 624953759 624953814
3080945326 -22.7966108 -43.2016171 278085468 3080945327
3080945320 -22.79661 -43.2016049 3080945326
624953759 -22.7966061 -43.2032514 624953755
624953755 -22.796587 -43.2042414 278085469 624953754
278085469 -22.7965839 -43.2043947 624953877 278085668
624953877 -22.796574 -43.2048774 278085669
457301853 -22.796561 -43.208702 457301832
278085669 -22.7965475 -43.2053481 278085471
278085471 -22.796545 -43.2053985 278085472
278085472 -22.7964664 -43.2077718 278085473 457301856
278085670 -22.796462 -43.205232 278085669
278085668 -22.796433 -43.2045239 278085667
278085473 -22.7964272 -43.2084865 2969564482
278085641 -22.7964263 -43.2064885 278085640
615217945 -22.7964233 -43.2065629 278085641
1053021842 -22.7963907 -43.2077045 615217945 1053021701
2969564482 -22.7963889 -43.2087287 278085474
1053021828 -22.7963834 -43.2080703 1053021842 1053021722
278085467 -22.7963788 -43.2006349 3080945320 622755769 622756092
1396435427 -22.7963655 -43.2051971 278085670
278085642 -22.7963643 -43.2084737 1053021828
278085640 -22.796363 -43.2060165 278085639
278085474 -22.7963278 -43.208966 2969564484
2969564483 -22.7963215 -43.2087159 278085642
278085667 -22.7963084 -43.2045617 278085666
278085671 -22.796281 -43.2052405 1396435427
278085643 -22.7962601 -43.2089519 2969564483
2969564484 -22.7962586 -43.2091825 278085475
278085639 -22.7962364 -43.2053813 278085671 278085638
1053021722 -22.7962169 -43.2080805 1053021729 1053021828
2969564485 -22.7961911 -43.2091548 278085643
278085475 -22.7961784 -43.209398 278085476
278085666 -22.796161 -43.2044997 278085636
278085644 -22.7961091 -43.2093723 2969564485
1053021701 -22.7961027 -43.2077688 1053021920 1053021842
278085638 -22.7960939 -43.2048063 278085637
1053021729 -22.7960933 -43.2080913 1053021864 1053021722
1053021767 -22.7960834 -43.2088745 1053021899
278085476 -22.795999 -43.2097587 278085477
278085637 -22.7959753 -43.2043771 278085636
1053021899 -22.7959301 -43.2088423 1053021767 1053021727
1053021864 -22.7958905 -43.2081074 1053021873 1053021729
278085477 -22.7958767 -43.2099911 278085478 278611753
1740892921 -22.7958481 -43.2098695 1053021766 278085644
1053021727 -22.7958411 -43.2088423 1053021899 1053021933
278085636 -22.7958407 -43.2040166 278085635
1053021920 -22.7958147 -43.2077283 1053021701 1053021830 1053021843
1053021873 -22.7957323 -43.2081717 1053021864 1053021844
622755769 -22.7957239 -43.2009472 278085467 622755421 622755490
1053021933 -22.7957076 -43.2088423 1053021727 1053021685
278085635 -22.7956508 -43.2036304 278085634
1053021843 -22.7956115 -43.2077065 1053021920 1053021759
1053021830 -22.7955905 -43.207841 1053021728 1053021920
1053021766 -22.7955542 -43.2097113 1740892921 1053021697
1053021759 -22.7954074 -43.2077214 1053021843 1053021925
1053021698 -22.7953861 -43.2099581 1053021764
1053021728 -22.7953564 -43.2079625 1053021739 1053021830
1053021697 -22.7953317 -43.2096952 1053021766 1053021788
1053021764 -22.7953218 -43.2099581 1053021797 1053021698
1053021797 -22.7952724 -43.2099581 1053021911 1053021764
622755421 -22.7952651 -43.201166 622755769 622755773
622755773 -22.7951426 -43.2012157 622755422 622755774 622755421
1053021925 -22.7950943 -43.2078177 1053021759 1053021691
1053021739 -22.7950646 -43.208102 1053021728 1053021749
1053021788 -22.7950449 -43.2097167 1053021947 1053021697
622755774 -22.794998 -43.2006188 622755773 622755775
622755775 -22.7948991 -43.2001038 622755774 622755440
1053021749 -22.7948718 -43.2082468 1053021739
1053021947 -22.7948312 -43.2097301 1053021703 1053021934 1053021788
1053021934 -22.7947926 -43.2094914 1053021947 1053021685 1053021894
1053021703 -22.7947877 -43.2097328 1053021947 1053021705
278085634 -22.7947804 -43.2023429 278085633
1053021691 -22.794763 -43.207866 1053021925 1053021737
1053021685 -22.7947185 -43.2091266 1053021934 1053021933 1053021879
1053021737 -22.7946888 -43.2078767 1053021691 1053021865
278085633 -22.7946143 -43.2019395 622755422
1053021865 -22.7945503 -43.2080054 1053021700 1053021737
622755422 -22.7945282 -43.2014653 278085632 622755773
278085632 -22.7945193 -43.201416 278085631
1053021844 -22.7944366 -43.2087833 1053021873 1053021753
1053021700 -22.7942932 -43.2083917 1053021897 1053021865
1053021879 -22.7942635 -43.2092875 1053021685
1053021753 -22.794214 -43.2089603 1053021896 1053021844
1053021705 -22.793853 -43.2099205 1053021929 1053021703
1053021929 -22.7937788 -43.2098079 1053021894 1053021705
1053021894 -22.7937689 -43.2097489 1053021929 1053021934 1053021785
1053021896 -22.7936948 -43.209368 1053021824 1053021753
1053021785 -22.7936851 -43.2097652 1053021894 1053021792
1053021792 -22.7936008 -43.2097435 1053021785 1053021824
1053021824 -22.7934614 -43.2095546 1053021951 1053021896 1053021792
1053021951 -22.7934228 -43.2095021 1053021913 1053021824 1053021775
1053021897 -22.7933486 -43.2093358 1053021700 1053021775
1053021913 -22.7933288 -43.2096845 1053021951 1053021818
1053021775 -22.7933065 -43.2093479 1053021951 1053021897 1053021946
1053021946 -22.7931804 -43.2093841 1053021919 1053021775
1053021818 -22.7931755 -43.209942 1053021913 1053021805
1053021805 -22.7930963 -43.2098991 1053021818 1053021898 1053021927
1053021919 -22.7930766 -43.2094377 1053021946 1053021877
1053021927 -22.7929678 -43.2097328 1053021805
