3760881715 -22.9799816 -43.4145344 2218734892
1773037943 -22.979836 -43.4198789 1773037902 1773037938 1773037976
3404828782 -22.9798337 -43.4144911 1773068555
1773037938 -22.9797494 -43.4196197 3760881745 1773037943
2218734892 -22.9790583 -43.4157037 2218731714 3760881149
2218731714 -22.9789649 -43.4156186 3404828782 2218734892
3815433926 -22.9789384 -43.4188379 1773037902 583093455 3815434130
583093455 -22.9788991 -43.4187093 3815433926 615226056
615226056 -22.9787423 -43.4182271 3295728115 583093455
615226062 -22.9787051 -43.4180944 615226056
3760881149 -22.9786872 -43.4161742 3760881146
3441522898 -22.9786396 -43.4179738 615226062
3760881146 -22.978639 -43.4162353 3441522873
3295728115 -22.9786013 -43.4180391 3295728109
3295728111 -22.9785558 -43.4178749 3441522898
3295728109 -22.9784225 -43.4178456 3760881134
2218730834 -22.9784201 -43.4162976 2218731714
2218730324 -22.9783236 -43.4163313 2218730834
2218730320 -22.9782526 -43.4163431 2218730324
3441522873 -22.9781985 -43.4168134 2218735799 3441522874
2218730322 -22.9781853 -43.4163332 2218730320
3441522874 -22.9781591 -43.4168237 3760881140
3760881140 -22.978127 -43.4168147 3441522875
3441522875 -22.9781086 -43.4167931 615276428
2218729250 -22.9781035 -43.4165834 3760881138
2218729249 -22.9780997 -43.4166487 2218729250
3760881138 -22.9780991 -43.4165146 2218729253
615276428 -22.9780912 -43.4167376 2218730834 2218729249
2218730326 -22.9780833 -43.4162897 2218730322
2218729253 -22.9780775 -43.4164446 2218717617
2218736280 -22.9780768 -43.4174093 3295728111
2218735795 -22.9780239 -43.4172685 2218736280
2218735799 -22.9780209 -43.4170385 2218735792 2218734889
2218735792 -22.9780094 -43.4171558 2218735795
3295728101 -22.9779727 -43.4168885 615276428
3441522877 -22.9779538 -43.4173097 2218736280
2218717617 -22.9779468 -43.4161711 2218717610 2218730326
3760881136 -22.9779158 -43.4172805 3441522877
3760881135 -22.9778977 -43.4169539 3295728101
2218734889 -22.9778922 -43.4171776 2218734866
3760881134 -22.9778512 -43.4173941 3441522878
2218734866 -22.977827 -43.4172123 3760881136 3441522876
2218710830 -22.977816 -43.4169991 3760881135
3441522878 -22.9778048 -43.4173574 2218734878
3760881133 -22.977778 -43.4170159 2218710830
3441522876 -22.9777757 -43.4172289 2218734896
2218734896 -22.9777084 -43.4172388 2218734878
2218710840 -22.9777039 -43.4170338 3760881133
2218734878 -22.9776407 -43.4172281 3295728099
2218710836 -22.9775998 -43.4170406 2218710840 2218734866
2973069117 -22.9769288 -43.4165204 2218710836
2218717610 -22.9768528 -43.4148701 2218717617 3441522849
2218732497 -22.9768259 -43.4163647 2973069117
3295728099 -22.9767796 -43.4165487 2218732498
2218732493 -22.9767236 -43.4161541 2218732497
2218732505 -22.9766568 -43.4160638 2218732493
2218732495 -22.9765949 -43.4160196 2218732505
2218732504 -22.9765053 -43.4159878 2218732495
3733814053 -22.9764694 -43.416101 2973069117
2218732503 -22.976463 -43.415984 2218732504
3733814052 -22.9764238 -43.4159948 2218732503
2218732498 -22.976408 -43.4162026 3733814056 615227504
3733814054 -22.9763951 -43.4160248 3733814053 3733814052
3733814056 -22.9763829 -43.4161238 3733814055
3733814055 -22.9763785 -43.4160566 3733814054
3733814057 -22.9763168 -43.4159454 2218732503 3733814054
615227504 -22.9762332 -43.4160267 615227507
3073379947 -22.9761489 -43.4157752 3733814057
3295728097 -22.9759846 -43.4156043 3073379947
615226063 -22.9757459 -43.415356 3295728097
3441522849 -22.9757242 -43.4135395 2218717610 1773037745
615227507 -22.9756443 -43.4154263 615227511
3295728092 -22.9753631 -43.414991 615226063
615227511 -22.9752973 -43.4150911 347301453
615226064 -22.975147 -43.4148552 3295728092
3441522848 -22.9749966 -43.4147061 3441522849
3441522882 -22.9749711 -43.4147309 3441522848
347301453 -22.9749484 -43.4148842 1773037733
615226059 -22.9749344 -43.4147485 3441522882 615226064
3073376872 -22.9747957 -43.4147007 615226059
1773037745 -22.9742227 -43.4117195 2218717627 3441522849
2218717627 -22.9739714 -43.4113458 3077166311 1773037745
3077166311 -22.9737348 -43.4109326 3441522887 2218717627
1773037733 -22.9736492 -43.41441 1773037685 615227514
3441522887 -22.97363 -43.4107416 2218717632 3077166311
2218717632 -22.9734953 -43.410475 2218717614 3441522887
1773037730 -22.9734798 -43.4142121 3073376872
2218717614 -22.9733315 -43.4101052 3443033475 2218717632
615226066 -22.9733265 -43.4141594 1773037730
1773037717 -22.973186 -43.4141218 615226066
615227514 -22.9731757 -43.4142555 3733811327
3733811330 -22.9729903 -43.4140844 1773037717
3733811329 -22.9728671 -43.4140998 3733811330
3839477695 -22.9728181 -43.4141217 3733811329
3733811328 -22.9728018 -43.4141433 3839477695
3733811327 -22.9727963 -43.4141872 3467949945 3733811328
3443033424 -22.9727809 -43.4140444 3733811330
3443033420 -22.9726648 -43.4141428 3467949945
3443033421 -22.9726648 -43.4141044 3443033420
3467949945 -22.9726604 -43.414163 3443033408 3443033422
3662049052 -22.9726552 -43.4140802 3443033421
3443033422 -22.9726538 -43.41418 3443033419
3443033423 -22.9726427 -43.4140564 3662049052
3443033419 -22.9726317 -43.4142088 3443033418
3662049053 -22.9726259 -43.4140395 3443033423
3443033418 -22.9726052 -43.4142316 3443033417
3443033410 -22.9726052 -43.4140263 3662049053 3443033424
3443033417 -22.9725673 -43.4142435 3443033416
3443033408 -22.9725588 -43.4141452 3443033409
3443033409 -22.9725135 -43.4141368 3443033428
3443033416 -22.9724944 -43.4142376 3443033415
3443033411 -22.9721919 -43.4139663 3443033410
1773037685 -22.9721798 -43.4175875 1773037733 1773037652
3443033415 -22.9721741 -43.4141802 3443033414
3443033412 -22.9721444 -43.4139603 3443033411
3443033414 -22.9721285 -43.4141565 3839477690
3443033428 -22.9721263 -43.4140663 3443033413
3839477690 -22.9720915 -43.414118 3443033413
1773037680 -22.9720514 -43.4126448 1773037678 1773037676
3443033413 -22.9720492 -43.4140551 3443033427 1773037673
3443033427 -22.9720417 -43.4140327 3443033426
3443033426 -22.9720363 -43.4140116 1773037676
1773037676 -22.972029 -43.413949 3443033412 1773037680
1773037673 -22.9719771 -43.4140433 3443033407 1773037660
1773037678 -22.9719481 -43.4118789 1773037671 1773037680
3839477687 -22.9719349 -43.4139371 1773037676
3443033407 -22.9719294 -43.4140356 3839477684
3839477685 -22.9718437 -43.4139256 3839477687
3839477684 -22.9718356 -43.4140241 615227519
1773037660 -22.9718225 -43.4152912 1773037673 1773037627
1773037671 -22.9717922 -43.4106412 1773037657 1773037678
3839477682 -22.9716147 -43.4153901 3839477681 1773037528
1773037627 -22.971596 -43.4166388 1773037660
3839477681 -22.9715393 -43.4158338 3839477682
1773037652 -22.9715013 -43.4190909 1773037685 1773037611
615227519 -22.9714634 -43.4139784 3443033476
1773037605 -22.9705562 -43.4102365 3077166288 3077166281
1773037603 -22.9704241 -43.4110366 1773037600 1773037556
3077166281 -22.9703895 -43.4104769 1773037605 1773037599
3662049058 -22.9702545 -43.4137253 3839477685
3443033476 -22.9702519 -43.4138201 1773037514
1773037599 -22.9702383 -43.4105954 3077166281 1773037574
1773037600 -22.9702072 -43.413219 1773037603
1773037574 -22.9701057 -43.4106418 3077166271 1773037599
3443033433 -22.9699177 -43.4197414 1773037577 1773037564
3077166271 -22.9699017 -43.4106564 3077166266 1773037574
1773037564 -22.9698437 -43.4194151 3443033433 1773037546
1773037546 -22.9696307 -43.4189861 1773037414 1773037564 1773037540
3077166266 -22.9695333 -43.4105569 3077166271 1773037508
1773037556 -22.9695286 -43.4112687 1773037603 1773037512
1773037540 -22.969334 -43.4185294 3443033434 1773037546 3443033436
3443033436 -22.9693013 -43.4184839 3443033435 1773037540
3443033435 -22.9692812 -43.4184187 1773037537 3443033436
615226067 -22.9692325 -43.4135868 3662049058
1773037537 -22.9691611 -43.4167776 1773037483 1773037528 3443033435
1773037528 -22.9690846 -43.4150615 1773037507 1773037537 3839477682
1773037507 -22.969081 -43.4148875 1773037514 1773037528 1773037435
1773037514 -22.9690246 -43.4136597 3443033432 1773037507
1773037512 -22.9689186 -43.4116111 1773037556 615226069
3443033434 -22.9688625 -43.4187271 1773037406 1773037540
615226068 -22.9688516 -43.4135252 615226067
3443033432 -22.9688152 -43.4136142 615227522
1773037508 -22.9687777 -43.4102005 3077166264 1773037490 3077166266
3443033429 -22.9686841 -43.4134817 615226068
3443033430 -22.9686386 -43.4134679 3443033429
615227522 -22.9686131 -43.4135608 3443033431
3443033431 -22.9685713 -43.413547 615227523
615226069 -22.9685478 -43.4134382 3443033430 1773037512
1773037490 -22.9684552 -43.4100428 1773037508
3443033451 -22.9682001 -43.4132998 615226069
1773037483 -22.9680816 -43.4169872 1773037537 3443033445
3443033445 -22.9680161 -43.4170188 3443033444 1773037483
615226070 -22.9679981 -43.413199 3443033451
3443033444 -22.9679633 -43.4170584 3443033443 3443033445
615227523 -22.9679426 -43.4132859 3443033448 3443033446
3443033449 -22.9677887 -43.4130883 615226070
3443033450 -22.9677505 -43.4130606 3443033449
3443033448 -22.9677032 -43.4131417 3443033447
3443033447 -22.9676722 -43.4131199 3443033456
3443033457 -22.9675883 -43.4130273 3443033456
3443033461 -22.9675861 -43.4129925 3443033457
3443033456 -22.9675838 -43.4130584 3443033463 615227524
3443033458 -22.9675684 -43.4129468 3443033461
3443033463 -22.9675584 -43.4130885 3443033462
3443033452 -22.9675375 -43.4129004 3443033450 3443033458
3443033462 -22.9675264 -43.4131041 3443033460
3443033460 -22.9674993 -43.4131061 3443033455
3443033443 -22.9674827 -43.4175329 3443033442 3443033444
3443033455 -22.967461 -43.4130962 3443033459
615227524 -22.9674447 -43.4129617 1773037443
3443033442 -22.9673498 -43.4176614 3443033443 3443033441
615226071 -22.9673442 -43.4127446 3443033452
3443033459 -22.9672936 -43.4129815 3443033454
3443033446 -22.967271 -43.4148231 615227523 1773037440
3443033454 -22.967249 -43.4129324 1773037443 3443033465
3443033441 -22.9671514 -43.4178018 3443033442 3443033440
1773037443 -22.9671043 -43.4126728 3443033466
1773037435 -22.9670221 -43.4158098 1773037507 1773037423 1773037440
3443033465 -22.9669683 -43.4126996 3443033468 1773037416
3443033440 -22.9669566 -43.417873 3443033439 3443033441
1773037440 -22.9669261 -43.4154679 3443033446 1773037409 1773037435
615226072 -22.9669208 -43.4123539 615226071
3443033468 -22.9669108 -43.412618 3443033467
3443033467 -22.9668699 -43.4125219 3443033466
3443033466 -22.966834 -43.4124095 615227525
3443033439 -22.9667436 -43.4179204 3443033440
1773037423 -22.9666832 -43.4159369 1773037435
615226073 -22.96664 -43.4120418 615226072
615227525 -22.9665652 -43.4121063 1773037387 615227527
1773037416 -22.9664464 -43.4133771 1773037387 1773037409 3443033465
453543702 -22.9664301 -43.4117597 615226073
615227527 -22.9663267 -43.4117897 453543666
3443033469 -22.9662521 -43.4114597 453543702
453543666 -22.96624 -43.4116541 1773037413
1773037413 -22.966177 -43.4115329 453543667 1773037384
453543703 -22.9661615 -43.4112724 3443033469
453543667 -22.9660707 -43.4113264 1773037411
453543704 -22.9660466 -43.4109939 453543703
3443033470 -22.9659747 -43.4107803 453543704
1773037409 -22.9659726 -43.414061 1773037378 1773037416 1773037440
1773037411 -22.9659724 -43.4110881 453543668 1773037373
1773037406 -22.9658979 -43.4197437 3443033434
453543668 -22.9658947 -43.4108519 453543669
1773037387 -22.9658823 -43.4127247 615227525 1773037384 1773037416
453543705 -22.9658786 -43.4103962 3443033470
453543669 -22.9658432 -43.410635 1773068554
1773037384 -22.9654085 -43.4121309 1773037387 1773037413 1773037378
1773037378 -22.9649149 -43.4125193 1773037384 1773037409 1773037375
1773037375 -22.9648283 -43.4123866 1773037378 1773037373
1773037373 -22.9646981 -43.412126 1773037375 1773037411
