2812216837 -22.9799485 -43.6145082 2812216836 2812216838
2812216838 -22.9798432 -43.6138124 2812216839 2812216837
2812216839 -22.979725 -43.6134225 2812216838 2812216840
2812216840 -22.9795852 -43.6130722 2812216839 2812216841
2812216841 -22.979467 -43.6128714 2812216840 2812216842
2812216842 -22.9793359 -43.612729 2812216843 2812216841
158782004 -22.9792335 -43.6109384 2812216849
2812216843 -22.9791768 -43.6126122 2812216842 2812216844
158781815 -22.9791063 -43.6108398 158781814
2812216844 -22.97885 -43.6124955 2812216843 2812216845
2812216845 -22.9782847 -43.6124581 2812216846 2812216844
2812216846 -22.9766638 -43.6125071 2812216848 2812216845
2271864586 -22.9757705 -43.6120754 158781815
1874505836 -22.97565 -43.6103696 1874944471
1874867506 -22.9755512 -43.6110026 1874867466
2812216849 -22.9751793 -43.612448 2812216847 2812216848
2812216848 -22.9751716 -43.6126051 2812216847 2812216846
2812216847 -22.9746687 -43.6126381 158782003
1874944471 -22.9745253 -43.610126 1874505618 1874505624 1874505836
158782003 -22.974508 -43.6126979 158782446
158782300 -22.9744079 -43.6126236 2271864586
1874947535 -22.974277 -43.6113878 1874947530
1874505624 -22.9740108 -43.6100145 1874944446 1874944471
158782446 -22.9739412 -43.6129043 158782445
1874867466 -22.9739115 -43.61067 1874944430 1874867506
158782445 -22.973583 -43.6130693 2271864562
1874944430 -22.9734072 -43.6105676 1874867474 1874867466
2271864562 -22.9733063 -43.6132227 158782444
158782301 -22.9731233 -43.6131602 158782300
158782444 -22.9729529 -43.6134603 158782443
158782302 -22.9728352 -43.6133676 158782301
158782443 -22.972606 -43.6137467 158782442
1874947530 -22.9724397 -43.6110015 1874947534 1874947535
158782303 -22.9722977 -43.6139163 158782302
1874867474 -22.9722964 -43.6103321 1874944430 1874867513
158782442 -22.9719725 -43.6144111 3660823512
1874867513 -22.9717835 -43.6102293 1874867375 1874867474
3660823512 -22.9714917 -43.6149372 3660823511 158782441
3660823511 -22.9714308 -43.6148497 158782303 3660823510 3660823512
3660823510 -22.9712241 -43.6147029 3660823509 3660823511
3660823509 -22.9711003 -43.6146605 3660823516 3660823510
158782304 -22.9710491 -43.6152606 3660823511
1874867375 -22.9706772 -43.6100094 1874867309 1874867513
1874947534 -22.9705665 -43.6105979 1874947531 1874947530
3660823513 -22.9701436 -43.6162334 158782304 3660823514
3660823514 -22.9699598 -43.616062 3660823513 3660823515
158782305 -22.9699388 -43.6164534 3660823513
3660823515 -22.9698751 -43.6159275 3660823514 3660823516
158782441 -22.9698219 -43.6167319 158783276
3660823517 -22.9696554 -43.616772 158782305 3660823518
3660823516 -22.9695829 -43.6145686 3660823508 3660823509 3660823515
158782695 -22.9695698 -43.6168683 3660823517
3660823518 -22.969471 -43.616423 3660823517 3660823519
158783276 -22.9693715 -43.6172555 158783274
3660823508 -22.9693472 -43.6145543 2882007071 3660823516
3660823519 -22.9693277 -43.616062 3660823518 3660823520
158782696 -22.9691888 -43.617368 158782695
3660823520 -22.9691517 -43.6153187 3660823519
158783274 -22.9690554 -43.617719 158783273
2882007071 -22.9689479 -43.614527 2882007070 3660823508
1874947531 -22.9689118 -43.6103567 2882007075 3660823927 1874867309 1874947534
158782697 -22.9688848 -43.6178033 158782696
2882007075 -22.9688244 -43.6109479 1874947531 3660823926
158783273 -22.9687867 -43.618234 158783272
3660823926 -22.9687342 -43.6115518 2882007075 2882007076 3660823925
2882007070 -22.9687039 -43.6144657 3660823521 2882007071
2882007076 -22.9686569 -43.6120689 3660823926
3660823934 -22.9686108 -43.610916 3660823933
158782698 -22.9685996 -43.6183186 158782697
158783272 -22.9685812 -43.6188004 158783271
158783271 -22.9684706 -43.6194013 158783270
158782699 -22.9684366 -43.6188733 158782698
3660823523 -22.9684022 -43.6134713 3660823522
158782700 -22.9683407 -43.6193056 158782699
158782701 -22.9682786 -43.6197863 158782700
3660823522 -22.9682784 -43.6140376 3660823521 3660823523
3660823521 -22.9682498 -43.6144345 2882007069 2882007070 3660823522
3660823932 -22.9680698 -43.6120556 3660823931
3660823930 -22.9679134 -43.6128271 3660823929
2882023943 -22.9677494 -43.6197662 2882023942 2882007064
3660823925 -22.967366 -43.6112982 3660823524 3660823926
3660823927 -22.9672975 -43.6100863 1874947532 1874947531 3660823933
2882007064 -22.967247 -43.6177199 2882023943 2882023918 2882007065
3660823933 -22.9672206 -43.6106841 3660823927 3660823524 3660823934
3660823524 -22.9671444 -43.611277 3660823933 2882007074 3660823925 3660823931
1874947532 -22.9671252 -43.6100574 3660823927 1874947528 1874964217
3660823931 -22.9670616 -43.6118522 3660823524 3660823928 3660823932
1874964217 -22.9670467 -43.6106904 1874947532 1874964193
3660823928 -22.9670466 -43.6119565 3660823931 3660823929
3660823929 -22.9669815 -43.6127705 1874964229 3660823930 3660823928
3660823937 -22.9669358 -43.6132589 2882007069
2882023917 -22.9668889 -43.6187465 2882023918
1874964191 -22.9668381 -43.6121618 1874964209
2882007069 -22.9668344 -43.6143372 3660823937 3660823935 3660823521
2882007074 -22.966757 -43.6112892 1874964211 3660823524
3660823936 -22.9667533 -43.6131174 2882023924 3660823944
2882007065 -22.966727 -43.6157192 2882023919 2882007064
2882023924 -22.9667088 -43.6137577 2882023911 3660823936 3660823935
2882023918 -22.9666908 -43.6178598 2882023913 2882007064 2882023917 2882023919
1874964229 -22.9666882 -43.6127918 1874964208 3660823929
3660823935 -22.9666693 -43.6143246 2882007069 2882023921 2882023924
2882023912 -22.9663702 -43.6188735 2882023913
2882023919 -22.9662441 -43.6158534 2882023914 2882007065 2882023918 2882023920
2882023913 -22.9661657 -43.6180051 2882023907 2882023918 2882023912 2882023914
2882007062 -22.9660387 -43.618658 2882007061
2882023921 -22.9659571 -43.6142704 2882023916 3660823935 2882023920
2882023920 -22.9659354 -43.6145518 2882023919 2882023921
2882023914 -22.9656952 -43.616006 2882023908 2882023913 2882023915 2882023919
2882023907 -22.965609 -43.6181591 2882023913 2882023908 2882023199
2882023937 -22.9655263 -43.6199292 2882023936 2882023938
2882023938 -22.965428 -43.6198105 2882023937 2882023939
2882023916 -22.9653894 -43.6142272 2882023915 2882023910 2882023921
2882023915 -22.9653507 -43.6144997 2882023916 2882023914
2882023939 -22.9653497 -43.6196128 2882023938
3660823944 -22.9653347 -43.6129949 3660823936 3660823943
2882023908 -22.9651484 -43.6161579 2882023907 2882023200 2882023914 2882023909
2882023199 -22.965091 -43.6183024 739114622 2882023907 2882023200
1874964193 -22.9650611 -43.6107977 1874964211 1874964215 1874964217 1874947528
1874964211 -22.9650216 -43.6113878 1874964209 1874964223 1874964193 2882007074
3660823943 -22.9649958 -43.6129242 3660823942 3660823944
1874964209 -22.9649908 -43.6119777 1874964211 1874964191 1874964210 1874964203
1874964210 -22.9649327 -43.6125572 1874964209 1874964208
1874964208 -22.9649198 -43.6126202 1874964210 1874964235 1874964229
3660823938 -22.9648764 -43.6131669 2882023911
2882023911 -22.9648199 -43.6136074 3660823938 2882023923 2882023910 2882023924
2882023910 -22.964776 -43.6141804 2882023916 2882023911 2882007068 2882023909
2882023909 -22.96476 -43.6145388 2882023908 2882023910
1874867373 -22.9647526 -43.6199687 349314075 1874867455 349314073
349314073 -22.9646756 -43.6196087 1874867373 349314072
2882007061 -22.9646476 -43.619055 2882007062 349314072
2882023200 -22.964603 -43.6163095 739114614 2882023908 2882023901 2882023199
349314072 -22.9645948 -43.6190649 2882007061 349314073 2882023929
739114622 -22.9645588 -43.6184497 2882007063 2882023199
2882023929 -22.9645213 -43.6186167 2882007063 2882023930 349314072
2882007063 -22.9644969 -43.6184675 2882023925 739114622 2882023929
3660823942 -22.9644809 -43.6129454 2882023906 3660823943
1874867455 -22.9643296 -43.619929 1874867511 1874867373
2882023901 -22.9642892 -43.6149654 2882023902 2882023200
2882023925 -22.9642561 -43.6174273 2882007063 349314070 2882023926
2882023902 -22.9641752 -43.6146561 2882023901 2882007066
2882007068 -22.9641347 -43.6141316 2882007067 2882023910
739114614 -22.9640873 -43.6164528 349314070 2882023200
2882007067 -22.9640436 -43.6141593 2882007066 2882007068
349314070 -22.9640345 -43.6164705 2882023925 349314069 739114614
2882007066 -22.9639362 -43.6142581 739114601 2882023902 2882023922 2882007067
1874867511 -22.9638258 -43.6198636 1874867426 1874867455
2882023930 -22.9637094 -43.6187686 2882023929
349314069 -22.9636905 -43.6150806 349314070 349314068
349314068 -22.9636483 -43.6149481 349314069 349314067
739114601 -22.9634738 -43.6145824 2882007066 349314067
2882023923 -22.9634494 -43.6134807 2882023922 2882023911
349314067 -22.9634229 -43.614616 349314068 349314065 739114601
2882023922 -22.9632242 -43.6135056 2882007066 2882023923 2882023903
1874964215 -22.963164 -43.6105735 1874964223 1874964225 1874964193 1874964221
1874964223 -22.9631381 -43.611182 1874964211 1874964215 1874964203 1874964227
1874964203 -22.9630788 -43.6117668 1874964223 1874964209 1874964235 1874867425
1874964235 -22.9630137 -43.612385 1874964203 1874964197 1874964208
2882023903 -22.9629878 -43.6132557 2882023922 2882023904
2882023906 -22.9629325 -43.6128153 2882023904 3660823942 3660823941
2882023904 -22.9629248 -43.6130896 2882023906 2882023903
2882023926 -22.962551 -43.6179864 2882023925 2882023927
2882023927 -22.962419 -43.6179896 2882023928 2882023926
349314065 -22.9622832 -43.6133783 3660823939 349314067 2882007072
3660823941 -22.9621216 -43.6127472 2882023906 3660823940
1874964197 -22.9619872 -43.612283 1874964246 1874964235
2882023928 -22.9619692 -43.6174132 2882023927
3660823940 -22.9619598 -43.6128184 3660823939 3660823941
3660823939 -22.9619126 -43.6128516 349314065 349314063 3660823940
1874964246 -22.9617766 -43.612385 1874964239 1874964197
349314063 -22.9617753 -43.6126564 3660823939 1874964239
1874964225 -22.9617715 -43.6104222 1874964189 1874964215
1874964239 -22.9616477 -43.6125133 349314062 349314063 1874964246
1874867299 -22.961613 -43.6113674 1874867425 1874964227
1874964227 -22.961613 -43.6110241 1874867213 1874964223 1874867299
1874867213 -22.961613 -43.6106164 1874964189 1874867267 1874964227
1874964189 -22.961613 -43.6104232 1874867213 1874867435 1874964225
1874867435 -22.961613 -43.6100692 1874964189 1874867524
1874867425 -22.9615796 -43.6116134 2589850534 1874867299 1874964203
1874867267 -22.9615443 -43.6106046 1874867269 1874867213
1874867269 -22.9614215 -43.6105641 1874867267 1874867277 1874867457
349314062 -22.9613853 -43.6122526 1874964239 2589850534
1874867277 -22.9613166 -43.6104662 1874867269 1874867386
1874867457 -22.961287 -43.6105198 1874867269 1874867529
2589850534 -22.9612068 -43.6120639 349314062 1874867425 349314061
349314061 -22.9609138 -43.6118238 349314060 2589850534
349314060 -22.9605678 -43.6116125 349314061 349314059
2882007072 -22.9603899 -43.6147267 349314065 2882007073
2882007073 -22.9600713 -43.6155413 2882007072
