3025229207 -22.9390389 -43.703523 3025229186
1661833417 -22.9368359 -43.7000461 1661218202 1661218110 3025229195
1661218110 -22.9359195 -43.7002049 1661833417 1661833189 1661218106
1661218106 -22.9358701 -43.7000177 1661218110 3025229187 1661218090
3025229186 -22.9357737 -43.7003248 3025229183 3025229207 1661833189
1661833189 -22.9357549 -43.7002367 1661218110 3025229175 3025229186
1661218090 -22.9356625 -43.7000591 3025229184 1661218106
3025229183 -22.9352305 -43.7011943 3025229178 3025229186 3025229180
3025229180 -22.9348342 -43.700919 3025229171 3025229183
3025229178 -22.9347255 -43.7020157 3025229161 3025229183 3025229171
3025229175 -22.9346053 -43.7004288 3025229173 1661833189 3025229174
3025229173 -22.934359 -43.7004611 3025229175 1661832750 3025229163
3025229171 -22.9343412 -43.7017339 3025229180 3025229178 3025229155 3025229166
1661832750 -22.9340642 -43.7004985 3025229173 3025229165
3025229166 -22.9339811 -43.7014586 3025229171 3025229150 3025229163
3025229165 -22.9338936 -43.7004861 1661832750 1661217999
3025229163 -22.9338423 -43.7013363 3025229173 3025229160 3025229166
3025229161 -22.9336854 -43.7036869 3025229178 3025229146 3025229155
3025229160 -22.933629 -43.7011899 3025229145 3025229154 3025229163
1661217999 -22.9336084 -43.7004022 3025229156 3023899777 3025229165
3025229156 -22.9334013 -43.7003324 3025229153 1661217999 1661832389
3025229155 -22.933291 -43.703416 3025229171 3025229161 3025229140
3025229154 -22.9332427 -43.7009081 3025229139 3025229160 3025229153
3025229153 -22.9331261 -43.7008032 3025229156 3025229154 3025229147
3025229152 -22.9330714 -43.7032693 3025229150
3025229150 -22.9329289 -43.7031604 3025229133 3025229145 3025229152 3025229166
3025229147 -22.9328082 -43.7005935 3025229153 3025229142 3025229131
3025229146 -22.9326392 -43.7053756 3025229134 3025229161 3025229140
3025229145 -22.9325647 -43.7029026 3025229160 3025229124 3025229139 3025229150
1661832389 -22.9325213 -43.7000411 3025229156 3023899504 3025229142
3025229142 -22.9323977 -43.7002789 3025229136 1661832389 3025229147
3025229140 -22.9322529 -43.7050937 3025229123 3025229133 3025229155 3025229146
3025229139 -22.9321744 -43.7026121 3025229154 3025229145 3025229116 3025229131
3025229137 -22.9321181 -43.7008251 3025229135 3025229136
3025229136 -22.9321181 -43.700718 3025229127 3025229142 3025229137
3025229135 -22.9319048 -43.7012008 3025229125 3025229121 3025229137
3025229133 -22.9318515 -43.7048771 3025229124 3025229120 3025229150 3025229140
3025229134 -22.9318485 -43.7066623 3025229128 3025229146
3025229131 -22.9317378 -43.7023062 3025229110 3025229139 3025229147 3025229122
3025229128 -22.9316956 -43.7067387 3025229134 3025229126
3025229127 -22.9316714 -43.7004275 3025229121 3025229136
3025229125 -22.9316372 -43.7016137 3025229117 3025229122 3025229135
3025229126 -22.9316332 -43.7067234 3025229123 3025229128
3025229124 -22.9314873 -43.7046171 3025229145 3025229119 3025229133 3025229116
3025229123 -22.9313978 -43.7064853 3025229126 3025229140
3025229121 -22.9313978 -43.7008491 3025229127 3025229117 3025229135
3025229122 -22.9313797 -43.7020397 3025229118 3025229125 3025229113 3025229131
3025229120 -22.9313525 -43.7056919 3025229133
3025229119 -22.9312439 -43.7050256 3025229124
3025229118 -22.9311503 -43.7024023 3025229109 3025229114 3025229122
3025229117 -22.9311443 -43.7012554 3025229121 3025229113 3025229125
3025229116 -22.931093 -43.7043287 3025229139 3025229111 3025229110 3025229124
3025229114 -22.9309351 -43.702741 3025229118 3025229105 3025229112
3025229113 -22.9308707 -43.701664 3025229117 3025229109 3025229122
1661217894 -22.9308396 -43.7085122 1661217854 3025229108 1661217945
3025229112 -22.9307339 -43.7030708 3025229107 3025229114 3025229102
3025229111 -22.9306886 -43.7049863 3025229099 3025229103 3025229116
3025229110 -22.9306644 -43.7040098 3025229103 3025229131 3025229106 3025229116
3025229109 -22.9306574 -43.7020047 3025229113 3025229105 3025229118
3025229108 -22.9305511 -43.7081972 1661217862 1661217894
3025229107 -22.9305246 -43.7033963 3025229100 3025229112 3025229097
3025229106 -22.9305055 -43.7038896 3025229110
3025229105 -22.9304421 -43.7023499 3025229109 3025229102 3025229114
3025229103 -22.9302459 -43.7046936 3025229110 3025229111 3025229091
1661217862 -22.9302346 -43.7078785 1661217858 3025229108 2982023913
3025229102 -22.9302269 -43.7026885 3025229105 3025229097 3025229112
3025229100 -22.9300921 -43.7040845 3025229089 3025229095 3025229107
3025229099 -22.9300528 -43.7059934 3025229111 3025229091
2982007673 -22.9300499 -43.7099327 2982007677 1661217854 2982007675
1661217858 -22.9300319 -43.7080193 1661217862 3025229096
3025229097 -22.9300216 -43.7030118 3025229089 3025229102 3025229107
3025229096 -22.9299366 -43.7080411 1661217858 3025229093
3025229095 -22.9298768 -43.7044427 3025229092 3025229087 3025229100
1661217854 -22.9297267 -43.7095163 2982007673 2982007665 1661217894 2982007672
3025229093 -22.9297089 -43.7080473 3025229096 1661217843
3025229092 -22.9296575 -43.704777 3025229083 3025229088 3025229095
3025229091 -22.9296323 -43.7056941 3025229099 3025229103
1661217843 -22.9296024 -43.7080759 3025229093 2982007670
3025229089 -22.929581 -43.703724 3025229087 3025229100 3025229097
2982007668 -22.9295014 -43.7084681 2982007667 2982007669
2982007669 -22.9294735 -43.7083915 2982007670 2982007668
2982007667 -22.9294708 -43.7087937 2982007666 2982007668
2982007666 -22.9294381 -43.7088906 2982007665 2982007667
3025229088 -22.9294281 -43.7051003 3025229092 3025229085 3025229080
3025229087 -22.9293778 -43.7040539 3025229089 3025229083 3025229095
2982007665 -22.929346 -43.7090303 1661217854 2982007671 2982007666 1661217838
2982007670 -22.9293424 -43.708221 1661217825 1661217843 2982007669
1661217840 -22.9292596 -43.7087502 1661217825 1661217838
1661217838 -22.9292199 -43.7088598 1661217840 2982007665 1661217836
3025229085 -22.9292189 -43.7054476 3025229079 3025229081 3025229088
2982007672 -22.9291986 -43.7099909 1661217854 2982007671 2982007654
3025229083 -22.9291444 -43.7044318 3025229087 3025229092 3025229080
3025229082 -22.9291438 -43.7008327 3025229101
1661217836 -22.9291249 -43.7088656 1661217819 1661217838
3025229081 -22.9290338 -43.7057382 3025229077 3025229085
1661217825 -22.9289943 -43.7084131 2982007670 1661217819 1661217840
3025229080 -22.9289412 -43.7047551 3025229083 3025229079 3025229088
2982007671 -22.928817 -43.7094913 2982007665 2982007663 2982007672
1661217819 -22.9288036 -43.7085208 1661217825 1661217836 1661217796
3025229079 -22.9287501 -43.7050785 3025229077 3025229080 3025229085
3025229078 -22.9286831 -43.7005312 3025229090
3025229077 -22.9285589 -43.7053887 3025229079 3025229081
2982007663 -22.9285095 -43.7097547 2982007671 2982007662 2982007657
2982007662 -22.928368 -43.7098734 2982007655 2982007663
1661217796 -22.9281511 -43.7088797 1661217819 1661217751
1661217786 -22.9277651 -43.7028626 1661217769 1661217772
2982007657 -22.9277365 -43.7093691 2982007658 2982007663
3025229073 -22.9275227 -43.7008095 3025229062
1661217772 -22.9274016 -43.7037861 1661217786 1661217759
1661217769 -22.9273731 -43.7025858 1661217759 1661217786 1661217761
3025229071 -22.9273069 -43.7011538 3025229060
1661217761 -22.9271379 -43.7024114 1661217769 1661217743 1661217713
1661217759 -22.9270845 -43.7035468 1661217769 1661217772
1661217755 -22.9270712 -43.7014699 1661217719
2982023910 -22.9270299 -43.7045779 1661217713
1661217751 -22.9269531 -43.7094984 1661217796 1661217710
1661217743 -22.92685 -43.702199 1661217761 1661217724 1661217680
3025229062 -22.9267886 -43.7002252 3025229068 1661217727 3025229073 1661831808
1661217729 -22.9267376 -43.7016578 1661217699
2982023913 -22.9266991 -43.7050876 1660661427 1661217862
1661217727 -22.9265672 -43.7005198 3025229062 3025229060 1661217696
3025229060 -22.9265197 -43.7005871 1661217727 1661217719 3025229071
1661217724 -22.9264576 -43.7019106 1661217743 1661217682 1661217693
1661217719 -22.9262732 -43.7009358 3025229060 1661217755 3025229053
1661217710 -22.926245 -43.7099642 3025229064 1661217751 1661217650
1661217713 -22.926186 -43.7039573 1661217761 1661217680 2982023910
3025229053 -22.9261556 -43.701088 1661217719 3025229044 1661217699
1661217699 -22.9260992 -43.7011609 1661217682 1661217729 3025229053
1661217696 -22.9260605 -43.700138 1661217727 1661217648 1661217678
1661217693 -22.9260443 -43.7025034 1661217724 1661217652 1661217655
3025229048 -22.9260214 -43.7020378 3025229037
1661217682 -22.9258602 -43.7015109 1661217724 1661217657 1661217699 3025229037
3025229044 -22.9258592 -43.7008638 3025229053
1661217680 -22.9258011 -43.7036722 1661217652 1661217743 1661217713
3025229037 -22.9256755 -43.701802 1661217682 3025228132 1661217655 3025229048
1661217657 -22.9255622 -43.7012741 3025228132 1661217682 1661217648
1661217655 -22.9254823 -43.7021066 3025229037 1661217693
1661217652 -22.9254359 -43.7034044 2982023908 1661217680 1661217693
1661217648 -22.92538 -43.7011427 1661217646 1661217696 1661217657
3025228132 -22.9253677 -43.7015912 1661217630 1661217657 3025229037
2982023909 -22.9251987 -43.7025673 2982023908
1661217646 -22.9251406 -43.7009636 1661217648 1661217626 1661217678
1661217636 -22.9250981 -43.7013825 1661217620 1661217621
3025228124 -22.9249476 -43.7098663 2981998170
3025228123 -22.9249377 -43.7079709 3025228118 3025228119
2982023908 -22.9249021 -43.7030153 1661217652 1661217630 2982023909
3025228122 -22.9248168 -43.7094354 3025228124
1661217633 -22.9247797 -43.7092744 3025228122 2981998188
3025228120 -22.9247129 -43.7095404 2981998188
3025228119 -22.9247101 -43.7065035 3025228123 3025228117
2981998188 -22.9246683 -43.7092934 2981998187 1661217633
2981571266 -22.9246505 -43.7084306 1661217633
1661217629 -22.9246195 -43.7014975 1661217618
1661217630 -22.9245925 -43.7027857 1661217620 3025228132 2982023908
3025228118 -22.9245866 -43.7080402 3025228123 2981571266
1661217626 -22.9245714 -43.7005814 1661217646 1661217621 2982023912
2981998187 -22.9245424 -43.7084502 2981998186
1661217621 -22.924418 -43.7008136 1661217636 1661217618 1661217626
3025228117 -22.9243639 -43.7065587 3025228118 3025228119
2982023912 -22.9243097 -43.7003896 1661217626 1661217613 2982023911
1661217620 -22.9243029 -43.7025902 1661217636 3025228113 1661217630
2981998168 -22.9242764 -43.7059997 2981998186 3025228117
3025228116 -22.9242619 -43.7018291 3025228113
1661217618 -22.9241755 -43.7011763 1661217629 2982023911 2982023907 1661217621
2981998186 -22.9241665 -43.7060204 2981998185 2981998168
1660661429 -22.9241429 -43.7051266 2981998185 2981998168
2981998185 -22.9240283 -43.7051475 2981998181 1660661429
2981998169 -22.9239654 -43.7039657 1660661429
3025228113 -22.9239246 -43.7023189 1661217620 2982023907 3025228116
3025228112 -22.9239019 -43.7036704 2981998169
1661217613 -22.9238643 -43.7000534 2982023912 1661217611
2982023911 -22.9238587 -43.700938 1661217618 1661217611 2982023912
2981998181 -22.9238498 -43.7040165 3025228111
1660661427 -22.9238256 -43.7028359 3025228110 2982023913
3025228110 -22.923772 -43.7028385 2981998167 1660661427
3025228111 -22.9237654 -43.703604 2981998166
2981998167 -22.9236926 -43.7029077 3025228112 2981998166 3025228110
2981998166 -22.9235955 -43.7029451 2981998167 2981998179
2981998180 -22.9235895 -43.7026291 2981998167
2982023907 -22.9235536 -43.7020529 1661217610 1661217618 3025228113
2981998165 -22.9235142 -43.7024132 2981998171 2981998180
2981998179 -22.9235027 -43.7026692 2981998171
3025228105 -22.9234339 -43.7022245 2981998165
2981998171 -22.9234291 -43.7024487 1661217610
1661217611 -22.9233915 -43.7005895 1661217601 2982023911 1661217613
1661217610 -22.9232292 -43.7018417 1661217596 3025228105 2982023907
1661217601 -22.9227382 -43.7000647 1661217611
1661217596 -22.922238 -43.7000632 1661217610 3025228097 1660661420 1661217593
1661217593 -22.9221166 -43.7002469 1661217596 1661217588 1661217573
1661217588 -22.9217923 -43.7007688 1661217593 3025228085 1661217563
3025228085 -22.9215976 -43.7010718 1661217588 1661217584 3025228081
3025228081 -22.9211632 -43.7007648 3025228075 3025228076 3025228085
1661217584 -22.9209829 -43.7020376 3025228085 1661217581 1661217552
3025228076 -22.9208729 -43.7005485 3025228074 3025228081
3025228075 -22.9207463 -43.7014321 3025228081
1661217581 -22.9207239 -43.7024426 1661217584 1661217577 1661217541
1661217577 -22.9204131 -43.7029347 1661217569 1661217581 1661217557
3025228074 -22.9204077 -43.7012854 3025228076
