3327351662 -22.8399858 -43.2818802 2917528426
551969773 -22.8399545 -43.280364 552005860
2917528426 -22.8399536 -43.2818587 2917528427 2013148837
551814845 -22.8399292 -43.2820807 551814854 551763776
551749100 -22.8398625 -43.2899971 551749134 551748197
551753727 -22.8398467 -43.2863664 551753700 2387004815
551748197 -22.8397309 -43.289967 551748168 551748234 551749100
551748168 -22.8396885 -43.2898426 551748197
2013148837 -22.8396575 -43.2816581 2013148883
551763776 -22.8396278 -43.2825603 551762113
2013148883 -22.8396126 -43.2815889 2013148823
486204987 -22.8395995 -43.2814401 551969773
2013148823 -22.8395927 -43.281508 486204987
2990681969 -22.8395254 -43.2803136 2990681970
3327351663 -22.83935 -43.2828608 3327351662
551762113 -22.8391865 -43.2832625 551762181 551761248
551745211 -22.8390319 -43.2893276 551744552
551747755 -22.8389765 -43.2878685 551747723 483621727
2367012237 -22.8389063 -43.2824222 2990681968
2990681970 -22.8387957 -43.280862 2990681968 2990681969
551762181 -22.8387625 -43.2839371 487082860 551763436
551744500 -22.8386839 -43.2897911 551743280 551744516
551744516 -22.8386522 -43.2895851 551744552 551744500
551744552 -22.8386443 -43.2892933 551744516 551745211 551745228
529739190 -22.83863 -43.2802536 529739203
529739203 -22.8384792 -43.2803695 529739144
2387004815 -22.8384437 -43.2854895 2387004814 551753727
2632323632 -22.8383209 -43.2833295 2632323634
2387004814 -22.8382807 -43.2855401 2387004813
2387004813 -22.838172 -43.2856125 2387004811
487082860 -22.838136 -43.2849135 3327351661
3327290768 -22.838135 -43.2854631 2387004811
551753736 -22.8381184 -43.2852951 3327290768 2387004815
2387004811 -22.838114 -43.2856936 483621737
3327351661 -22.8381073 -43.2850624 551753736
3327290769 -22.8380322 -43.2853635 3327290768
3327290772 -22.8380244 -43.2852927 551753736
3327351660 -22.8380038 -43.284935 3327351663 549246491
2789832742 -22.8379906 -43.2855352 2789832741
2789832741 -22.8379867 -43.2856337 2789832743
2789832725 -22.8379813 -43.2854467 2789832742
483621737 -22.8379583 -43.2863291 483621732
2789832734 -22.8379582 -43.2853126 2789832725
2789832743 -22.8379581 -43.2858301 2789832737
2789832733 -22.837919 -43.2852114 2789832734
3327351664 -22.8379164 -43.2850562 3327351660
3327290770 -22.8379127 -43.2853491 3327290769 3327290772
2014637207 -22.8378915 -43.285539 487083016
487083015 -22.8378882 -43.285623 2014637207
487083016 -22.8378835 -43.2854626 2014637230
2632323634 -22.8378778 -43.2829202 2632323632 2632320812 2014637299
2014637230 -22.837863 -43.2853436 2014637265
2789832738 -22.8378612 -43.2850938 2789832733
487083044 -22.8378605 -43.2858134 487083015
483621833 -22.8378393 -43.2883084 2323800561 551746002
2323800561 -22.8378364 -43.2884985 483621818
483621818 -22.8378334 -43.2885498 551745228
2014637265 -22.8378296 -43.2852575 487083017
2990681968 -22.8378253 -43.2815905 2367012240 2367012237 2990681970
483621836 -22.8378159 -43.2879942 1640647009 483621833
2789832737 -22.8378101 -43.2865656 2789854194
2789832726 -22.8377992 -43.2849967 2789832738
483621723 -22.8377843 -43.2877711 483621836
1640647009 -22.8377797 -43.2880542 2789832729
487083017 -22.8377767 -43.2851497 2014637205
483621732 -22.8377726 -43.2872584 483621727
549246491 -22.8377689 -43.2847684 3327351660 549246493
551745228 -22.8377685 -43.2891488 2323800572 551744552
483621727 -22.8377685 -43.2875994 551747755 483621723
2789854194 -22.8377664 -43.2868895 483621732
3327282852 -22.8377506 -43.2885525 2789832729
2789832729 -22.8377396 -43.2881208 2789832731 3327282853
3327290773 -22.8377286 -43.2855636 3327290770 3327351664
2789832740 -22.8377278 -43.2849133 2789832726
2014637205 -22.837722 -43.2850641 2014637203
2323800572 -22.8377115 -43.2896222 2323800584
2323800584 -22.8377054 -43.289679 483621812
2789854196 -22.8376944 -43.2890312 549245354 3327282852
549246493 -22.8376695 -43.2847629 549246491 549246494
2014637227 -22.8376679 -43.2865258 487083044
2014637203 -22.8376585 -43.28499 2014637198
3327351665 -22.8376576 -43.2857872 3327290773
3327282853 -22.8376533 -43.2881904 2013148825
2014670580 -22.837649 -43.2878648 2014670575
2014670583 -22.8376481 -43.2877845 2014670580
2789832727 -22.8376466 -43.2868053 2014637227
2789832731 -22.8376449 -43.287205 2789832727
2014670575 -22.8376397 -43.2879489 2014670558
2014670562 -22.8376375 -43.2877017 2014670583
2789854190 -22.8376313 -43.2895954 2789854196
2014670565 -22.8376274 -43.2876113 2014670562
2014670558 -22.8376227 -43.2880148 2014670563
2789832735 -22.8375996 -43.2847892 2789832740
2014670563 -22.8375891 -43.2880715 2014670569
487083011 -22.8375683 -43.2866896 2014637227
2014670569 -22.8375405 -43.2881129 2014670578
2013148825 -22.8375361 -43.2882036 549245601
2014637198 -22.8375335 -43.2848689 487083018
529739144 -22.8375247 -43.281103 2367012240 529739143
2014670554 -22.8374965 -43.287129 2014670565
549246494 -22.8374875 -43.2849346 549246493 549246497
2014670578 -22.837487 -43.2881399 2014670556
2014670588 -22.8374655 -43.2870544 2014670554
2014670591 -22.8374222 -43.2869788 2014670588
487083010 -22.837418 -43.2868097 487083011
2014670556 -22.8374091 -43.2881522 549245601
2014670560 -22.8373953 -43.2869495 2014670591
2014670584 -22.8373582 -43.2869266 2014670560
2367012240 -22.8373581 -43.281231 2990681968 2632323631
549246275 -22.8373499 -43.2868609 487083010
2014670586 -22.8373241 -43.2869215 2014670584
487083009 -22.8373152 -43.286887 549246275
529739143 -22.8373027 -43.2811537 529739142
549246678 -22.8373013 -43.2867363 3327351665 549246497
549245601 -22.8372755 -43.2881481 549245599
2014670564 -22.8372613 -43.2869394 2014670586 487083009
529739142 -22.8372078 -43.2811108 529739141
2632320812 -22.8371725 -43.2822687 2632323634 2789832739
2014637253 -22.8371232 -43.284223 2014637245
2014637245 -22.837123 -43.2842817 2014637259
2014637259 -22.8371056 -43.2843291 2014637256
2014637278 -22.837094 -43.2841594 2014637253
487082853 -22.8370858 -43.2871101 2014670564 549246678
2014637256 -22.837056 -43.2843851 2014637242
2014637246 -22.8370401 -43.2841008 2014637278
2014637242 -22.8370093 -43.2844058 2014637306
2014637306 -22.836965 -43.2844093 2014637290
2014637290 -22.8369189 -43.28438 529726661
549244430 -22.8368672 -43.2874202 487082853 549244424
549245599 -22.8367993 -43.287973 549245595
2014637299 -22.83677 -43.2838428 2014637246 2632323634
549245595 -22.836736 -43.2878957 549245593
549245487 -22.8367128 -43.2876125 549244430
549245593 -22.8367044 -43.2877842 549245487
2632323631 -22.8367013 -43.2818335 529739195 2632320812
2789832736 -22.8365968 -43.2838034 2789832735
529726661 -22.836557 -43.2840198 2014637263 2990681972
529739141 -22.8365389 -43.2805126 2014637261
487083018 -22.8365317 -43.2838841 487083019
549246497 -22.8365145 -43.2863573 549246678 549247008 549246494
2014637263 -22.8364668 -43.283982 2014637276
549244410 -22.8363235 -43.2880058 549244423 549245487
2014637276 -22.8362981 -43.2838268 2013148877
549245354 -22.8362549 -43.288605 2789854196 549245375
2789832730 -22.8362216 -43.283459 2789832736
549245375 -22.8361664 -43.2882139 549244410
487083019 -22.8361578 -43.2835409 487083899
2789832739 -22.8361544 -43.2831383 2789832728
2014637255 -22.8361429 -43.2832134 2014637299
2789832728 -22.8361411 -43.283172 2014637255
487083899 -22.8360006 -43.283379 2014637257
549244424 -22.8359528 -43.2869154 549244430 549244423 549244387
2014637257 -22.8358178 -43.2831874 487083757
2013148877 -22.8358176 -43.2833356 2323789259 554305740
549247008 -22.8357558 -43.2860056 549246497
549244423 -22.8356682 -43.287149 549244424 549244410
2014637261 -22.8356488 -43.281367 2014637250
529739195 -22.8356299 -43.2828262 2789832730
549244387 -22.8356193 -43.2867022 549244383 549244424
549244355 -22.8355536 -43.2886527 549244354 549245375
487082849 -22.8354144 -43.2887522 549244685 549244355
2323789259 -22.8353328 -43.2827688 529726660 554304339
2014637250 -22.8352306 -43.2817822 2014637247
2014637258 -22.835191 -43.2822557 529739195
2014637197 -22.8351389 -43.2821336 2014637258
2014637247 -22.835133 -43.2819326 2014637224 2824616187
2014637224 -22.8351312 -43.2820605 2014637197
2824616187 -22.8350327 -43.282014 2824616186
487083757 -22.8350322 -43.2822809 529726659
529726660 -22.8349843 -43.2823613 2323789269
2824616186 -22.8349284 -43.2820591 529726659
554304339 -22.8349088 -43.2830751 2323789259 2323789261
2323789269 -22.8348877 -43.2821802 529726659 2323789272
554305740 -22.8348455 -43.2845171 2013148877 554305731
529726659 -22.8348172 -43.2820302 487084111
549244354 -22.8346556 -43.2884021 549244353 549244355
549244632 -22.834632 -43.2892594 487082849 487083373 549244353
549244353 -22.8344895 -43.2884107 549244632 2323789282 549244354
2323789261 -22.8344063 -43.2836862 554329117 2323789272 554304339
554305731 -22.8343867 -43.2851007 554305740 554329795
487084111 -22.834362 -43.2815075 529726652 554325560 554326162
2323789282 -22.8342627 -43.2884574 2323789267 549244353
554329795 -22.8341831 -43.285335 554305731 554329117 554304574
2990681972 -22.834108 -43.2865393 529726661
2323789267 -22.8340435 -43.2884829 549244303 2323789282
549244383 -22.8339753 -43.2880588 549244380 549244387
2323789272 -22.8339554 -43.2832075 554326225 2323789269 2323789261
549244260 -22.833885 -43.289717 549244632 549244253 549244303
554326162 -22.8338108 -43.2809204 487084112 554325549
549244380 -22.8337301 -43.2882991 549244303 549244383
549244303 -22.833686 -43.2885057 549244329 549244260 2323789267 549244380
2323789279 -22.8336086 -43.2829946 554325560
554329117 -22.8335587 -43.284717 554304325 554329795 2323789261
487084112 -22.8335182 -43.2806385 554321724 529739136
554304574 -22.8333303 -43.2863634 554329795 554304714 554304325
549244329 -22.8332662 -43.2883928 549244303
554326225 -22.8331993 -43.2840407 2323789272 2323789266 554304937
554325560 -22.8331606 -43.2826202 487084111 554325549 2323789279
554321724 -22.8331351 -43.2802631 487084113 554322586
549244250 -22.8331052 -43.2887111 549244248
2323789266 -22.8331046 -43.2838768 554326225 2323789280
487084113 -22.8330678 -43.2802004 554320321 557416308
2323789280 -22.8329026 -43.2836627 2323789266 2323789257
554304325 -22.8327387 -43.2857267 554329117 554304547 554304318 554304574
554304937 -22.8326701 -43.2846201 554322616 554304547 554326225
554304714 -22.8326148 -43.2871692 554304574 554305724 554304318
549244224 -22.832591 -43.2890201 549244227
554325549 -22.8325503 -43.2821205 554325560 554322586 554326162
2323789257 -22.8323632 -43.2832215 2323789280 2323789271
554304547 -22.8321955 -43.2852123 554304325 554328323 554304937
554322586 -22.8320777 -43.2817608 554321724 554321562 554325549 554322602
2323789271 -22.832071 -43.2829935 2323789257 2323789281
554328323 -22.8320453 -43.285384 554304922 554304547 2323789274
554305724 -22.8319582 -43.2879245 554304714 554305716
554304318 -22.8319028 -43.2867315 554304325 554304701 554304714 554304303
2323789281 -22.8317469 -43.2827191 2323789271 554322602
554305716 -22.8316576 -43.2883022 554305704 554305724
554322602 -22.8315785 -43.282543 554322616 2323789281 554322586
554304303 -22.8315152 -43.287195 2323789277 554304318
554304922 -22.8314598 -43.2860534 554304701 554328323
554321562 -22.8314044 -43.2812383 554320225 554320321 554322586 2251376521
554305704 -22.8313728 -43.2886798 554305716 554305695
2323789277 -22.8313074 -43.2874368 2323789263 554304290 554304303
554304701 -22.8312146 -43.2863023 554304922 554304519 554304318
554304290 -22.8310801 -43.2877014 554303471 2323789277
554305695 -22.8310564 -43.2891777 554305704 554286650
554322616 -22.8310244 -43.2833376 2323789274 554322602 554326721 554304937
554286658 -22.8309987 -43.2899487 554286665
554300658 -22.8309287 -43.2898402 554286658 2201062340
554282027 -22.830923 -43.285631 554280769 554281157
2201062340 -22.8309102 -43.289885 554300919 554300658
554300919 -22.8308761 -43.2899678 2201062340 2201062372
554286653 -22.8308756 -43.2897281 554300658
554281157 -22.8308347 -43.2858678 554282027 554304519 554281150
554286650 -22.8308301 -43.2895072 554305695 2201062356 554286653
554303471 -22.83083 -43.2880377 554303457 554286632 554304290
2201062377 -22.8308289 -43.2899552 554287814
2201062356 -22.8308007 -43.2895683 554286650 2201062332
554287814 -22.8307716 -43.2898214 554300562
2323789263 -22.8307707 -43.2870125 2323789277
554304519 -22.8307556 -43.2860727 554281157 554304701 554283066
2201062332 -22.8307547 -43.2896505 554300562 2201062356
554286644 -22.8307399 -43.2892807 554286650
554300562 -22.8307269 -43.2897 554287820 2201062332
554320225 -22.8307162 -43.2806804 2251376519 501027194 554321562 554319534
554287820 -22.830645 -43.2894781 554287826
554286638 -22.8306134 -43.2890232 554286644
554281150 -22.8305403 -43.2856932 554281157 554281143
2251376521 -22.8305263 -43.2824843 2251376519 554326721 554321562
554287826 -22.8305184 -43.2891519 554287829
2323789274 -22.8304867 -43.284084 554322616 554280773 554328323
554283066 -22.8304789 -43.286577 554283073 554304519 554293473
554303457 -22.830457 -43.2877445 554303471
554286632 -22.8304314 -43.2887828 554286638 554303471
554287829 -22.8303602 -43.288903 554287901
554326721 -22.8303453 -43.2827411 554322616 554321568 2251376521
554281143 -22.8302887 -43.285599 554281136 554281150
554293473 -22.830211 -43.2864868 554293467 554283066
554286628 -22.8301704 -43.2885597 554286632
554321568 -22.8301543 -43.2830138 554320234 3249531628 554326721
554280769 -22.8301466 -43.2850135 554282027 554280773 2323789285
554287901 -22.8301229 -43.2886713 554300503
554302626 -22.8300834 -43.2893407 554302618 554302609 554300503
501027194 -22.8300483 -43.2801378 554320225 501093906 554325539 487084116
554283073 -22.8300438 -43.287504 554302966 554283066 554292891
2323789285 -22.830039 -43.2852745 554281136 554280769
554280773 -22.8299674 -43.2848709 2323789274 554280769 554294021
554293467 -22.8299554 -43.2864273 554293461 554293473
554300503 -22.8299517 -43.2885698 554287913 554302626 2201062374
2201062374 -22.8299382 -43.2885201 2201062345 554300503
2201062345 -22.8299207 -43.2884558 554286620 2201062374
554287913 -22.8299172 -43.2885511 554287919
554281136 -22.8299149 -43.2854923 554281143 554284367 2323789285
554286620 -22.8299093 -43.2884138 554302954 554286628 2201062345
554302954 -22.8298698 -43.2882335 554302966 554286620
554302966 -22.8298524 -43.2878854 554283073 554302954 554283080
2251376519 -22.82985 -43.2819435 554320225 2323789284 2251376521
554292891 -22.8297511 -43.2873237 554283073 554292881
554283080 -22.8296562 -43.2882764 554286620 554302966
2323789284 -22.8296524 -43.2822317 2251376519 554320234 501093906
554302618 -22.8296483 -43.2893407 554302599 554302626
554287919 -22.8296404 -43.2884138 554287925
554293461 -22.829621 -43.2864485 554293467 554293451
554292881 -22.8295454 -43.2872636 554292871 554292891
554320234 -22.8294742 -43.2824915 2323789284 554320245 554321568
554284367 -22.8294709 -43.2855338 554281136 554284376
554302599 -22.8294505 -43.2893064 554302583 554302618
554294021 -22.829309 -43.2843473 554280773 3249531628
554292871 -22.8292844 -43.2872636 554292579 554292881
3249531628 -22.8292511 -43.2843012 554294000 554294021 554320245 554321568
554308403 -22.8291974 -43.2896412 554302583 554308445
554302583 -22.8291895 -43.2892292 554302599 554308403 554302572
554286611 -22.8291103 -43.2881305 554283080
554294000 -22.8289996 -43.2846801 554293993 3249531628
501093906 -22.8289699 -43.281681 554333005 2323789284 501027194 501027205
554287925 -22.8289284 -43.2882078 554287932
554302572 -22.8288651 -43.2890575 554302561 554302583
554286606 -22.8288651 -43.2880619 554286611
554293993 -22.8288335 -43.2848003 554294000 554293979
554287932 -22.8287306 -43.2882164 554287938
554286598 -22.8286753 -43.2880619 554286606
554320245 -22.8285963 -43.2837805 554320234 3249531628 554294107
554302561 -22.8285724 -43.2889803 554302549 554302572
554293451 -22.8285701 -43.2865702 554293068 554293461
554287938 -22.8285329 -43.2882335 554287943
554293979 -22.8285091 -43.2848518 554293971 554293993
554293271 -22.8283193 -43.2876585 554293260 554293277
554293068 -22.8283193 -43.2865942 554293063 554293078 554293451
554293078 -22.8283193 -43.2862938 554293068 554293087
554333005 -22.8283126 -43.2811511 501093906 554334841 554337143 554332148
554302549 -22.8283114 -43.2889717 554302537 554302561
554293277 -22.8283114 -43.2878387 554293271 554293286
554293087 -22.8283114 -43.2860277 554284376 554293078
554293971 -22.8282955 -43.2848947 554293961 554293979
554286586 -22.8282876 -43.2881734 554286598
554284376 -22.8282639 -43.2858217 554284367 553015366 554293087 554293093
554293286 -22.828242 -43.2881833 554286586 554293277
554293260 -22.8282402 -43.2874611 554292579 554293271
554293063 -22.8282402 -43.2869547 554292579 554293068
554293093 -22.8282006 -43.2854955 554284376 554293101
554293961 -22.8281452 -43.2849634 554293101 554293971
554292579 -22.8281028 -43.287314 554292871 554292572 554293260 554293063
554302537 -22.8280187 -43.2890146 554302530 554302549
554293101 -22.8280187 -43.2851007 554293106 554293093 554293961
554294107 -22.8280172 -43.2833199 554320245 501027205 554294584
554294584 -22.8279237 -43.2837188 554294107 554294652
501027205 -22.827893 -43.2832211 501093906 554294107 554332148
554292572 -22.8278209 -43.2872121 554292579 554292566
554293106 -22.8277892 -43.2847488 554293101 554293113
554294652 -22.8277655 -43.2840707 554294584 554294668
554302530 -22.8277497 -43.2891004 554302537 554302517
554337143 -22.827687 -43.2806464 554333005 501092913 554334831 554337168
554294668 -22.8276469 -43.284251 554297374 554294652 554293113
554297374 -22.8276073 -43.2840107 554294668 554297390
554293113 -22.8275361 -43.2844913 554293106 554294668 554294682
554302517 -22.8274965 -43.289212 554302214 554302530
554286576 -22.8274965 -43.2883451 554293286
554297390 -22.8274965 -43.2837789 554297374 554297397
554292566 -22.8274412 -43.2871435 554292559 554292572
554294682 -22.8273067 -43.2847059 554293113 554294704
554297397 -22.8272988 -43.2836588 554297390 554297408
554332148 -22.8272667 -43.282723 554333005 501027205 554337168
554302022 -22.8272038 -43.2896326 554301912 554302029 554302214
554302214 -22.8271788 -43.2894683 554302022 554300355 554302517
554292559 -22.827101 -43.2871349 554292092 554292566
501092913 -22.8270773 -43.2801547 554334781 501093912 554337143
554287943 -22.8270615 -43.2885854 554300355
554294704 -22.8270615 -43.2848861 554294734 554294682
554297408 -22.8270535 -43.283633 554297397 554280507 554297922
554300355 -22.8270448 -43.2885886 554287951 554302214 2201062376
2201062376 -22.8270372 -43.288554 2201062357 554300355
2201062357 -22.827025 -43.2884983 2201062376 554286566
554286566 -22.827014 -43.2884481 554286576 554292092 2201062357
554297922 -22.8269982 -43.2834613 554297909 554297408
3249531598 -22.8269884 -43.2862274 553015366 553015363
553015366 -22.8269815 -43.2860918 554284376 3249531598 553015367
554302029 -22.8269586 -43.2895553 554302043 554302022
553015363 -22.8269557 -43.2863584 553015362 3249531598
553015367 -22.8269377 -43.2859691 553015366 553015368
553015362 -22.8268867 -43.2864718 553015361 553015363
553015368 -22.8268615 -43.2858667 553015367 3249531599
554297909 -22.82684 -43.2832382 554297898 554297922
554292092 -22.8267925 -43.2872036 554292559 553015359 554286566 554292548
553015361 -22.8267883 -43.2865558 553015362 553015359
3249531599 -22.8267603 -43.2857944 3249531600 553015368
554294734 -22.8267055 -43.2850578 554294206 554294704
553015359 -22.8266707 -43.2866021 3249531597 553015361 554292092
554297898 -22.826658 -43.2830665 554297886 554297909
3249531600 -22.8266435 -43.2857589 553015369 3249531599
554337168 -22.8266129 -43.2822031 554332148 501092918 554337143
554286559 -22.8266105 -43.2885254 554286566
554302043 -22.8266026 -43.2896154 554302029 554302061
3249531597 -22.8265485 -43.2866064 553015358 553015359
553015369 -22.8265223 -43.2857637 3249531600 553015371 554294206
554292548 -22.8264998 -43.2872808 554292535 554292092
553015358 -22.8264309 -43.2865697 553015357 3249531597
554287951 -22.8264286 -43.2887056 554287956
554297886 -22.8264286 -43.2829549 554297873 554297898
553015371 -22.8264061 -43.2858096 553015369 553015372
554294206 -22.8264011 -43.2851512 553015369 554294734 554294761 554280507
554286552 -22.8263495 -43.2885769 554286559
553015357 -22.8263295 -43.2864957 553015356 553015358
553015372 -22.8263087 -43.2858923 553015371 3249531601
554302061 -22.8262941 -43.2898386 554302043 554313572 554302073
554287956 -22.8262862 -43.2887743 554287959
553015356 -22.8262539 -43.2863915 553015357 553015355
3249531601 -22.8262399 -43.2860038 3249531602 553015372
554292535 -22.8262387 -43.2873752 554292528 554292548
553015355 -22.8262114 -43.2862671 3249531602 553015356 554277198
3249531602 -22.8262063 -43.286133 3249531601 553015355
554297873 -22.8261913 -43.2828863 554297886 554279149
554287959 -22.8261517 -43.2889545 554287968
554280507 -22.8261517 -43.2838905 554294206 554297408 554297417
554286541 -22.8261438 -43.288697 554286552 554296709
554294761 -22.826041 -43.2852037 554294206 554294788
554302073 -22.8260251 -43.2899845 554302061 554287989
554286532 -22.8260251 -43.2888773 554286541
501092918 -22.8260036 -43.2817186 554280161 501092913 554337168
554292528 -22.8259698 -43.2875812 554292519 554292535
554279149 -22.8259618 -43.2828777 554297873 554280151 554297824
554296709 -22.8258748 -43.2886627 554296621 554286541
554287968 -22.8258115 -43.2896497 2201062373
2201062373 -22.8257818 -43.289789 554287976
554287976 -22.8257784 -43.2898688 554287989
554280161 -22.8257741 -43.281536 501094054 554280151 501092918
554296621 -22.8257324 -43.2885597 554296709 554296596
554280151 -22.8257249 -43.2817355 554280144 554280161 554279149
554297824 -22.8257166 -43.2829807 554297816 554279149
554294788 -22.8257087 -43.285178 554294761 554294821
554292519 -22.8257008 -43.2877958 554292528 554292510 554296134
554286530 -22.8256691 -43.2896841 554286532
554286520 -22.8256296 -43.2899072 554286530
554280144 -22.8256296 -43.2818821 554280130 554280151
554296596 -22.8256059 -43.2884052 554296621 554296563
554296563 -22.8255584 -43.288182 554296596 554292510
554292510 -22.8255505 -43.2879932 554292502 554296563 554292519
554296134 -22.8255426 -43.2877185 554292519 554296165
554280130 -22.8254872 -43.2820709 554280144 554280119
554297816 -22.8254714 -43.2831867 554297803 554297824
554296165 -22.8253685 -43.2875297 554296134 554290556
554294821 -22.8253685 -43.2851179 554294839 554294788
554292502 -22.8253211 -43.2883966 554292496 554292510
554297803 -22.8253131 -43.2834785 554297816 554297788
554280119 -22.8253131 -43.2821996 554280097 554280130
501094054 -22.8252909 -43.2811518 554280161 501093912 501027225
554297788 -22.8252657 -43.2837532 554297417 554297803
554297417 -22.8252578 -43.2840107 554298167 554280507 554297424 554297788
554292496 -22.8251549 -43.2887828 554292502 554292487
554290556 -22.825147 -43.2872551 554290545 554296203 554296165
554280097 -22.8251391 -43.2822511 554280070 554280119
554294839 -22.8250916 -43.2850492 554294869 554294821 554296254
554292487 -22.8250758 -43.2890833 554292496 554292114
554297424 -22.8250521 -43.2841222 554297417 554297437
554292114 -22.8250345 -43.2893851 554289517 554290098 554292487
554296203 -22.8250046 -43.2869203 554277198 554290556
554280070 -22.8249888 -43.2822511 554280047 554280097
554296254 -22.824973 -43.2854526 554294839 554294808
554277198 -22.8249334 -43.2865512 554296203 554296230 553015355 554277211
554297437 -22.8249176 -43.2843454 554297489 554297424
554290545 -22.824886 -43.2874696 554290531 554290556
554294808 -22.8248701 -43.2858303 554296230 554295061 554296254
554297489 -22.8248701 -43.2845771 554294869 554297437
554296230 -22.8248622 -43.2862079 554277198 554294808
501027273 -22.8248386 -43.2803447 501027279 501027225
554294869 -22.8248385 -43.2848346 554294839 554297489 554294891
554280047 -22.8248068 -43.2822082 554280024 554280070
554298167 -22.8247479 -43.2830105 554297417 2014637254
554289517 -22.8247198 -43.2889288 554289504 554292114 554290107
554290531 -22.8247198 -43.2876327 554290521 554290545
2014637254 -22.8246866 -43.2829035 554298167 554298175
501027225 -22.8246804 -43.2806662 501027273 554279199 501094054
554295061 -22.8246012 -43.2857702 554295101 554294808
554298175 -22.8245996 -43.2828174 2014637304 2014637254
554280024 -22.8245774 -43.2820451 554279199 554280047
554294891 -22.8245379 -43.2845857 554294869 554294919
554290521 -22.8245062 -43.2878902 554290506 554290531
554289765 -22.8244667 -43.2899501 554289754 554289779
2014637304 -22.8244552 -43.2827788 2014637296 554298175
554279199 -22.8244281 -43.2819185 501027225 554298769 554280024
554290506 -22.8244034 -43.2881992 554290521 554290107
554290107 -22.824348 -43.288388 554290506 554289517 554277211
2014637296 -22.8243479 -43.2827975 2014637304 554298769
554294919 -22.8243401 -43.2842596 554294891 554294935
2323789270 -22.8243187 -43.2804736 501026879
554295101 -22.8243085 -43.28565 554295061 554295131
554298769 -22.8242312 -43.2828782 554279199 2014637296 554278120 554299241
554294935 -22.8241819 -43.2839677 554294919 554278120
554289504 -22.8241423 -43.2893322 554289517 554289358
554289779 -22.8241107 -43.2899673 554289765 554289293
554278120 -22.8240553 -43.2836416 554298769 554295166 554294935
554295131 -22.8239999 -43.2854097 554295101 554295166
501026879 -22.8239763 -43.2801731 501026874 2323789270
554289358 -22.8239445 -43.2891862 554289288 554289392 554289504
501026960 -22.8238814 -43.2800701 2014637309 501026087
554295166 -22.8237534 -43.2850852 554298757 554278120 554277211 554295131
554299241 -22.8236202 -43.2827404 554298769 554299268
501026874 -22.8234621 -43.2813146 554299299
554299268 -22.8233987 -43.2826717 554299283 554299241
501026970 -22.823383 -43.2811859 501026960
554277211 -22.823375 -43.2868946 554277198 554295166 554277223 554290107
554289288 -22.8233512 -43.2892292 554289358 554289379 554289293
554289392 -22.8232484 -43.2881992 554289379 554289358 554289487
554299283 -22.823193 -43.2825172 554299299 554299268
554298336 -22.8231376 -43.2832296 554289286
554298757 -22.8230348 -43.2848947 554298746 554295166
554289487 -22.8228821 -43.2875623 554289392
554298746 -22.8228291 -43.2848089 554298740 554298757
554299299 -22.822784 -43.2821809 501026865 554299283 554299313
554277223 -22.8227104 -43.2870576 554277239 554277211
554298740 -22.8227104 -43.2847831 554298730 554298746
554299313 -22.8226793 -43.2820826 554299299 554299329 501026970
554289379 -22.8226757 -43.2888333 554289288 554289289 554289392
554289851 -22.8226313 -43.2893322 554289790
554298730 -22.8225364 -43.2846372 554289286 554298740
2368394939 -22.8224771 -43.280564 554299329
554277239 -22.822394 -43.2870834 554277253 554277223
3058523471 -22.8223431 -43.2802884 144280044
554289240 -22.822299 -43.2879331 554289252
554289285 -22.8222437 -43.2849805 554289286 554289284
554289286 -22.8222437 -43.2843797 554289285 554298323 554298336 554298730
554289283 -22.8222358 -43.2857616 554289281 554289284
554289284 -22.8222199 -43.2854011 554289285 554289283
2360296202 -22.8221849 -43.2802481 1494442276
554289252 -22.8221646 -43.2878215 554289240 554289264
554289281 -22.8221329 -43.2860534 554289280 554289283
2368394937 -22.8221073 -43.2803449 2360296202
554289280 -22.8219984 -43.286268 554289279 554289281
554277253 -22.821951 -43.2871349 554277239 554277267
553009063 -22.8219193 -43.2894695 501056220 553009074
554289264 -22.8218798 -43.2875984 554289252 554289271
554299329 -22.8218794 -43.2813317 554299313 146437158
146481170 -22.8218794 -43.2806292 2368394937
554289289 -22.8218718 -43.2883623 554289379 554289287
1779435973 -22.8218491 -43.2801003 1779435968 1779435975 1779435969
554289279 -22.8218481 -43.2864311 554289278 554289280
553006993 -22.8217646 -43.2899539 501056217 553006995
554289271 -22.8217374 -43.2873666 554289264 554277267
554289278 -22.8217215 -43.2866371 554289279 554289275
554277267 -22.8217136 -43.287195 554277253 554289271 554277276 554289275
146437158 -22.8217054 -43.2815561 1494442299
554289275 -22.8216662 -43.2869032 554289278 554277267
553009074 -22.8216108 -43.2886455 554289287 553009063
3130613099 -22.8216009 -43.2814627 1494442275
553006995 -22.8215712 -43.2895382 553006993 553006998
3130613098 -22.8215036 -43.281368 3058523471
554289287 -22.821476 -43.2881848 553009074 553009084 554289289
553009084 -22.8214526 -43.2881048 554289287 553009098
553006998 -22.8213655 -43.2889116 553006995 553007000
553009098 -22.821326 -43.2877357 553009084 553009108
2088930027 -22.8213227 -43.2899445 553013775 2088930031
554277276 -22.8213101 -43.2872036 554277267 553009119
1779435970 -22.8212911 -43.2814302 146481170 1779435968
1494442300 -22.8212088 -43.2817507 3130613098
553009108 -22.8211836 -43.2874696 553009098 553009119
1494442275 -22.8211799 -43.2819945 501026746 1494442288
553007000 -22.8210807 -43.2880533 553007003 553006998
2088930031 -22.8210588 -43.2895807 2088930027 553013764
1779435968 -22.8210357 -43.2811933 1779435973 1779435961 1779435962 1779435970
1494442288 -22.8210155 -43.2823241 1494442278
1494442293 -22.820966 -43.2819379 1494442300
553007003 -22.8209621 -43.2877872 553007000 553007005
553009119 -22.8209462 -43.2871692 553009108 553009122 554277276
1494442278 -22.8209166 -43.2824851 1494442299
553013764 -22.8208665 -43.2891476 553013748 2088930031
1494442290 -22.8208572 -43.2820506 1494442293
1494442299 -22.8208131 -43.2827148 146437156
146437156 -22.820785 -43.2827511 146437154
553007005 -22.8207643 -43.2875297 553007003 501025958
553013748 -22.8207168 -43.2889373 553013742 553013764
554298323 -22.8206061 -43.2863968 554289286
1494442285 -22.8205827 -43.2823322 1494442290 1779435970
553013742 -22.8205586 -43.2887657 553013748 553013740
553013740 -22.8204153 -43.2886221 553013739 553013742
146481172 -22.820226 -43.2828007 1494442285
553013739 -22.8202164 -43.2884664 553013737 553013740
146437154 -22.8201943 -43.2834616 2368394932
1779435961 -22.8201474 -43.2822616 1779435968 1779435954 1779435952
1779435962 -22.8201073 -43.2803933 1779435954 1779435957 1779435968 1779435969
553013737 -22.8200918 -43.288388 553013739 553013736
