457299767 -22.7999671 -43.2100658 457300733 457300760
457300760 -22.7999281 -43.2104022 457300759 457299767 457300850
2969564526 -22.7999158 -43.2199914 452657437
457300850 -22.7998864 -43.2107141 457301855 457300761 457300760 457299765
457299765 -22.7997718 -43.211548 457302855 457300762 457300850
452657436 -22.7997672 -43.2197813 2969564526
457301855 -22.7997271 -43.2106864 457301844 457300850 457301847
452657505 -22.7996771 -43.2198416 2969564524
2969564525 -22.7996276 -43.2195143 452657436
2969564524 -22.7995345 -43.2195647 452657506
452657435 -22.7995165 -43.2192277 2969564525
457301844 -22.7994459 -43.2106375 457301855 457302856 457301843
457301843 -22.7994412 -43.2103929 457301844 457301842
452657506 -22.799422 -43.2192847 452657507
457301842 -22.7992988 -43.2101011 457301841 457301843
452657434 -22.7991596 -43.2182591 452657435
452657507 -22.799089 -43.2183861 2969564523
2969564522 -22.7990485 -43.2178471 452657434
457302856 -22.7989997 -43.2105586 457301844 631862142 457302855
452657432 -22.7989644 -43.2174449 2969564522
2969564523 -22.7989239 -43.2179415 452657465
457302855 -22.7988827 -43.2114041 631862143 457302856 457299765
2969564521 -22.7988192 -43.2171114 452657432
452657468 -22.7987886 -43.2170709 2969564521
452657431 -22.7987846 -43.2168642 452657432
2969564517 -22.7987454 -43.2170521 452657468
452657465 -22.7987144 -43.2175236 2969564520 2969564511
2969564518 -22.7987099 -43.2170452 2969564517
631862142 -22.7986907 -43.210505 457302856 631862143 631862132
452657467 -22.7986718 -43.2170528 2969564518
2969564516 -22.7986452 -43.2164866 452657431
2969564519 -22.7986278 -43.2170887 452657467
2969564520 -22.7986078 -43.2172063 452657466
452657466 -22.7986037 -43.2171473 2969564519
1670751387 -22.7985949 -43.2164873 2969564513
2969564513 -22.7985932 -43.2165371 452657463
631862143 -22.7985782 -43.2113548 457302855 631862142 631862133
452657463 -22.798575 -43.2165869 2969564514
2969564514 -22.7985374 -43.2166242 452657462
452657462 -22.7984842 -43.2166362 2969564515
452657430 -22.7984748 -43.216117 1670751387 2969564516
2969564515 -22.7984311 -43.2166224 452657461
2969564511 -22.7984119 -43.2168198 2969564512
631862132 -22.7983936 -43.2104535 631862142 631862134 631862133
452657461 -22.7983889 -43.2165834 452657460
2969564512 -22.7983267 -43.2165467 452657460
452657429 -22.7982914 -43.2157448 452657430
631862133 -22.7982909 -43.2113083 631862143 631862135 631862132
452657460 -22.7982643 -43.2163034 2969564508
2969564510 -22.7981908 -43.2155152 452657429
2969564508 -22.7981653 -43.215867 2969564509
631862134 -22.7981078 -43.2104039 631862132 631862136 631862135
452657428 -22.7981052 -43.2152905 2969564510
2969564509 -22.7980857 -43.2155853 452657508
452657508 -22.7979983 -43.2153223 2969564505
631862135 -22.7979943 -43.2112603 631862134 631862133 631862137
2969564504 -22.7978485 -43.2146001 452657428
631862136 -22.7978092 -43.2103521 631862134 631862138 631862137
2969564505 -22.7977314 -43.2146099 2969564506
2969564507 -22.7977209 -43.2142484 2969564504
631862137 -22.7976934 -43.2112116 631862139 631862135 631862136
2969564506 -22.7975963 -43.2142565 452657509
452657426 -22.7975693 -43.2139292 2969564507
631862138 -22.7975056 -43.2102995 631862140 631862139 631862136
2969564502 -22.7974642 -43.2137419 452657426
452657509 -22.7974565 -43.2139834 2969564503
631862139 -22.7974071 -43.2111653 631862141 631862138 631862137
2969564503 -22.7973606 -43.2138266 452657510
452657425 -22.7973501 -43.2135938 2969564502
452657510 -22.7972556 -43.2136784 2969564498
631862140 -22.7972167 -43.2102494 631862138 631862118 631862141
2969564499 -22.7971959 -43.2134176 452657425
2969564498 -22.7971157 -43.2135185 452657511
631862141 -22.7970983 -43.2111153 631862139 631862119 631862140
452657424 -22.7970337 -43.2132693 2969564499
452657511 -22.7969643 -43.2133671 452657512
631862118 -22.79691 -43.2101962 631862140 631862120 631862119
631862119 -22.7968023 -43.2110674 631862141 631862121 631862118
631862120 -22.796613 -43.2101447 631862118 631862122 631862121
631862121 -22.7965203 -43.2110218 631862119 631862120 631862123
631862122 -22.7963256 -43.2100949 631862120 278611753 631862123
631862123 -22.7962113 -43.2109718 631862121 278611752 631862122
278611753 -22.7960441 -43.2100557 278611752 631862122 278085477
278611752 -22.7959122 -43.2109234 278085478 631862123 278611753
2969564486 -22.7957054 -43.2100979 1740892921
452657512 -22.7956084 -43.2123914 452657513
1053021761 -22.7955523 -43.2102996 2969564486 1053021922
452657422 -22.7954757 -43.2121171 452657424
452657513 -22.7954113 -43.21223 2969564497
1053021922 -22.7953791 -43.2101592 1053021761 2969564488
2969564492 -22.795356 -43.2119937 452657422
2969564488 -22.7953235 -43.2101246 1053021869 1053021922
2969564497 -22.7953001 -43.2121203 452657514
278085478 -22.7952837 -43.2108216 278611752 278085479
452657421 -22.7952612 -43.2118553 2969564492
1053021869 -22.7952606 -43.2100999 2969564488 2969564487
452657514 -22.7952099 -43.2120086 2969564496
1053021823 -22.795195 -43.2107697 1053021761 1053021845
2969564487 -22.7951923 -43.2101097 1053021869 1053021762
2969564491 -22.7951892 -43.2116932 452657421
278085479 -22.795184 -43.2110204 2969564489
452657420 -22.7951575 -43.2115316 2969564491
2969564489 -22.795151 -43.2111158 452657419
2969564496 -22.7951452 -43.2119147 452657515
278085646 -22.7951416 -43.2108452 1053021823
452657419 -22.7951338 -43.2112226 2969564490
2969564490 -22.7951336 -43.2113758 452657420
1053021762 -22.7951294 -43.2101572 2969564487 1053021689
452657515 -22.7951024 -43.2118168 2969564495
1053021707 -22.7950998 -43.210936 278085646 3302987284
1053021911 -22.7950844 -43.2100332 1053021797 1053021790
278085647 -22.7950743 -43.2110014 1053021707
2969564495 -22.7950568 -43.2117011 452657516
2969564493 -22.79504 -43.211128 278085647
452657516 -22.7950213 -43.2115825 2969564494 1895596215
457300881 -22.7950179 -43.2112631 2969564493
2969564494 -22.7950112 -43.2114204 457300881
1053021790 -22.7949855 -43.2100707 1053021911 1053021693
452659149 -22.7949597 -43.211051 278085647
1895596215 -22.7949412 -43.211396 1895596233
1053021689 -22.7949361 -43.2104141 1053021845 1053021762
1895596233 -22.7949016 -43.2113182 1895596248
1053021845 -22.7948861 -43.2105022 1053021687 1053021689 1053021823
1895596248 -22.7948717 -43.2112697 1895596214
1895596214 -22.7948124 -43.2112241 1895596213
1053021687 -22.794804 -43.2104488 1053021858 1053021845
3302987284 -22.7948004 -43.2108825 3302987283 1053021707
1895596213 -22.7947498 -43.2112027 452659149 1486052980
1053021858 -22.7946874 -43.2104093 1053021876 1053021687
1053021876 -22.7945899 -43.2104102 1053021858 1053021924
1053021924 -22.7945058 -43.210398 1053021876 1053021799
1053021734 -22.7944959 -43.2105696 3302987283 1053021826
1486052980 -22.7944865 -43.2112912 452659148 1895596213
3302987283 -22.7944548 -43.2108255 1053021713 1053021734 3302987284
1053021799 -22.7943921 -43.2103312 1053021917 1053021924
1053021826 -22.7943772 -43.2105374 1053021734 1053021803
1053021917 -22.794303 -43.2102585 1053021693 1053021799
1053021693 -22.7942932 -43.2101941 1053021800 1053021790 1053021803 1053021917
1053021803 -22.7942041 -43.2104838 1053021826 1053021820 1053021693
452659148 -22.7941526 -43.2113943 3632242038 1486052980
1053021820 -22.7940904 -43.2104677 1053021803 1053021950
1053021950 -22.7938678 -43.2104463 1053021820 1053021900
1053021800 -22.7938085 -43.2101941 1053021718 1053021693
1053021900 -22.7936781 -43.2104271 1053021713 1053021950 1053021754
1053021754 -22.7936552 -43.2104248 1053021900 1053021895
1053021713 -22.7936149 -43.2106839 1053021900 3302987283 1053021807
1053021718 -22.7935316 -43.2102317 1053021800
3632242038 -22.7935215 -43.2115916 452659148 452659147
1053021895 -22.7934969 -43.2104355 1053021754
1053021915 -22.7933189 -43.2102209 1053021777
1053021777 -22.7932546 -43.2103604 1053021882 1053021915
1053021882 -22.7932348 -43.2104623 1053021777 1053021696 1053021807
1053021807 -22.7932045 -43.2106133 1053021882 1053021713 1053021715
1053021898 -22.7929381 -43.2100439 1053021805 1053021717
1053021715 -22.7928886 -43.2105589 1053021780 1053021807
1053021696 -22.7928837 -43.2103712 1053021882
452659147 -22.7928074 -43.2118149 3632242062 3632242038
1053021717 -22.7926315 -43.2103658 1053021898 1053021780
1053021780 -22.7925214 -43.2105227 1053021745 1053021717 1053021715
3632242062 -22.7924948 -43.2119122 452659146 452659147
1053021745 -22.792399 -43.2105106 1053021780 1053021909
1053021909 -22.7923792 -43.2105053 1053021745 1053021846
1053021877 -22.7923595 -43.2102639 1053021919 1053021773
1053021846 -22.7923397 -43.2104516 1053021909 1053021773
1053021773 -22.7923347 -43.2103443 1053021877 1053021846
452659146 -22.7907105 -43.2124672 452659145 3632242062
452659145 -22.7904335 -43.2126217 452659146 452659144
452659144 -22.7900933 -43.2128963 452659143 452659145
452659143 -22.7899192 -43.2131882 452659142 452659144
452659142 -22.7896739 -43.213686 452659141 452659143
452659141 -22.789389 -43.2148275 452659140 452659142
452659140 -22.7890409 -43.2164669 452659139 452659141
452659139 -22.7885819 -43.2175741 3596181859 452659140
3596181859 -22.7884244 -43.2179216 3596178973 452659139
