3787844486 -22.8396298 -43.5120069 3787844487 2818260817
3787844487 -22.8395858 -43.5120945 2818259097 3787844486
2818259100 -22.8394839 -43.5128414 2818259099
2818259099 -22.8393915 -43.5127133 2818259097 2818259100
2818259097 -22.8393556 -43.5126186 3787844487 2818259087 2818259099
2818259096 -22.8393556 -43.5106362 2818259093 2818259095
2818259095 -22.83933 -43.5109425 2818259096 2818259094
2818259094 -22.8393197 -43.5111262 2818259095 2818259091
2818259093 -22.8392838 -43.5104023 2818259096 2818259090
2818259091 -22.8392003 -43.5118409 1258703086 2818259094
1258703086 -22.8391953 -43.5119589 2818259091
2818259087 -22.8387192 -43.5126966 2818259097
