1314167744 -22.7978487 -43.5497244 1314167768 1314167187 1314167526
1314167768 -22.7977448 -43.5495044 1314167559 1314167744
1314167559 -22.7976262 -43.5493488 1314167768 1314167647
1314167647 -22.7963453 -43.5487641 1314167559 1314167306
1314167306 -22.7961376 -43.5486676 1314167153 1314167647
1314167153 -22.7959942 -43.5486622 1314167469 1314167306
1314167469 -22.7958013 -43.5487266 1314167625 1314167153
1314167625 -22.7955887 -43.5488982 1314167469 1314167140
1314167227 -22.7954601 -43.5456957 1314167346
1314167346 -22.7953859 -43.5457869 1314167340 1314167227
1314167526 -22.7953513 -43.5497673 1314167744 1314167820 1314167711
1314167140 -22.795282 -43.549263 1314167625 1314167711
1314167340 -22.7952524 -43.5460336 1314167643 1314167346
1314167443 -22.7952474 -43.5478093 1314167523 1314167183
1314167183 -22.7952425 -43.5480507 1314167798 1314167443
1314167798 -22.795193 -43.5482277 1314167327 1314167183
1314167711 -22.7951828 -43.5494159 1314167771 1314167140 1314167526
1314167523 -22.7951535 -43.5476644 1314167525 1314167443
1314167771 -22.7951287 -43.5494991 1314167150 1314167711
1314167327 -22.7950892 -43.548394 1314167798 1314167659
1314167525 -22.7950348 -43.5475464 1314167523 1314167802
1314167643 -22.7950298 -43.5463126 1314167801 1314167340
1314167659 -22.7949359 -43.5485603 1314167327 1314167567
1314167567 -22.7947232 -43.5487373 1314167823 1314167659
1314167801 -22.7946639 -43.5465325 1314167817 1314167643
1314167802 -22.7946045 -43.5472889 1314167525 1314167773 1314167283
1314167512 -22.7945204 -43.5445423 1314167616
1314167773 -22.7944809 -43.5471816 1314167802 1314167649
1314167823 -22.7944265 -43.5489519 1314167804 1314167567
1314167817 -22.7943474 -43.5465647 1314167496 1314167801
1314167649 -22.7943177 -43.5470529 1314167773 1314167976
1314167616 -22.7942583 -43.544714 1314167512 1314167963
1314167804 -22.7942039 -43.549204 1314167433 1314167823
1314167976 -22.7941396 -43.5468329 1314167649 1314167530
1314167963 -22.7941149 -43.544891 1314167616 1314167629
1314167433 -22.7940473 -43.5494004 1314167150 1314167474 1314167804
1314167496 -22.7940308 -43.5465701 1314167958 1314167817
1314167530 -22.7939962 -43.5466988 1314167958 1314167976
1314167958 -22.7939764 -43.5466237 1314167496 1314167530
1314167474 -22.79393 -43.5492904 1314167433 1314167321 1314167213
1314167629 -22.7938231 -43.5456259 1314167572 1314167963
1314167283 -22.7938034 -43.548276 1314167450 1314167802
1314167572 -22.7937193 -43.5457815 1314167337 1314167629
1314167675 -22.7936995 -43.5436036 1314167204
1314167213 -22.7936699 -43.5490465 1314167842 1314167282 1314167474
1314167450 -22.7936402 -43.5483403 1314167360 1314167283
1314167337 -22.7935165 -43.5459746 1314167572 1314167759
1314167282 -22.7932223 -43.5486391 1314167360 1314167563 1314167213
1314167204 -22.7931357 -43.5437001 1314167781 1314167675
1314167748 -22.7929676 -43.548276 1314167360 1314167511
1314167360 -22.7929626 -43.5483833 1314167748 1314167282 1314167450 1314167191
1314167321 -22.7929577 -43.549896 1314167474 1314167539 1314167350
1314167511 -22.7928884 -43.5481687 1314167748 1314167382
1314167781 -22.7928835 -43.5436572 1314167805 1314167204
1314167759 -22.792835 -43.5464952 1314167337 1314167791 1314167597
1314167382 -22.7927846 -43.5479756 1314167511 1314167911
1314167911 -22.7927203 -43.5478307 1314167382 1314167457 1314167546
1314167546 -22.7926807 -43.5476966 1314167889 1314167911
1314167889 -22.792656 -43.5467632 1314167791 1314167546
1314167791 -22.7926 -43.5466747 1314167759 1314167172 1314167889
1314167805 -22.7924829 -43.5435016 1314167781 1314167205
1314167451 -22.7923593 -43.5498638 1314167842 1314167835
1314167750 -22.7923395 -43.5442044 1314167705
1314167205 -22.7923345 -43.5433031 1314167805 1314167494
1314167172 -22.7923296 -43.5468812 1314167791 1314167851 1314167164
1314167842 -22.7923246 -43.5496278 1314167213 1314167563 1314167451
1314167494 -22.7921763 -43.5431905 1314167205 1314167206
1314167705 -22.7921664 -43.5440488 1314167750 1314167709
1314167563 -22.7921241 -43.5490595 1314167282 1314167191 1314167842
1314167206 -22.7920724 -43.5431905 1314167494 1314167684
1314167709 -22.7920675 -43.5439683 1314167515 1314167705
1314167515 -22.791934 -43.5440005 1314167709 1314167849
1314167191 -22.791929 -43.5485066 1314167457 1314167360 1314167970 1314167563
1314167851 -22.7918499 -43.5473479 1314167172 1314167595 1314167215
1314167684 -22.7918153 -43.5434265 1314167206 1314167139
1314167742 -22.7917609 -43.549896 1314167588 1314167769
1314167457 -22.7917312 -43.5479487 1314167595 1314167191 1314167911
1314167597 -22.7916966 -43.5445531 1314167759 1314167849
1314167595 -22.7916177 -43.547525 1314167851 1314167246 1314167457
1314167769 -22.7915878 -43.5493542 1314167742 1314167728
1314167849 -22.7915284 -43.5442956 1314167515 1314167164 1314167597
1314167139 -22.7915284 -43.5436518 1314167684 1314167954
1314167728 -22.7915037 -43.5493167 1314167769 1314167787
1314167787 -22.7913405 -43.5493381 1314167728 1314167483
1314167970 -22.7913355 -43.5486676 1314167191 1314167463 1314167818
1314167463 -22.7912218 -43.5482491 1314167970 1314167596
1314167246 -22.791215 -43.5478322 1314167595 1314167952 1314167596
1314167954 -22.7912119 -43.5438825 1314167599 1314167139
1314167596 -22.7910833 -43.5479326 1314167246 1314167516 1314167463
1314167537 -22.7910734 -43.5424287 1314167651
1314167215 -22.7910064 -43.5459519 1314167810 1314167851 1314167252
1314167164 -22.7910004 -43.5446526 1314167279 1314167172 1314167849
1314167279 -22.7909795 -43.5446174 1314167599 1314167164
1314167412 -22.7909646 -43.5407014 1314167155 1314167430
1314167430 -22.7909498 -43.5409267 1314167571 1314167412
1314167571 -22.7908954 -43.5410233 1314167743 1314167430
1314167155 -22.7908805 -43.5404439 1314167412 1314167498
1314167743 -22.7908212 -43.5410447 1314167605 1314167571
1314167498 -22.7907767 -43.5403527 1314167155 1314167780
1314167952 -22.790747 -43.5470421 1314167246
1314167599 -22.7907429 -43.5441869 1314167279 1314167954 1314167892
1314167483 -22.7906976 -43.5496493 1314167484 1314167787
1314167818 -22.790653 -43.5489894 1314167970 1314167196
1314167516 -22.7906479 -43.5482186 1314167794 1314167596 1314167704
1314167651 -22.7906432 -43.5437484 1314167537 1314167892
1314167605 -22.790569 -43.5409804 1314167743 1314167737
1314167892 -22.7905492 -43.5438342 1314167617 1314167599 1314167612 1314167651
1314167780 -22.7904701 -43.5402025 1314167498 1314167696
590224578 -22.7904533 -43.5499553 1314167484 1314167725
1314167810 -22.7904255 -43.5463019 1314167215
1314167737 -22.7904157 -43.5409535 1314167605 1314167541
1314167484 -22.790338 -43.5498534 590224578 590224580 1314167483
1314167252 -22.7902884 -43.5447634 1314167612 1314167215 1314167236
1314167541 -22.7902821 -43.5409911 1314167438 1314167737
590224580 -22.7901862 -43.5497192 1314167484 1314167972
1314167617 -22.7901684 -43.5431851 1314167892
1314167438 -22.7901486 -43.540916 1314167688 1314167541
1314167196 -22.7900398 -43.5494239 1314167818 1314167473
1314167688 -22.7899854 -43.5408892 1314167980 1314167438
1314167612 -22.7899477 -43.5441995 1314167591 1314167892 1314167521 1314167252
1314167473 -22.7899162 -43.5495742 1314167196 1314167580
1314167580 -22.7899115 -43.5496662 1314167473 1314167972
1314167972 -22.7899097 -43.5497016 590224583 1314167580 590224580
590224583 -22.7898499 -43.5496978 1314167972 590224585
1314167980 -22.7898222 -43.5409428 1314167688 1314167419
1314167704 -22.7898123 -43.5468866 1314167516 1314167627 1314167236
1314167521 -22.7897332 -43.5438289 1314167612
1314167627 -22.7896689 -43.5469295 1314167704 1314167895
1314167686 -22.7895452 -43.5430135 1314167454
1314167591 -22.7894468 -43.5445037 1314167338 1314167865 1314167612
590224585 -22.7894147 -43.5496227 590224583 590224587
1314167419 -22.7893622 -43.5410072 1314167497 1314167980
1314167794 -22.7892881 -43.5493059 1314167516 1307874694
1314167497 -22.7892782 -43.5410662 1314167555 1314167419
1314167555 -22.7892584 -43.5411735 1314167497 1314167456
1314167895 -22.7892337 -43.547187 1314167703 1314167627 1314167165
590224587 -22.789118 -43.5495261 590224585 1307874694
1314167865 -22.7891051 -43.5438664 1314167591
1314167236 -22.7890803 -43.5456152 1314167252 1314167614 1314167704
1307874694 -22.7890528 -43.5494752 590224590 1314167794 590224587 1307874763
1314167338 -22.7889752 -43.5448296 1314167591 1314167765 1314167129
590224590 -22.7888707 -43.549333 1307874694 590224592
1314167703 -22.7888703 -43.54659 1314167895 1314167614 1314167826
1307874763 -22.7888478 -43.5497991 1307874692 1307874694
590224592 -22.7887124 -43.5490004 590224590 590224595
590224595 -22.7886333 -43.5486356 590224592 1307841184
1314167129 -22.7886105 -43.5441615 1314167338
1307841184 -22.7885476 -43.5481287 590224595 590224596 1307841356
590224596 -22.7885245 -43.5479919 1307841184 1314167165
1314167614 -22.7885156 -43.5460072 1314167703 1314167220 1314167236 1314167329
1314167765 -22.7884604 -43.5452032 1314167338 1314167220 1314167241
1314167454 -22.7884507 -43.543749 1314167718 1314167615 1314167686
1314167165 -22.7884383 -43.5477717 590224596 590224597 1314167895
1314167915 -22.7884226 -43.5407229 1314167336
1314167456 -22.7883533 -43.5413398 1314167555
590224597 -22.7882179 -43.5472087 1314167165 1314167826
1314167826 -22.7881674 -43.5471061 590224608 1314167703 590224597
1314167220 -22.7881598 -43.5454177 1314167765 1314167614 1314167668
1314167221 -22.7881042 -43.5415444 1314167471 1314167154
1314167241 -22.7880665 -43.5445316 1314167765
1307841237 -22.7879971 -43.54812 1307841317 1307840956
1307841317 -22.7879872 -43.5480556 1307840858 1307841237
1307840956 -22.7879328 -43.5482488 1307841177 1307841237
590224608 -22.7879013 -43.546565 1314167826 1314167329
1314167668 -22.7878925 -43.5456084 1314167220 1314167891 1314167638
1307840858 -22.7878883 -43.5479269 1307841317 1307841306
1314167615 -22.7878803 -43.5441835 1314167454 1314167479 3108173683
1314167718 -22.7878648 -43.5426735 1314167693 1314167454
1314167329 -22.7878382 -43.5464774 590224608 590224611 1314167614
1307841356 -22.7878043 -43.5494642 1307840998 1307841449 1307841184
1307841177 -22.7877647 -43.5484043 1307840977 1307840956
1307841306 -22.7876954 -43.5476801 1307840858 1307841443
1307840998 -22.78769 -43.5496695 1307840737 1307874725 1307841356
1314167693 -22.7876767 -43.5425703 3108173682 1314167718
1314167490 -22.787675 -43.5423994 1314167471
1307840977 -22.7876658 -43.5484043 1307841177 1307841084
1307874725 -22.7876609 -43.5497238 1307874739 1307840998 1307874692
590224611 -22.787654 -43.5462216 1314167329 590224616
1314167638 -22.7875521 -43.5449661 1314167668
1314167471 -22.7874474 -43.5419898 1314167199 1314167490 1314167221 1314167741
590224616 -22.7874358 -43.5460062 1314167891 1307840966 590224611
3108173682 -22.7873978 -43.5427359 1314167693 3108173683
1314167891 -22.787372 -43.545956 590224619 590224616 1314167668
1307841443 -22.7873656 -43.5472714 1307840966 1307841084 1307841306
1307841084 -22.7873394 -43.5479537 1307841443 1307840977
1314167479 -22.7872537 -43.544606 1314167615 3108173684 1314167593
3108173683 -22.7871247 -43.5428845 1314167615 3108173682 1314167741
1307840966 -22.7870525 -43.5468916 1307841304 1307841449 590224616 1307841443
590224619 -22.7870408 -43.5456959 1314167891 590224623
1314167741 -22.78684 -43.542395 1314167501 1314167471 1314167593 3108173683
590224623 -22.7867935 -43.5454706 590224619 590224626
1307841449 -22.7866618 -43.5477928 1307841312 1307840966 1307840697 1307841356
590224626 -22.786655 -43.5452453 3108173684 590224623
3108173684 -22.7865984 -43.5450523 590224626 590224631 1314167479 1307841545
1307840737 -22.7865035 -43.5489193 1307840998 1307841312
1314167199 -22.7864718 -43.5402287 1314167501 1314167471 1314167154 1314167170
590224631 -22.7863406 -43.5442975 3108173684 3108173685
3108173685 -22.7862803 -43.5441577 590224631 590224635
1307841312 -22.786276 -43.5487101 1307874758 1307840737 1307841449 1307840965
1314167593 -22.7862298 -43.5428305 1314167466 1314167479 1314167741 1314167875
590224635 -22.7862099 -43.5440329 3108173685 590224640
590224640 -22.7860535 -43.543818 1314167466 590224635
1307841304 -22.7860436 -43.5457811 1307840966 1307841545
1307874758 -22.785879 -43.5496614 1307841312 1307874739 1307841077
1307841545 -22.7858754 -43.5455773 1307840697 3108173684 1307841304 1307840760
1314167501 -22.7858439 -43.5406734 1314167199 1314167875 1314167177 1314167741
1307840965 -22.7856427 -43.5479253 1307841312 1307874738 1307841332
1314167466 -22.7855926 -43.5432526 590224640 1314167593 590213769
590213769 -22.7855592 -43.5432128 1314167466 590214094 590213641
1314167177 -22.7854989 -43.5400735 1314167501 1314167763 1314167170
1307840760 -22.7854334 -43.5448376 1307841545 1307841093 1307841300
590214094 -22.7853569 -43.5429438 1307840866 590213769
1307840697 -22.7853264 -43.5459903 1307841449 1307841332 1307841545
1307874738 -22.7852473 -43.5487476 1307841408 1307840965 1307874748
1314167875 -22.7852325 -43.5411045 1314167501 1314167593 1314167763 1314167126
1307841093 -22.7850401 -43.5440948 1307840868 1307841473 1307840760
590213641 -22.7849619 -43.5433271 590214094 590213639
1314167763 -22.7848867 -43.54051 1314167177 1314167779 1314167875 1314167144
1307841473 -22.7848 -43.5436779 1307841093 590213639
1307840866 -22.784775 -43.5421794 590214094 1314167126 1307841048
1307841408 -22.7847626 -43.549665 1307840931 1307840971 1307874711 1307874738
1307874748 -22.7847478 -43.5481844 1307874738 1307874731
1307841332 -22.7846474 -43.5465639 1307874731 1307840697 1307840965 1307841300
590213639 -22.7846434 -43.5434495 590213630 1307841473 590213641 1307841048
1314167144 -22.7846264 -43.540064 1314167763 1314167159
1314167126 -22.7843339 -43.5417453 1307840866 1307840990 1314167875
1307840990 -22.7842441 -43.5416772 1307841224 1314167126 1314167779
1314167159 -22.7842335 -43.5403313 1314167144
1307841300 -22.7841461 -43.5458745 1307840868 1307840746 1307840760 1307841332
1307841048 -22.7840939 -43.5427867 1307840866 1307841224 1307841060 590213639
1307874731 -22.7839819 -43.5471617 1307840971 1307841332 1307874748
1307874701 -22.7839075 -43.5499959 1307874732 1307874711 1307874755
1314167779 -22.7837358 -43.5412935 1307840990 1314167763 590224654
1307840868 -22.7836879 -43.5452442 590213630 1307841093 1307841212 1307841300
1307841224 -22.7836844 -43.5422567 1307841130 1307840990 1314167268 1307841048
590224654 -22.7836511 -43.5412294 590224657 1314167779
590224657 -22.7835316 -43.5411186 3108173686 590224654
3108173686 -22.7833639 -43.5409214 590224657 590224664
1307840971 -22.7833629 -43.5477177 1307874755 1307874731 1307841408 1307840746
1314167268 -22.7832989 -43.5418385 1307841224 1314167231
590213630 -22.7832366 -43.5446235 1307840868 1307840727 590213639 1307841060
1314167231 -22.7832123 -43.5417447 1307840912 1314167268
1307840912 -22.7830365 -43.541554 1307841004 1307840643 1314167231
590224664 -22.782993 -43.5404026 3108173686 1307840643 1306924779
1307840746 -22.7828642 -43.5470287 1307840971 1307841050 1307841300 1307841212
1307841060 -22.7827065 -43.5438984 590213630 1307841130 1307841048 1307841517
1307874755 -22.7826975 -43.5482798 1307841358 1307840971 1307874701
1307840643 -22.7824964 -43.5408426 1307840912 1307841187 590224664 1306924208
1307841009 -22.7824209 -43.5496201 1307840992 1307841055 1307840833
1307841212 -22.7823871 -43.5463697 1307840868 1307840949 1307840746 1307840727
1307841130 -22.7822995 -43.5433418 1307840824 1307841224 1307840983 1307841060
1307840983 -22.782145 -43.5431304 1307841366 1307841130
1306924208 -22.7821363 -43.5403846 1307840643 1306924562
1307841366 -22.7820865 -43.5430504 1307840862 1307840983
1307840862 -22.782037 -43.5429827 1307841095 1307841366 1307841004
1306924562 -22.7820319 -43.5402695 1307841061 1306924208
1307841055 -22.781983 -43.5490212 1307841009 1307841358
1307841358 -22.7819534 -43.5489086 1307841308 1307874755 1307841055 1307841050
1307840727 -22.7819244 -43.5457306 590213630 1307841330 1307841212 1307841517
1307841061 -22.7819235 -43.5401456 1307841030 1306924562 1307841569
1307841004 -22.7817505 -43.5425908 1307840912 1307840862 1307841080
1307841080 -22.7814751 -43.542214 1307841004 1307840917 1307841187
1307841050 -22.7814517 -43.5482424 1307841358 1307840949 1307840666 1307840746
1307841517 -22.7814172 -43.5450588 1307840824 1307841060 1307840733 1307840727
1307841187 -22.7812455 -43.541895 1307840643 1307841080 1306924339
1306924339 -22.7810581 -43.5416345 1306924890 1307841187
1306924890 -22.7810037 -43.5415433 1306924339 1307841569
1307840824 -22.7810018 -43.5445086 1307840832 1307841130 1307841513 1307841517
1307840949 -22.7809394 -43.5475621 1307840769 1307841212 1307841050 1307841330
1307841513 -22.7809019 -43.5443763 1307840824 1307841095
1307840917 -22.780818 -43.5427651 1307841080 1306924282 1307841038
1307841095 -22.780707 -43.5441181 1307840862 1307841521 1307841513 1307841038
1307841569 -22.7806924 -43.5411206 1307841061 1307840813 1307840811 1306924890
1306924282 -22.7805383 -43.5423501 1306924074 1307840917
1307841330 -22.7805166 -43.5469803 1307840782 1307840949 1307840727 1307840733
1306924074 -22.7804646 -43.5422675 1306924282 1307840813
1307841038 -22.7801396 -43.543334 1307841095 1306924571 1307840917 1307841073
1307840666 -22.7800971 -43.5493857 1307840769 1307841308 1307841115 1307841050
1307840811 -22.780076 -43.5402835 1307841030 1307841569 1307841393
1307840813 -22.7800492 -43.5416773 1307841393 1306924074 1307841569 1307840645
1307840733 -22.7800054 -43.5462617 1307840832 1307841517 1307841330
