1655031219 -22.8365308 -43.7820998 1655031202 1655031163
1655031202 -22.8357898 -43.7834559 1655031171 1655031219
1655031195 -22.8356349 -43.7844279 1655031193 1655031191
1655031193 -22.8355907 -43.7846199 1655031195
1655031191 -22.8355022 -43.7840679 1655031195 1655031168
1655031171 -22.835469 -43.7835519 1655031168 1655031202
1655031168 -22.8354469 -43.7837319 1655031171 1655031191
1655031163 -22.8349935 -43.7810678 1655031219 1655031153
1655031153 -22.83454 -43.7809717 1655031141 1655031163
1655031141 -22.8335335 -43.7812598 1655031124 1655031153
1655031124 -22.8327814 -43.7813798 1655031141 1655031109
1655031109 -22.8322948 -43.7812238 1655031124 1655031103
1655031103 -22.8318081 -43.7813678 1655031062 1655031109
1655031062 -22.8312219 -43.7817878 1655031103 1655031060
1655031060 -22.8311002 -43.7817278 1655031062 1655031033
1655031033 -22.8304034 -43.7812598 1655031060 1655031029
1655031029 -22.8299278 -43.7809837 1655031017 1655031033
1655031017 -22.8293084 -43.7802517 1655031029 1655031013
1655030970 -22.8278484 -43.7800957 1655030993 1655030966
1655030966 -22.8276051 -43.7800597 1655030970 1655030962
