1099089936 -22979922 -43702184 1099089934 1099089937 1099090273
1099089934 -22979805 -43701999 2981181947 1099089936 1099090120
1099090273 -22979619 -43702332 1099089936 1099090272
2981181947 -22979572 -43701647 1099089934 2981181948 1099089933
1099089841 -22979468 -43703498 1099089839 1099089991 1099089939
1099089933 -22979424 -43701414 1099089920 2981181947 1099089873
1099090272 -22979407 -43702430 1099090273 1099089838
1099089920 -22979245 -43701178 1099089923 1099089819 1099089933
1099089839 -22979235 -43703042 1099089841
1099089819 -22979122 -43701007 1099089818 1099089920 1099089900
1099089838 -22978996 -43702570 1099089988 1099090272
1099089900 -22978996 -43700842 1099089763 1099089819 1099089898
2981181948 -22978845 -43702120 2981181947
1099089898 -22978728 -43700757 1099089906 2981742523 1099089900
1099089763 -22978715 -43700409 1099089762 1099089827 1099089900
1099089991 -22978645 -43703963 1099089990 1099089852 1099089841
1099089990 -22978382 -43703143 1099089991
1099089988 -22978197 -43702693 2981181949 1099089838 1099089923
1099089852 -22978109 -43704278 1099090038 1099089851 1099089991
1099089923 -22977934 -43702157 1099089920 1099089988 1099089906
1099089851 -22977875 -43703772 1099089852
2981181950 -22977846 -43703634 2981181951
2981742523 -22977801 -43700431 1099089827 1099089771 1099089898
1099090038 -22977775 -43704504 1099089658 1099089852 1099089890
2981181949 -22977727 -43702827 1099089917 1099089988 2981181951
2981181951 -22977640 -43702842 2981181950 2981181954 2981181949
1099089906 -22977547 -43701642 1099089986 1099089898 1099089923
1099089890 -22977458 -43703945 2981181955 1099090038 1099089666
1099089771 -22977283 -43700265 1099089894 2981742523
1099089986 -22977220 -43701143 1099089985 1099089906
1099089917 -22977182 -43701854 1099089915 2981181949
1099089894 -22977121 -43700210 1099089857 1099089771
1099089985 -22977082 -43700928 1099089983 1099089986
2981181954 -22977043 -43702865 2981181955 3017375511 2981181951
1099089983 -22976973 -43700800 1099089982 1099089985
2981181955 -22976858 -43702903 1099089889 2981181954 1099089890
1099089915 -22976802 -43701278 2981181953 1099089917 1099089910
1099089658 -22976789 -43705188 1099090194 1099090038 1099089663
1099089982 -22976776 -43700639 1099089983 1099089859
3017375511 -22976751 -43702522 2981181954 1099089910
1099089857 -22976736 -43700077 2981810110 1099089894 1099089856 1099089859
2981181953 -22976620 -43701037 1099089915
1099089666 -22976610 -43704481 1099089889 1099089890
1099089859 -22976542 -43700505 1099089982 1099089857 1099089862 2981810109
1099089910 -22976371 -43702145 1099089915 1099089862 3017375511
1099089663 -22976356 -43704541 1099089658
2981181977 -22976182 -43704598 2981181976
2981181979 -22975904 -43704599 2981181978
1099089889 -22975899 -43703422 1099090260 2981181955 1099089666
1099089862 -22975875 -43701740 2981810108 1099089910 1099089859
2981810109 -22975862 -43700178 2981810108 2981810110 1099089859
1099089775 -22975795 -43705189 1099089776
1099089978 -22975779 -43700164 1099090226 1099089855
1099090194 -22975768 -43705864 1099090016 1099089658
1099090226 -22975739 -43700453 1661220004 1661220060 1099089978
2981181976 -22975703 -43704112 2981181975 2981181977
2981181978 -22975697 -43704401 1099090259 2981181979
1661220060 -22975685 -43700761 1661220009 1099090226 1099090034
2981810108 -22975623 -43701555 2981810107 1099089862 2981810109 2981810117
1099090034 -22975542 -43701485 1661220060 1099090030 2981810117
1099089776 -22975541 -43704866 1099089775 1099089778
2981810117 -22975541 -43701534 2981810108 1099090043 1099090034
1099090260 -22975535 -43703646 1099089889 2981181974
2981181974 -22975487 -43703729 1099090260 2981181975
1099090043 -22975468 -43701871 1099089700 1099090045 2981810117
2981181975 -22975409 -43703981 1099090259 2981181976 2981181974
1099089700 -22975381 -43702267 1099089702 1099089783 1099090043
1099090259 -22975353 -43704171 2981181978 1099089778 2981181975
2981181982 -22975325 -43705229 2981181981
1099089783 -22975287 -43702804 1099089786 1099089700 2981731530
2981810107 -22975280 -43703223 2981810108 2981810106
2981731530 -22975200 -43703196 1099090223 1099089783 2981731531
1099090016 -22975186 -43706303 1099090194 1099090015 1099090195
2981181981 -22975149 -43705323 2981181980 2981181982
1099089778 -22975148 -43704511 1099090259 1099089776 1099090258
2981810106 -22975118 -43703749 2981810105 2981810107
1099090223 -22975083 -43703602 1099089713 2981731530
1099090195 -22975066 -43706383 1099090197 1099090016 1099090257
2981181980 -22975021 -43705132 2981181981 1099090258
1099089713 -22974964 -43703966 1099089715 1099089707 1099090223
1099090045 -22974939 -43701463 1099090043 1099089702
1099089707 -22974874 -43704195 1099089713 1099089710 1099090222
1099090258 -22974839 -43705018 2981181980 1099090015 1099089778
2981810105 -22974747 -43704730 2981810104 2981810106
1099089702 -22974706 -43701745 1099089700 1099089786 1099089704 1099090045
2981810104 -22974693 -43704839 2981810105 2981810103
1099090030 -22974659 -43700793 1099089704 1099090034
1099090222 -22974656 -43704765 1099090220 1099089707
2981810103 -22974636 -43704922 2981810102 2981810104
1099090197 -22974626 -43706710 2981570998 1099089682 1099090195
1099090015 -22974625 -43705347 2981810102 1099090016 1099090257 1099090258
1099090220 -22974603 -43704855 1099090014 1099090222
1661220009 -22974576 -43700115 1661220060 1661219980 1661219941
1099090257 -22974517 -43705428 2981182008 1099090015 1099090219 1099090195
2981810102 -22974457 -43705128 1099090015 1099090014 2981810103
2981570998 -22974439 -43706327 1099090197
1099089715 -22974424 -43703409 1099089713 1099089717
1099090014 -22974403 -43705051 1099090013 2981810102 1099090220 1099090219
1099090219 -22974342 -43705125 1099090287 2981182006 1099090257 1099090014
1099089786 -22974254 -43702286 1099089783 1099089702 1099089717
2981182006 -22974252 -43705192 2981181983 1099090219
2981731531 -22974247 -43702714 2981731530
1099089704 -22974205 -43701319 1099090009 1099089702 1099090030
2981181983 -22974143 -43705249 2981182006 2981181984
1661219980 -22974118 -43700516 1661220009 1661219970 1661219939
1099089682 -22974050 -43707157 1099090199 1099090197 2981182007
1099090199 -22974020 -43707183 1099090201 1099089682
2981181984 -22974013 -43705305 2981181983 1099090217
1661219970 -22973978 -43700669 1661219980 1661219878
1099090217 -22973900 -43705340 2981182005 2981182003 2981181984
1099090013 -22973877 -43704196 1099090287 1099090011 1099090014
1099090287 -22973809 -43704252 1099090013 1099090046 1099090219
1099089717 -22973791 -43702855 1099089715 1099089786 1099089710
2981182005 -22973720 -43705062 1099090217
2981182003 -22973645 -43705371 1099090215 1099090217 2981182004
1099089710 -22973644 -43703032 1099089707 1099090011 1099089717
2981182008 -22973560 -43706130 2981182007 1099090257
1661219939 -22973506 -43700054 3017375500 1661219927 1661219980
2981182007 -22973453 -43706231 1099090255 2981182008 1099089682
1099090215 -22973437 -43705370 2981181997 2981182002 2981182003
1099090201 -22973416 -43707773 1099090199 1099090255 1099090203
1099090011 -22973370 -43703348 1099090046 1099090009 1099090013 1099089710
2981182004 -22973305 -43704786 2981182003
1099090046 -22973295 -43703435 1099090011 1099090287 1099090048 1099090028
2981182002 -22973166 -43704932 1099090215
1099090048 -22973125 -43703732 1099090046 1099090050
2981181997 -22973092 -43705353 1099089687 1099090215
3017375500 -22973026 -43700538 1661219939 1661219860
1099090009 -22973024 -43702752 1661219878 1099090011 1099090028 1099089704
1099090050 -22972985 -43704001 1099090051 1099090048
1099089687 -22972967 -43705353 2981181998 2981181997 2981182000
1099090028 -22972942 -43702844 2981181985 1099090046 1099090009 1099090026
1099090203 -22972894 -43708235 934571764 1099090201
1099090051 -22972887 -43704227 1099090050 1099090052 2981181999
2981182000 -22972855 -43705444 2981181998 1099090211 1099089687
2981181998 -22972840 -43705325 1099090053 1099089687 2981181996 2981182000
1099090052 -22972837 -43704466 1099090051 1099090053
1099090053 -22972813 -43704653 1099090052 2981181998
1099090255 -22972647 -43706971 1099090211 1099090137 1099090201 2981182007
1661219878 -22972639 -43702203 1661219970 2981181985 2981181986 1099090009
2981181985 -22972585 -43702245 1661219878 1099090285 1099090028
1099090285 -22972569 -43702212 1099090284 2981181985 1661219782
934571764 -22972514 -43708635 1099089945 1099090137 1099090203
1099090026 -22972507 -43703428 1661219863 3017375494 1099090028
2981181999 -22972323 -43704016 1099090051
3017375495 -22972315 -43700144 3017375499
1661219870 -22972282 -43700810 1661219927
2981181986 -22972263 -43701563 1099090284 1661219878 1661219860
1099090284 -22972216 -43701608 1661219779 2981181986 2981181987 1099090285
3017375494 -22972212 -43703805 2981181994 1099090026
2981181994 -22972204 -43703873 3017375494
1661219860 -22972198 -43701445 3017375500 2981181987 1099090002 2981181986
1661219863 -22972196 -43703196 2981181993 1099090026
1099090023 -22972165 -43704651 1099090022 1099090025
1099090025 -22972146 -43704338 1099090023
2981181987 -22972146 -43701495 2981181988 1099090284 1661219860
1099090022 -22972144 -43704769 1099090021 1099090023
2981181993 -22972109 -43703173 1661219838 1661219863
2981181996 -22972077 -43705291 2981181998 3017375492
1099090021 -22972073 -43704906 1099090019 1099090022
3017375492 -22972023 -43705308 2981181996 1099090060
1661219838 -22972016 -43703176 2981181993 1661219821
1099090211 -22971979 -43706234 1099090255 1099089963 2981182000
1099090002 -22971975 -43701036 2981181991 1661219860
1099090060 -22971971 -43705353 3017375492 1099090061
3017375491 -22971945 -43700034 2981731551 3017375489
3017375490 -22971900 -43704167 1661219830 3017375488
1661219830 -22971894 -43704250 3017375490 1661219825
3017375489 -22971886 -43700123 3017375491 2981731552
2981731552 -22971825 -43700188 3017375489 1099090000
1099090061 -22971813 -43705578 1099089961 1099090019 1099090060
3017375488 -22971799 -43703697 3017375490 1661219821
1099090019 -22971778 -43705210 1099089960 1099090021 1099090061 2981181995
1661219825 -22971766 -43704652 1661219830 2981181995
1099089945 -22971762 -43709386 934571821 934571764 1099089943
1099090137 -22971758 -43707840 934571764 934571765 1099089943 1099090255
2981181995 -22971754 -43704733 1099090019 1661219825
1099089963 -22971693 -43706518 1099089961 934571765 1099090211
1661219821 -22971685 -43703318 3017375488 1661219838 1661219782 1661219754
2981181991 -22971658 -43700490 2981181988 1099090002 1099090000
1099090000 -22971617 -43700333 2981731552 2981181992 2981181988 2981181991
2981181992 -22971599 -43700223 1661219786 1099090000
2981181988 -22971599 -43700526 2981181987 2981181991 1099090000
1661219786 -22971537 -43700118 2981181992 2981182016 3017375485
1099089961 -22971510 -43705990 1099090065 1099089960 1099090061 1099089963
934571821 -22971504 -43709632 2981571135 1099089945
1661219782 -22971460 -43702619 1661219779 1099090285 1661219821
1099089960 -22971406 -43705597 1099089961 1099090019 1099089958
1099089958 -22971286 -43705043 1099089960 3017375484
2981571135 -22971245 -43709950 934571821 1099090205
1661219779 -22971226 -43701976 1661219777 1099090284 1661219782
3017375484 -22971221 -43704665 1099089957 1099089958
1099089957 -22971196 -43704516 1099089955 3017375481 3017375484
1661219778 -22971144 -43701173 1661219774
1099089943 -22971131 -43708631 1099089942 1099089945 1099090137 1099090250
1661219777 -22971096 -43701593 1661219779 1661219774 1661219726
1099089955 -22971086 -43704040 1099089957 1661219754
1661219774 -22971066 -43701448 1661219777 1661219778
934571765 -22971055 -43707208 1099090137 1099089651 1099089942 1099089963
3017375481 -22971000 -43704318 1099089957 3017375479
1661219754 -22970942 -43703621 1099089955 1661219821 1099089951
2981571150 -22970941 -43709023 934571821
3017375479 -22970920 -43704266 1099089970 3017375481
1099090250 -22970888 -43708965 2981571150 1099089943
1099089951 -22970837 -43703292 3017375473 2981182010 1661219754
2981571136 -22970798 -43709463 2981571135
2981182011 -22970755 -43701273 1661219750
1661219750 -22970753 -43700781 2981182014 2981182011 2981182012
2981182012 -22970752 -43700482 1661219750
1099090207 -22970694 -43709460 2981571137
2981571137 -22970661 -43709360 2981571149 2981571136
2981571151 -22970645 -43708795 1099090250
2981571149 -22970639 -43709316 2981571138
1099089726 -22970609 -43704564 1099089728
2981571138 -22970599 -43709238 2981571156
2981571152 -22970572 -43708778 2981571151
2981571153 -22970520 -43708793 2981571152
2981182010 -22970498 -43702128 1099089951
2981571154 -22970484 -43708827 2981571153
2981571156 -22970477 -43708999 1099090208 2981571155
3017375475 -22970462 -43708874 2981571154
2981571155 -22970458 -43708935 3017375475
2981571160 -22970451 -43708695 2981571159
2981571159 -22970450 -43708739 2981571158
1099089651 -22970441 -43706675 1099089653 934571765 1099090065
1099089942 -22970438 -43707999 1099089943 1099090210 934571765
2981571158 -22970429 -43708766 2981571157
934571822 -22970426 -43708643 2981571151 2981571160
2981571157 -22970399 -43708773 1099090208
1099089970 -22970352 -43703987 1661219675 3017375479
1099090208 -22970350 -43708753 1099090210
1099090065 -22970338 -43706595 1099089651 1099089961 2981739683
2981182013 -22970330 -43701225 2981182014
2981182014 -22970320 -43700814 1661219637 1661219750 2981182013 2981182015
2981182015 -22970307 -43700417 2981182014
1661219726 -22970167 -43701652 1661219777 1661219720 1661219661
2981739683 -22970126 -43706416 1099090065 1099089719
1099090210 -22970059 -43708299 934571823 1099089942 934571822
3017375473 -22969990 -43702793 1661219720 1099089951 3017375472
1661219720 -22969952 -43702769 3017375473 1661219726 1099089948
1099089653 -22969950 -43707323 1099089651
3017375472 -22969880 -43703204 3017375473 1661219709
1661219709 -22969826 -43703368 3017375472 1661219675
1099089719 -22969808 -43706135 2981739683 1661219626
934571823 -22969786 -43708026 1099090210 2981182026
1099089728 -22969692 -43704039 932004996 1099089726
2981182016 -22969686 -43700224 1661219786 2981182017 1661219640
1661219675 -22969625 -43703655 1099089970 1661219709 932004995
1661219672 -22969545 -43704366 1661219626
2981182026 -22969369 -43707746 934571823 2981585450
1099089948 -22969162 -43702404 1661219632 1661219720 1661219661
1661219640 -22969157 -43700257 2981182016 3017375468 1661219637
1661219661 -22969155 -43701726 1661219634 1661219726 1099089948
1661219637 -22969153 -43700886 1661219634 1661219640 2981182014
1661219634 -22969150 -43701294 1661219594 1661219637 1661219661
1661219632 -22969104 -43703011 1099089948 932004995 1661219597
932004995 -22969046 -43703368 1661219632 932004996 1661219675
932004996 -22968961 -43703592 2981182018 932004995 1099089728
2981571883 -22968921 -43709949 2981571882 2981571884
2981182018 -22968920 -43703673 932004996 1661219576 1661219561
2981182022 -22968900 -43704625 2981182021
2981571882 -22968871 -43709876 3017375455 2981571883
1661219626 -22968828 -43705331 1099089730 1099089719 1661219672
3017375455 -22968804 -43709820 2981571881 2981571882
2981585450 -22968777 -43707374 2981182026 934571825
2981571881 -22968727 -43709791 3017375455 2981571880
2981571880 -22968645 -43709790 2981571881 2981571879
1661219597 -22968621 -43702783 1661219632 1661219565 1661219594
1661219594 -22968613 -43701328 1661219634 1661219597 1661219578
1099089730 -22968583 -43705133 2981182019 1661219626 2981182021
2981182021 -22968550 -43705103 1099089730 934571766 2981182022
2981182020 -22968546 -43705761 2981182019
934571825 -22968508 -43707166 2981585450 1099089740
1661219583 -22968500 -43700445 1661219578 1661219579
1661219578 -22968486 -43701305 1661219594 1661219562 1661219583
1661219576 -22968464 -43704335 2981182018 934571766 1661219452
1661219565 -22968394 -43702676 1661219561 1661219597 1661219562
1661219562 -22968369 -43701455 1661219565 1661219578
1099089738 -22968314 -43706212 1099089737 1099089740
1099089737 -22968311 -43706131 1099089735 1099089738
1099089735 -22968271 -43706078 1099089737 1099089734
1661219557 -22968269 -43700007 3017375446 1661219519
2981182019 -22968263 -43705513 1099089730 1099089731 2981182020
1661219561 -22968259 -43703269 1661219565 2981182018 1661219530 1661219545
2981571879 -22968207 -43709920 3017375441 2981571880
934571766 -22968163 -43704750 1661219576 1661219522 2981182021
1661219545 -22968132 -43703575 1661219561 1661219486
3017375441 -22968120 -43709968 2981571878 2981571879
1099089731 -22968098 -43705711 2981182019 1099089732
1099089734 -22968096 -43705819 1099089735 1099089732
1099089732 -22968083 -43705764 1099089731 1099089734
1099089740 -22968049 -43706660 934571825 1661219529 1099089738
1661219530 -22967828 -43703030 1661219561
1661219529 -22967769 -43706286 934571826 1661219422 1099089740
1661219522 -22967648 -43705380 934571766 932004999 1661219352
1661219519 -22967644 -43700645 1661219557
1661219516 -22967637 -43707610 1661219422 1661219511
1661219511 -22967563 -43708849 1661219440 1661219516
934571826 -22967517 -43705949 2981182024 1661219529
1661219508 -22967503 -43708440 1661219358
932004999 -22967500 -43705582 1661219522 932005000 2981585452
2981182023 -22967492 -43705852 934571826
2981585452 -22967479 -43705736 2981182023
1661219486 -22967464 -43703156 1661219545
2981585453 -22967442 -43705685 2981585452
1661219476 -22967415 -43709801 1661219419
2981182024 -22967402 -43705886 1661219463 2981182025
932005000 -22967394 -43705663 932005004 932004999 2981585453
2981182025 -22967364 -43705814 2981585451
2981585451 -22967362 -43705732 932005000
1661219463 -22967280 -43705810 932005006 2981739687
1661219468 -22967280 -43700027 1661219513 1661219401
932005004 -22967280 -43705686 932005000 2981585454
1661219452 -22967220 -43703387 1661219576
1661219447 -22967183 -43709487 1661219415 1661219419
1661219440 -22967183 -43708917 1661219304 1661219415 1661219511
2981585454 -22967171 -43705686 932005004 932005006
1661219422 -22967100 -43707292 1661219358 1661219529 1661219516
1661219419 -22967061 -43709705 1661219476 1661219447
932005006 -22967049 -43705651 932005008 2981585454
1661219415 -22967042 -43708942 1661219440 1661219349 1661219447
2981739687 -22966891 -43706386 2981739686 1661219463 2981739688
1661219406 -22966845 -43702514 1661219346
1661219360 -22966752 -43701547 1661219313 1661219344
932005008 -22966750 -43705556 932005006 932005012
1661219358 -22966726 -43707863 1661219422 1661219304 1661219508
1661219352 -22966712 -43704606 1661219522 2981739689
1661219354 -22966700 -43709485 1661219349 1661219309
1661219349 -22966650 -43709012 1661219354 1661219415 1661219232
2981739689 -22966637 -43704629 932005012 1661219352
1661219346 -22966630 -43702525 1661219406 1661219302 1661219168
1661219344 -22966610 -43701785 1661219335 1661219360
1661219341 -22966597 -43709791 1661219306
1661219338 -22966483 -43702153 1661219302 1661219335
1661219335 -22966469 -43701785 1661219053 1661219344 1661219338
1661219313 -22966469 -43701147 1661219292 1661219295 1661219360
932005012 -22966461 -43705544 932005008 2981739688 2981739690 2981739689
1661219309 -22966453 -43709485 1661219354
2981739686 -22966439 -43707056 1661219205 2981739685 2981739687
2981739688 -22966404 -43706354 1661219209 2981739687 932005012
1661219306 -22966388 -43709712 1661219341 1661219289
1661219304 -22966374 -43708310 1661219440 1661219358 1661219232
1661219302 -22966365 -43702427 1661219346 1661219050 1661219338
2981739692 -22966277 -43704309 2981739691
1661219295 -22966273 -43701255 1661219261 1661219313
1661219292 -22966207 -43700832 1661219053 1661219313 1661219248
1661219289 -22966200 -43709525 1661219306 1661219227
1661219286 -22966054 -43709835 1661219244
1661219261 -22966023 -43701393 1661219295
2981739691 -22965990 -43705330 2981739692 2981739690
2981739690 -22965968 -43705549 2981739691 932005012 1661219212
1661219250 -22965949 -43702117 1661219140 1661219129
1661219248 -22965917 -43700325 1661219292
1661219244 -22965904 -43709798 1661219240 1661219286 1661219134
1661219240 -22965891 -43709468 1661219227 1661219244
1661219232 -22965849 -43709085 1661219171 1661219304 1661219349 1661219227
1661219227 -22965830 -43709337 1661219232 1661219289 1661219240 1661219115
1661219212 -22965793 -43705551 1661219209 2981739690 932005016
1661219209 -22965761 -43706312 2981739688 1661219106 1661219205 1661219212
1661219205 -22965737 -43707028 1661219015 2981739686 2981739685 1661219209
2981739685 -22965691 -43708241 1661219171 2981739686 1661219015 1661219205
1661219189 -22965592 -43700517 1661218962
1661219181 -22965572 -43700065 1661219002 1661219196
932005016 -22965459 -43705522 1661219212 932005018
1661219171 -22965420 -43708636 1661219232 2981739685 1661219120
1661219168 -22965420 -43704724 1661219346
1661219150 -22965408 -43703943 1661219062
1661219140 -22965376 -43702748 1661219250 1661219129 1661219060
932005018 -22965261 -43705479 1661219109 932005016
1661219134 -22965218 -43709923 1661219244 1661219046
1661219129 -22965189 -43702062 1661219140 1661219250 1661219012
1661219120 -22965185 -43708615 1661219171 1661219007
1661219115 -22965144 -43709030 1661219227 1661219048
1661219109 -22965131 -43705427 1661219106 932005018 932005026
1661219106 -22965115 -43706294 1661219109 1661219209 1661219000
932005026 -22965074 -43705404 1661219109 932005029
1661219062 -22965041 -43704475 1661219150 1661219043 2981739694
1661219060 -22965006 -43703157 1661219010 1661219140 1661219012
1661219053 -22964941 -43701616 1661219292 1661219005 1661219335
932005029 -22964906 -43705329 932005033 932005026
1661219050 -22964898 -43704007 1661219302 1661219010 1661219043
1661219048 -22964882 -43708892 1661219115
1661219043 -22964765 -43704158 1661219062 1661219050
932005033 -22964757 -43705221 2981739693 932005029
1661219015 -22964744 -43706995 1661219205 2981739685 1661219000
1661219012 -22964726 -43702198 1661219060 1661219129 1661219004
1661219010 -22964668 -43703529 1661219050 1661219004 1661219060
2981739693 -22964648 -43705141 932005033 1661218953 2981739694
2981739694 -22964542 -43705034 2981739693 932005046 1661219062
1661219007 -22964494 -43707818 1661218964 1661218954 1661219120
1661219005 -22964475 -43701761 1661218993 1661219053 1661218962
1661219004 -22964338 -43702312 1661219010 1661218993 1661219012
932005046 -22964276 -43704735 932005051 2981739694 1661218903
1661219002 -22964269 -43700802 1661218959 1661219181
1661219000 -22964218 -43706284 1661219106 1661219015
932005051 -22964182 -43704560 932005046 932005052
1661218993 -22964168 -43701856 932005053 1661219004 1661219005
1661218964 -22964165 -43708167 1661219007 1661218956
1661218962 -22964123 -43701352 1661218959 1661219189 1661219005
932005052 -22964105 -43704342 932005051 1661218957
2981747041 -22963929 -43700490 2981747040
1661218959 -22963845 -43701017 1661219002 1661218962 2981747039
1661218957 -22963810 -43703237 932005053 1661218899 932005052
1661218956 -22963764 -43707649 1661218964 1661218896
1661218954 -22963719 -43706749 1661218953 1661218896 1661219007
2981747040 -22963713 -43700590 2981747039 2981747041
2981739696 -22963637 -43704510 2981739695
2981747039 -22963530 -43700713 1661218959 2981747040 1661218951
932005053 -22963473 -43702110 1661218957 1661218993 932005055
1661218953 -22963465 -43706380 1661218954 2981739693 1661218909
1661218951 -22963463 -43700648 1661218894 2981747039
2981739698 -22963437 -43703973 2981739697
932005055 -22963374 -43701874 932005053 932005056
1661218948 -22963374 -43705127 2981739695
1661218909 -22963312 -43706158 1661218953 1661218903 1661218877
932005056 -22963236 -43701670 932005055 932005058
1661218903 -22963166 -43705947 932005046 1661218892 1661218909
2981739695 -22963139 -43704682 1661218948 2981739697 2981739696
932005058 -22963098 -43701541 932005056 1661218811
1661218896 -22963081 -43707237 1661218954 1661218956 1661218877
1661218899 -22963080 -43703461 1661218957 1661218890 1661218886
1661218894 -22963060 -43700179 1661218951
1661218892 -22962955 -43705640 1661218881 1661218903 1661218836
2981739697 -22962872 -43704179 2981739695 1661218886 2981739698
1661218890 -22962805 -43702484 1661218899
1661218886 -22962575 -43703641 1661218856 1661218899 2981739697 1661218847
1661218881 -22962521 -43705040 1661218850 1661218892 1661218842
1661218877 -22962377 -43706860 1661218896 1661218836 1661218909
1661218856 -22962257 -43703754 2981739699 1661218886
1661218850 -22962122 -43705333 1661218881 1661218839 1661218831
2981739699 -22962043 -43703878 1661218842 1661218856
1661218847 -22961885 -43702407 1661218886 2981747033
1661218842 -22961859 -43704071 1661218881 1661218831 2981739699 1661218815
2981747033 -22961821 -43702388 1661218847 2981747034
1661218839 -22961768 -43705594 1661218791 1661218850 1661218802
1661218836 -22961715 -43706519 1661218791 1661218892 1661218877
1661218831 -22961573 -43704462 1661218842 1661218850 1661218802
1661218815 -22961492 -43703760 1661218842 1661218793 1661218788
2981747034 -22961307 -43702710 2981747033
1661218802 -22961253 -43704880 1661218839 1661218755 1661218831 1661218788
2981747037 -22961183 -43700362 2981747036 2981747038
1661218793 -22961137 -43703499 1661218815 1661218789 1661218749
1661218791 -22961054 -43706119 1661218770 1661218836 1661218839
1661218789 -22960955 -43703365 1661218793 1661218763
2981747036 -22960940 -43700010 2981747037 1661218811 2981747035
1661218788 -22960886 -43704582 1661218719 1661218815 1661218802 1661218749
1661218770 -22960866 -43706041 1661218791 1661218759
1661218763 -22960755 -43703156 1661218747 1661218789 1661218711
1661218759 -22960721 -43706075 1661218748 1661218770 1661218750
1661218755 -22960695 -43705598 1661218748 1661218802 1661218719
1661218750 -22960657 -43706090 1661218722 1661218759
1661218749 -22960530 -43704303 1661218709 1661218793 1661218788 1661218715
1661218748 -22960504 -43705857 1661218722 1661218755 1661218759
1661218747 -22960474 -43703551 1661218715 1661218763
1661218722 -22960385 -43706020 1661218748 1661218710 1661218750
1661218719 -22960365 -43705310 1661218710 1661218709 1661218788 1661218755
2981747038 -22960284 -43700916 2981747037
1661218715 -22960159 -43704010 1661218692 1661218747 1661218708 1661218749
1661218713 -22960127 -43703274 1661218708
1661218711 -22960018 -43702615 1661218695 1661218763 1661218685
