149372140 -22939988 -43175080 975515277
1743948166 -22939941 -43170539 1743948226
2508400170 -22939931 -43170183 146181074
471627225 -22939930 -43179167 302981544 340480515
149377604 -22939904 -43175205 346040348
302981544 -22939894 -43179295 471627227 471627225 471627230
471627230 -22939854 -43179460 471627229
346043580 -22939843 -43176906 3766680004 346043581
471627229 -22939827 -43179573 344542083
471627227 -22939780 -43179257 302981543 302981544
2508415663 -22939758 -43170153 2508400170
1743948226 -22939751 -43170503 146197296
3766680003 -22939637 -43171053 1745064561
3766680002 -22939592 -43171029 3766680003
146181076 -22939527 -43170134 2508415663
146197296 -22939477 -43170491 1743948221 146197883
975515277 -22939475 -43174506 346040348 3766680001
218275797 -22939472 -43170964 3766680002
3766680001 -22939414 -43174423 3766680000
3766680000 -22939386 -43174386 149372141
3766679999 -22939363 -43170929 218275797
346040348 -22939353 -43174597 3766679997 3766679998
2508415680 -22939351 -43170126 146181076
146197883 -22939333 -43170444 3766679996
146197878 -22939323 -43170197 146181076
3766679998 -22939303 -43174528 3766679995
3766679997 -22939295 -43174667 3766679994
3766679996 -22939295 -43170421 1743948188
146197881 -22939284 -43170221 146197878
3766679995 -22939278 -43174494 346039109
3766679994 -22939271 -43174702 346042779
1743948188 -22939270 -43170391 2508415655
3766679993 -22939265 -43170916 3766679999
3766679992 -22939259 -43170257 146197881
2508415655 -22939251 -43170348 2508415661
2508415661 -22939248 -43170300 3766679992
1743948207 -22939246 -43170127 2508415680
149372141 -22939167 -43174127 1745077651
1743948221 -22939157 -43170522 1743948167
346042779 -22939153 -43174882 346043008
1745064526 -22939124 -43170914 3766679993
346041910 -22939099 -43176525 149377604
346041237 -22939074 -43176569 346043580 346041910
346039109 -22939008 -43174148 3766679989
1745064537 -22938994 -43170922 1745064526
2508420342 -22938975 -43170166 1743948207
1743948167 -22938943 -43170569 1743948222
346043008 -22938909 -43175372 346043007 346039846
1745077671 -22938849 -43170951 1745064537
1745077651 -22938847 -43173768 3766679990 1745077695
1745077695 -22938843 -43173579 3766679991
3766679991 -22938836 -43173530 3766679985
1745077677 -22938826 -43173606 1745077695
1745077697 -22938801 -43173619 1745077677
3766679990 -22938796 -43173735 149372142
346039108 -22938783 -43174616 346039109 346042779
1745077659 -22938765 -43173625 1745077697
149372142 -22938738 -43173713 3766679988
1745077668 -22938735 -43173613 1745077659
3766679989 -22938727 -43173809 3766679987
2508420327 -22938720 -43170218 2508420342
218275796 -22938712 -43171003 1745077671
1743948222 -22938711 -43170655 1743948233
1745077661 -22938703 -43173582 1745077668
525536110 -22938691 -43177954 1180393736
3766679988 -22938671 -43173703 218256249
3766679987 -22938665 -43173759 3766679986
302981543 -22938606 -43178866 525536130 471627227
2370276192 -22938605 -43171049 218275796
3766679986 -22938598 -43173725 3766679984
3766679985 -22938554 -43173008 1745077653
146181078 -22938545 -43170273 2508420327
1745077691 -22938538 -43171244 218275796
3766679984 -22938536 -43173710 218256249
1745077653 -22938508 -43172794 218275792
1745077665 -22938507 -43171122 2370276192
346047373 -22938506 -43176341 346041237
3766679983 -22938496 -43173244 3766679982
3766679982 -22938486 -43173328 1745064539
1745077701 -22938482 -43173117 3766679983 1745077661
218256249 -22938479 -43173707 428074292
1745077674 -22938479 -43171368 1745077691
1745064539 -22938462 -43173415 218285624
1743948233 -22938457 -43170765 146187516
346039846 -22938442 -43176309 346047373 346047226
3766679980 -22938437 -43171487 1745077674
218285624 -22938431 -43173491 1745064527
3766679979 -22938427 -43172808 1745077701
525536130 -22938419 -43178830 302981543 2502868030
346047226 -22938414 -43176387 346047003
218275794 -22938405 -43171613 3766679980
1745064558 -22938401 -43171222 1745077665
218275792 -22938396 -43172176 3766679978
3766679978 -22938381 -43172048 1745077666
3766679977 -22938380 -43171754 218275794
1745064527 -22938375 -43173581 218285625
218285622 -22938374 -43172499 3766679979
1745077666 -22938373 -43171892 3766679977
1180393736 -22938367 -43177864 346047003
346043007 -22938340 -43175071 346043006
218285620 -22938324 -43172395 218285622
3766679975 -22938322 -43170374 146181078
218285625 -22938292 -43173662 428074292
1745064551 -22938277 -43172333 218285620
218281007 -22938266 -43171399 1745064558
146187516 -22938249 -43170906 146187515
3766679974 -22938215 -43172273 1745064551
428074292 -22938197 -43173739 218283994 1745064522
346043006 -22938166 -43174839 346039108
218285619 -22938158 -43172241 3766679974
146181079 -22938097 -43170498 3766679975
1745064540 -22938096 -43172222 218285619
1745064522 -22938051 -43173910 218292846
218285618 -22938023 -43172216 1745064540
146187515 -22937983 -43171141 1743948230
218281791 -22937976 -43172011 218281007
3766679973 -22937960 -43172225 218285618
2508444697 -22937923 -43170532 146181079
346047003 -22937923 -43177741 302981545
218292846 -22937904 -43173958 302981547
1745064523 -22937892 -43172263 3766679973
1745064536 -22937866 -43172233 218281791
1743948183 -22937812 -43172084 218281791
1743948239 -22937806 -43170620 2508444697
1743948230 -22937800 -43171350 218281794
218285616 -22937795 -43172352 1745064536 1745064523
218281792 -22937734 -43172098 1743948183
2502868030 -22937702 -43178690 525536130 1097485902
346039508 -22937668 -43175019 346043006
527724473 -22937647 -43172069 218281792
1745064535 -22937592 -43172031 527724473
146181082 -22937568 -43170829 1743948239
218281793 -22937525 -43171964 1745064535
218281010 -22937508 -43172765 218285616
218281794 -22937496 -43171776 146187513 218281793
2508444693 -22937452 -43170946 146181082
218283994 -22937374 -43173923 2370284725 1745064563
1097485907 -22937360 -43179038 1097485904
2508444695 -22937356 -43171057 2508444693
146187513 -22937279 -43172197 146187511
1745064563 -22937275 -43173874 218283993
146181084 -22937223 -43171230 2508444695
218283993 -22937179 -43173785 218283991
218283991 -22937112 -43173673 218283989
218281012 -22937109 -43173287 218281010
218283989 -22937067 -43173558 218283988
218283988 -22937065 -43173435 218281012
1097485904 -22937048 -43178883 1097485899 1097485907
302981548 -22936878 -43175664 428670087 346039846
428670087 -22936870 -43175556 346039509
346039509 -22936840 -43175122 302981547 346039508
1097485899 -22936816 -43178818 1097485904 1097485902
1234306542 -22936806 -43172589 523401406
146187511 -22936785 -43172840 146187509
1234306558 -22936782 -43172493 1234306542
523401406 -22936772 -43172696 146199201
302981547 -22936770 -43174132 335713801
146199202 -22936722 -43172413 1234306558
146199201 -22936710 -43172772 146187509
302981546 -22936667 -43175577 302981548
146181085 -22936655 -43172086 146181084
523401410 -22936648 -43172381 146199202
146199203 -22936546 -43172387 523401410
218281014 -22936505 -43173752 218281012
1097485902 -22936386 -43178435 1097485899 302981529 2502868030
146187509 -22936359 -43173190 146187507
146181086 -22936312 -43172552 146199203 146181085
218281015 -22936267 -43173906 218281014
302981529 -22936266 -43178411 327410562 1097485902
346046292 -22936147 -43177184 302981546
302981545 -22936128 -43177243 346046292 302981363
1234306533 -22936113 -43172766 146181086
218281017 -22936086 -43173966 218281015
38636951 -22935996 -43175301 302981546
146187507 -22935970 -43173408 146187505
146181087 -22935879 -43172962 1234306533
302981363 -22935823 -43177158 346048147
327410562 -22935777 -43178348 302981542 302981529
146187505 -22935685 -43173509 335713847
146181089 -22935571 -43173147 146181087
301668291 -22935566 -43179740 945189056
38636950 -22935427 -43175043 38636951
335713847 -22935401 -43173592 1743948170
335713987 -22935295 -43173276 146181089
2370284725 -22935251 -43174226 1234306559
38636949 -22935245 -43175017 38636950
1234306559 -22935223 -43174230 218256255
2370284730 -22935217 -43174113 218281017
1234306539 -22935196 -43174117 2370284730
1234306548 -22935122 -43174128 1234306539
1743948170 -22935047 -43173657 335713846
1743948191 -22935016 -43173366 335713987
38636159 -22935008 -43175103 428670094 38636949
428670094 -22935005 -43175014 38636159 346034572
335713801 -22934984 -43174409 218300870 346034572
346034572 -22934981 -43174475 428670094 335713801
346048147 -22934965 -43177208 302981219 346048675
346048675 -22934935 -43177147 346048145
302981542 -22934929 -43178240 327410562 301668291
945189057 -22934809 -43177956 302981542
335713846 -22934696 -43173711 146187504
146181091 -22934681 -43173464 1743948191
346048981 -22934539 -43177319 945189057
302981219 -22934503 -43177235 346048981 346049225
346049225 -22934412 -43177246 330948251
344569582 -22934322 -43178651 344569580
346048145 -22934301 -43175852 38636159
146181093 -22934082 -43173581 146181091
346049679 -22934077 -43176089 346048145
146187504 -22934039 -43173807 1234306517
218299599 -22934023 -43176146 346049500 302981219 346049679
346049500 -22933986 -43176074 218300870
330948251 -22933936 -43177301 327445350
302981523 -22933935 -43179808 344569580 302981502
218256255 -22933705 -43174471 218300432
344569580 -22933693 -43178713 945189061 344569582 38630617
725873033 -22933692 -43176501 218299599
1234306517 -22933674 -43173839 146187503
146181094 -22933665 -43173604 146181093
945189061 -22933645 -43178095 327445350
327445350 -22933586 -43177338 725873032
302981502 -22933581 -43180000 301668182
1234306515 -22933497 -43174381 1234306548
725873028 -22933463 -43176746 725873033
725873032 -22933353 -43177363 302981360 1559701329
1559701329 -22933283 -43177315 1559701380
218300870 -22933269 -43174654 218300432 218290006
218241283 -22933265 -43174421 1234306515 218300432
146187503 -22933256 -43173827 2505578455
218300432 -22933253 -43174535 2370288208 218290006
218290006 -22933241 -43174649 2370288209 346052597
1559701380 -22933238 -43177274 1559701311
1234306518 -22933232 -43173596 146181094
346052597 -22933225 -43174798 1559701340
725873029 -22933223 -43177000 725873028
1559701311 -22933199 -43177210 725873031
725873031 -22933184 -43177160 725873030
725873030 -22933170 -43177060 725873029
302981360 -22933150 -43177406 302981359
2370288209 -22933046 -43174639 1234306496
2370288207 -22933035 -43174412 218241283
302981359 -22933031 -43177456 38635499
2370288208 -22933030 -43174521 218241822
339496709 -22933020 -43174411 2370288207
1234306496 -22933017 -43174638 2299808270
435021652 -22933016 -43177214 725873030
2505578455 -22933010 -43173794 1743948164
218241822 -22933007 -43174519 218287444
1559701340 -22932986 -43177118 38634879
38634767 -22932961 -43179523 431013521
38634879 -22932959 -43177260 1559701351 435021652
38635499 -22932952 -43177509 1559701400
1559701351 -22932928 -43177386 1559701400
302981503 -22932912 -43179232 38634767 302981502
1559701400 -22932883 -43177574 1559701295
435204186 -22932865 -43178958 302981503
38630617 -22932850 -43178871 435204184 435204186
1559701295 -22932822 -43177690 1559701367
1559701367 -22932792 -43177783 38635498
38635498 -22932768 -43177876 38630617
435204184 -22932766 -43178901 346250774
1559701309 -22932735 -43177785 38635498
1234306541 -22932724 -43173527 1234306518
1559701376 -22932723 -43177437 38634879
2299808270 -22932706 -43174607 218294253
1559701396 -22932691 -43177708 1559701309
1559701363 -22932627 -43177490 1559701376
1559701365 -22932618 -43177618 1559701396
1743948164 -22932606 -43173741 146187500
38634881 -22932503 -43177535 1559701363 1559701365
146181095 -22932355 -43173433 1234306541
146187500 -22932260 -43173673 378660537
38639889 -22932209 -43177540 38634881
346250774 -22932110 -43179133 38625846
431013525 -22932075 -43178977 523383500
218294253 -22932058 -43174559 218253025 38639889
339496524 -22931940 -43174293 339496709
1234306524 -22931495 -43177587 38639889
523383500 -22931483 -43179185 346250447 431013525
346250448 -22931425 -43179471 38625846
38625846 -22931396 -43179386 346250447 346250560
35576984 -22931369 -43177599 428670121 1234306524
346250447 -22931352 -43179230 458253228 523383500
428670121 -22931341 -43177403 386158032
346250560 -22931298 -43179330 708319723
458253228 -22931262 -43178906 458253226
386158032 -22931250 -43176591 38640564 386158029
378662593 -22931243 -43174216 339496524
708319723 -22931208 -43179366 346005722
458253226 -22931207 -43178713 434945098
434945098 -22931199 -43178683 717690554
38640564 -22931190 -43175970 218253025 810362316
717690554 -22931156 -43178529 3250311278
38626267 -22931156 -43177602 35576984
810362316 -22931115 -43175961 810362291
3250311278 -22931049 -43178169 868687965
3603840826 -22931027 -43177720 38626267
218253025 -22931019 -43174533 218252549
868687965 -22930978 -43177921 810362301
810362301 -22930966 -43177836 3603840826
346005722 -22930823 -43179519 38630620 763659169
330948831 -22930783 -43177610 38626267
38630620 -22930708 -43179146 454457358 454457356
454457358 -22930694 -43179099 330948214
454457356 -22930665 -43179164 35576565
810362290 -22930572 -43175505 810362291
810362291 -22930523 -43175894 38640567 810362290
386158401 -22930467 -43177602 330948831 386158029
386158029 -22930400 -43176680 386158032 386158401
378660606 -22930322 -43172808 146181095
810362320 -22930301 -43174119 378662593
378660537 -22930254 -43173023 146187499
330948214 -22930239 -43177605 386158401
218287426 -22930220 -43174107 810362320 218287444
218287444 -22930201 -43174260 810362317 218252549
218252549 -22930180 -43174415 218252256 810362324
810362324 -22930142 -43174585 38640567
810362317 -22930134 -43174259 1234306522
218252256 -22930085 -43174400 218252433
1234306522 -22930056 -43174259 2370293670
2505578456 -22930016 -43172715 378660606
38640567 -22929990 -43175804 35576986
428670123 -22929954 -43177581 330948214
35576565 -22929795 -43179529 330934524
218252433 -22929790 -43174382 1234306527
35576986 -22929776 -43177533 428670122 428670123
428670122 -22929738 -43177734 474371065
378660590 -22929707 -43172621 2505578456
1234306527 -22929706 -43174358 218249717
146187499 -22929637 -43172844 3250321247
218241285 -22929612 -43174044 218287426
2370293670 -22929575 -43174204 218241825
218241825 -22929525 -43174198 218249721
330934524 -22929434 -43179454 474371065
474371065 -22929297 -43179420 35576563
454457429 -22929053 -43177276 35576986
38627253 -22928894 -43177228 454457429
35576563 -22928878 -43179315 38627252
452657812 -22928819 -43177492 38627253
218249721 -22928750 -43173984 218246845 218249719
218249719 -22928616 -43173992 218249717
218249717 -22928521 -43174018 218251258
218251258 -22928442 -43173992 218246843
704992226 -22928404 -43174118 218251258
431241472 -22928399 -43177074 38627253
431241471 -22928382 -43177002 218252433
35576987 -22928346 -43177060 431241472 431241471
523418027 -22928344 -43179180 452657812
38627252 -22928313 -43179301 523418027 523417995
463505523 -22928225 -43177022 35576987
523417995 -22928181 -43179296 218173678
452657851 -22928006 -43176952 463505523
2358493421 -22927982 -43172099 378660590
704976514 -22927975 -43173578 218241285
218246843 -22927888 -43173820 218247658
218247668 -22927833 -43173537 218246845 704976514
218246845 -22927809 -43173675 704976513 218247658
218247658 -22927754 -43173778 704978399 704976516
651060910 -22927677 -43176848 452657851
704976513 -22927667 -43173631 218238404
704976516 -22927636 -43173742 464004209
651061066 -22927632 -43176691 704992226
151037446 -22927593 -43176821 651061066 651060910
1681805830 -22927402 -43176766 151037446
1681805822 -22927326 -43177698 151037446
327435897 -22927324 -43176744 1681805830
704978399 -22927303 -43175079 704978398
1681805833 -22927266 -43177895 1681805822
218173678 -22927201 -43179305 218173675 35577694
2505574425 -22927047 -43171815 2358493421
35576988 -22927005 -43176654 327435897
523417968 -22926883 -43179153 1681805833
35577694 -22926837 -43179313 523417992 523417968
704978398 -22926804 -43176518 151037474
151037474 -22926765 -43176610 35576988
3250321247 -22926743 -43171975 146187497
218178828 -22926713 -43179841 218178835 1343755024
218238817 -22926711 -43173211 218247668
523417992 -22926710 -43179313 35576561
218238404 -22926695 -43173331 704970973
1343755024 -22926676 -43179747 1343755026 218178828
1343755026 -22926616 -43179716 218178827 1343755024
218178827 -22926557 -43179719 3375528126 1343755026
344379028 -22926523 -43173150 218238817
651060514 -22926359 -43176527 151037474
3375528126 -22926192 -43179794 218178827 218178826
35576561 -22926189 -43179318 35577404
464004218 -22926166 -43176522 651060514
327435539 -22926023 -43176519 464004218
35577404 -22925953 -43179341 1092114388
651060946 -22925899 -43176524 327435539
331658028 -22925891 -43178510 35577404 35577987
520730609 -22925835 -43177760 331658028
2363762485 -22925808 -43176527 651060946
704970920 -22925773 -43177195 520730609
2358497828 -22925767 -43171428 2505574425
2363762480 -22925736 -43176819 704970920
651061040 -22925734 -43176755 2363762480
151037455 -22925722 -43176538 651061040 2363762485
464004209 -22925711 -43173166 704970957
704970922 -22925694 -43175730 151037455
704970976 -22925636 -43172871 344379028
704970973 -22925629 -43173024 218234013
704970957 -22925620 -43173140 35577403
704970923 -22925538 -43173204 704970922
35577403 -22925533 -43173117 704970955 704970923
218234013 -22925533 -43172996 35577403 704970913
218232199 -22925517 -43172833 218234013 704970976
704970913 -22925443 -43172968 3752439031
704970955 -22925443 -43173087 218236885
704970962 -22925442 -43172810 218232199
35577987 -22925337 -43178560 35576991 427855401
35576990 -22925218 -43176628 151037455
1092114388 -22925190 -43179536 35574857
427855401 -22925072 -43178628 35577987
1681805816 -22925064 -43176684 35576990
386136176 -22925022 -43175000 1075482986 386136177
1075482986 -22925013 -43174631 1075482873 386136176
35574857 -22924860 -43179629 35574858 430557996
146187497 -22924854 -43171408 146187495
480120336 -22924847 -43176762 1681805816
430557996 -22924833 -43179552 1622795731
386136177 -22924692 -43175214 386136176 386136178
1075482873 -22924691 -43174779 1075482827 1075482986
340465061 -22924678 -43176823 480120336
1622795731 -22924660 -43179155 1622795413
218236885 -22924627 -43172809 338752767
35576991 -22924572 -43176863 340465061
1075482917 -22924562 -43175545 386136179 1075482956
1075482956 -22924549 -43175287 386136178 1075482917
386136178 -22924534 -43175014 386136177 1075482956
3752439031 -22924475 -43172651 218234012
218234012 -22924430 -43172636 218234008
1622795413 -22924421 -43178743 327434798
327434798 -22924382 -43178669 338513028
1075482827 -22924295 -43174714 1075482873 1075482958
386136179 -22924260 -43175602 1075482917 1075482889
146187495 -22924237 -43171266 1743948209
340471603 -22924171 -43176981 35576991
529741775 -22924159 -43175179 529741777
1743948237 -22924067 -43170913 2358497828
338513028 -22924017 -43178050 1680185983
529741777 -22924002 -43175298 529741778 529741775
1075482889 -22923996 -43175784 386136179 529741782
35576992 -22923937 -43177040 340471603
529741782 -22923897 -43175851 344903267 529741781 1075482889
218232198 -22923896 -43172336 704970962
1743948209 -22923870 -43171217 146187494
1071756605 -22923868 -43177045 35576992
1075482958 -22923862 -43175152 1075483011 1075482827
1743948227 -22923840 -43170853 1743948237
1680185983 -22923824 -43177710 35574856
529741778 -22923813 -43175641 529741779 529741777
1075482990 -22923805 -43173997 1075482846
1075482846 -22923793 -43174163 1075482990 1075483017
1075483017 -22923761 -43174702 2652174780 1075482846
344903437 -22923759 -43177052 344903267 1071756605
218234008 -22923754 -43172447 218234006
35574856 -22923716 -43177521 327432386
327432386 -22923663 -43177460 35577097
529741779 -22923639 -43175667 529741778 529741780
344903267 -22923633 -43176236 529741782 344903437
146181099 -22923629 -43170810 1743948227
146187494 -22923622 -43171218 1743948196 1743948238
529741781 -22923599 -43175838 529741780 529741782
218232197 -22923596 -43172284 218232198
529741780 -22923591 -43175727 529741779 529741781
1071756603 -22923569 -43177065 344903437
35577097 -22923566 -43177375 327432724
1075482988 -22923566 -43173690 1075482945
1075483011 -22923503 -43175169 1075482921 1075482958
2652174780 -22923473 -43174928 1075483017 1075482881
1075482992 -22923420 -43174570 1075482830 1075482881
327432750 -22923420 -43177075 1071756603
1075482830 -22923413 -43174384 1075482992 1075482979
327432724 -22923372 -43177339 35577096
1075482945 -22923370 -43173919 1075482988 1075482979
1743948205 -22923357 -43170764 146181099
1075482979 -22923335 -43174088 1075482830 1075482945
1743948196 -22923322 -43171206 146200602
146200598 -22923288 -43170808 146181099
1743948238 -22923214 -43171267 1743948180
218234006 -22923209 -43172387 218234005
378659040 -22923174 -43170839 146200598
146200602 -22923163 -43171169 378658974
1075482881 -22923161 -43175141 2652174780 2652174779 1075482992
35576993 -22923135 -43177104 327432750
146200600 -22923105 -43170916 378659040
35577096 -22923103 -43177267 327434368
378658974 -22923100 -43171111 378658972
1075482921 -22923099 -43175397 2652174779 1075483011
378658972 -22923077 -43171008 146200600
2652174779 -22923053 -43175332 1075482881 1075482921
218232196 -22923019 -43172275 218232197
339489245 -22922957 -43174193 339489237
1743948180 -22922952 -43171321 1743948206
339489237 -22922943 -43174270 339489234
339490381 -22922915 -43173895 339489245
1743948181 -22922911 -43170749 1743948205
339490245 -22922871 -43173766 339490381
2358605441 -22922803 -43170759 1743948181
339489234 -22922755 -43174383 339489224
339490298 -22922749 -43173446 339490245
378658609 -22922730 -43172329 218232196
1743948206 -22922671 -43171397 146187493
338752767 -22922660 -43172650 218236885 338752765
765928075 -22922640 -43177055 35576993
218234005 -22922608 -43172481 559645341
339489224 -22922550 -43174563 339489212
327434368 -22922537 -43177201 431241494
2652174752 -22922525 -43173206 339490298
1743948178 -22922522 -43170787 2358605441
218232195 -22922505 -43172370 378658609
338752765 -22922502 -43172727 2652174755 338752767
2652174753 -22922397 -43173028 2652174752
2652174755 -22922394 -43172792 338752763 2652174754 338752765
338752755 -22922391 -43173843 338752754 338752756
2652174754 -22922384 -43172902 2652174753
146187493 -22922361 -43171515 146187492
338752756 -22922360 -43173629 338752755 338752757
338752763 -22922360 -43172813 338752761 2652174755
339489212 -22922353 -43174908 339489192
338752754 -22922336 -43173981 338752753 338752755
338752757 -22922320 -43173423 338752756 338752758
338752761 -22922288 -43172899 338752760 338752763
338752758 -22922257 -43173182 338752757 338752760
338752760 -22922257 -43173036 338752761 338752758
559645341 -22922231 -43172659 218234003
338752753 -22922217 -43174161 338752752 338752754
339489192 -22922201 -43175209 339489186
218234003 -22922133 -43172705 218234001
338752752 -22922051 -43174315 338752751 338752753
146181104 -22922043 -43170914 1743948178
431241492 -22922019 -43176955 765928075
218232193 -22922015 -43172619 218232195
339489186 -22921992 -43175288 338739885
431241494 -22921982 -43177120 35577095
146187492 -22921975 -43171725 1743948190
218191110 -22921952 -43176945 35577095 431241492
35577095 -22921906 -43177109 218191117 431241493
218191119 -22921849 -43178421 218193096
218234001 -22921841 -43172885 218230360
431241493 -22921823 -43177091 431750112
338752751 -22921814 -43174487 338752750 338752752
338739885 -22921782 -43175281 566820399
218191117 -22921754 -43178018 218191119
566820399 -22921734 -43175256 338739883
1743948217 -22921722 -43171033 146181104
2652174758 -22921705 -43176180 338740595
338740595 -22921673 -43176287 338740594
2652174757 -22921648 -43176057 2652174758
218230360 -22921620 -43173151 218230359
338752750 -22921601 -43174581 637837530 338752751
218230762 -22921572 -43172936 218232193
2652174756 -22921497 -43175831 2652174757
1743948190 -22921494 -43172061 146187490
338740594 -22921439 -43176540 637833233
637833233 -22921425 -43176738 218191110
146181106 -22921403 -43171230 1743948217
338739883 -22921372 -43175119 339489300
338740593 -22921337 -43176703 637833233
339489300 -22921303 -43175126 2652174760
637833234 -22921269 -43176677 338740593 338740594
218310785 -22921248 -43173357 218230762
146187490 -22921238 -43172300 725746277
2652174760 -22921228 -43175185 2723447848
338739477 -22921220 -43176657 637833234
2723447848 -22921211 -43175233 338741088
338741087 -22921191 -43175477 2652174756
338741088 -22921169 -43175408 338741087
431750112 -22921097 -43176930 2370266368
218310784 -22921066 -43173469 218310785
299614268 -22921064 -43171459 146181106
725746277 -22921041 -43172527 218311850
2370266365 -22920985 -43176449 338739477
218310782 -22920933 -43173494 218310784
218230760 -22920900 -43173820 218310785
1743948220 -22920852 -43171639 299614268
338739478 -22920832 -43176314 2370266365
218311862 -22920829 -43173443 218310782
218313203 -22920829 -43173680 2078063482
2078063482 -22920821 -43173600 218313205
2370266368 -22920795 -43176863 218197545
218313205 -22920790 -43173521 2078063483
218313201 -22920776 -43173919 218230760 218313203
218311850 -22920759 -43172886 218311853 218312737
2078063483 -22920751 -43173464 218312731
218311859 -22920750 -43173348 218311862
2370266362 -22920747 -43176211 338739478
218197542 -22920738 -43179176 218197543
218311853 -22920703 -43173117 218311856
218311856 -22920695 -43173202 218311859
3742568123 -22920686 -43174889 3017397341
218312731 -22920684 -43173414 2078063478
637837530 -22920668 -43174703 338752750 3742568123
218197543 -22920634 -43178344 218197545
218197545 -22920624 -43176825 637833586 637833587
3017397341 -22920609 -43175384 2725094958
218230359 -22920609 -43174405 344571887 344571886
299614282 -22920606 -43171933 1743948220
338739482 -22920603 -43174655 637837530
2078063478 -22920587 -43173384 218312734
2725094958 -22920575 -43175621 338739481
146181107 -22920568 -43171965 299614282
338739479 -22920556 -43175979 2370266362
338739481 -22920548 -43175807 338739479
637833587 -22920525 -43176776 3358875060
637833586 -22920514 -43176844 3358875061
218312734 -22920493 -43173392 2078063481
637837535 -22920485 -43174234 218313201
344571886 -22920466 -43174581 218428470 338739482
344571887 -22920439 -43174570 218426889 344571886
339009377 -22920434 -43175993 338739479
2078063481 -22920385 -43173443 218312737
378653989 -22920372 -43174397 637837535
338741277 -22920334 -43176039 339009377
3358875060 -22920326 -43176734 218432143
3358875061 -22920322 -43176882 743737133
344571851 -22920312 -43174474 344571887 378653989
2452487265 -22920236 -43174595 344571851
2452487268 -22920159 -43174504 344571851
218312737 -22920143 -43173661 1743948172
218432143 -22920099 -43176617 338741278
