2141102084 -22.959998 -43.2709153 2141102033
3077525161 -22.9599888 -43.2783283 819808813
819808999 -22.9599266 -43.2780501 3077525166
3077525160 -22.9598948 -43.2783597 3077525161
819808563 -22.9598827 -43.2755068 3165243052
2141102033 -22.9598454 -43.2706782 2141102035
2141102061 -22.9598404 -43.2704636 2141102052
2141102035 -22.9598108 -43.2706084 2141102076
2141102076 -22.9598108 -43.2705441 2141102061
3077525166 -22.9597934 -43.2781082 3077525167
819809155 -22.9597886 -43.2756378 819808563
3077525174 -22.9597066 -43.2758186 819809155
2880831900 -22.9596849 -43.2766124 3077525173
3077525173 -22.9596777 -43.2765023 2880844601
3077525159 -22.9596632 -43.2784252 3077525160
2880844601 -22.9596632 -43.2763714 819808654
819808654 -22.9596608 -43.2760094 3077525174
2880831898 -22.9596511 -43.276987 2880831900
819809434 -22.9595908 -43.2785038 3077525159
3077525172 -22.9595715 -43.2771232 2880831898
3077525158 -22.9595619 -43.278661 819809434
3077525167 -22.9595522 -43.2781004 3077525168
3077525157 -22.9594823 -43.2788942 3077525158
3077525168 -22.9594509 -43.2781004 819809522
819808828 -22.9594364 -43.2771887 3077525172
819809522 -22.9593847 -43.2781321 3077525170
819808920 -22.9593207 -43.2793028 3077525157
819809444 -22.9593158 -43.2772071 819808828
3077525170 -22.9592989 -43.2782497 819809345
2384814921 -22.9592638 -43.2777194 2880831894
819809345 -22.9592474 -43.2784148 3077525169
819808445 -22.9592435 -43.2794495 819808920
819808936 -22.9592 -43.2772594 819809444
3077525169 -22.9591614 -43.2785038 819808721
3077525156 -22.9591494 -43.2795648 819808445
819808721 -22.9590898 -43.2784857 819809217
819808461 -22.9590809 -43.2773114 819808936
819808600 -22.9590553 -43.2796722 3077525156
819809217 -22.9590481 -43.2784436 819808624
3077525171 -22.9590215 -43.2774193 819808461
819808624 -22.9590095 -43.2780008 2880831894
2880831894 -22.9590033 -43.2776124 2384814921 3077525171
3077525155 -22.9589974 -43.2796906 819808600
819809196 -22.9589502 -43.2796699 3077525155
819808694 -22.9589094 -43.279564 819809196
819809318 -22.9588336 -43.2793398 819808694
819809509 -22.9587335 -43.2791103 819809318
819808983 -22.958565 -43.278665 819809509
3077525153 -22.9584498 -43.2783335 819808983
819808501 -22.9583823 -43.2780978 3077525153
3077525154 -22.9583485 -43.2779563 819808501
819809087 -22.958294 -43.2778455 3077525154
3077525152 -22.9582496 -43.2778201 819809087
819809265 -22.9581943 -43.2778159 3077525152
819808768 -22.9580874 -43.2779066 819809265
819809388 -22.9579576 -43.2779626 819808768
819808883 -22.9577693 -43.2779291 819809388
819808591 -22.9576332 -43.2778729 819808883
819809183 -22.9574271 -43.2777336 819808591
819808759 -22.957421 -43.2787226 3077525148
3077525149 -22.9574103 -43.2788179 819808759
3077525148 -22.9573807 -43.2786033 819809242
819809375 -22.9573782 -43.2788983 3077525149
819808678 -22.9573426 -43.27771 819809183
3077525151 -22.9573362 -43.2789681 819809375
819809242 -22.9572945 -43.2785141 819809075
3077525150 -22.9572868 -43.2790432 3077525151
819809295 -22.9572211 -43.2777585 819808678
819808859 -22.957157 -43.2791966 3077525150
819809481 -22.9571256 -43.2778578 819809295
819809075 -22.9570691 -43.2782764 819808492
819808963 -22.9570475 -43.2779658 819809481
819808492 -22.9570192 -43.2781238 819808963
819809028 -22.9570186 -43.2793406 819808859
819808545 -22.9567635 -43.2796045 819809028
819809135 -22.9564996 -43.2799778 819808545
