3023897841 -22919927 -43634999 3023897861 3818190998
3023897732 -22919855 -43634049 3023897712 3818190981 3023897950
3023897833 -22919852 -43638233 3023897850 3023897680
2036302733 -22919840 -43631873 349344826 2036302728
3818190998 -22919785 -43634966 3023897712 3023897841 3818190997
3023897721 -22919779 -43637192 3023897862 3023897693
3023897712 -22919728 -43634953 3023897732 3818190998 3023897650
3818190997 -22919722 -43635857 3023897702 3023897853 3818190998
349344825 -22919712 -43631836 2036302733
3023897709 -22919703 -43637858 3023897674
2036302728 -22919683 -43630948 1663026859 1663027154 2036302733
3023897702 -22919665 -43635857 3023897699 3023897659 3818190997
3023897699 -22919634 -43636586 3023897660 3023897849 3023897702
3023897694 -22919623 -43638785 3023897855 3023897638
3023897693 -22919601 -43637160 3023897668 3023897657 3023897721
3023897680 -22919421 -43638357 3023897675 3023897833 3023897529
3023897679 -22919411 -43638064 3023897675 3023897674
3023897675 -22919394 -43638188 3023897680 3023897679
3023897674 -22919386 -43637858 3023897657 3023897709 3023897679
3023897668 -22919357 -43636822 3023897693 3023897656
3023897666 -22919331 -43639866 3023897661 3023897635 3023897876
3023897661 -22919286 -43639588 3023897638 3023897666
3023897659 -22919285 -43635837 3023897660 3023897702 3023897652
3023897660 -22919264 -43636582 3023897699 3023897656 3023897659
3023897656 -22919261 -43636767 3023897668 3023897653 3023897660
3023897657 -22919244 -43637170 3023897693 3023897642 3023897674
3023897653 -22919201 -43636809 3023897656 3023897641
3023897652 -22919197 -43635758 3023897650 3023897659 3023897521
3023897650 -22919178 -43634824 3023897712 3023897652 3818190979
3023897642 -22919062 -43637173 3023897657 3023897481 3023897641
3023897641 -22919055 -43636814 3023897653 3023897642
3023897638 -22919036 -43638812 3023897661 3023897694 3023897529
349344798 -22918962 -43631774 349344825 1663026859
3818190994 -22918955 -43635127 3818190993
3023897635 -22918940 -43639935 259653270 3023897666
3023897529 -22918885 -43638468 3023897510 3023897638 3023897502 3023897680
3023897523 -22918861 -43636501 3023897514
1663026859 -22918859 -43631183 349344799 2036302728
349344799 -22918843 -43631098 1663026821 1663026583
3023897521 -22918827 -43635709 3023897652 3023897517
3818190993 -22918774 -43635096 3818190992 3818190994
3818190979 -22918770 -43634631 3023897650 3818190980
3023897517 -22918762 -43635695 3023897513 3023897521 3023897500
1663026821 -22918750 -43630579 1663026810 1663027145
3023897515 -22918714 -43636226 3023897500
3023897513 -22918698 -43635356 3023897517
3023897514 -22918682 -43636437 3023897504 3023897523
1663026810 -22918673 -43630244 1663026803 259653279
259653270 -22918653 -43639480 3023897482
3023897510 -22918652 -43637965 3023897481 3023897529
3023897509 -22918649 -43636738 3023897504
3818190992 -22918592 -43635033 3818190993 3818190991
3023897504 -22918531 -43636531 3023897509 3023897488 3023897444 3023897514
3023897502 -22918479 -43638645 3023897482 3023897529
3023897500 -22918447 -43635623 3023897484 3023897515 3023897517
3023897497 -22918396 -43635955 3023897488
3023897488 -22918271 -43636044 3023897497 3023897504 3023897442
349344824 -22918250 -43631785 349344798
3023897484 -22918240 -43635518 3818190996 3023897500 3818190983
3023897481 -22918216 -43637251 3023897437 3023897510 3023897642
3023897482 -22918213 -43638787 259653271 3023897502
3818190996 -22918188 -43635132 3023897484 3818190995
3818190991 -22918155 -43634819 3818190992 3818190995
3818190995 -22918060 -43634732 3818190990 3818190996 3818190991
349347525 -22917997 -43638806 349347526
3818190980 -22917949 -43633941 3818190979 3818190981
349344823 -22917855 -43631819 349344824
259653271 -22917845 -43638199 259653272
3818190981 -22917809 -43633734 3818190989 3023897732 3818190980
3818190983 -22917751 -43635534 3023897484 3818190982 3818190984
3023897444 -22917739 -43636465 3023897442 3023897227 3023897504
3023897442 -22917729 -43636100 3023897444 3023897488
3105695803 -22917697 -43638317 349347525
3818190984 -22917681 -43635136 3818190983 3818190985
3818190987 -22917669 -43634246 3818190990 3818190988
3818190988 -22917669 -43633955 3818190987 3818190989
3818190989 -22917651 -43633710 1540728885 3818190988 3818190981
3818190990 -22917647 -43634360 3818190987 3818190986 3818190995
3818190985 -22917611 -43634729 3818190984 3818190986
3818190986 -22917611 -43634550 3818190990 3818190985
349344822 -22917610 -43631922 349344823
259653272 -22917596 -43637603 3023897437
3023897437 -22917548 -43637367 3023897481 3023897227
349347523 -22917459 -43637587 3105695803
3023897227 -22917362 -43636450 259653273 3023897444
259653273 -22917307 -43636180 3818190982
3818190982 -22917184 -43635553 259653275 3818190983
2362772789 -22917158 -43638449 1778087887 3786488190
349347522 -22917151 -43636008 349347523
259653277 -22917103 -43633947 1540728885
3786488190 -22917080 -43637991 2362772789 3786488191 3818190977
259653275 -22917063 -43634932 259653276
1540728885 -22917040 -43633616 349344804 3818190989
259653276 -22917038 -43634407 259653277
349347520 -22916922 -43634326 349347521
349347521 -22916898 -43634772 349347522
349347519 -22916898 -43633802 349347520
3786488191 -22916897 -43636934 3818181886 3786488190
3818181886 -22916887 -43636873 1020580976 3786488191 3818181885
1020580976 -22916818 -43636441 3786488189 3818181873 3818181886
349344804 -22916815 -43632421 1663026583 349344822
2362772796 -22916790 -43633103 349347519
349347518 -22916740 -43632781 2362772796
3786488189 -22916729 -43636017 1020580979 1020580976 3818181889
1663026583 -22916647 -43631551 259653278 349344799
2362772800 -22916622 -43632094 349347518
349347517 -22916566 -43631768 2362772800
259653278 -22916546 -43630991 259653279
1020580979 -22916507 -43634889 3786488186 3786488189
3818190976 -22916501 -43639936 3818190975 3818190977
259653279 -22916408 -43630668 259653280 1663026810
349347516 -22916388 -43630995 349347517
3023897145 -22916321 -43630856 349347516
3818190977 -22916287 -43638104 3818190959 3786488190 3818190976 3818190978
3786488186 -22916278 -43634432 3818181872 3818181870 1020580979
3818190978 -22916218 -43637514 3818190977
3818181870 -22916175 -43633880 1663064967 3786488186 3818181871
259653280 -22916166 -43630256 3786488193
349347515 -22916144 -43630569 3023897145
3818181889 -22916083 -43636144 3786488189 3818181890
1663064967 -22916068 -43633305 2362772798 3818181870 1663064526
349347514 -22916054 -43630379 349347515
2362772798 -22916037 -43633112 1663064967 2362772807
3818181890 -22916027 -43636125 3818181889 3818181891
3023896991 -22916015 -43630253 349347514
3023896978 -22915979 -43630103 3023896991
3023896977 -22915977 -43630015 3023896978
3818181891 -22915975 -43636004 3818181890 3818181900
3818181900 -22915956 -43635891 3818181892 3818181899 3818181891
2362772807 -22915867 -43632225 2362772798 1663026478
3818181892 -22915864 -43635364 3818181893 3818181900
1663026478 -22915770 -43631719 1663064763 2362772807 1663026395
3818181893 -22915739 -43635247 3818181892 3818181894
3818181873 -22915674 -43636671 1020580976 3818181888
3818190966 -22915641 -43639889 3818190970 3818190965
1663064763 -22915624 -43630978 1663026406 1663026478 3818181866
3818190970 -22915585 -43639400 3818190966 3818190971 3818190967
3818190959 -22915576 -43638205 3818190977 3818190967
3818190965 -22915560 -43639995 3818190966 3818190964
3818181885 -22915545 -43637447 3818181887 3818181886
1663026406 -22915452 -43630143 1663026427 1663064763
3818190967 -22915452 -43638239 3818190959 3818190960 3818190970
1663064526 -22915394 -43633441 1663064967 1663026392 1778087829
3818181887 -22915358 -43637514 3818181876 3818181885 3818181888
3818190960 -22915250 -43638294 3818190972 3818190967
1663026395 -22915231 -43631838 1663026393 1663026478 1663026318
3818181888 -22915226 -43636772 3818181873 3818181874 3818181887
1663026393 -22915164 -43631919 1663026392 1663026395
1663026392 -22915161 -43632195 1663063963 1663064526 1663026393
3818181865 -22915128 -43631306 1663063847 3818181866
3818181866 -22915079 -43631006 1663064763 3818181865 1663026360
3818190971 -22915023 -43639479 3818190970 3818190972 3818190974
3818181872 -22914973 -43634759 3818181871 3786488186 3818181867
1663026360 -22914935 -43631013 1663026353 1663063986 3818181866
3818181874 -22914904 -43636844 3818181877 3818181888
3818190972 -22914885 -43638417 3818190960 3818190973 3818190971
3818181871 -22914860 -43634200 3818181872 1778087829 3818181870 1778087821
1663026353 -22914809 -43630813 1663026360 1663026163
3818181899 -22914758 -43636139 3818181898 3818181900
1778087829 -22914732 -43633617 3818181871 1778087825 1778087827 1663064526
3818181898 -22914655 -43636130 3818181897 3818181899
3818181894 -22914612 -43635527 3818181893 3818181895
3818181897 -22914590 -43636050 3818181896 3818181898
1663063986 -22914580 -43631031 1663026320 1663026360
3818181895 -22914556 -43635574 3818181894 3818181896
1663063963 -22914555 -43632334 1778087827 1663026392 1663026318
3818181896 -22914517 -43635667 3818181897 3818181895
1663026320 -22914515 -43631075 1663026116 1663063986 1663063777
1663026318 -22914481 -43632004 1663063963 3818181864 1663026395
1778087827 -22914479 -43632352 1663063963 1778087823 1778087829
3818181867 -22914440 -43634892 3818181872 3818181868
3818181864 -22914406 -43631673 1663063847 3818181863 1663026318
1663063847 -22914357 -43631454 3818181864 1663063777 3818181865
3818190974 -22914346 -43639574 3818190969 3818190971 3818190973
3818190973 -22914221 -43638642 3818190972 3818190961 3818190974
1663063777 -22914213 -43631279 1663063847 1663026320
3818181877 -22914158 -43637044 3818181874 3818181875 3818181879
1778087825 -22914118 -43633780 1778087823 1663063069 1778087829
3818181879 -22913947 -43636052 3818181877 3818181878 3818181881
3818181878 -22913893 -43635798 3818181879
1778087823 -22913876 -43632490 1778087825 1663062882 1778087827
3818181876 -22913859 -43638054 3818181875 3818181887
1663063450 -22913807 -43631457 1663063044 1663063083
3818181868 -22913795 -43634986 3818181869 3818181867
3818190969 -22913736 -43639659 3818190963 3818190968 3818190964 3818190974
3818181882 -22913726 -43636499 3818181881 3818181883
3818181869 -22913717 -43634953 3818181868 1778087821
3818190961 -22913694 -43638820 3818190973 3818190962
3818181881 -22913681 -43636117 3818181880 3818181882 3818181879
3818181883 -22913678 -43636541 3818181882 3818181884
3818190963 -22913650 -43639009 3818190969 3818190962
3818190962 -22913650 -43638885 3818190961 3818190963
1778087821 -22913620 -43634502 3818181869 3818181871 1778087816 1663063069
1663063195 -22913601 -43630894 1663026066
3818181875 -22913597 -43637194 3818181877 3818181876
1663063083 -22913504 -43631256 1663063450 1663062251
1663063069 -22913501 -43633953 1663062451 1778087825 1778087821 1663062882
1663063044 -22913423 -43631621 1663062540 1663062706 1663063450
3818190968 -22913270 -43639729 3818190969
1663062882 -22913216 -43632642 1663025997 1663063069 1778087823
1663026116 -22913211 -43630207 1663026320 1663026066 1663026163
3818181884 -22913076 -43636699 3818181883
1663062706 -22913067 -43631369 1663063044 1663062042
1778087816 -22912996 -43634643 1663062451 1778087821
1663062540 -22912953 -43631737 1663063044 1663061334 1663062144
1663026066 -22912931 -43630440 1663026116 1663062412 1663063195
3818181880 -22912908 -43636307 3818181881
1663062451 -22912875 -43634040 1663025997 1778087816 1663063069
1663062412 -22912817 -43630572 1663062346 1663026066
3818181863 -22912785 -43632193 3818181864 1663062144
1663062346 -22912769 -43630628 1663025860 1663062412 1663062251
1663062251 -22912708 -43630718 1663062346 1663062042 1663063083
1663025997 -22912625 -43632805 1663062451 1663062882
1663062144 -22912591 -43631924 1663062540 3818181863 1663025855
1663062123 -22912570 -43630023 1663062185 1663025988
1663062042 -22912519 -43631002 1663062706 1663062251 1663025951
1663061912 -22912427 -43632341 1663061007 1663061670
1663025951 -22912304 -43631121 1663025860 1663062042 1663061334
1663061670 -22912272 -43632116 1663061912 1677374488
1663025860 -22912172 -43630389 1677374490 1663062346 1663025951
1663025855 -22912170 -43631614 1677374488 1663062144 1663060729
1663061334 -22912166 -43631198 1663062540 1663025951 1677374487
1663061007 -22912090 -43632341 1663060681 1663061912
1677374488 -22911987 -43631942 1663025855 1663061670 1663060516
1677374487 -22911917 -43631275 1677374490 1663061334 1663060729
1663060729 -22911772 -43631320 1663025855 1677374487 1663060281
1677374490 -22911754 -43630222 1663025860 1677374487 1663060133
1663060681 -22911684 -43632209 1663060141 1663061007
1663060516 -22911643 -43631733 1663060413 1677374488
1663060413 -22911611 -43631667 1663060516 1663060338
1663060338 -22911563 -43631581 1663060413 1663060281
1663060281 -22911550 -43631390 1663025537 1663060338 1663060261 1663060729
1663060261 -22911546 -43631335 1663060281 1663059906
1663060141 -22911464 -43632226 1663060681
1663060133 -22911460 -43630104 1677374490 1663059906
1663059906 -22911333 -43630113 1663059238 1663060261 1663060133
1663025537 -22911118 -43631423 1677374489 1663060281 1663059599
1663059599 -22911098 -43631190 1663059135 1663025537
1663059238 -22910984 -43630053 1663059135 1663059437 1663059906
1663059135 -22910960 -43630282 1663059238 1663059599
1677374489 -22910902 -43631511 1663025537
