593633500 -22.8199811 -43.4281046 593633499 593633501
462124474 -22.8199777 -43.4210448 462124476
462124714 -22.8199186 -43.4234592 2778561204 2778561202 1278064383 462124712
803439764 -22.8198931 -43.4245544 2778561215 803439762 462004442 803439766
803439675 -22.8198877 -43.425758 803439677
2778629018 -22.819875 -43.4259178 2778629017
593633501 -22.8198228 -43.4283299 593633500 593633502
2778561204 -22.8198214 -43.4232316 462124714 2778561205 462004440
462004468 -22.8197421 -43.4279417 462004474
803439766 -22.8196998 -43.4240843 803439764
2778561215 -22.8196019 -43.4247642 1278064359 2778561216 803439764
1278064310 -22.819577 -43.4253822 1278064359
462004474 -22.8194794 -43.4273291 462004468 462004473 803439353 2778629021
462004440 -22.819452 -43.4223672 2778561204 462000948 2779835162 462004412
593633502 -22.819447 -43.4287912 593633501 593633505
2779835160 -22.8194109 -43.4207509 2779835157
1278064359 -22.8193873 -43.4249187 2778561215 2778561213 1278064310
2778561216 -22.8193773 -43.4242768 2778561215
593633505 -22.8193284 -43.4290165 593633508 593633502
2778629021 -22.8192626 -43.4268234 2778629019 462004474 2778629022
2778561205 -22.8192349 -43.4236223 2778561204
2778629019 -22.8192142 -43.4267103 2778629017 2778629021 2778629020
2778561212 -22.8191525 -43.4244476 2778561210
1278064383 -22.8191468 -43.4240465 462124714
2778629017 -22.8191026 -43.42645 462124899 2778629019 2778629018
462124899 -22.8190581 -43.4263461 462004465 462124902 2778629017
2778561213 -22.8190204 -43.4251818 1278064359 461999916 2778561214
803439351 -22.8190076 -43.4289874 803439353
2779835162 -22.8189919 -43.4212609 2779835157 462004440 2779835165
2778561207 -22.8189689 -43.4236263 2778561206
2778561210 -22.8189539 -43.4245655 2778561209 2778561212
462001580 -22.8189292 -43.4257599 2778629008
2778629008 -22.8189258 -43.4257777 2775522691
2779835157 -22.8189168 -43.4210804 2779835160 462004439 2779835162
2775522703 -22.8189093 -43.4256551 462001580
2775522691 -22.8189022 -43.4258199 462004465
2775522682 -22.8188709 -43.4255581 2775522703
462004465 -22.8188533 -43.4258684 2775522693 462124899
2778561214 -22.8188377 -43.424785 2778561213
2775522693 -22.8188085 -43.4258646 462001581
461999916 -22.81879 -43.425347 2775522682 2778561213
462001581 -22.8187815 -43.4258492 2775522700 803439533
803439533 -22.8187406 -43.4260155 803439532 462001581
2775522700 -22.8187218 -43.4257706 2775522697
2775522677 -22.8186977 -43.4251483 461999916
2775522697 -22.8186693 -43.4256782 462006581
2778561209 -22.8186654 -43.4247647 2778561208 2778561210
462004439 -22.8186561 -43.4204537 462124496 2779835157 3819977658 2779835116
593633508 -22.8186164 -43.4297461 593633505 593633510
2778629004 -22.8185899 -43.4249817 2775522677
462001583 -22.8185841 -43.4249727 2778629004
462006581 -22.8185744 -43.4254939 462001582 462006620
803439353 -22.8185713 -43.4279662 803439351 462004474 462004475
2775522687 -22.8185429 -43.4249603 462001583
462001294 -22.8184918 -43.4249665 2775522687 2778561208
2778561208 -22.8184737 -43.4249217 462124892 462001294 2778561209
462124496 -22.818469 -43.4200137 462124281 462004439 462124495
2775522684 -22.8184535 -43.4250127 462001294
462001582 -22.8184251 -43.425079 2775522684 462124834
803439532 -22.8184142 -43.426273 803439531 803439533
803440317 -22.8184142 -43.4224964 803440277
462004274 -22.818405 -43.4297614 462124992
462124992 -22.8183784 -43.4296979 462004274 462125038 462125013
462125038 -22.8183102 -43.4295351 462124992 462125060 2778629030
462124892 -22.8183057 -43.4245051 2778561208 1278064350 462124891
2779835165 -22.8183033 -43.4217594 2779835162
1278064350 -22.8182214 -43.4243233 462124892 2778561206 1278064307
462124758 -22.8181819 -43.4221177 462124731
2778561206 -22.8181636 -43.4241753 462000948 1278064350 2778561207
2779835114 -22.8181594 -43.4213556 2779835116
462125060 -22.8181412 -43.4291314 462125038 462004475 462125058
803439531 -22.8180286 -43.426509 803439532 803439530
2779835116 -22.8180129 -43.42091 462002238 2779835114 462004439 2779835117
462000948 -22.8178671 -43.4234871 803440277 462004275 2778561206 462004440
462004475 -22.8178617 -43.428464 462125060 803439353 462124946 803439163
2779835117 -22.8178222 -43.4205019 2779835116
462124891 -22.8177072 -43.4249243 462124892 803438072
803440277 -22.8176849 -43.4230588 462000948 462124731 803440317
803439530 -22.817633 -43.4268201 803439531
462124946 -22.8175581 -43.427739 462124902 462124979 462004475
462124731 -22.8174884 -43.422597 803440277 462002238 462124758 462124765
462124902 -22.817457 -43.4274978 803438866 462124946 462124899
803439163 -22.8174238 -43.428781 803439161 462004475 803439061
803438866 -22.8174083 -43.4273815 462124902 803438817 803438864
462124369 -22.8174065 -43.4200663 803437522 462124370
1278064307 -22.8174014 -43.4249048 2779835174 1278064350
2779835174 -22.8173441 -43.4248332 2779835168 1278064307
803438817 -22.817319 -43.4271681 803438866 462006620 803438815
462125058 -22.8172562 -43.4297738 803439084 462125060
803439061 -22.8172504 -43.4289065 803439163 803439070 803439043
803439161 -22.8172374 -43.4283329 803439163
462006620 -22.8170652 -43.4265621 803438511 462006581 803438817 462124834
462002238 -22.8170587 -43.421587 462124731 462124326 2779835116 462004276
803439043 -22.8170495 -43.4284938 803439061
462124834 -22.8168623 -43.4260776 462006620 803438072 462001582
462124326 -22.816806 -43.4209929 462002238 462124281 462124418
803438815 -22.8167034 -43.4276033 803438817
803438511 -22.8167014 -43.4268168 803438553 803438510 462006620
803438072 -22.8166835 -43.4256507 803438213 462124834 462124891
462124418 -22.8166816 -43.4207006 462124326 462124383 462124370
803438213 -22.8166652 -43.4256071 2779835168 803438210 803438072
462124370 -22.8166518 -43.4206304 462001296 462124418 462124369
803438864 -22.8165946 -43.4279574 803438866
803439070 -22.8165751 -43.4293954 462004476 803439061 803439062
2779835168 -22.81657 -43.4253798 803438213 2779835174 803438444
462001591 -22.81653 -43.4200539 462001296
2778629029 -22.8164981 -43.4278955 462125200
803438553 -22.8164963 -43.4269605 803438511 803438684 803438551
803438444 -22.8164912 -43.4251916 2779835168 462004275 803438304
2778629027 -22.8164873 -43.428192 2778629026
803438510 -22.8164858 -43.4263481 803438511
462001296 -22.816443 -43.4201397 462001590 462124370
803439062 -22.8164067 -43.4289659 803439070
462001590 -22.8163639 -43.420217 462005546
803438551 -22.816288 -43.4264661 803438553
462004275 -22.8162604 -43.4246404 462000948 803438444 3819977665 803438306
462004476 -22.816252 -43.4296293 462124979 803439084 803439070 462125211
803438683 -22.8161298 -43.4278608 803438684
803438304 -22.8160408 -43.4255005 803438306 803438444 803438372
3819977665 -22.8160108 -43.4240638 462004275 3819977664 462124765
462124979 -22.8159345 -43.4288775 2778629026 462004476 462124946
803438684 -22.8159201 -43.4273639 803438553 803438683 462006621
803438210 -22.8158529 -43.4261764 803438213
462124765 -22.8158512 -43.4236953 462124731 3819977665 462004276
803438648 -22.815843 -43.4264983 803438649
2778629026 -22.8158345 -43.4286407 462124979 462125200 2778629027
803438306 -22.8158282 -43.4249507 462004275 803438304 803438374
803438372 -22.815754 -43.4257043 803438304 803438374
462125200 -22.8157414 -43.4284204 2778629026 2778629029 462006621 462125199
803438374 -22.8155217 -43.4251706 803438372 803438306 462004169
462004276 -22.8154424 -43.4227514 462002238 462125891 462124383 462124765
462006621 -22.8154379 -43.4277016 803438684 462125473 803438649 462125200
3819977664 -22.8152601 -43.4245806 3819977665
462125199 -22.8151729 -43.4288274 462125197 462125200 462125211
803438649 -22.8151461 -43.4270107 462125386 462006621 803438648
3819977661 -22.8150707 -43.4245853 462125584
462125891 -22.8150557 -43.42303 462125623 462125648 462004276
462124383 -22.8150517 -43.4218291 462005543 462004276 462124418
462125386 -22.8150263 -43.426727 803438649 462125319 462004169
3819977660 -22.815019 -43.424263 3819977659
462125240 -22.8148778 -43.4296059 462125241
3819977663 -22.8148425 -43.4239128 3819977662
462125623 -22.8146718 -43.4233065 462125891 462125598 462125619
462005543 -22.8146471 -43.420874 462124383 462125972 462125648 462005546
462004169 -22.8146371 -43.4258056 462125584 462125386 462000949 803438374
462125972 -22.8143864 -43.4202587 462005543 462004937 462125966
462125598 -22.8143684 -43.4235251 462125623 462125592 462004167
462125473 -22.8143475 -43.4284993 462006622 462006621 462125471
462125584 -22.8143338 -43.4250942 462125583 3819977659 462004169 3819977661
462125648 -22.8142535 -43.421158 462005543 462125891 462125619
462125197 -22.8142499 -43.4294819 462125199
462127809 -22.8142341 -43.4298298 462006622 462127837 462004477
3819977659 -22.814215 -43.4248154 462125584 3819977667 3819977660 2778656039
462125471 -22.8141549 -43.4280571 462125473
2778656039 -22.8141098 -43.4245687 3819977662 2778656040 3819977659
3819977662 -22.8140638 -43.4244608 462004167 2778656039 3819977663
462125619 -22.8138844 -43.4214243 462125592 462125648 462125623
462004167 -22.8138301 -43.4239128 462125916 3819977662 462125598 2779835097
462006622 -22.8138277 -43.4288796 462125319 462125473 462127809 462006623
462125583 -22.813609 -43.4256196 462125584
462125592 -22.8135757 -43.4216471 462005541 462125619 462125598
462125916 -22.8135119 -43.4231541 462125957 2779835100 462004167
3819977667 -22.8134865 -43.4253418 3819977659
462125319 -22.8133922 -43.4278614 462006622 2778656041 462125386
2779835095 -22.813359 -43.4249292 2779835097
2779835100 -22.813354 -43.4227777 462005541 462125916 2779835102
2778656041 -22.8133355 -43.4277287 462125319 462003550 2778656044
462003550 -22.8132467 -43.4275212 2778656041 462003551
2778656036 -22.8132436 -43.4271803 462003550
462126045 -22.8132372 -43.4202294 462126047
462000949 -22.8131439 -43.4268774 2778656036 462004169
2779835097 -22.8131252 -43.4244206 462004167 462125958 2779835095 2779835099
462003551 -22.8130648 -43.4273667 462006841
462005541 -22.8130415 -43.4220325 2779835104 462125592 462125966 2779835100
462003554 -22.8129857 -43.4265942 462000949
2779835099 -22.8129393 -43.4239494 2779835097
462006841 -22.8129097 -43.4270302 462003552 462006876
462003552 -22.81278 -43.4267487 462003553
462003553 -22.81278 -43.4263968 462003554 803442325
462125958 -22.8127762 -43.424672 462003760 462125957 2779835097
462125966 -22.8127757 -43.4213987 462005541 462125972 462126047
803442325 -22.8126183 -43.4260321 462003553 2778656040 803442391
2779835102 -22.8125683 -43.4233233 2779835100
2778656044 -22.8125578 -43.4283064 2778656041
462126047 -22.8125013 -43.4207444 462004938 462126045 462125966
2778656040 -22.8124829 -43.4257266 462003760 803442325 2778656039
2779835105 -22.8124559 -43.4230916 2779835104
462125957 -22.8124347 -43.423919 462125916 462125901 462125929 462125958
462127577 -22.8123985 -43.4280571 462127579
462004938 -22.8122481 -43.4201406 462126097 462004937 462126047 462004939
2779835104 -22.8122456 -43.4226111 462005541 2779835105 462125929
462003760 -22.8121995 -43.4250874 2778656040 462002239 2779835090 462125958
2779835090 -22.8120581 -43.4247509 462003760 2779835092 462125901
462125929 -22.8119721 -43.4228099 2779835104 462125957 462005538
462127595 -22.811894 -43.4293265 462127594 462006623 803442562
462125901 -22.8118755 -43.4243161 462125957 2779835090 462005538 2779835094
803442562 -22.8116938 -43.4288506 462127595 462127579 803442561
462127579 -22.8116015 -43.4286312 462127577 803442562 462006876
462005538 -22.8114133 -43.4232161 462005536 462125901 462004939 462125929
462006876 -22.8113875 -43.4281227 462127579 462127288 462006841 462127339
2779835092 -22.8112829 -43.4252707 2779835090
2779835094 -22.8111668 -43.4247828 462125901
462127594 -22.8111564 -43.4298081 462127595
2779835067 -22.8111181 -43.4250552 2779835065
462127288 -22.8111077 -43.4274577 803442391 462006876 462127373
803442561 -22.8110367 -43.4293307 803442562
803442391 -22.8110103 -43.4272262 462127288 462002239 803442325
2779835058 -22.8109082 -43.4245429 2779835055
2779835063 -22.8108895 -43.4247096 2779835061
2779835052 -22.8108257 -43.4244372 2779835048
462127373 -22.8107064 -43.4277374 462127288 462127381 462127346
462127339 -22.8106209 -43.4286833 462006877 462006876 462127346
462004939 -22.8105996 -43.4212796 462004938 462005538 2778561155 462004940
462002239 -22.8105963 -43.4262423 462003760 462127381 803442391 2779835065
2778561155 -22.8103645 -43.420716 462126068 462004939 2778561156
462127346 -22.8103409 -43.4279923 462127365 462127373 462127332 462127339
2779835065 -22.8103336 -43.4256231 462002239 2779835061 2779835067
462126068 -22.810294 -43.420547 462126097 2778561155 803441991
462127381 -22.8102064 -43.4265198 2778656045 462002239 462127373
803441991 -22.8101806 -43.4202783 462126068 803441889 462126109
2779835061 -22.8101582 -43.4252099 2779835065 2779835055 2779835063
2778656047 -22.8101407 -43.4272534 2778656045
2779835055 -22.8101092 -43.4250944 2779835048 2779835058 2779835061
462126109 -22.8100996 -43.4200864 2778561159 803441991
462127333 -22.8100962 -43.4284005 462127332
462127365 -22.8100962 -43.4274306 462127346
2779835088 -22.8100912 -43.4226078 2779835084
803443731 -22.8100625 -43.4299769 803443729 462006877 803443459
2779835048 -22.8100539 -43.4249641 803442798 2779835052 2779835055
462127332 -22.8100178 -43.4282176 462127293 462127308 462127346 462127333
803442798 -22.8100138 -43.4248696 2779835048 462005536 803442725
2778656045 -22.8099157 -43.4267267 462127381 462127308 2778656047
2778561156 -22.8098964 -43.4210407 2778561157 2778561155
2778561157 -22.8097952 -43.4208456 2778561158 2778561156
462005536 -22.8097896 -43.4243414 803442798 2779835084 803442727 462005538
462006877 -22.8097752 -43.4293016 462127293 803443731 462127339 462006878
803442725 -22.8095829 -43.4251679 803442794 803442798 803442727
462127308 -22.8095092 -43.427016 2778656045 462004105 462127332
462127293 -22.809475 -43.428596 462127471 462006877 462127332 2778656048
2779835070 -22.809353 -43.4260878 2779835069
803442727 -22.8093355 -43.4246633 2779835080 462005536 803442725
2779835084 -22.8093056 -43.423201 462005536 2779835086 2779835081 2779835088
462127471 -22.8092779 -43.4281328 462127293 462127488 803442930
2779835081 -22.8092564 -43.4230852 2779835083 2779835084 462004940
803442794 -22.8091972 -43.4254146 803442725
803442930 -22.8091652 -43.4278678 803442926 462004105 462127471
2778561158 -22.8091581 -43.4212968 2778561157
462004940 -22.8089768 -43.4224263 2779835081 803441889 462004939 462004941
462004105 -22.808967 -43.4274019 462127308 2778656051 462129392 803442930
2779835078 -22.808952 -43.4255837 2779835080
2779835080 -22.8087345 -43.4250894 2779835078 2779835075 803442727
2779835073 -22.8086859 -43.4257097 2779835075
462129392 -22.808654 -43.4266599 462129426 462004105 2779835069
2779835069 -22.8086254 -43.4265922 462129392 2779835070 462005533
803441889 -22.8085593 -43.4214425 462004940 462127142
2779835086 -22.8085472 -43.4237502 2779835084
462127250 -22.8085138 -43.424169 462127251
803442926 -22.8084993 -43.4282861 2778656049 803442930
2779835075 -22.8084839 -43.425267 2779835080 2779835073 462005533 2779835076
462127142 -22.8084768 -43.4212529 462004771 803441889 462127154
2778656051 -22.8083497 -43.4278412 462004105 2778656049 2778656052
2779835076 -22.8083224 -43.4249007 2779835075
2779835083 -22.8083224 -43.4237786 2779835081
2778656049 -22.8083132 -43.4278672 2778656051 803442926 2778656054
462004771 -22.8081846 -43.4205596 462004776 462004790 462127142
2778656052 -22.808177 -43.4273754 2778656051
462005533 -22.8081626 -43.4254948 462004963 2779835075 803446527 2779835069
2778656054 -22.8080228 -43.4280738 2778656049 462003899 2778656055
2777386313 -22.8079615 -43.4200341 462004771 2777386314
803446527 -22.8078765 -43.4248165 803446524 462127251 462005533
2778656048 -22.8078701 -43.429704 462127293 462006878 462127488
2778656055 -22.807836 -43.4276031 2778656054
462127251 -22.8078097 -43.4246582 462127250 462004941 803446527
2778561152 -22.8077516 -43.4221406 2778561151
2778561150 -22.8077423 -43.4224346 2778561149
462127488 -22.8076796 -43.4292527 462003899 462127471 2778656048
462004963 -22.8076215 -43.4258646 803446524 462004964 462005533
462129582 -22.8074062 -43.4269757 1278066912
462003899 -22.8073762 -43.428534 462129426 462127488 2778656054 462129333
462004941 -22.8073684 -43.4236119 2778561145 462127251 462004940 462004942
803446524 -22.8073327 -43.4252297 462004962 462004963 803445941 803446527
2778561145 -22.8071304 -43.4230475 2778561149 462004941
2778561149 -22.8070728 -43.4229109 2778561146 2778561150 2778561145
2778561146 -22.8070589 -43.4228781 2778561151 2778561149 2778561147
462129426 -22.8070583 -43.4277995 462003899 462129392 2779113292
462129331 -22.807058 -43.4294648 462129255 462129332
462004962 -22.8070281 -43.42456 803446524
2779113292 -22.8069839 -43.4276277 462129426 1278066912 2779113293
2778561151 -22.8069789 -43.4226884 2778561146 462127154 2778561152
462129332 -22.806971 -43.4294133 462129331 462129333
1278066912 -22.806872 -43.427369 1278066911 462129582 2779113292
462127154 -22.806848 -43.422378 462127170 462004776 462127142 2778561151
1278066911 -22.8068335 -43.4272801 2779113291 1278066912 462003900
462004007 -22.8067986 -43.4269547 462003900
462129333 -22.8067716 -43.4289643 462003899 2779113290 462129332
462003900 -22.806767 -43.4271264 462004006 1278066911
462004964 -22.8066505 -43.4265931 462004007 462004963
462004006 -22.8066166 -43.4270663 462004959
462004776 -22.8065745 -43.4217296 462004785 462127154 462127127
2779113290 -22.8065605 -43.4291145 462004604 462129333 2779113284
462129247 -22.80652 -43.4298768 462129234
462004008 -22.8065138 -43.4262595 462004964
462004959 -22.8064677 -43.4267183 462004005 2778656056
462004004 -22.8063714 -43.4261736 462004008 803445941
462004005 -22.8063081 -43.4263453 462004004
803445941 -22.8062877 -43.4259735 803446524 803445936 462004004 2778656066
2779113284 -22.8062776 -43.4284627 2779113293 462129712 2779113290
462127127 -22.806253 -43.4209673 462127129 462004776 462126841 462126725
2778561147 -22.8062501 -43.4234585 2778561146
2779113293 -22.8061653 -43.4282038 2779113291 2779113284 2779113292
2778656066 -22.8061409 -43.4256226 2778656063 803445941 2778656067
462127170 -22.8061244 -43.4229416 462127154
2779113289 -22.8060785 -43.428282 2779113288
462126725 -22.8060745 -43.4205442 2777386320 462004104 462126730 462127127
2778561154 -22.8060626 -43.4230531 2778561153
2779113291 -22.80602 -43.4278689 1278066911 2779113293 1278066913
2778656063 -22.8060111 -43.4253123 2778656066 462004942 2778656064
2779113285 -22.805861 -43.4281479 462129661
2778656062 -22.8057973 -43.4278917 2778656060
462004942 -22.8057761 -43.4247505 2778656063 2778561140 462004941 462130027
462004604 -22.8057523 -43.4296896 1278066674 2780153544 2779113290 462129712
2778656056 -22.8056683 -43.4272855 462004959 2778656058 2778656060
2778561140 -22.8055807 -43.4242834 2778561141 462004942 462129930
2778656060 -22.8055596 -43.4273627 2778656062 462004958 2778656056
462127129 -22.8054994 -43.4215168 462127127
803445936 -22.8054786 -43.426509 803445941
462129712 -22.8054753 -43.4290319 462004604 2779113288 462129711 2779113284
462129930 -22.805423 -43.4239063 2778561140 2778561153 462129982
2778656058 -22.805385 -43.4266558 2778656056
2779113288 -22.8053709 -43.4287841 462129661 2779113289 462129712
2778656067 -22.805355 -43.4262005 2778656066
2777386320 -22.8053007 -43.4211037 462126725
2778561153 -22.8052963 -43.4236032 462004785 462129930 2778561154
462129661 -22.8052782 -43.4285641 462129688 2779113288 1278066913 2779113285
2777386322 -22.8052749 -43.4208422 2777386321
2777386324 -22.8052361 -43.4210524 462130406
1278066913 -22.8052271 -43.4284427 2779113291 462129661 462004958
2778656064 -22.8051976 -43.4258752 2778656063
2778656070 -22.8051939 -43.4260094 2778656069
2777386321 -22.8050469 -43.4203496 462004098 2777386322
462004785 -22.8049845 -43.4228578 2777386325 462004776 2778561153 2778561142
462004958 -22.8049534 -43.4277928 2779113286 2778656060 1278066913 2778656069
2778561141 -22.8048937 -43.4247828 2778561140
2779113287 -22.8048423 -43.4285476 2779113286
462130027 -22.8047687 -43.4254651 462129982 462004942 462004943
2778561143 -22.8047521 -43.4234741 2778561142
2777386325 -22.8047383 -43.4222692 462004785 803447521 2777386326
462129711 -22.8046923 -43.4295163 462129712
2778561142 -22.804626 -43.4231089 803447403 462004785 2778561143 2778561144
2779113286 -22.8046131 -43.4280419 462004958 2779113287 462129741
803447521 -22.8046014 -43.4219419 2777386325 462130406 803447511
462129735 -22.804542 -43.428718 462129736
462130406 -22.804472 -43.4216325 803447521 462004098 462130404 2777386324
2778561144 -22.8044357 -43.4226571 2778561142
2778656069 -22.8044301 -43.4265504 462004958 462004943 2778656070
462129741 -22.8044175 -43.4281851 462129736 2779113286 462129893
462129982 -22.8043868 -43.4246816 462129930 462129962 462130027
462129688 -22.8043758 -43.4291386 462129661
462129736 -22.8043322 -43.4282476 462129735 462129783 462129741
462004098 -22.8041923 -43.4209587 462130455 462003484 462130406
462004943 -22.804156 -43.4258997 462129773 2777402182 462130027 2778656069
462129893 -22.8040625 -43.4273439 462129825 462129741 2779113295
2777386326 -22.8040523 -43.4227242 2777386325
803447403 -22.8040218 -43.4235321 803447401 462004742 2778561142
2779113295 -22.8040006 -43.4271971 462129773 2779113294 462129893
2777402182 -22.8039124 -43.4253296 2777402183 462004943 462129962
462129783 -22.8038537 -43.4285979 462129736 462129825 462004952
803447401 -22.803817 -43.4230436 803447403
462129962 -22.8038131 -43.4250973 2777402182 462129982 2777402181 2777402179
462130455 -22.8037928 -43.4200736 462004098 460868218 462130457
1278066676 -22.8037599 -43.4299044 746990631 746985583 746990700
803447511 -22.8037577 -43.4225286 803447521
462130429 -22.803727 -43.4228043 462130431
2777402179 -22.8037203 -43.4248653 2777402180 462129962 462004742
462130404 -22.8036954 -43.422152 462130386 462130406
462129773 -22.8036197 -43.4262946 2779113295 462004943 462129827
462129825 -22.803512 -43.4277348 2779113294 462129783 462129893
462004952 -22.8035072 -43.4288516 462129783
2779113294 -22.8034475 -43.4275752 462129825 462129827 2779113295
746985583 -22.8034258 -43.4291275 1278066676 746990886
462004742 -22.8033553 -43.4239989 803447403 462003173 2777402179 462130431
462003168 -22.8033014 -43.4288172 2779113302
746990886 -22.8032478 -43.4290631 746985583 746990887
2777402183 -22.8032024 -43.4258081 2777402182
746990887 -22.8030895 -43.4291168 2779113308 746990886
462129827 -22.8030877 -43.4266863 2779113294 462129773 462004944
2777402185 -22.803059 -43.4260924 2777402184
462130431 -22.8030472 -43.4232675 462130210 462130429 462004742
2777402181 -22.8030219 -43.4256525 462129962
2777402180 -22.8030219 -43.4253602 2777402179
462130210 -22.8030105 -43.4231803 1278068048 462130255 462130431
462130132 -22.8029502 -43.4255989 462130041
1278068048 -22.8028776 -43.4228648 1278068054 462130210 462130386
462130386 -22.8028442 -43.4227855 462130404 1278068048 462003484
2779113302 -22.8028222 -43.4276819 462003168 2779113301 2779113304
803448163 -22.802787 -43.4251831 803448181
2779113301 -22.8027677 -43.4275529 2779113302 462004944
2779113308 -22.8026729 -43.4294125 2779113306 746990887 746992657
746992663 -22.8026247 -43.4299536 746992657
462003484 -22.8025654 -43.4221181 462130386 462130306
462004944 -22.8025645 -43.4270715 2779113301 2777402184 462004945 462129827
2779113306 -22.8024785 -43.4289338 2779113312 2779113308
803448679 -22.8024621 -43.4203292 803448712
746992657 -22.8024376 -43.4295795 2779113308 2779113310 746992663
2779113310 -22.8023934 -43.4296109 746985964 2779113312 746992657
2777402184 -22.802352 -43.4265739 462004944 2777402185 462130041
1278068059 -22.8023424 -43.4216022 462003484 462130343
462130255 -22.8022158 -43.423757 462130210 462130257
1278068054 -22.8022057 -43.4233384 1278068048
2779113312 -22.8021845 -43.429132 2779113305 2779113306 2779113310
462130457 -22.8021772 -43.421216 1278068059 462130455 462130293
462130257 -22.8021762 -43.4238429 462130255 462130259
462130041 -22.802159 -43.4261219 2777402184 462130133 803448181 462130132
2779113315 -22.8020903 -43.4289311 2779113313
1278068057 -22.8020771 -43.4233062 1278068050
2779113304 -22.8020705 -43.4282418 2779113302
803448181 -22.8019785 -43.4257035 803448163 2777402177 462130041 462003173
1278068046 -22.8019189 -43.4236495 1278068052
462130306 -22.8018749 -43.4226102 462003316 462130343
462003173 -22.8017609 -43.4251644 2777402178 803448181 462004742 462130149
2777402177 -22.8017475 -43.4258563 803448181 2777402176 2777402178
462004606 -22.801742 -43.4201987 803448712 462130457
1278068050 -22.8017359 -43.4235047 1278068057 1278067177
462130343 -22.8016145 -43.4221177 1278068059 462130306
2779113319 -22.8016007 -43.4285663 2779113317
462130293 -22.8015676 -43.4216429 462130294 462130457
1278068052 -22.801548 -43.4239124 1278068046 1278068044
2777402176 -22.8015408 -43.4259932 2777402177 2777402175
2779113305 -22.8015334 -43.429571 746985964 2779113312 2779137247
2777402178 -22.8015087 -43.4253387 2777402177 2777402175 462003173
2779137247 -22.8014982 -43.4294876 2779113305 2779113313 2779137246
462130133 -22.8014691 -43.4265993 462130041
462004945 -22.8014579 -43.4278044 462004944
1278068044 -22.8014491 -43.4240036 1278068052 1278068055
2779113313 -22.8014483 -43.4293691 746992646 2779137247 2779113315
462130149 -22.8014482 -43.4244358 462130148 462003173 462130259
462130259 -22.8014154 -43.4243591 462130257 1278068055 462130149
746992646 -22.8013911 -43.4292335 2779113313 746992644 2779113317
2777402175 -22.8013183 -43.4254835 462004799 2777402178 2777402176
1278068055 -22.8013091 -43.4241102 1278068044 1278068053 462130259 1278067177
746992623 -22.8012895 -43.4274216 746992624
1278068056 -22.801281 -43.4220456 1278068045
460878502 -22.8012457 -43.4201951 460878479 462710812
2779113317 -22.8012191 -43.4288257 746992646 746985965 2779113316 2779113319
746986766 -22.8012104 -43.4278079 746986767
1278067177 -22.8012076 -43.4238726 1278068050 1278068055 462003316 803448357
746986767 -22.8012005 -43.4280224 746986766 746985966
746985965 -22.8011609 -43.4286876 2779113317 746985966
1278068047 -22.8011573 -43.4216432 1278068051
462130294 -22.8011043 -43.420582 462004606 462130293
462004799 -22.8010623 -43.4256501 2777402175
746992624 -22.8010126 -43.426456 746992625 746992623
462003316 -22.8009499 -43.4232694 462130532 1278068049 1278067177
746985966 -22.8009334 -43.4281726 746985965 746985967 746986767 746992636
746992625 -22.8009235 -43.4264882 746992624 746992627
1278068045 -22.8009101 -43.4222601 1278068056 462130532
746992644 -22.8008148 -43.4296318 746992646
746992627 -22.8008148 -43.4266491 746992625 746992630
1704952548 -22.8008029 -43.4207641 462130294
2779137246 -22.8008021 -43.4299879 2779137245 2779137247
746985967 -22.800795 -43.4278508 746985968 746985966
462130148 -22.8007125 -43.4249329 462130149
746992630 -22.8006862 -43.4269925 746992627 746992631
746985968 -22.8006664 -43.4276147 746985967 746985969
747086266 -22.8006453 -43.4263206 747086267
462130532 -22.8006057 -43.4224636 1278068045 1278068051 1278068058
747086305 -22.8005761 -43.4256554 747086303
2779113316 -22.8005573 -43.4292852 2779113317
1704952547 -22.8005561 -43.4208334 1704952548
746992631 -22.8005081 -43.4270998 746992630 746985970
1278068053 -22.8004749 -43.4247171 1278068055
746985969 -22.8004686 -43.4272929 746985968 746985970
1278068051 -22.8004494 -43.4220977 2776903818 1278068047
2779137252 -22.8004361 -43.4297009 2779137251
746992636 -22.8004075 -43.4285507 746986768 746992635 746985966
1704952550 -22.8003536 -43.4209156 1704952547
2776903818 -22.8003404 -43.4218471 2776903819 462003178
803448357 -22.8003356 -43.424492 1278067177
746985970 -22.8003202 -43.427089 746985985 746992632 746985969 746992631
460878479 -22.8003082 -43.4205698 1704936469 460878502 462710105
1278068049 -22.8002879 -43.423735 462003483 462003316 1278068058
746985985 -22.8001916 -43.4269174 747086267 746985970
746992632 -22.8001224 -43.4271856 746992633 746985970
462003186 -22.8000981 -43.4211652 1704952548
1705199697 -22.800087 -43.4212191 462003186
462003178 -22.8000862 -43.4212623 1705199697 1705199648
747086267 -22.8000747 -43.4266089 746985985 747086303 747086266
1704936622 -22.8000715 -43.4210423 1704952550
462003483 -22.8000178 -43.4239249 1278068049
