1194993245 -22.9199977 -43.3984793 1194993838 2933688101
2933676200 -22.9199495 -43.3978041 2933688103
2933688101 -22.9199347 -43.3987505 1425193146 2933676199
2933688102 -22.9199249 -43.398349 1194993245
2933676199 -22.919902 -43.3987941 2933676193
1194993838 -22.9198832 -43.3984912 1194993819
2933676198 -22.9198794 -43.3989356 2933676196
3641216792 -22.919875 -43.3983213 2933676197
2933676193 -22.9198738 -43.3988079 2938373341
1425193146 -22.9198713 -43.3990443 1194993177 2933676198
2933676197 -22.9198692 -43.3983758 2303458537
2933676196 -22.9198687 -43.398882 2933676194
1194993818 -22.9198668 -43.3982487 3641216792 2933688102
1194993845 -22.919858 -43.3978481 2933676200
2303458537 -22.9198459 -43.3984382 1194993805
2933676194 -22.9198416 -43.3988327 2933676189
2938373341 -22.9198307 -43.3987995 2933676189
1194993805 -22.919812 -43.3984737 1194993819
2933676190 -22.9198006 -43.3981348 1194993818
1194993177 -22.9197965 -43.3993047 1194993228 1425192726
1194993228 -22.9197965 -43.399084 1194993260
1194993260 -22.9197756 -43.3988372 2933676189
1194993830 -22.9197668 -43.397865 1194993845
1194993819 -22.91976 -43.3984909 2933676188
2933676189 -22.9197512 -43.3987485 1194993280
1425192726 -22.919738 -43.3995554 1194993177 1420076756 1425193988
2933676188 -22.919714 -43.3984833 1194993842
1420076756 -22.9196854 -43.3997067 1425193361 1425192726
1194993280 -22.9196639 -43.3985808 1194993151
1194993188 -22.9196617 -43.3979775 2933676190
2970318288 -22.9196561 -43.3917684 2954322512 1420058187
1194993842 -22.9196523 -43.3984644 1194993151
1420058028 -22.9196479 -43.3944003 1425224501
1420058187 -22.9196477 -43.3919819 1194993803 3641069007 2970318288
2954322512 -22.9196459 -43.3915174 2303458538 2970318288
1194993846 -22.9196333 -43.3978575 1194993830
2303458538 -22.9196188 -43.391194 1194993800 2954322512
1425224501 -22.9196157 -43.3944754 1420058028 1420058034
1194993803 -22.9196101 -43.392177 1194993804
1194993800 -22.919608 -43.3910725 2305222532 2303458538
2305222532 -22.9195642 -43.3906069 1420058211 1194993800
1420058034 -22.9195601 -43.3952298 1420058057 1194993171 1425224501
3641216791 -22.9195492 -43.3978876 1194993188
1194993151 -22.9195483 -43.3984004 1194993832
1420058211 -22.9195445 -43.3903269 2954322508 2305222532
3641216790 -22.9195429 -43.3978451 1194993846
1194993202 -22.9194098 -43.3977977 3641216791 3641216790
3641069011 -22.9193602 -43.397782 1194993202
1194993825 -22.9193106 -43.3977791 3641069011
1194993804 -22.9192788 -43.3930767 2933676182
3641069010 -22.9192669 -43.3977914 1194993825
2933676181 -22.9192285 -43.3978171 3641069010
1194993832 -22.9192015 -43.3980393 1194993808 3641069006
3641069009 -22.9191986 -43.3978539 2933676181
1194993808 -22.9191814 -43.3979954 3641069008
2305222548 -22.9191799 -43.3978985 3641069009
3641069008 -22.919174 -43.3979471 2305222548
2933676182 -22.9191697 -43.3933945 3641069005
3641069007 -22.9191022 -43.392022 3641069001 1420058187
3641069006 -22.9190979 -43.3979602 2938370797
2305222551 -22.9190577 -43.3976558 1194993202
3641069005 -22.9190569 -43.3938899 1194993816
1194993816 -22.9190344 -43.3940303 1194993802
1194993802 -22.9189915 -43.3945222 3641069004
3641069004 -22.9189513 -43.3947396 2933676178
2933676178 -22.9189037 -43.3948948 2933676177
1194993163 -22.9188839 -43.3975653 2305222551
2933676177 -22.9188619 -43.3950058 1194993171
2938370797 -22.9187867 -43.3976387 3641069003
1194993171 -22.9187794 -43.3951587 2305222546 1420058034
2933676176 -22.9187523 -43.3974531 1194993163
2305222546 -22.9186734 -43.3952971 2933676172
1194993211 -22.918622 -43.3973107 2933676176
3641069003 -22.9185556 -43.3973476 3641069000
2933676172 -22.9185502 -43.3954615 1194993219
3641069002 -22.9185307 -43.3971853 1194993211
3641069001 -22.9184961 -43.3920748 3641068996 3641069007
1194993219 -22.918452 -43.3956071 2303458521
3641069000 -22.9184516 -43.3971837 3641068998
3641068999 -22.9184442 -43.3970293 3641069002
2303458521 -22.9183991 -43.3957169 1194993243
1194993279 -22.9183712 -43.3968425 3641068999
1194993243 -22.9183493 -43.3958671 2303458524
2933676164 -22.918325 -43.3966706 1194993279
2303458524 -22.9183143 -43.3960136 1194993162
3641068998 -22.9183112 -43.396896 3641068997
1194993138 -22.9182922 -43.3964818 2933676164
1194993162 -22.9182898 -43.3961807 2303458530
2303458530 -22.9182802 -43.3963184 1194993138
3641068997 -22.9182326 -43.3966406 3641216788
3641216788 -22.9181366 -43.3964191 2303458533
3641068996 -22.917899 -43.3921268 1420058104 3641069001
3641216787 -22.917887 -43.3961598 3641216786 2303458533
3641216786 -22.9178759 -43.3963089 1194993278 3641216787
2303458533 -22.9178718 -43.3959536 3641216785 1420058090 3641216787
1420076660 -22.9177803 -43.3998949 1420076745
3641216785 -22.9177252 -43.395924 3641216784 2303458533
1420058090 -22.9177178 -43.3941666 2938246554 2303458533
3641216784 -22.9176876 -43.3959144 3641216785 2933676146
2938246554 -22.9176823 -43.3936964 2938246553 1420058090
2938246553 -22.9176757 -43.3936152 2938246554 1420058020
1194993278 -22.9176462 -43.3974279 3641216786 2938370760
1420058020 -22.9176419 -43.3931759 2938246544 2938246553
2933676146 -22.9176357 -43.3958914 476952169 3641216784
2938246544 -22.9176315 -43.3930584 2938246543 1420058020
2938246543 -22.917624 -43.3929722 1420058190 2938246544
1420058190 -22.9176145 -43.3928346 3641068995 2938246543
3641068995 -22.9175852 -43.3924309 1420058104 1420058190
1420058104 -22.9175659 -43.3921592 3641068995 3641068996 1420058174
1420058174 -22.9175543 -43.3919729 3641068994 1420058104 1420058027
3641068994 -22.9175524 -43.3919483 1420058141 1420058174
1420058141 -22.9175372 -43.3917491 3641068994 1420058160
1420058160 -22.9175173 -43.3914992 1420058141 1420058066
2938370760 -22.9175115 -43.3980811 1194993278 934570264
934570264 -22.9174976 -43.3981532 2938370760 2938370759
2938370759 -22.9174785 -43.3982732 934570264 2938370757
1420058066 -22.917432 -43.3902389 2304066159 1420058160
2938370757 -22.9174221 -43.3986554 2938370759 2933676144
2933676144 -22.9173957 -43.3988027 2938370757 1420076789
1420076789 -22.9172918 -43.3998901 2933676144 1420076717 1420076665
1420058027 -22.9167859 -43.3920398 1420058047 1420058045 1420058174
1420058047 -22.9167821 -43.392069 1420058027
1420058045 -22.9167717 -43.3918711 1420058027
2332497628 -22.9165154 -43.3903278 2332497662
1420058221 -22.9164208 -43.3900739 1420058168
1420076717 -22.9162532 -43.3998223 1420076763 1420076789
476952169 -22.9161562 -43.3948868 2938370735 1420061213 2933676146
1420061227 -22.9161363 -43.3989861 1420061224
2938370735 -22.9160579 -43.394258 1420058200 476952169
1420061213 -22.9160402 -43.3948028 476952169 3641222048 1420061244
1420061215 -22.9160306 -43.3966201 1420061247
1420061254 -22.9159537 -43.3974086 1420061237 1420061221
1420058200 -22.9158916 -43.3933256 2938370735 1420058007
1420061220 -22.9158578 -43.3953816 1420061244
1420061247 -22.9158463 -43.3966766 1420061215 1420061228 1420061221
1420058007 -22.9158418 -43.3930194 1420058050 1420058200 1420058166
1420058050 -22.9158345 -43.3929831 3641222049 1420058007
1420061221 -22.9157634 -43.3967059 1420061250 1420061247 1420061254
1420061205 -22.9157629 -43.3997701 1420061224
3641222049 -22.9157428 -43.3924175 1420058050 2933676142
1420061228 -22.9157399 -43.3962808 1420061247 1420061234
1420061244 -22.915737 -43.3952983 1420061213 1420061220 1420061231
2933676142 -22.9156907 -43.392096 3641222049 1420058140
1420061224 -22.9156891 -43.3990983 1420061205 1420061227 1420061242
1420061242 -22.9156622 -43.398873 1420061224 1420061256
1420058140 -22.915644 -43.3917308 1420058169 2933676142
1420058169 -22.9155916 -43.3913526 2954320394 1420058140
1420061237 -22.9155775 -43.3973727 1420061250 1420061254 1420061235
2954320394 -22.9155746 -43.3911865 476952163 1420058169
476952163 -22.9155364 -43.390721 2954320394 1420058205 2332497662
2332497662 -22.9155183 -43.3904742 1420058168 476952163 2332497628
1420061251 -22.9155004 -43.3958144 1420061257
1420058168 -22.9154942 -43.3901641 2334970598 1420058111 2332497662 1420058221
1420061250 -22.9154255 -43.396806 1420061221 1420061234 1420061237
2334970598 -22.9153929 -43.3901898 1420058168 1420058152
3641222048 -22.9153868 -43.3943743 1420061213 1420061222
1420061231 -22.9153515 -43.3950328 1420061244
1420061234 -22.9153173 -43.3964033 1420061228 1420061250 1420061246
1420061229 -22.9152844 -43.3949784 1420061258
1420061222 -22.9152301 -43.3942715 1419958027 3641222048 1420061258
1420061235 -22.9152054 -43.3973372 1420061237 1420061246
1420061256 -22.9150728 -43.3989878 1194993209 1194993221 1420061242
1194993209 -22.9149872 -43.398436 1424986373 1420061256
1420061246 -22.9149863 -43.3965118 1420061240 1420061234 1419957805 1420061235
1420061258 -22.9149544 -43.3947546 1420061229 1420061222
1420061257 -22.9149216 -43.3960021 3641222047 1420061251
3641222047 -22.9148902 -43.3960314 1420061257 1420061236
1420061240 -22.9148824 -43.3961205 1420061246 1420061236
1420061236 -22.9148755 -43.3960747 1420061240 3641222047
1419958027 -22.9147936 -43.3939711 2938246474 1420061222
1420058166 -22.9147783 -43.3930447 1420058007
2938246474 -22.9146714 -43.3938806 1419957891 1419958027
1424986373 -22.9145865 -43.397039 1194993209 1424986384 1419957805
1420052254 -22.9145409 -43.3900274 1420052262
1419957891 -22.9145173 -43.393868 2938246474 1194993316 2938246470
1420058205 -22.9145133 -43.3908657 1420058171 476952163 1420058180
1424987280 -22.9144887 -43.3979485 1424986384
1419957805 -22.9144826 -43.3966632 1419957969 1424986373 1420061246
1420058171 -22.9144768 -43.3908307 2334970599 1420058205
2938246470 -22.9144703 -43.3935346 1420058039 1419957891
1420058152 -22.9144683 -43.390715 2334970599 2334970598 1420058180
2334970599 -22.9144575 -43.3907692 1420058171 1420058152
1420052249 -22.9143988 -43.3904135 1420052241
1420052241 -22.9142778 -43.3902571 1420052249 1420052219 1420052292
1424986384 -22.9142694 -43.397138 1424987280 1424986373 2940036549
1420058039 -22.9142677 -43.3926092 2938246466 2938246470
1419957969 -22.914231 -43.3958247 1194993316 1424986386 1419957805
1420052219 -22.9142281 -43.3901932 1420052263 1420052241 1420052280
2938246466 -22.9142012 -43.3925704 1420058039 1420058144
1420058180 -22.9141865 -43.3909083 1420058205 1420058152
2940036549 -22.9141239 -43.3971803 1424986384
1194993316 -22.9138758 -43.3941083 1419957891 1419957969 1420058144 1424987360
1420052292 -22.9138047 -43.3906652 1420052241 1420052263
1420052263 -22.9137141 -43.3905042 1420052219 1420052292
1420058144 -22.9135966 -43.392719 1424987509 1194993316 2938246466 1424986427
1420052206 -22.9135694 -43.3900635 1420052280
1424987357 -22.9133824 -43.395088 1424986481 1424985942
1424985942 -22.9133784 -43.3949855 1424987357 1424987360
1424986481 -22.9133476 -43.3951496 1424986405 1424987357
1424987509 -22.9133403 -43.3913761 1194993148 1420058144 1424986970
1424986405 -22.9132668 -43.3951917 1424985913 1424986481
1424987360 -22.913236 -43.3942793 2938246425 1194993316 1424985942 1424986427
1424986196 -22.9131534 -43.3967231 1424986386 1424986106
1424986106 -22.9131443 -43.3968269 1424986196 2940036538
2940036538 -22.9130943 -43.3969509 1424986106 1424986141
1424986386 -22.9130473 -43.3961146 1424986425 1419957969 1424986196
1424986141 -22.9130306 -43.3970364 1424987425 2940036538
1424987425 -22.9129647 -43.3970747 1424986141 1424987099
1424986427 -22.9129297 -43.3928801 1424986763 1420058144 1424987360 1424986970
1424985913 -22.9127907 -43.3953079 1424986822 1424986405
1424987099 -22.9127445 -43.3971276 1424987425 2938246424
2938246425 -22.9127224 -43.3941158 1424987136 1424987360
1424986822 -22.912687 -43.3953187 1424985913 1424986552
1424986970 -22.9126846 -43.3915468 1424986413 1424987509 1424986036 1424986427
2938246424 -22.9126409 -43.3971691 1424986367 1424987099
1424986136 -22.9126061 -43.3990904 1424986323 3641216774
1424986323 -22.9125888 -43.399185 1424986136 3641216773
3641216774 -22.9125747 -43.3989953 1424986136 1424986211
1424986552 -22.9125721 -43.3953086 2938246414 1424986822
1424986367 -22.9125625 -43.3972253 2938246424 1424986908
3641216773 -22.9125532 -43.3992439 1424986323 1424985948
1424986036 -22.9125336 -43.3908164 1424986970 1424987129
1424985948 -22.9125105 -43.3992821 3641216773 1424986065
1424987129 -22.9124955 -43.3907062 1424986036 1424987284
1424986908 -22.9124946 -43.3973117 1424986367 2938246415
1424986425 -22.9124921 -43.3962452 1424986978 1424986386 2940036529
1424987136 -22.9124844 -43.3940013 1424987396 2938246425 1424986763
1424986211 -22.9124838 -43.3986424 3641216772 3641216774
2938246415 -22.9124475 -43.3974022 1424986598 1424986908
3641216772 -22.9124373 -43.3983025 1424985892 1424986211
1424986598 -22.9124301 -43.3974966 1424985892 2938246415
1424986065 -22.9124263 -43.3993132 1424985948 1424985943
1424985892 -22.9124161 -43.3980792 1424986598 3641216772
1424987284 -22.9124148 -43.39064 1424987129 1424986249
2940036529 -22.9123942 -43.3961582 2940036505 1424986425
2938246414 -22.9123723 -43.3952361 1424986410 1424986552
1424986763 -22.9123065 -43.3930249 1424986413 1424987136 1424986427
1424986249 -22.9121888 -43.3905718 1424987284 1424987433 1424987126
1424986413 -22.9121532 -43.3922407 1424986763 1424987210 1424986970
1424987433 -22.912116 -43.3906308 1424986249 1424987121
1424987396 -22.9120839 -43.3937425 1424986266 1424987136
1424986410 -22.9120719 -43.3951522 1424985929 2938246414 1424985923
3039851998 -22.9119393 -43.3900493 3039851987 1424987126
1424986426 -22.9119046 -43.3984925 1424986216 1424987063
1424987063 -22.9118996 -43.3983859 1424986426 1424986520
1424986266 -22.9118705 -43.39368 1424985929 1424987396
1424986216 -22.911869 -43.3985882 1424986295 1424986426
1424987121 -22.9118281 -43.3909177 1424987490 1424987433
1424986295 -22.9118111 -43.3986516 1424985957 1424986216
1424986978 -22.911783 -43.3967943 1424986425 1424986253 1424986823
1424985929 -22.9117712 -43.3936871 1424986266 1424986410 1424986981
1424985957 -22.9117187 -43.3986919 1424986621 1424986295
1424986253 -22.9116999 -43.3968895 1424986978 1424986412
1424986412 -22.911663 -43.3969895 1424986520 1424986253
1424986520 -22.9116616 -43.3971152 1424987063 1424986412
1424985943 -22.9115889 -43.399446 1424986065 1424985921
1424987210 -22.9115641 -43.3919485 1424986413 1424986981
1424987490 -22.9114185 -43.3916839 1424985981 1424987121
1424985981 -22.9113923 -43.3917817 1424987490 1424986981
1424986981 -22.9113909 -43.3919061 1424985981 1424986143 1424985929 1424987210
1424985921 -22.911364 -43.3995928 1424985943 1424986389
1424986063 -22.9113443 -43.3989818 1424986621 1424986932
1424986621 -22.9113196 -43.398763 1424985957 1424987155 1424986063
1424986932 -22.9113168 -43.3991334 1424986063 1424986882
1424985923 -22.9113142 -43.3948435 2940036507 2940036506 1424986770 1424986410
1424986143 -22.9113096 -43.3920215 1424986981 2938246404
2940036507 -22.9113022 -43.3946984 1424986439 1424985923
3039851987 -22.9112845 -43.3906406 1424986497 3039851979 3039851998
1424986389 -22.9112771 -43.399594 1424985921 1424986882
2940036506 -22.911208 -43.3952231 2940036505 1424985923
1424986882 -22.9111909 -43.39955 1424986932 1424986389 1424986424
1424986424 -22.9111382 -43.3994916 1424986882 1424986906
2940036505 -22.9111006 -43.3956024 2940036506 1424987235 2940036529
1424986906 -22.9110937 -43.3994076 1424986347 1424986424
1424986439 -22.911071 -43.3935485 2940036507 1424987068 1424986587
3039851979 -22.9110334 -43.3902963 3039851987 1424986075 1424985883
1424986347 -22.9110025 -43.3990943 1424986906 1424986826
2938246404 -22.9109982 -43.3926609 1424986143 1424987068
1424986823 -22.9109293 -43.3964281 1424986978 1424987155
1424985883 -22.9109276 -43.3903869 1424987361 1424985983 3039851979
1424987068 -22.9109142 -43.3927688 1424986439 2938246404 1424986423
1424986497 -22.910879 -43.3910098 3039851987 1424985983 1424985962
1424987155 -22.9108567 -43.3964248 1424986767 1424986621 1424986823
1424987235 -22.9108541 -43.3955138 1424986428 2940036505
1424986428 -22.9107727 -43.3955022 1424986767 1424987235
1424986826 -22.9107035 -43.3986192 1424986347 1424987328
1424987361 -22.9106676 -43.390033 1424986137 1424987323 1424985883
1424986767 -22.9106624 -43.3955152 1424987155 1424986353 1424986428
1424986770 -22.9106342 -43.3945731 1424986525 1424985923
1424985983 -22.9106033 -43.390683 1424986497 1424987097 1424986492 1424985883
1424986525 -22.9105007 -43.3945301 1424986770 1424986096
2940036504 -22.9104255 -43.3973666 1424987102 1424987427
1424987427 -22.9104204 -43.3972828 2940036504 1424987033
1424986096 -22.9104118 -43.3945301 1424986062 1424986525
1424987328 -22.9103888 -43.3978018 1424986826 1424987335
1424987102 -22.9103756 -43.397588 1424987335 2940036504
1424987335 -22.9103677 -43.397703 1424987328 1424987102
1424985997 -22.9103418 -43.396154 1424986363 1424987196
1424987196 -22.9103285 -43.3960486 1424985997 1424986001
1424987033 -22.9102864 -43.3969858 1424986363 1424987427
1424987097 -22.9102848 -43.3909491 1424986263 1424985949 1424985983
1424986363 -22.9102714 -43.3968658 1424985997 1424987033
1424986353 -22.91024 -43.3956088 1424986767 1424985910
1424986001 -22.9102104 -43.3958014 1424987196 1424986452
1424985910 -22.9102033 -43.3956596 1424986353 1424986452
1424986452 -22.9101953 -43.3957272 1424986001 1424985910
1424986492 -22.9101454 -43.3900745 1424985983 1424986263 1424987323
1424986423 -22.9100275 -43.3929536 1424987436 1424985969 1424987068
1424986587 -22.9099846 -43.3937629 1424986439 1424986964
1424985949 -22.9099845 -43.3912317 1424986078 1424987097 1424986392
1424985962 -22.9099095 -43.3918894 1424986078 1424986497 1424985969
1424986062 -22.9099033 -43.3946011 1424986232 1424986096
1424986964 -22.9098888 -43.3938274 1424986587 1424986365
1424986263 -22.9098302 -43.3903599 1424987097 1424986392 1424986492
1424985969 -22.9097744 -43.3920347 1424985893 1424986423 1424985962
1424986232 -22.9097353 -43.3946118 1424986037 1424986062
1424986078 -22.9096587 -43.3915364 1424985950 1424985962 1424985949
1424985893 -22.9096449 -43.3921226 1424985953 1424985969
1424986037 -22.9096412 -43.3945923 1424987282 1424986232
1424985953 -22.909597 -43.3921338 1424985893 1424986149
1424986149 -22.909565 -43.3921161 1424987158 1424985953
1424987282 -22.9095603 -43.3945525 1424986037 1424987009
1424986392 -22.9095256 -43.3906477 1424985950 1424986263 1424985949
1424987009 -22.9095085 -43.3944957 1424987167 1424987282
1424987167 -22.9094714 -43.3944095 1424986365 1424987009
1424986365 -22.9094336 -43.3942523 1424986061 1424986964 1424987167
1424987436 -22.9094211 -43.3931223 2940036501 1424986423
2940036501 -22.9092792 -43.3932012 1424987436 2940036300
2940036300 -22.9092523 -43.3932338 2940036501 2940036299
2940036299 -22.9092394 -43.3932712 2940036300 1424986061
1424986061 -22.9092366 -43.393325 2940036299 1424986365
1424985950 -22.9091976 -43.390943 1424986895 1424986078 1424986392
1424986895 -22.9089957 -43.3906828 1424986461 1424987106 1424985950
1424987106 -22.9089194 -43.3905928 2938246195 1424986895 1424987457
1424987158 -22.9086385 -43.3909299 1424986170 1424986149
1424987457 -22.9086375 -43.3908467 1424987106 1424986170
1424986170 -22.9086286 -43.390888 1424987457 1424987158
2938246195 -22.9086233 -43.3902123 1424986808 1424985922 1424987106
