1757328374 -22.8199459 -43.594093 1757328364 1757328458 1757328522 1757328722
1760729737 -22.8199339 -43.5991727 1760729461 1760729728
1760729644 -22.8199181 -43.5978753 1760729555
1757328467 -22.8199019 -43.5921304 1757328753 1757328482
1757328721 -22.8198871 -43.5931121 1757328458 1757328663
1760729525 -22.8198192 -43.5999996 1760729742 1760729691 1760729686 1760729473
1757328458 -22.8198142 -43.5932298 1757328374 1757328721 1757328383
1760729728 -22.8197648 -43.5988409 1760729467 1760729737
1760729473 -22.8197599 -43.5997797 1760729525 1760729500
1760729467 -22.8197203 -43.5986531 1760729728 1760729623
1757328482 -22.8196411 -43.5921677 1757328467 1757328606
1757328561 -22.8195688 -43.5957994 1757328678 1757328781 1757328364
1757328383 -22.8195262 -43.5929833 1757328458 1757328381
1760729623 -22.819394 -43.597827 1760729467 1760729681
1757328606 -22.8193531 -43.5903601 1757328460 1757328655 1757328482
1760729500 -22.8193297 -43.5988355 1760729601 1760729473
1757328364 -22.819319 -43.5942028 1757328374 1757328381 1757328561 1757328610
1757328460 -22.819274 -43.5903977 1757328530 1757328606
1757328781 -22.8192344 -43.5959337 1757328629 1757328561 1757328692
1757328692 -22.8192197 -43.596147 1757328702 1757328742 1757328781
1760729681 -22.8191962 -43.5972691 1760729623 1760729520
1757328381 -22.8190972 -43.5927846 1757328530 1757328364 1757328414 1757328383
1760729477 -22.8190874 -43.5999996 1760729723 1760729640
1757328742 -22.8190723 -43.5961278 1757328692 1760729749 1757328599 590224371
1757328599 -22.8190626 -43.595912 1757328742 1757328480
1760729749 -22.8190479 -43.5964216 1757328742 1760729520
1760729520 -22.8190192 -43.5966729 1760729463 1760729749 1760729681
1760729601 -22.8189737 -43.5981113 1760729754 1760729500 1760729621
1760729511 -22.8188798 -43.5996831 1760729527
590224371 -22.8188579 -43.5961 1757328742 1760729740 590224379
1757328629 -22.81885 -43.5954936 1757328781 1757328610 1757328480
1760729463 -22.8188491 -43.5972479 1760729505 1760729740 1760729520
1760729640 -22.8188303 -43.5999084 1760729477 1760729527
1760729621 -22.8187908 -43.5976393 1760729601 1760729505
1760729527 -22.8187787 -43.5999316 1760729640 1760729662 1760729511 1760729775
1757328530 -22.8187746 -43.5907839 1757328381 1757328460 1757328672 1760905080
1760729505 -22.8187659 -43.5975289 1760729776 1760729463 1760729621
1757328480 -22.8187659 -43.5955741 1757328629 1757328631 1757328599
1760729662 -22.8187126 -43.5999613 1760729527 1760729754
1757328610 -22.8186559 -43.5943083 1757328629 1757328364 1757328638 1757328505
1757328505 -22.8185534 -43.5936268 1757328414 1757328610 1757328542
1760905080 -22.8185448 -43.5906064 1760905202 1757328530
590224379 -22.8185414 -43.5960571 590224371 1760729579
1760729740 -22.818504 -43.5971511 1760729463 1760729563 590224371
1757328414 -22.818446 -43.5929131 1757328381 1757328595 1757328505 1757328527
1760905202 -22.8184345 -43.5904404 1760905251 1760905080
1760729754 -22.8184182 -43.5998709 1760729475 1760729601 1760729662
1760729579 -22.8184097 -43.5960113 590224380 1760729719 590224379
1760729776 -22.8183764 -43.5988455 1760729505 1760729488
1757328527 -22.8183404 -43.5922107 1757328414 1757328783 1757328633
1760905251 -22.8183257 -43.5903116 1760905143 1760905202
590224380 -22.8182942 -43.5959712 590224381 1760729579
1760729719 -22.8182265 -43.5965577 1760729490 1760729734 1760729579
1757328633 -22.8182072 -43.5913254 1757328672 1757328527
1757328672 -22.8181676 -43.5912396 1757328530 1757328590 1757328633
590224381 -22.8181063 -43.5958318 590224380 1757328486
1760729488 -22.8180847 -43.5997413 1760729787 1760729776
1760729734 -22.8180628 -43.5970461 1760729649 1760729719 1760729664
1760729649 -22.8179106 -43.5974998 1760729593 1760729734 1760729752
1757328638 -22.8178277 -43.594463 1757328610 2325168285
1760729593 -22.8177684 -43.5980033 1760729641 1760729649 1760729608
2325168285 -22.8177345 -43.5944789 1757328638 1757328631
1757328631 -22.8176781 -43.5944904 1757328686 1757328486 1757328480 2325168285
1760729608 -22.8176288 -43.5984976 1760729773 1760729650 1760729593
1760729773 -22.8174936 -43.5983769 1760729683 1760729646 1760729608
1757328542 -22.817421 -43.5938145 1757328555 1757328505
1760729664 -22.8173865 -43.596443 1760729734 1760729533
1760729650 -22.8173184 -43.5994785 1760729781 1760729470 1760729608
1760729533 -22.8173175 -43.5963829 1760729491 1760729664
1757328555 -22.8173122 -43.593836 1757328686 1757328542
1757328595 -22.8173011 -43.5931228 1757328704 1757328414
1760729752 -22.8172431 -43.5969204 1760729649
1757328783 -22.8172084 -43.5924251 1757328785 1757328527
1760729683 -22.8172011 -43.598745 1760729648 1760729773 1760729470
1757328704 -22.8171985 -43.5931547 1757328595 1757328794
1760729491 -22.8171833 -43.5962659 1760729583 1760729533
1757328686 -22.8171787 -43.5938789 1757328794 1757328555 1757328631
1760729781 -22.8171739 -43.5999352 1760729658 1760729650 1760729498
1757328590 -22.8171577 -43.5920445 1757328672 1757328582
1760729583 -22.8171096 -43.5962016 1760729464 1760729491
1757328785 -22.8170749 -43.5924627 1757328783 1757328495
1757328582 -22.8170403 -43.5921355 1757328590 1757328495
1760905278 -22.8170352 -43.5903331 1760905189 1760905232
1760729641 -22.8169662 -43.5972691 1760729593
1757328486 -22.8169401 -43.5946302 590224381 1760729634 1757328631 1760729553
1760729470 -22.8169174 -43.5991019 1760729650 1760729683 1760729622 1760729498
1760729553 -22.8168881 -43.5947116 1760729490 1757328486
1760729722 -22.8168327 -43.596561 1760729472
1760729595 -22.8166695 -43.5970116 1760729494
1760729646 -22.8166526 -43.5976264 1760729648 1760729642 1760729773
1760729498 -22.8166289 -43.599465 1760729524 1760729781 1760729470 1760729528
1760729642 -22.8165978 -43.5975775 1760729646 1760729708
1760729490 -22.8165869 -43.5951024 1760729719 1760729464 1760729553
1757328794 -22.8165544 -43.5932623 1757328552 1757328686 1757328704
1760905232 -22.8165111 -43.5910573 1760905278 1760905102
1757328495 -22.8164807 -43.5925709 1757328785 1757328552 1757328582
1760729634 -22.8164666 -43.5941423 1757328486 1760729694 1757328680
1760729648 -22.8163586 -43.5979975 1760729683 1760729646 1760729622
1760729524 -22.8163494 -43.5998167 1760729457 1760729780 1760729498
1760729708 -22.8163143 -43.5973244 1760729516 1760729642 1760729619
1760729464 -22.8163099 -43.5954617 1760729583 1760729472 1760729490
1757328552 -22.8161304 -43.5928436 1757328794 1757328495 1757328680
1760729622 -22.816084 -43.5983441 1760729648 1760729470 1760729592
1760729619 -22.8160277 -43.5976948 1760729535 1760729592 1760729708
1760729472 -22.8160264 -43.5958295 1760729722 1760729494 1760729464
1760729592 -22.815756 -43.5980458 1760729622 1760729778 1760729619
1760729494 -22.8157543 -43.5961825 1760729516 1760729472 1760729595
1760729528 -22.8156905 -43.598621 1760729498
1760905102 -22.815627 -43.5921208 1760905232 1760905152
1757328680 -22.8156011 -43.5932505 1760729634 1757328552 1760905152 1760729558
1760729558 -22.8155817 -43.5933102 1760729771 1757328680
1760729457 -22.8155372 -43.5991038 1760729524
1760729694 -22.8154746 -43.5954254 1760729783 1760729634 1760729598
1760729516 -22.815461 -43.5965629 1760729783 1760729535 1760729708 1760729494
1760729526 -22.8154185 -43.5983742 1760729597
1760729535 -22.8151808 -43.5969264 1760729480 1760729516 1760729619
1760729613 -22.8151564 -43.598739 1760729659
1760905152 -22.8151534 -43.5927892 1757328680 1760905087 1760905102
1760729771 -22.8150833 -43.593937 1760729598 1760729701 1760729558
1760729757 -22.8149883 -43.5992057 1760729493
1760729704 -22.8149695 -43.5996716 1760729780 1760729565
1760729783 -22.8149692 -43.5961047 1760729694 1760729516 1760729624 1760729675
1760729480 -22.814929 -43.597253 1760729535 1760729624 1760729778
1760729778 -22.8149142 -43.5972803 1760729480 1760729592 1760729597
1760729565 -22.8148252 -43.5996134 1760729704 1760729506
1760905087 -22.8147778 -43.5924022 1760905152 590224384 1760729701
1760729597 -22.8146082 -43.5976496 1760729526 1760729659 1760729778
1760729598 -22.8145708 -43.5945977 1760729771 1760729694 1760729584 1760729675
1760905198 -22.8144573 -43.5905956 1760905135 1760905111 1760905185
1760729624 -22.8144325 -43.5967884 1760729783 1760729480 1760729654 1760729462
590224384 -22.8143681 -43.5919801 1760905182 1760905087
1760905182 -22.8143372 -43.591954 590224384 1760905094 1760905274
1760729659 -22.8143311 -43.5979974 1760729613 1760729493 1760729597
1760905094 -22.8142256 -43.5918598 1760905182 590224386 1760905187
1760729701 -22.8142088 -43.5931153 1760729771 1760729584 1760729508 1760905087
1760905187 -22.8142034 -43.5917812 1760905166 1760905094
590224386 -22.8141901 -43.5918299 1760905094 1760729699
1760905135 -22.8141736 -43.5903738 1760905095 1760905088 1760905198 1760905200
1760905166 -22.8141425 -43.5917117 1760905185 1760905187
1760729675 -22.8140593 -43.5952572 1760729598 1760729783 1760729507 1760729731
1760729493 -22.8140448 -43.5983565 1760729757 1760729506 1760729659
1760729462 -22.8139845 -43.5973764 1760729577 1760729624
1760729577 -22.8139252 -43.5973871 1760729625 1760729462
1760729699 -22.8138916 -43.5916679 590224386 1760905112 1760729716
1760905095 -22.8138806 -43.5901449 1760905135 1760905092 1760905085 1760905147
1760729625 -22.8138758 -43.5973657 1760729785 1760729577
1760905185 -22.8138425 -43.5915091 1760905166 1760905200 1760905198 1760905112
1760905112 -22.8137773 -43.5916059 1760729699 1760729636 1760905185
1760729584 -22.8136879 -43.5937818 1760729598 1760729590 1760729701 1760729731
1760729506 -22.8136295 -43.5988776 1760729495 1760729493 1760729565
1760729508 -22.8136285 -43.5925699 1760729716 1760729701
1760729654 -22.8135622 -43.5959739 1760729651 1760729624 1760729507
1760729507 -22.8135247 -43.5959388 1760729675 1760729654 1760729679
1760729495 -22.8135243 -43.5988217 1760729478 1760729506 1760729556
1760905200 -22.8135129 -43.5913267 1760905092 1760905135 1760905185
1760729636 -22.8134623 -43.5914351 590224388 1760905112 1760729656
1760729514 -22.8133912 -43.5998387 1760729466 1760892593
1760892593 -22.8133792 -43.5996837 1760729514 1760729497 1760892691
1760729716 -22.8133705 -43.5923555 1760729590 1760729656 1760729508 1760729699
1760729478 -22.8133615 -43.5992325 1760729497 1760729495 1760892529
1760729497 -22.8133566 -43.5993934 1760892593 1760729478
1760892529 -22.8132129 -43.5992809 1760892521 1760729478
1760905092 -22.8131939 -43.59115 1760905095 1760905105 1760905200
1760729731 -22.8131785 -43.5944367 1760729584 1760729574 1760729675 1760729679
1760729651 -22.813135 -43.5964798 1760729627 1760729654
1760729556 -22.8131251 -43.5986094 1760729495
1760729785 -22.8131103 -43.5966246 1760729627 1760729625
1760892521 -22.8131091 -43.5993882 1760892691 1760892529
1760729627 -22.8130955 -43.5965602 1760729651 1760729785
1760729656 -22.8130021 -43.5920493 1760729716 1760729636 1760729713
1760892691 -22.8129162 -43.5995652 1760892593 1760892521
1760905105 -22.8128707 -43.5909711 1760905222 1760905092 1760905085
1760729590 -22.8128631 -43.5930197 1760729584 1760729574 1760729716
590224388 -22.8128254 -43.5910896 1754885093 1760729636 1760905153
1760729679 -22.8126581 -43.5951139 1760729689 1760729507 1760729731 1754885244
1760905222 -22.8125457 -43.5907912 1760905276 1760905105 1760905294 1760905153
1760932903 -22.812511 -43.5965022 1760932694
1760905153 -22.8124695 -43.5909028 590224388 1760729501 1760905222
1754885244 -22.8124097 -43.5954399 1760729679
1760729574 -22.8123871 -43.593683 1760729590 1760729713 1760729731
1754885041 -22.8123241 -43.5955719 1760932707
1760932694 -22.8122934 -43.5956814 1760932903 1760932707
1760932707 -22.8122788 -43.595631 1760932668 1754885041 1760932694 1760933065
1760905276 -22.8122168 -43.5906091 1760905120 1760905222 1760905168
1760729713 -22.8120175 -43.593363 1760729574 1760729656 1754885204
1760905120 -22.8119075 -43.5904378 1760905276 1760905146 1760905176
1760905176 -22.811883 -43.5904243 1760905120 1760905151
1760933175 -22.8118632 -43.5967918 1760932668
1760933065 -22.8117446 -43.5948714 1760933103 1760932707
1760933103 -22.8116753 -43.5948392 1760933065 1760933062
1760729689 -22.8116704 -43.5941739 1760729679 1760729761
1760729501 -22.8116408 -43.5904678 590224391 1760729591 1760905153
1760933062 -22.8116259 -43.5948714 1760933108 1760933103
590224391 -22.8115991 -43.5904459 1760729501 1760905124
1760729761 -22.8115962 -43.5940719 1760729689 1760729736
1760905151 -22.8115906 -43.5902309 1760905188 1760905169 1760905176
1760729736 -22.8115863 -43.5939754 1760729761 1754885204
1754885204 -22.8115814 -43.5939058 1760729736 1760729713
1760932668 -22.8115737 -43.596551 1760933108 1760932665 1760932707 1760933175
1754885093 -22.8114923 -43.5928704 1754885100 590224388
1760729591 -22.8114835 -43.5906379 1760729700 1760729501
1754885100 -22.8114008 -43.5929803 1754885093 1760933069
1754885251 -22.8113787 -43.5941472 1760933268
1760729700 -22.8113786 -43.5907835 1760729591 1760729709
1760905188 -22.8113638 -43.5900809 1760905151
1760932665 -22.8112699 -43.5969474 1760932668 1760932938
1760932938 -22.8111907 -43.5969206 1760933067 1760932665
1760729639 -22.8111512 -43.5923017 1760729772
1760933067 -22.8110375 -43.5968187 1760933285 1760932938
1760905124 -22.8110167 -43.5901494 590224391 1754885168 1760905113
1760729772 -22.8110028 -43.5921676 1760729760 1760729639
1760729760 -22.8108792 -43.5920442 1760729772 1760729709
1760933108 -22.8108397 -43.5958477 1760933274 1760932668 1760933285 1760933062
1760933268 -22.8108266 -43.5949306 1760933274 1754885251
1760729709 -22.8106666 -43.5917116 1760729700 1760729760 1754885300
1760933069 -22.8106273 -43.593976 1760932715 1760933284 1754885100
1754885300 -22.810575 -43.5918189 1754885105 1760729709
1760933285 -22.8105014 -43.5963227 1760933067 1760933108 1760933319
1754885105 -22.8104885 -43.5919369 1754885300 1760932722
1760933274 -22.8103978 -43.5955237 1760933108 1760932666 1760933268
1760932722 -22.8102611 -43.5922106 1760933194 1760932640 1754885105
1760933319 -22.8101968 -43.5960408 1760933285 1760932666
1760932715 -22.8101968 -43.5935946 1760932756 1760933069
1760932666 -22.8100979 -43.5958852 1760933274 1760933001 1760933319
1760932640 -22.8100596 -43.5920172 1760932996 1760932722
1760932756 -22.8099496 -43.5934444 1760933194 1760932715
1760932996 -22.8098865 -43.5919046 1760932640 1754885153
1754885153 -22.8097469 -43.5917654 1754884982 1760932996
1754884982 -22.8096742 -43.5916603 1760933084 1754885153
1760933001 -22.8095936 -43.5955741 1760933287 1760932900 1760932666
1760933284 -22.8095886 -43.5953273 1760933287 1760932760 1760933069
1760933287 -22.8095688 -43.5954507 1760933001 1760933284
1760933194 -22.8095342 -43.593144 1760933034 1760932756 1760932722
1760933084 -22.8095243 -43.5915454 1754884982 1760932852
1760932760 -22.8095008 -43.5953271 1760933284 1760932873
1760933034 -22.8094332 -43.5932749 1760933194 1760932805
1760932852 -22.8093859 -43.5914542 1760933084 1760933277
1760932873 -22.8091844 -43.5950267 1760932760 1760933157
1760933277 -22.8091188 -43.5911646 1760932950 1760932852
3787324527 -22.8090264 -43.5913879 3787324526 1754885058
1760933157 -22.8089816 -43.5950159 1760932873 1760933020
1760933163 -22.8089777 -43.5906019 1760933224 590224394
1754885058 -22.80893 -43.5916388 1754885516 3787324527
1760932950 -22.808926 -43.591009 1760933224 1760933277
1754885516 -22.8088789 -43.5917385 1754885058
1760932900 -22.8088617 -43.5964807 1760933001 1760933165
1760933224 -22.808743 -43.5909017 1760933163 3787324526 1760932950
3787324526 -22.8086814 -43.5909819 1760933224 1760933229 3787324527
1760932805 -22.8086441 -43.5942974 1760933034
1760933020 -22.8086157 -43.5951125 1760933231 1760933157
1760933229 -22.8086115 -43.5910729 3787324526 1754884996 1760932944
1760932944 -22.8085267 -43.5910785 1760933229 1760932792
1760933231 -22.8084809 -43.5950699 1760933112 1760933020
1760932792 -22.8084562 -43.5910412 1760932944 1760933189
1754884996 -22.8082055 -43.5916013 1760933229 1754885077
1760933189 -22.8081904 -43.5908746 1760932792 1760933120
1754885077 -22.8081471 -43.5916768 1760933110 1754884996
1760933120 -22.8081101 -43.5907569 1760933189 1760933115
1761969266 -22.8080753 -43.5955042 1761969468 1761969406
1760933115 -22.8079172 -43.5905476 1760933235 1760933120
1760933165 -22.8077491 -43.597913 1760932941 1760932900
1761969406 -22.8077078 -43.5959629 1761969266 1761969327 1761969233
1761969265 -22.8075956 -43.5938895 1760933112
1760932762 -22.807576 -43.5900166 590224403 1760933241
1761969468 -22.807561 -43.5950638 1761969266 1761969299 1761969327
1760933235 -22.8075278 -43.5903113 1760933115 1760933241
1760933241 -22.8074287 -43.5902047 1760932762 1760933235 1754885556
1760933112 -22.8073992 -43.5941254 1760933231 1761969254 1761969265 1761969299
1761969327 -22.807211 -43.5955047 1761969406 1761969287 1761969468
1760933110 -22.8071359 -43.5930314 1760933233 1754885077
1760933233 -22.8070617 -43.5931065 1760933077 1760933110
1761969299 -22.8070465 -43.5945593 1761969468 1760933112 1761969373
1760933077 -22.8070073 -43.5931065 1760933061 1760933233
1760933061 -22.8069628 -43.5930743 1760933282 1760933077
1761969254 -22.8069487 -43.5937161 1760933112 1761969482 1761969392
1761969373 -22.8068889 -43.5947531 1761969414 1761969299
1761969233 -22.8068291 -43.5970599 1761969287 1761969406 1761973145
1761969414 -22.8068009 -43.5948613 1761969480 1761969373
1760932941 -22.8067156 -43.5992165 1760932624 1763138488 1760933165
1754885556 -22.8065474 -43.5913308 1754885263 1760933241
1761969482 -22.8065124 -43.5933196 1760932770 1761969251 1761969254
1754885263 -22.806488 -43.5913978 1760932864 1754885556
1761969480 -22.8063742 -43.5953862 1761969392 1761969414 1761969471
1761969287 -22.8063151 -43.5966335 1761969233 1761969237 1761969327
1760933282 -22.8063101 -43.5924788 1760933222 1760933061
1761973145 -22.8062061 -43.5978372 1761973166 1761969233 1761969407
1760932864 -22.806163 -43.5918402 1760932711 1754885263
1760933222 -22.8061519 -43.5923233 1760932764 1760933142 1760933142 1760933282 1760932711 1760932711
1760932770 -22.806142 -43.5929831 1761969482 1760933226
1760932764 -22.806137 -43.5924788 1760933222 1762281126 1760933226
1760932711 -22.8061321 -43.5919263 1760933222 1760932864 1760933142 1760933222
1754885007 -22.8061196 -43.5909767 1754885382 1760932954
1761969237 -22.8060725 -43.5964322 1761969287 1761969417
1760933226 -22.8060579 -43.5929563 1760933275 1760932764 1760932770 1762281239
1754885382 -22.8060578 -43.5910572 1754885007 1760933056
1762281126 -22.806028 -43.5925965 1760932764 1762281153
1762281239 -22.8060228 -43.5928076 1762281153 1760933226
1760933275 -22.8059887 -43.5930797 1761969427 1760933226
1761969417 -22.8059885 -43.5963625 1761969355 1761969237
1761973166 -22.8059341 -43.5976231 1761973145
1761969392 -22.8059319 -43.5950065 1761969480 1761969251 1761969408 1761969254
1762281153 -22.8059242 -43.5926608 1762281126 1762281211 1762281239
1763138488 -22.8059091 -43.5984183 1760932941 1761969407
1761969355 -22.8058549 -43.5962659 1761969471 1761969417
1754885398 -22.8058452 -43.5907085 1754885008 1760933113
1761969407 -22.8058151 -43.5983252 1760933324 1763138488 1761973145
1754885008 -22.8057883 -43.5907809 1754885398 1760932846
1760933056 -22.8057513 -43.5914703 1754885382 1760933071
1760933142 -22.8057414 -43.5919478 1760933222 1760933222 1760932711 1762281243
1761969471 -22.8057202 -43.5961945 1761969480 1761969449 1761969355
1762281211 -22.8057016 -43.5924677 1762281255 1762281163 1762281153
1760933071 -22.8056475 -43.5915401 1760933056
1754885273 -22.8055501 -43.5904345 1754885268 1760932936
1761969251 -22.805501 -43.5946051 1761969482 1761969396 1761969392 1761969427
1754885268 -22.8054891 -43.5905127 1754885273 1760933225
1761969483 -22.8054791 -43.5972744 1761969239
1760932846 -22.8053953 -43.5912933 1754885008
1762281163 -22.8053555 -43.5921244 1762281244 1762281173 1762281211
1760933324 -22.8053319 -43.5978716 1760932994 1763138493 1761969407
1761969449 -22.8052836 -43.5967343 1761969332 1761969471
1762281173 -22.8052662 -43.5921263 1762281150 1762281163
1760932994 -22.805237 -43.5977896 1760933324 1763137317
1761969332 -22.8052143 -43.59682 1761969449 1761969239
1762281150 -22.8051673 -43.5921692 1762281134 1762281173
1754884975 -22.8051454 -43.5903062 1754885152 1760933121
1761969239 -22.8050984 -43.5969633 1761969483 1761969332 1761969420
1760933225 -22.8050887 -43.5910358 1754885268
1761969427 -22.805088 -43.5942204 1760933275 1761969251 1762281255 1760933015
1754885152 -22.8050762 -43.5903974 1754884975 1760932968
1760933015 -22.8050738 -43.5942384 1761969427 1761969368
1761969420 -22.8050093 -43.5969848 1761969418 1761969239
1761969408 -22.8049352 -43.5962713 1761969396 1761969392 1761969418
1754885208 -22.8048652 -43.5900375 1760933323 1754885408
1762281244 -22.8048214 -43.5916309 1762281129 1762281167 1762281163
1754885408 -22.8047943 -43.5901211 1754885208 1760932688
1760932968 -22.8047722 -43.5908105 1754885152
1762281255 -22.8046715 -43.5938382 1762281203 1762281134 1761969427 1762281211
1762281243 -22.8046039 -43.5909189 1760932629 1760933142 1762281167
1761969396 -22.8045198 -43.5959065 1761969251 1761969408 1761969368
1761969418 -22.8045148 -43.5967809 1761969409 1761969408 1761969323 1761969420
1760932688 -22.8044854 -43.5905369 1754885408
1763138493 -22.8043766 -43.5990931 1760933324 1763138483
1762281167 -22.8043665 -43.591191 1762281171 1762281244 1762281243 1762281246
1763137317 -22.8043016 -43.5974192 1760932994 1761969323 1763137309
1760933124 -22.8042628 -43.5901507 1760932674 1754885012
1760932674 -22.8042282 -43.5902633 1760933124
1762281134 -22.8042113 -43.5934159 1762281129 1762281255 1762281168 1762281150
1762281171 -22.8041734 -43.5911231 1762281207 1762281167 1762281191
1761969323 -22.8040948 -43.5973373 1763137317 1761969418 1760932754
1761969368 -22.8040767 -43.595517 1760933075 1761969396 1762281203 1760933015
1760932754 -22.8039909 -43.5972961 1761969323 1763137244
1762281191 -22.8039857 -43.5911427 1762281195 1762281171
1762281207 -22.8039805 -43.590989 1762281195 1762281171 1762281157
1763137244 -22.8039267 -43.5972604 1760932897 1760932754 1763137247
1762281157 -22.8039261 -43.5908174 1762281207 1762281253
1762281195 -22.8038917 -43.5911052 1762281207 1762281122 1762281191
1760932897 -22.803798 -43.5971888 1763137244 1763137297
1762281129 -22.8037366 -43.5929803 1762281134 1762281244 1762281246 1762281206
1760932629 -22.8036892 -43.5900917 1762269472 1760932837 1762281243
1762281203 -22.8036554 -43.5951315 1762281255 1762281224 1762281190 1761969368
1762281253 -22.8036445 -43.5905422 1762281157
1763137297 -22.803644 -43.5970036 1760932897 1763137347 1760932616
1762281122 -22.8035802 -43.5912876 1762281195 1762281124
1760932616 -22.8035705 -43.5969152 1763137297 1760932612
1760933075 -22.803526 -43.5962232 1762281226 1760933023 1761969368
1760932612 -22.8034518 -43.5966738 1762281165 1760932616
1762281165 -22.8034447 -43.5966273 1762281136 1763137229 1760932612 1760932606
1760933023 -22.803437 -43.5963841 1761969409 1760933075
1761969409 -22.8034349 -43.5964531 1761969418 1760932606 1760933023
1760932606 -22.8034321 -43.5965451 1762281165 1761969409
1762281124 -22.8034318 -43.5913305 1762281122 1762281127
1762281205 -22.803422 -43.5943345 1762281215 1762281168
1762281168 -22.80342 -43.5944314 1762281134 1762281205 1762281190
1762281215 -22.8033873 -43.5942326 1762281205 1762281184
1762281226 -22.8033527 -43.5963194 1762281136 1760933075
1762281184 -22.8032832 -43.5941004 1762281132 1762281215
1762281246 -22.8032599 -43.5925429 1762281129 1762281210 1762269401 1762281167
1762281136 -22.8032291 -43.5963086 1762281226 1762281165 1763137239
1762281190 -22.803214 -43.5946958 1762281168 1762281203 1762281208
1762281206 -22.8031796 -43.5937015 1762281132 1762281129
1763137309 -22.8031353 -43.5989643 1763137317 1763137247
1763137239 -22.8031348 -43.5962489 1762281136 1762281188 1763137238
1762281188 -22.8030511 -43.596196 1762281166 1763137239
1762281127 -22.8030511 -43.5917864 1762281124 1762269401
1762281132 -22.8030459 -43.5938965 1762281152 1762281206 1762281184
1762281224 -22.8030214 -43.5959385 1762281203 1762281166
1762269489 -22.8029621 -43.5902203 1762269453
1762281166 -22.8028787 -43.5961457 1762281224 1762281182 1762281241 1762281188
1762281208 -22.802874 -43.5951154 1762281254 1762281161 1762281190
1763137247 -22.8028713 -43.5986618 1763137347 1763137314 1763137309 1763137244
1762281182 -22.8028431 -43.5959779 1762281166 1762281234
1762269453 -22.8028222 -43.590109 1762269261 1762269489 1762269526
1762281241 -22.8028184 -43.5961281 1763137202 1762281166
1762269401 -22.8028038 -43.5921244 1762281160 1762281138 1762281246 1762281127
1763137300 -22.8027941 -43.5993237 1763137289 1763137268
1763137268 -22.8027803 -43.5994042 1763138484 1763137300
1762281254 -22.8027791 -43.5951017 1762281208 1762281152
1762281234 -22.8027546 -43.5958151 1762281182 1762281161
1763137289 -22.8027506 -43.5992379 1763137314 1763137300
1763137202 -22.8026676 -43.5961067 1762281222 1763137253 1762281241
1763137347 -22.8026163 -43.5983697 1763137229 1763137288 1763137247 1763137297
1763137314 -22.8025478 -43.5990555 1763137289 1763137247 1763137219
1762281161 -22.8024678 -43.5956166 1762281234 1762281154 1762281208
1762281222 -22.802403 -43.5960691 1763137202 1763137299
1762281152 -22.802357 -43.5947094 1762281254 1762281210 1762281132
1763137229 -22.802335 -43.5980474 1763137287 1762281165 1763137347 1763137238
1762281138 -22.8023269 -43.5917198 1762269311 1762269401 1762281186
1762281154 -22.8023091 -43.5955166 1762281197 1762281161
1762269526 -22.8022893 -43.5908335 1762269569 1762269453
1762269311 -22.8022601 -43.5916631 1762269291 1762281138
1762269569 -22.8022255 -43.5908533 1762269335 1762269526
1762269252 -22.8021976 -43.5902785 1762269261 1762269385 1762269400
1762269335 -22.8021513 -43.5907943 1762269569 1762269538
1762269291 -22.8021414 -43.5914699 1762269515 1762269311
1762269400 -22.8021266 -43.5902203 1762269252 1762269274 1762269385
1762269515 -22.802087 -43.59125 1762269577 1762269309 1762269447 1762269291
1762269385 -22.8020722 -43.5904402 1762269612 1762269252 1762269400
1762269447 -22.8020573 -43.5910354 1762269538 1762269515
1762269538 -22.8020462 -43.5907906 1762269335 1762269612 1762269447
1762269612 -22.8020425 -43.5907085 1762269605 1762269385 1762269538
1763137238 -22.8020361 -43.597705 1763137229 1763137246 1763137239
1763137299 -22.8020188 -43.5960484 1763137271 1762281222 1763137292
1762269577 -22.8020029 -43.5912178 1762269399 1762269515
1763137292 -22.801994 -43.5961748 1763137216 1763137299
1762281210 -22.8019189 -43.5943024 1762281152 1762281164 1762281246
1763137246 -22.8018793 -43.5979129 1763137253 1763137312 1763137238
1762269274 -22.8018689 -43.5900449 1762269246 1762269556 1762269400
1762281186 -22.8018101 -43.5923443 1762281198 1762281138
1762281160 -22.8018074 -43.5933994 1762281193 1762281217 1762269401
1762269309 -22.8018016 -43.5916202 1762269590 1762269439 1762269515
1763137288 -22.8016172 -43.5996563 1763137315 1763137347 1763137287
1762269439 -22.8015705 -43.59192 1762269572 1762269477 1762269309
1762281198 -22.8015282 -43.5926769 1762281193 1762281186
1763137271 -22.8015103 -43.5960209 1763137327 1762281158 1763137299
1763137253 -22.8015007 -43.5975867 1763137202 1763137246 1763137216 1763137257
1762281164 -22.8014936 -43.5938947 1762281210 1762281217
1762281217 -22.8014733 -43.5938268 1762281232 1762281160 1762281164
1762269605 -22.801454 -43.5907321 1762269612 1762269399
1762281232 -22.8013935 -43.5939227 1762281197 1762281217
1762269399 -22.8013403 -43.5907138 1762269578 1762269605 1762269590 1762269577
1763137287 -22.8013387 -43.5993532 1763137301 1763137229 1763137288 1763137312
1762269477 -22.8013264 -43.5922365 1762269579 1762269283 1762269439
1762281193 -22.8013106 -43.5930095 1762281160 1762281236 1762281198
1762281158 -22.8013101 -43.5960101 1763137271 1762281214
1763137216 -22.8011439 -43.5972792 1763137253 1763137327 1763137198 1763137292
1762281214 -22.8011425 -43.5959653 1762281238 1762281158
1762269590 -22.8011023 -43.5910892 1762269306 1762269572 1762269309 1762269399
1762281197 -22.8010683 -43.5943131 1762281232 1763137264 1762281154
1762269283 -22.8010535 -43.5925267 1762269532 1762269621 1762269477
1763137312 -22.8010264 -43.5990133 1763137287 1763137280 1763137246
1762281238 -22.8009491 -43.5958331 1762281219 1762281214
1763137280 -22.8009397 -43.5991252 1763137220 1763137312 1763137257
1762269572 -22.8008909 -43.5914227 1762269590 1762269579 1762269322 1762269439
1762281236 -22.800797 -43.5936516 1762281220 1762281193
1762269621 -22.800782 -43.5928194 1762269297 1762269289 1762269283
1763137327 -22.8007775 -43.5969634 1763137232 1763137271 1763137216
1762281220 -22.8007074 -43.5937637 1762281169 1762281236
1762269579 -22.8006817 -43.5917525 1762269243 1762269572 1762269532 1762269477
1762281219 -22.8005634 -43.5954898 1763137307 1762281238
1763137257 -22.8005615 -43.5987958 1763137280 1763137253 1763137198 1763137293
1762269289 -22.8005043 -43.5931189 1762269588 1762281162 1762269621
1762269578 -22.800465 -43.5900379 1762269306 1762269591 1762269399
1762269532 -22.8004627 -43.5920981 1762269579 1762269297 1762269229 1762269283
1763137264 -22.8003578 -43.5951878 1762281197 1763137307
1763137307 -22.8003452 -43.5952135 1762281169 1762281219 1763137254 1763137264
1762281162 -22.8003108 -43.5933275 1762269539 1762269289
1762269297 -22.8002527 -43.5924293 1762269532 1762269588 1762269621 1762269469
1762269539 -22.8002326 -43.5934119 1762269429 1762281162 1762269583
1762269306 -22.8002255 -43.5904138 1762269590 1762269578 1762269322
1763137198 -22.800211 -43.5984905 1763137232 1763137338 1763137216 1763137257
1762269429 -22.8000446 -43.5936372 1762269539 1762269299 1762269599
1762269588 -22.8000446 -43.5927574 1762269250 1762269297 1762269289 1762269583
1762269322 -22.8000127 -43.590748 1762269243 1762269306 1762269572
