1065032425 -22859835 -43208843 1065032487
1065032487 -22859400 -43208747 1065032425 1065032176
1065032176 -22859113 -43208639 1065032487 1065032286
1065032286 -22858945 -43208543 1065032176 1065032393
1065032393 -22858688 -43208532 1065032199 1065032286
1065032199 -22858402 -43208564 1065032393 1065032285
1065032285 -22858174 -43208822 1065032199 1065032179
1065032179 -22857937 -43209251 1065032203 1065032285
1065032209 -22857799 -43209948 1065032203 1065032247
1065032203 -22857779 -43209734 1065032209 1065032179
