1654984157 -22859915 -43748639 1654984125 1654984194
1654984125 -22859318 -43748489 1654984157 1654984094
1654984094 -22858296 -43748303 1654984125 1654983968
2712369658 -22856637 -43743938 1655061581
1655061581 -22856525 -43744344 2712369658 2712369763
1654983968 -22856483 -43748315 1654984094 1654983819
2712369763 -22856245 -43745108 1655061581 2712369750
2712369750 -22856137 -43745304 2712369763 1655061578
1655061578 -22855972 -43745386 2712369710 2712369750
2712369710 -22855642 -43745435 1655061578 2712369639
2712369639 -22855265 -43745554 2712369710 2712369648
1654983819 -22853946 -43748053 1654983804 1654983968
1654983804 -22853326 -43748016 1654983819 1654983650
2712369648 -22851598 -43745910 2712369639 2712369787
1654983650 -22851122 -43747941 1654983804 1654983587
2712369787 -22849951 -43746085 2712369648 2712369704
2712369704 -22849707 -43746058 2712369787 1655061549
1655061549 -22849505 -43745893 2712369704 2712369717
1654983587 -22849090 -43747916 1654983650 1654983528
2712369717 -22848258 -43744865 2712369629 1655061549
1654983528 -22847483 -43747904 1654983587 1654983498
2712369629 -22847461 -43744142 2712369717 2712369754
1654983498 -22846576 -43747854 1654983528
2712369754 -22845866 -43742789 2712369629 2712369697
2712369697 -22844221 -43741374 2712369776 2712369754
2712369776 -22842959 -43740239 2712369697 2712369634
