3016959348 -22859611 -43558690 3016959347 3016959349
3016959349 -22859409 -43558966 3016959350 3016959348
3016959350 -22859206 -43559064 3016959349 3016959351
3016959351 -22858105 -43559934 3016959350 3016959352
3053724391 -22857578 -43550427 3053724389 3053724390
3053724390 -22857563 -43551180 3053724391 3053724388
3053724388 -22857507 -43551744 3053724387 3053724390
3053724387 -22857474 -43552166 3053724386 3053724388
3053724386 -22857433 -43552464 3053724387 3053724382
3053724385 -22857415 -43553125 3053724383 3053724384
3053724384 -22857370 -43552972 3053724385 3053724382
3053724383 -22857352 -43553395 3053724381 3053724385
3053724382 -22857352 -43552879 3053724386 3053724384
3053724381 -22857125 -43556354 3053724379 3053724383
3053724380 -22857073 -43556930 3053724379 3053724378
3053724379 -22857070 -43556745 3053724381 3053724380
3053724378 -22857040 -43557140 3053724376 3053724380
3053724377 -22856958 -43558549 3053724375 3053724376
3053724376 -22856943 -43558175 3053724377 3053724378
3053724375 -22856936 -43558775 3053724373 3053724377
3053724374 -22856914 -43559419 3053724373 3053724372
3053724373 -22856899 -43559270 3053724374 3053724375
3053724372 -22856865 -43559640 3053724374 3016959354
1779377834 -22855201 -43553165 1779377827 1779377829
1779377829 -22855152 -43553445 1779377834 1779377826
1779377827 -22855053 -43552706 1779377821 1779377834
1779377826 -22855015 -43553987 1779377816 1779377829
1779377821 -22854744 -43551947 1779377808 1779377827
1779377816 -22854608 -43554410 613518881 1779377826
1779377808 -22854480 -43551273 1779377803 1779377821
613518881 -22854398 -43554521 613518880 1779377816
613518880 -22854279 -43554628 613518881 3053724351
1779377803 -22854169 -43550279 1779377798 1779377808
3053724351 -22854071 -43554794 613518880 3053724339
3053724339 -22853537 -43554943 3053724334 3053724351
3053724337 -22853335 -43558632 3053724333 3053724336
3053724336 -22853325 -43558538 3053724337 3053724335
3053724335 -22853256 -43558438 3053724336 3053724332
3053724334 -22853131 -43555056 3053724324 3053724339
3053724333 -22852976 -43559366 3053724337
3053724332 -22852881 -43558093 3053724335 3053724331
3053724331 -22852822 -43557979 3053724332 3053724330
3053724330 -22852805 -43557945 3053724326 3053724331
3053724329 -22852781 -43557424 3053724328 3053724327
3053724328 -22852771 -43557288 3053724329 3053724325
3053724327 -22852755 -43557584 3053724326 3053724329
3053724326 -22852745 -43557769 3053724330 3053724327
3053724325 -22852679 -43557148 3053724328 3053724322
3053724324 -22852570 -43555179 3053724334 3053724323
3053724323 -22852384 -43555312 3053724321 3053724324
3053724322 -22852362 -43556841 3053724309 3053724325
3053724321 -22852302 -43555384 3053724318 3053724323
3053724320 -22852282 -43553497 3053724316 3053724319
3053724319 -22852261 -43553875 3053724314 3053724320
3053724318 -22852257 -43555388 3053724317 3053724315 3053724321
3053724317 -22852221 -43555392 3053724311 3053724318
3053724316 -22852213 -43553112 3053724313 3053724320
3053724315 -22852144 -43555568 3053724318 3053724312
3053724314 -22852127 -43554057 3053724319 3053724301
3053724313 -22852066 -43552802 3053724306 3053724316
3053724312 -22852028 -43555676 3053724315 3053724310
3053724311 -22851959 -43555244 3053724317 3053724303
3053724310 -22851892 -43555855 3053724307 3053724312
3053724309 -22851855 -43556422 3053724308 3053724322
3053724308 -22851829 -43556305 3053724309 3053724307
3053724307 -22851829 -43556001 3053724308 3053724310
3053724306 -22851820 -43552443 3053724305 3053724313
3053724305 -22851725 -43552215 3053724304 3053724306
3053724304 -22851602 -43551814 3053724302 3053724305
3053724303 -22851541 -43555113 3053724311 3053724300
3053724302 -22851471 -43551671 3053724304 3053724297
3053724301 -22851413 -43554442 3053724314 3053724299
3053724300 -22851261 -43554974 3053724298 3053724303
3053724299 -22851214 -43554621 3053724301 3053724298
3053724298 -22851135 -43554761 3053724296 3053724300 3053724299
3053724297 -22851030 -43551441 3053724294 3053724302
3053724296 -22851030 -43554828 3053724295 3053724298
3053724295 -22850605 -43554808 3053724296 3053724290
3053724294 -22850560 -43551167 3053724293 3053724297
3053724293 -22850261 -43551076 3053724294 3053724292
3053724292 -22849967 -43551130 3053724291 3053724293
3053724291 -22849650 -43551219 3053724289 3053724292
3053724290 -22849579 -43554820 3053724295 3053724288
3053724289 -22849479 -43551213 3053724291 3053724282
3053724288 -22849445 -43554882 3053724290 3053724287
3053724287 -22849348 -43555076 3053724286 3053724288
3053724286 -22849211 -43555369 3053724285 3053724287
3053724285 -22849054 -43555498 3053724286 3053724284
3053724284 -22848826 -43555640 3053724285 3053724283
3053724283 -22848482 -43555799 3053724284 3053724281
3053724282 -22848193 -43550797 3053724277 3053724289
3053724281 -22848172 -43555853 3053724278 3053724283
3053724278 -22847844 -43555890 3053724281 3053724276
3053724277 -22847787 -43550450 3053724268 3053724282
3053724276 -22847534 -43556030 3053724278
617016348 -22843933 -43550294 617016347 617016349
617016356 -22843784 -43552429 617016353 617016358
617016349 -22843784 -43550745 617016348 617016350
617016358 -22843774 -43552719 617016359 617016356
617016350 -22843715 -43551163 617016349 617016351
617016353 -22843685 -43551946 617016351 617016356
617016351 -22843685 -43551538 617016353 617016350
617016359 -22843656 -43552858 617016358 617016360
617016360 -22843438 -43552933 617016359 617016362
2353491330 -22843254 -43557433 2353491334 2353491347
2353491334 -22843242 -43557322 2353491340 2353491330
2353491340 -22843175 -43557208 2353491329 2353491334
2353491347 -22843165 -43557551 2353491330 2353491311
617016362 -22843151 -43552890 617016363 617016360
617016363 -22842983 -43552922 617016362 617016364
2353491311 -22842926 -43557644 2353491308 2353491347
2353491329 -22842869 -43556832 2353491319 2353491340
617016364 -22842736 -43553062 617016363 617016365
2353491319 -22842671 -43556671 2353491325 2353491329
2353491325 -22842384 -43556553 2353491322 2353491319
2353491308 -22842352 -43557847 2353491311 2353491328
2353491322 -22842233 -43556549 2353491345 2353491325
617016365 -22842103 -43553598 617016364 617016366
2353491328 -22841947 -43558062 2353491308 2353491337
2353491345 -22841910 -43556564 2353491310 2353491322
617016366 -22841876 -43553727 617016367 617016365
2353491335 -22841742 -43555052 2353491305 2353491333
2353491333 -22841739 -43555144 2353491335 2353491306
2353491305 -22841725 -43554854 2353491335 2353491316
2353491306 -22841690 -43555326 2353491333 2353491304
2353491310 -22841680 -43556506 2353491309 2353491345
617016367 -22841649 -43553695 2353491336 617016366
2353491337 -22841640 -43558180 2353491343 2353491328
3053682328 -22841564 -43553131 3053682327 3053682324
2353491309 -22841524 -43556424 2353491307 2353491310
2353491336 -22841524 -43553775 617016367 3053682325 3053682321
3053682327 -22841522 -43553357 3053682328 3053682322
2353491316 -22841519 -43554555 2353491314 2353491305
3053682325 -22841505 -43553806 2353491336 2353491317
3053682324 -22841503 -43552970 3053682328 3053682313
3053682322 -22841449 -43553594 3053682321 3053682327
3053682321 -22841447 -43553676 2353491336 3053682322
2353491304 -22841435 -43555845 2353491306 2353491313
2353491317 -22841435 -43553919 3053682325 2353491315
2353491314 -22841395 -43554299 2353491315 2353491316
2353491315 -22841378 -43554079 2353491317 2353491314
2353491307 -22841373 -43556292 2353491313 2353491309
2353491313 -22841346 -43556113 2353491307 2353491304
2353491343 -22841307 -43558248 2353491337 2353491323
3053682313 -22841284 -43552520 3053682324 3053682306
3053682306 -22841095 -43552100 3053682313 3053682295
2353491323 -22841020 -43558130 2353491343 2353491346
3053682295 -22840957 -43551926 3053682306 3053682284
3053682293 -22840942 -43551420 3053682285 3053682292
3053682292 -22840939 -43551340 3053682293 3053682288
3053682288 -22840898 -43551205 3053682292 3053682268
3053682285 -22840885 -43551607 3053682282 3053682293
3053682284 -22840881 -43551811 3053682295 3053682282
3053682282 -22840873 -43551703 3053682285 3053682284
2353491346 -22840852 -43558098 2353491320 2353491323
3053682268 -22840682 -43550777 3053682246 3053682288
2353491320 -22840436 -43558162 2353491346 2353491331
3053682246 -22840342 -43550167 3053682268 3053682241
2353493841 -22840029 -43556753 2353493850 2353493896
