3053723808 -22.83992 -43.5351885 3053723837 3053723745
3053723797 -22.8398413 -43.5364214 3053723784 3053723828
3053723792 -22.8397967 -43.5379904 3053723826 3053723780
3053723784 -22.8397258 -43.536447 3053723772 3053723797
3053723780 -22.8396812 -43.5376202 3053723792 3053723776
3053723776 -22.8396366 -43.5373554 3053723780 3053723770
3053723772 -22.8396025 -43.5365296 3053723784 3053723763
3053723770 -22.8395743 -43.5370961 3053723657 3053723776 3053723765
3053723765 -22.8395579 -43.5370279 3053723764 3053723770
3053723764 -22.83955 -43.5368201 3053723765 3053723763
3053723763 -22.8395474 -43.5366378 3053723764 3053723772
3053723745 -22.8394634 -43.5353081 3053723808 3053723720
3053723720 -22.839285 -43.5353251 3053723709 3053723745
3053723712 -22.8392404 -43.534861 3053723710 3053723703
3053723710 -22.8392351 -43.5347243 3053723712 3053723701
3053723709 -22.839222 -43.5352739 3053723703 3053723720
3053723703 -22.8391931 -43.5351315 3053723712 3053723709
3053723701 -22.83918 -43.5345876 3053723679 3053723710
3053723679 -22.8390383 -43.5344396 3053723668 3053723701
3053723668 -22.8389097 -43.5343655 3053723679 3053723646
3053723657 -22.8387863 -43.537547 3053723648 3053723770
3053723648 -22.838688 -43.5375832 3053723637 3053723657
3053723646 -22.8386604 -43.5343969 3053723633 3053723668
3053723639 -22.8385345 -43.5338929 3053723638 3053723622
3053723638 -22.8385292 -43.5339641 3053723639 3053723628
3053723637 -22.8385247 -43.5376476 3053723468 3053723648
3053723633 -22.8384898 -43.5343456 3053723621 3053723646
3053723628 -22.8384636 -43.534021 3053723638 3053723620
3053723622 -22.8384164 -43.5338046 3053723599 3053723639
3053723621 -22.8384059 -43.5342089 3053723615 3053723633
3053723620 -22.838398 -43.5340979 3053723615 3053723628
3053723615 -22.8383576 -43.5341574 3053723620 3053723621
3053723599 -22.8382615 -43.5337249 3053723579 3053723622
3053723579 -22.838091 -43.5336024 3053723553 3053723599
3053723553 -22.8379256 -43.5335198 3053723533 3053723579
3053723533 -22.8377288 -43.5334373 3053723474 3053723553
3053723474 -22.8374139 -43.5332095 3053723445 3053723533
3053723468 -22.8373964 -43.5387228 3053723637
3053723445 -22.8372958 -43.5331184 3053723415 3053723474
3053723415 -22.8372013 -43.5330699 3053723363 3053723445
3053723363 -22.8369389 -43.5330899 3053723415 3053723323
3053723323 -22.8367526 -43.5330529 3053723363 3053723200
3053723200 -22.8360178 -43.5327624 3053723323
3053722885 -22.8351384 -43.5397279 3053722882
3053722882 -22.835105 -43.5396675 3053722885 3053722876
3053722876 -22.8350791 -43.5396253 3053722866 3053722882
3053722866 -22.8350141 -43.5396112 3053722847 3053722876
3053722847 -22.8349492 -43.5396333 3053722725 3053722866
3053722725 -22.8348805 -43.5397018 3053722702 3053722847
3053722702 -22.8347673 -43.5399172 3053722725 3053722706
3053681651 -22.83305 -43.5391423 3053681648 3053681643
3053681649 -22.8330395 -43.5398826 3053681644 3053681648
3053681648 -22.8330395 -43.5396861 3053681649 3053681651
3053681643 -22.8329529 -43.5386013 3053681651 3053681431
3053681637 -22.8328637 -43.537579 3053681636 3053681430
3053681636 -22.8328558 -43.5378609 3053681637 3053681429
3053681431 -22.8328269 -43.5382026 3053681643 3053681429
3053681430 -22.8328269 -43.5373085 3053681637 3053681428
3053681429 -22.8328138 -43.5380745 3053681636 3053681431
3053681428 -22.8328086 -43.5370921 3053681430 3053681427
3053681427 -22.8327587 -43.53687 3053681428 3053681420
3053681420 -22.8326091 -43.5367219 3053681427 3053681386
3053681418 -22.8325409 -43.537579 3053681411 3053681417
3053681417 -22.8325304 -43.5379663 3053681418 3053681412
3053681412 -22.8324779 -43.5384133 3053681417 3053681408
3053681411 -22.8324779 -43.5371747 3053681406 3053681418
3053681409 -22.8324543 -43.5390996 3053681408 3053681404
3053681408 -22.832449 -43.538886 3053681409 3053681412
3053681406 -22.8324385 -43.5369554 3053681411 3053681397
3053681404 -22.8324149 -43.5394384 3053681409 3053681401
3053681401 -22.8323178 -43.5395865 3053681391 3053681404
3053681397 -22.8322627 -43.5367504 3053681389 3053681406
3053681391 -22.8321729 -43.5397366 3053681401 3053681364
3053681389 -22.8321105 -43.5365938 3053681379 3053681397
3053681386 -22.8320659 -43.5360955 3053681420 3053681370
3053681379 -22.831995 -43.5363489 3053681368 3053681389
3053681370 -22.8319058 -43.5359047 3053681353 3053681386
3053681368 -22.8318795 -43.5361297 3053681340 3053681379
3053681366 -22.8318527 -43.5380025 3053681363 3053681360
3053681363 -22.8318396 -43.5381819 3053681358 3053681366
3053681360 -22.831816 -43.5376921 3053681366 3053681333
3053681358 -22.8317976 -43.5383755 3053681337 3053681363
3053681355 -22.8317845 -43.5391699 3053681344 3053681352
3053681353 -22.8317746 -43.5357595 3053681336 3053681370
3053681352 -22.831774 -43.5389478 3053681338 3053681355
3053681344 -22.8317556 -43.5393949 3053681229 3053681355
3053681340 -22.8317404 -43.5359816 3053681368 3053681231
3053681338 -22.8317189 -43.5387884 3053681352 3053681337
3053681337 -22.8317136 -43.5385264 3053681338 3053681358
3053681336 -22.831709 -43.5357823 3053681353 3053681231
3053681333 -22.8317005 -43.5374159 3053681360 3053681215
3053681231 -22.831688 -43.5358335 3053681336 3053681340
3053681229 -22.8316769 -43.5395515 3053681344 3053681219
3053681219 -22.8315457 -43.5396967 3053681206 3053681229
3053681215 -22.8315063 -43.5372308 3053681200 3053681333
3053681206 -22.8314328 -43.5397451 3053681202 3053681219
3053681202 -22.8313961 -43.5398732 3053681204 3053681206
3053681200 -22.8313751 -43.5371027 3053681215 3053681192
3053681192 -22.8312675 -43.5369802 3053681200 3053681176
3053681176 -22.831026 -43.5368521 3053681158 3053681192
3053681158 -22.8307925 -43.5366357 3053681176 3053681146
3053681146 -22.8306245 -43.5363196 3053681158 3053681144
3053681144 -22.8306035 -43.5361744 3053681146 3053681139
3053681139 -22.8304933 -43.5360377 3053681136 3053681144
3053681136 -22.8304041 -43.5359865 3053681139 3053681133
3053681133 -22.8302755 -43.5359039 3053681136 3053681032
3053681032 -22.8302256 -43.5357615 3053681133 3053681031
3053681031 -22.8301679 -43.5355252 3053681029 3053681032
3053681029 -22.8301101 -43.5353629 3053681027 3053681031
3053681027 -22.8300235 -43.5351749 3053681029 3053681020
3053681020 -22.8298923 -43.5350041 3053681027 3053681016
3053681016 -22.8297585 -43.5348133 3053681020 3053681005
3053681005 -22.8296272 -43.5345314 3053681016 3053680993
3053680993 -22.8294986 -43.5343178 3053681005 3053680971
3053680971 -22.8293228 -43.5341128 3053680993 3053680942
3053680942 -22.8290394 -43.5338936 3053680971 3053680930
3053680930 -22.8288898 -43.5336971 3053680942 3053680920
3053680920 -22.8287507 -43.5331817 3053680930 3053680905
3053680905 -22.8285407 -43.5323958 3053680920 3053680902
3053680902 -22.8284777 -43.5318377 3053680896 3053680905
3053680896 -22.82842 -43.5314362 3053680902 3053680879
3053680879 -22.8281103 -43.5310034 3053680896 3053680861
3053680861 -22.8278479 -43.5305649 3053680853 3053680879
3053680853 -22.8277272 -43.5303741 3053680861 3053680848
3053680848 -22.8276169 -43.5303086 3053680853 3053680839
3053680839 -22.8273492 -43.5302688 3053680848 3053680597
3053680597 -22.8249113 -43.5303481 3053680839 3053680580
3053680594 -22.8249002 -43.531242 3053680590 3053680587
3053680590 -22.8248854 -43.531081 3053680581 3053680594
3053680587 -22.8248408 -43.5313749 3053680594 3053680567
3053680581 -22.8247814 -43.5308273 3053680590 3053680555
3053680580 -22.8247777 -43.5302554 3053680597 3053680571
3053680571 -22.8246886 -43.5301588 3053680563 3053680580
3053680567 -22.824659 -43.5314555 3053680559 3053680587
3053680563 -22.8246107 -43.5301145 3053680552 3053680571
3053680559 -22.8245476 -43.5313266 3053680567 3053680556
3053680556 -22.824466 -43.5311091 3053680559 3053680551
3053680555 -22.8244251 -43.5302635 3053680552 3053680581
3053680552 -22.824414 -43.5301709 3053680563 3053680555
3053680551 -22.8243991 -43.5308917 3053680548 3053680556
3053680548 -22.8243398 -43.5307628 3053680551 3053680534
3053680534 -22.8241505 -43.5306984 3053680548 3053680525
3053680525 -22.8240354 -43.5306903 3053680534 3053680518
3053680518 -22.8238535 -43.5307467 3053680525 3053680506
3053680506 -22.8236346 -43.5308232 3053680518 3053680478
3053680478 -22.8230147 -43.5308836 3053680470 3053680506
3053680477 -22.8230147 -43.5300984 3053680469 3053680485
3053680470 -22.8228625 -43.5307991 3053680467 3053680478
3053680469 -22.8228143 -43.5303319 3053680466 3053680477
3053680467 -22.8227623 -43.5307024 3053680470 3053680466
3053680466 -22.8227475 -43.5305655 3053680467 3053680469
