1777592256 -22.879992 -43.614913 1777592284 1777592253 1777592251 1777592280
1777592255 -22.8799872 -43.6141013 1777592236 1777592274 1777592251
1777592254 -22.8799773 -43.6125114 1777592271 1777592282 1777592246
1777592253 -22.8798455 -43.6152256 1777592250 1777592244 1777592256
1777592252 -22.879768 -43.6170039 1777592269 2604488724 1777592249
1777592251 -22.8796795 -43.6147386 1777592232 1777592255 1777592256
1777592250 -22.8795314 -43.6150531 1777592230 1777592253 1777592245
1777592249 -22.8794747 -43.6168716 1777592252 1777592280 1777592287
1777592287 -22.8794325 -43.6169535 1777592249 1777592242 1777592276
1777592246 -22.8793778 -43.6126305 1777592241 1777592254 1777592290
1777592245 -22.8793442 -43.6154167 1777592250 1777592237 1777592226
1777592244 -22.8792703 -43.6164534 1777592237 1777592253 1777592242
1777592242 -22.8791166 -43.6167815 1777592244 1777592222 1777592287
1777592241 -22.8790742 -43.6124458 1777592239 1542850278 1777592246
1777592240 -22.8790334 -43.6123142 1777592281 1542850278
1777592239 -22.8789673 -43.6130266 1777592241 1777592274 1777592236
1777592237 -22.8789429 -43.6162779 1777592224 1777592244 1777592245
1542850278 -22.8789236 -43.6123542 2604908796 1777592241 1777592240
3789776426 -22.8789139 -43.6197851 144372478
1777592236 -22.8788909 -43.6134422 1777592255 1777592239 1777592232
2441990153 -22.8788097 -43.6193588 3789776426 2441990152
1777592232 -22.878748 -43.6142189 1777592230 1777592251 1777592236
1777592230 -22.8786805 -43.6145859 1777592250 1777592232 1777592228
1777592228 -22.8786699 -43.6146436 1777592230 1777592226
144372479 -22.8786624 -43.6187563 2441990153
1777592226 -22.8786013 -43.6150095 1777592224 1777592245 1777592228
2441990141 -22.878417 -43.619392 144302283
1777592224 -22.8784136 -43.616011 1777592237 1777592226 1777592222
1777592222 -22.8783432 -43.6163866 1777592224 1777592220 1777592242
1777608590 -22.8783327 -43.6126157 1777608589
144302283 -22.8782543 -43.6188011 2441990154
144372480 -22.8782543 -43.6174526 144372479
1777592220 -22.8781813 -43.6163291 1777592218 1777592222
2506897067 -22.8779868 -43.6167449 144372480
2441990154 -22.8779698 -43.6178718 2506897037
1777592218 -22.8778707 -43.6164378 2506897067 1777592220
2506897037 -22.8778294 -43.617469 144302282
1777608589 -22.8778017 -43.6154104 1777608590 1777608588
1777608588 -22.8777252 -43.6155589 1777608589 1777608586
144302282 -22.8776395 -43.6169452 2441990172
1777608587 -22.8775781 -43.6119434 1777608581 1777608585
1777608586 -22.8775379 -43.6156767 1777592218 1777608588
2441990172 -22.8773473 -43.6162641 1753575077 2441990171
1777608585 -22.8772482 -43.6138604 1777608584 1777608587
2604908796 -22.8772234 -43.6112384 2604908795 1542850278
1777608584 -22.8771396 -43.6139826 1777608585 1777608583
2441990161 -22.8770616 -43.6147049 1777608586
1777608583 -22.8769185 -43.6140647 1777608584 1777608582
1777608581 -22.8768016 -43.6132883 1777608587
1777608582 -22.8767756 -43.6141214 2441990161 1777608583
2441990162 -22.876364 -43.6133989 2441990161
2441990163 -22.87627 -43.6132748 2441990162
2441990164 -22.876204 -43.613239 2441990163
2441990165 -22.8761659 -43.613239 2441990164
1753575099 -22.8761325 -43.6128378 1777608582
2441990166 -22.8761278 -43.6132583 2441990165
2441990167 -22.8761023 -43.6132941 2441990166
2441990171 -22.8760896 -43.6134706 2441990170
2441990168 -22.8760871 -43.6133272 2441990167
2441990170 -22.8760795 -43.61341 2441990169
2441990169 -22.8760795 -43.6133686 2441990168
1753575102 -22.8759556 -43.6124669 1753575099
1753575077 -22.8758923 -43.6132388 1753575117
1753575117 -22.8757005 -43.612824 144302280
144372482 -22.8753569 -43.6112118 1753575102
1757191908 -22.8619586 -43.6186842 1757191966
1757191966 -22.8613039 -43.618732 1757191962 1757191965 1754984994 1757191908
1754984994 -22.8611737 -43.6162859 1754984999 1754984772 1757191966
1754984772 -22.8610551 -43.6139309 1754985017 1754985077 1754984994
1754985077 -22.860886 -43.6131441 1757191971 1754984772
1757191965 -22.8606339 -43.6188023 1757191957 1757191966 1754984999 1754985023
1754984999 -22.8604965 -43.6163718 1757191961 1757191965 1754985017 1754984994
1754985017 -22.8603927 -43.6139739 1754984972 1754984772 1754984999 1757191971
1757191971 -22.8603274 -43.6131153 1754985017 1754985077 1754984949
1754984949 -22.860301 -43.6131145 1757191971 1754984986
