141934067 -22939994 -43202436 1662999709
141934422 -22939984 -43202329 141934421
141961816 -22939957 -43201079 331107841 321231551
331107841 -22939948 -43201267 141961814 141961816 331107842
2136519499 -22939944 -43202701 1662999678 2136519513
321231714 -22939938 -43206146 321231713 321231715
321231715 -22939930 -43205819 321231714 321231716
2136519513 -22939922 -43202676 2136519499 611155405
141961814 -22939918 -43201441 1662999679 331107841
141965678 -22939910 -43201824 141961814
321231711 -22939898 -43207261 321231710 321231712
329634674 -22939894 -43209808 329634659 329634695
611155405 -22939891 -43202655 1662999718 2136519513 1662999667
1662999679 -22939886 -43201628 1662945392
321231716 -22939882 -43205382 321231717 321231715
1662999664 -22939878 -43202171 2136519509 141965678
321231712 -22939867 -43207055 321231711 321231713
321231713 -22939867 -43206712 321231714 321231712
1662999667 -22939861 -43202708 611155405 1662999695
1662999718 -22939856 -43202304 1662999664
1662945392 -22939856 -43201762 1662945388
321231718 -22939854 -43204942 141968478 141968479 2876768373
1662999695 -22939846 -43202775 1662999690 1662999667
2136519510 -22939846 -43202334 1662999718
2136519509 -22939838 -43202115 1662999674
1662999690 -22939831 -43202906 141968483 1662999695
321231717 -22939819 -43205133 321231716 2876768373
141968483 -22939816 -43203544 1662999692 1662999690
2876768373 -22939814 -43205010 321231717 321231718
1662945388 -22939806 -43201923 1662945355
1662999674 -22939802 -43202083 1662945355
1662945326 -22939788 -43202506 611155405
2136519511 -22939786 -43202378 2136519510
2136519515 -22939778 -43202604 1662999695
1662999692 -22939770 -43203770 141968482 141968483
141934069 -22939769 -43202496 141934067
141968479 -22939765 -43204876 321231718 321231691
1662945355 -22939748 -43202071 1662945310 1662999672
2136519500 -22939735 -43202380 2136519511
1662945310 -22939718 -43202138 2136519512
141968482 -22939712 -43203929 141968480 1662999692
141934421 -22939696 -43202424 151034253
141936637 -22939688 -43202343 1662945326 2136519515 2136519500
321231691 -22939681 -43204668 141968480 321231690 141968479
2136519512 -22939680 -43202246 2136519502
2136519502 -22939674 -43202279 141936637
1663023151 -22939670 -43202529 141934069
1663023132 -22939666 -43202572 141934069
1662999672 -22939663 -43202076 1662999651
331107846 -22939640 -43201434 331107845 331107842
331107842 -22939628 -43201288 331107841 331107846 331107843
331107843 -22939616 -43201148 331107844 331107842
141937124 -22939600 -43202631 1663023132
141934072 -22939577 -43202564 1663023151
1662999651 -22939577 -43202076 1662999704
141936635 -22939573 -43202246 141936637
321231690 -22939551 -43204764 321231689 321231691
151034253 -22939548 -43202474 1663004571
141968480 -22939538 -43204220 141968482 321231691
321231679 -22939527 -43206841 321231678 321231680
321231680 -22939527 -43206669 321231679 321231681
321231678 -22939487 -43206995 321231679
1662999663 -22939479 -43202191 141936635
1662945286 -22939459 -43202743 141937124
321231681 -22939448 -43206369 321231682 321231680
331107845 -22939419 -43201456 331107844 331107846
1663004571 -22939398 -43202532 141934420
331107844 -22939395 -43201170 331107843 331107845
1663004570 -22939388 -43202637 141934072
1662945350 -22939373 -43202152 1662999663
329634695 -22939346 -43209566 329634674 329634715
1662999704 -22939346 -43202028 1662999666
321231682 -22939345 -43206188 321231685 321231681
321231685 -22939345 -43205476 321231682 321231686
141937122 -22939339 -43202877 1662945286
321231686 -22939329 -43205339 321231685 321231687
321231689 -22939329 -43204961 321231690 321231688
141934420 -22939308 -43202567 1662999721
321231687 -22939282 -43205193 321231686 321231688
141936634 -22939267 -43202131 1662945350
321231688 -22939258 -43205073 321231689 321231687
141937120 -22939197 -43203063 141937122
329634715 -22939176 -43209418 329634695 329634733
1662999645 -22939153 -43202127 141936634
1662945397 -22939140 -43202775 1663004570
329634733 -22939110 -43209298 329634715 329634747
1662999666 -22939088 -43202010 1662999706
1662999648 -22939065 -43202141 1662999645
141937118 -22939059 -43203217 141937120
1662999721 -22939056 -43202668 1662945314 141936628
329634747 -22939044 -43209199 329634763 329634733
329634763 -22939039 -43208886 329634783 329634747
1663023153 -22939012 -43203235 141937118
1662999698 -22939007 -43202865 1662945397
141936633 -22938979 -43202166 1662999648
1662999706 -22938975 -43202036 1662999711
329634801 -22938973 -43208683 329634783 329634826
141937117 -22938961 -43203231 1663023153
329634783 -22938956 -43208760 329634763 329634801
141936628 -22938955 -43202655 141936630
1662945314 -22938920 -43202736 141934417
1663023130 -22938917 -43203213 141937117
141934073 -22938903 -43202946 1662999698
329634826 -22938890 -43208546 329634801 329634838
141936630 -22938887 -43202650 1662999697
1662945252 -22938874 -43202239 141936633
141937115 -22938865 -43203173 1663023130
1662999711 -22938852 -43202101 1662945384
329634838 -22938844 -43208312 329634826 329634896
1662999697 -22938833 -43202623 141936631
141936632 -22938820 -43202297 1662945252
141934417 -22938812 -43202801 136671714
136674073 -22938797 -43203027 141934073
1662945256 -22938793 -43202351 141936632
141936631 -22938793 -43202579 1662999717
1662999717 -22938776 -43202425 1662945256
141937113 -22938762 -43203038 141937115
1662999670 -22938714 -43203132 136674073
329634896 -22938713 -43207908 329634929 329634838
136671714 -22938711 -43202863 1662999719
1662945384 -22938708 -43202191 141937108
1662945264 -22938672 -43202887 141937113
141937108 -22938627 -43202282 1662945319
329634929 -22938615 -43207457 329634958 329634896
1662999719 -22938607 -43202965 136671713
141937111 -22938594 -43202691 1662945264
1662945319 -22938588 -43202371 1662945382
141937110 -22938575 -43202587 141937111
1662945382 -22938574 -43202456 141937110
1578566166 -22938502 -43208241 1578566161
3768873126 -22938437 -43208874 2885551586 1491436442
1491436442 -22938429 -43208712 3768873126 3768873127
2885551586 -22938417 -43209040 3307968865 3768873126
1578566165 -22938410 -43207176 1578566164 1578566161
329634958 -22938408 -43206878 329634929 1578566162
3768873127 -22938402 -43208610 1491436270 1491436442
3307968865 -22938380 -43209198 1491436593 2885551586
1491436593 -22938342 -43209356 3307968865 3768873125
3768873130 -22938339 -43207009 1578566164 1578566163
1578566163 -22938339 -43206923 3768873130 2885551585
1578566164 -22938318 -43207052 3768873130 1578566165 3768873129
3768873125 -22938307 -43209443 3768873124 1491436593
3768873129 -22938285 -43207115 2612590011 1578566164
2885551585 -22938280 -43206794 1578566163 1578566160
1491436270 -22938220 -43208248 3768873127 1491436638
3768873124 -22938202 -43209595 1491436225 3768873125
1578566162 -22938198 -43206608 329634958 1491436317
1578566161 -22938192 -43207304 1578566165 1578566166
2612590011 -22938153 -43207225 2885551583 3768873129
2885551583 -22938069 -43207316 2612590011 1491436482
1491436638 -22938039 -43207679 1491436270 3768873128
1578566160 -22938039 -43206491 1491436317 2885551585
1491436482 -22938038 -43207385 2885551583 3768873128
3768873128 -22938021 -43207507 1491436638 1491436482
1491436317 -22937930 -43206225 1578566162 329634978 1578566160
1491436225 -22937898 -43209963 3768873124 1491436391
329634978 -22937865 -43206130 1491436317 329635008
329635008 -22937813 -43205962 329634978 329635035
329635035 -22937768 -43205760 329635058 329635008
329635058 -22937762 -43205240 329635081 329635035
329635081 -22937612 -43204801 329635058 329635123
329635123 -22937593 -43204156 329635081 329635143
329635143 -22937422 -43203857 329635123 329635165
329635165 -22937364 -43203650 329635204 329635143
329635204 -22937267 -43203529 329635165 329635242
329635242 -22937143 -43203477 329635204 329635301
329635301 -22937017 -43203562 329635242 329635318
1578566150 -22936807 -43200190 1578566149 1578566153
329635318 -22936737 -43203964 329635301 329635337
329635337 -22936634 -43204032 329635318 329635354
1578566149 -22936516 -43200787 1578566146 1578566150
329635354 -22936483 -43204003 329635337 329635370
1578566146 -22936431 -43200876 1578566140 1578566149
1578566142 -22936375 -43200009 1578566141 1578566137
1578566140 -22936326 -43200882 1578566139 1578566146
1578566139 -22936252 -43200851 1578566140 1578566137
329635370 -22936203 -43203809 329635354 329635424
1578566137 -22936167 -43200407 1578566139 1578566142
329635424 -22935780 -43203193 329635370 329635445
329635445 -22935391 -43202511 329635466 329635424
329635466 -22935284 -43202074 329635445 329635509
329635509 -22935235 -43201533 329635466 329635530
329635530 -22935183 -43201233 549225619 1823563014 329635509
137927935 -22935178 -43209533 1482041883
1823563014 -22935165 -43201131 329635530 1823563023
1482041883 -22935162 -43209410 1482041869
1482041884 -22935127 -43209658 137927935
1482041869 -22935116 -43209250 137927934
1823563023 -22935076 -43200684 1823563014 1823563177
137927934 -22935058 -43209162 1482041865
137927938 -22935033 -43209766 1482041884
136674074 -22935010 -43209527 1662999670
549225619 -22934995 -43201256 3524243787 329635530
1482041865 -22934979 -43209121 137927933
1823563177 -22934921 -43200080 1823563023 1823563183
3524243787 -22934918 -43201304 549225620 549225619
137927933 -22934882 -43209139 1482041906
549225620 -22934855 -43201370 3524243787 549225621
136671713 -22934843 -43209446 1482041856
137927939 -22934791 -43209949 137927938
549225621 -22934782 -43201573 819294017 549225620 3524243788
1482041905 -22934760 -43209721 136674074
3524243788 -22934743 -43201750 549225622 549225621
1482041856 -22934736 -43209558 1482041880
549225622 -22934656 -43202012 549225623 3524243788
141750623 -22934645 -43209795 1482041905
1482041880 -22934633 -43209648 1482041902
1482041906 -22934633 -43209279 137927931
549225623 -22934622 -43202519 549225622 3524243789
3524243789 -22934580 -43202619 549225623 3524249690
1482041902 -22934524 -43209727 141752170
819294017 -22934521 -43201816 819294012 549225621
819294012 -22934464 -43201980 819294017 819294008
3524249690 -22934446 -43202753 549225625 3524243789
137927931 -22934442 -43209308 1482041867
141752170 -22934426 -43209785 1482041915
819294008 -22934397 -43202242 3524243904 819294012
1482041863 -22934385 -43209964 141750623
141750621 -22934375 -43209898 141750623
3524243904 -22934357 -43202334 819293995 819294008
819293995 -22934299 -43202367 819293994 3524243904
1482041875 -22934297 -43209987 1482041863
1482041915 -22934295 -43209836 141752171
1482041867 -22934279 -43209347 137927930
549225625 -22934204 -43202997 3524243790 3524249690
137927930 -22934192 -43209393 1482041920
141752171 -22934170 -43209862 141752172
3524243790 -22934157 -43202954 549225625 3524243791
141750620 -22934149 -43209945 141750621
1482041920 -22934064 -43209404 137931513
141752172 -22934061 -43209875 1482041913
1482041899 -22934026 -43209949 141750620
819293994 -22933957 -43202430 3524243906 819293995
3524243906 -22933944 -43202433 819293994 3524243905
1482041913 -22933906 -43209863 1482041914 1482041881
3524243791 -22933871 -43203289 3524243790
141750617 -22933822 -43209910 1482041899
1819813929 -22933806 -43200006 1819813654 1819813846
3524243905 -22933777 -43202464 3524243906 819293989
1819813846 -22933727 -43200096 1819813929 1819813841
1819813841 -22933706 -43200138 480106071 1819813846
480106071 -22933682 -43200237 1819813881 1819813841 1819813803
1819813792 -22933679 -43200007 1819813620 480106066
1819813881 -22933662 -43200154 1819813669 480106071
1819813803 -22933642 -43200456 480106071 1819813739
1482041881 -22933636 -43209799 141752175
819293989 -22933629 -43202558 819293985 3524243905
1819813739 -22933619 -43200546 1819813630 1819813803
1819813669 -22933616 -43200056 1819813881 480106066
1819813630 -22933594 -43200619 1819813739 1819813849
1819813849 -22933558 -43200687 1819813630 1819813815
819293985 -22933550 -43202733 819293980 819293989
1482041914 -22933520 -43209730 1482041852
1819813815 -22933513 -43200755 1819813628 1819813849
819293980 -22933475 -43202800 3524243907 819293985
1819813628 -22933411 -43200867 1819813815 1819813891
3524243907 -22933338 -43202810 3524243908 819293980
1819813891 -22933334 -43200928 1819813628 1819813800
1819813800 -22933258 -43200972 1819813891 1823572081
137931511 -22933249 -43209478 137931509 1663023148
137931513 -22933248 -43209256 1663023148 137927928
1663023148 -22933235 -43209364 137931511 137931513
137927928 -22933177 -43209248 137927927
1823572081 -22933127 -43201026 1819813800 1823572083
3524243908 -22933123 -43202756 819293974 3524243907
1823572083 -22933062 -43201038 1823572081 1823572069
819293974 -22933019 -43202751 3524243908 819293968
1071583918 -22932884 -43200388 1071583920 1071583922
1071583922 -22932848 -43200535 1071583918 1071583887
1071583920 -22932845 -43200292 1071583913 1071583918
1071583913 -22932760 -43200244 1071583920 1071583896
141752175 -22932731 -43209573 141752176
1482041852 -22932716 -43209486 1482041890
141750616 -22932698 -43209629 141750617
137927927 -22932671 -43209024 137927925
1823572069 -22932665 -43201068 1823572083 344376587
1482041871 -22932642 -43209726 819285057
1071583896 -22932639 -43200193 1071583893 1071583913
1071583887 -22932627 -43200548 1071583922 549242536
344376587 -22932593 -43201092 1823572069 1823572043
141752176 -22932571 -43209521 141752181
1071583893 -22932568 -43200106 1071583915 1071583896
819293968 -22932555 -43202881 819293974 819293963
549242536 -22932528 -43200536 549242535 549242537 1071583887
137927925 -22932521 -43208853 137927924
1482041873 -22932491 -43209557 141750616
1823572043 -22932480 -43201148 344376587 1823572067
549242537 -22932474 -43200443 549242538 549242536
141752181 -22932417 -43209466 1482041877
1482041885 -22932341 -43209495 1482041873
137927924 -22932339 -43208767 137797047
819293963 -22932338 -43202828 819293959 819293968
1482041864 -22932328 -43209596 1482041871
549242538 -22932326 -43200307 549242539 549242537
1823572067 -22932309 -43201263 344376588 1823572043
549242535 -22932272 -43200718 549242536 549242534
1482041890 -22932229 -43209293 1482041886
1482041877 -22932227 -43209374 137933499
549242539 -22932208 -43200311 549242540 549242538
819293959 -22932200 -43202849 1071631761 819293963
141750615 -22932178 -43209419 1482041885
344376588 -22932154 -43201327 1823572073 1823572067
549242530 -22932092 -43200050 549242531 549242529
549242534 -22932057 -43200853 549242535 549242532
1071631761 -22932051 -43202999 819293956 819293959
1482041886 -22932006 -43209161 1482041904 1482041894
137933499 -22931986 -43209232 137793060
1823572073 -22931983 -43201351 344376588 1823572041
137794184 -22931966 -43209309 141750615
549242540 -22931964 -43200460 549242539 549242542
819293956 -22931923 -43203128 819293954 1071631761
1482041894 -22931915 -43209073 1482041895
549242532 -22931906 -43200874 549242534 549242546
549242542 -22931903 -43200519 549242548 549242540
549242529 -22931903 -43200206 549242530 549242545
1482041895 -22931793 -43208937 137933787
137933787 -22931714 -43208784 137797047
137797047 -22931699 -43208698 137797045
549242548 -22931698 -43200509 549242549 549242542
549242545 -22931695 -43200415 549242549 549242529
549242549 -22931628 -43200465 549242548 549242544 549242545
819293954 -22931577 -43203332 3819074250 819293956
819285053 -22931575 -43209125 1482041864
549242544 -22931570 -43200509 549242543 549242549
137793060 -22931542 -43208970 137793061
3819074250 -22931520 -43203427 819293954 3819074249
3819074249 -22931497 -43203608 819293951 3819074250
1482041904 -22931470 -43208857 642324186
819293951 -22931464 -43203969 819293947 3819074249
549242543 -22931439 -43200488 549242608 549242544 549242587
1482041911 -22931405 -43208965 137794184
1823572041 -22931401 -43201360 1823572073 1823572053
819293947 -22931399 -43204233 819293939 819293951
1482041897 -22931358 -43208997 819285053
819293939 -22931328 -43204393 819293934 819293947
1823572053 -22931284 -43201374 1823572071 1823572041
642324186 -22931277 -43208783 642324189
137793061 -22931256 -43208823 1482041901
549242546 -22931246 -43200864 549242532 549242583
1823572071 -22931206 -43201408 1823572053 1823572049
819293934 -22931198 -43204811 819293928 819293939
137794183 -22931183 -43208876 1482041911
819285052 -22931121 -43208907 1482041897
1823572049 -22931117 -43201476 1823572071 344376589
137797045 -22931098 -43208235 3819077478
1482041901 -22931072 -43208777 137793063
642324189 -22931069 -43208728 642324193
819293885 -22931029 -43204208 819293880 1071631766 1071631757
1482041854 -22931022 -43208836 137794183
819293928 -22931019 -43205017 819293934 3819074251
549242559 -22931003 -43201062 549242558 549242583
549242583 -22930989 -43200906 549242559 549242584 549242580 549242546
549242580 -22930984 -43200843 549242583 549242581
3819077478 -22930975 -43208191 137797044
3819074251 -22930959 -43205034 819293923 819293928
549242558 -22930942 -43201285 549242559 549242557
1071631757 -22930938 -43203325 819293885
819285051 -22930925 -43208877 819285052
819293880 -22930920 -43204659 819293885 3819074253
549242581 -22930897 -43200645 549242580 549242587
344376589 -22930884 -43201681 344376590 1823572049
642324193 -22930884 -43208721 1482041903
819293923 -22930882 -43205014 819293919 3819074251
549242557 -22930878 -43201410 549242555 549242558
3819074253 -22930878 -43204723 3819074252 819293880
137793063 -22930877 -43208763 137793064
137797044 -22930845 -43208175 3819077479
137794182 -22930834 -43208829 1482041854
549242584 -22930798 -43200926 549242585 549242583
3819074252 -22930786 -43204790 819293876 3819074253
549242587 -22930777 -43200504 549242586 549242581 549242543
1482041903 -22930756 -43208725 642324195
3819077479 -22930744 -43208198 137797043
819285049 -22930739 -43208904 819285051
549242586 -22930710 -43200430 549242566 549242587 549242589
549242585 -22930698 -43200989 549242584 549242560
344376590 -22930684 -43201826 344376589 1071631772 1823572064
1071631766 -22930671 -43203771 819293885 1071631755
1071631772 -22930671 -43202124 344376590 3819077457
137793064 -22930662 -43208785 1482041876
819293876 -22930646 -43204808 819293919 3819074252
1482041908 -22930641 -43208852 137794182
137797043 -22930639 -43208235 137797042
3819077457 -22930607 -43202358 1071631772 3819077458
1823572064 -22930598 -43201860 344376590 344376591
1482041907 -22930593 -43208931 819285049
642324195 -22930576 -43208762 642324200
549242555 -22930570 -43201810 1071631731 549242557
3819077458 -22930558 -43202419 3819077457 1071631747
1071631747 -22930486 -43202429 3819077458 1071631756
1482041876 -22930484 -43208825 137793066
819293919 -22930473 -43204786 819293876 819293923 819293872
137794181 -22930462 -43208893 1482041908
344376591 -22930442 -43201876 1823572064 344376592
549242560 -22930442 -43201379 549242585 549242561
137797042 -22930379 -43208449 137797041
549242561 -22930304 -43201549 549242562 549242560
549242589 -22930295 -43200018 549242586 549242598
549242562 -22930234 -43201598 549242561 549242563
1071631731 -22930233 -43201825 549242555 1071631767
549242566 -22930211 -43201097 549242564 549242586
819293872 -22930184 -43204759 3819077464 819293919
1071631774 -22930171 -43205495 1071631763
549242596 -22930163 -43200220 549242595 549242598
549242595 -22930150 -43200551 549242594 549242596
137797041 -22930094 -43208535 137797040
549242563 -22930089 -43201563 549242562 549242564
549242594 -22930073 -43200697 549242569 549242595
3819077464 -22930033 -43204779 819293868 819293872
1071631765 -22930010 -43203554 1071631753 1071631775
1071631756 -22929984 -43202355 3819074256 1071631747
1071631775 -22929979 -43203928 1071631770 1071631765
549242564 -22929961 -43201417 549242566 549242563 549242567
1071631770 -22929930 -43203983 1071631775 1071631778
3819074256 -22929923 -43202380 1071631756 1071631745
819293868 -22929917 -43204845 819293865 3819077464
1071631767 -22929879 -43201814 1071631731 1071631776
1071631745 -22929878 -43202446 3819074256 1071631755
1071631778 -22929869 -43203990 1071631770 1071631729
1071631755 -22929858 -43202845 1071631766 1071631745 1071631753
1071631753 -22929846 -43203064 1071631755 1071631765
549242597 -22929846 -43200314 549242612 3819077480
3819077480 -22929842 -43200235 549242613 3819077481 549242597
344376592 -22929839 -43201901 1823572056 344376591
137797040 -22929825 -43208552 137797038
549242567 -22929804 -43201257 549242564 549242568
1071631729 -22929796 -43203962 1071631737 1071631778
549242569 -22929788 -43201069 549242568 549242594
1071631734 -22929780 -43203673 1071631737 3819077459
1071631737 -22929770 -43203882 1071631734 1071631729
3819077459 -22929763 -43203654 1071631734 1071631741 3819077460
549242568 -22929753 -43201166 549242569 549242570 549242567
1823572056 -22929748 -43201924 1823572051 344376592
1071631763 -22929713 -43205843 1071631774 1071631769
1071631776 -22929678 -43201860 1071631780 1071631767
1823572051 -22929654 -43201988 1823572056 344376593
819293865 -22929632 -43205186 3819074254 819293868
549242570 -22929612 -43201306 549242568 549242571 549242579
549242612 -22929586 -43200700 549242572 549242597
1071631780 -22929554 -43202005 344376593 1071631776
344376593 -22929541 -43202129 1823572051 1071631780 549242573
3819077548 -22929499 -43200018 3819077547 3819077542
3819077547 -22929497 -43200140 3819077546 3819077548
3819074254 -22929489 -43205303 3819074255 819293865
549242579 -22929467 -43201404 549242570 549242577
1071631769 -22929460 -43205939 1071631768 1071631763
3819077546 -22929456 -43200224 3819077545 3819077547
549242572 -22929413 -43201006 549242571 549242612
549242571 -22929407 -43201083 549242570 549242572
3819077545 -22929406 -43200257 3819077544 3819077546
1071631768 -22929368 -43205947 1071631758 1071631769
549242573 -22929291 -43202726 1823572045 344376593 549242574
137797038 -22929256 -43208518 137797036
549242577 -22929212 -43201557 549242576 549242579
1823572045 -22929207 -43202909 1071631741 549242573
3819077544 -22929204 -43200306 3819077543 3819077545
1071631741 -22929153 -43202976 1823572045 1823572060 3819077459
3819074255 -22929147 -43205427 819293860 3819074254
1071631758 -22929130 -43205968 1071631749 1071631768
3819077460 -22929127 -43204220 3819077459
3819077481 -22929127 -43200567 3819077480 3819077482
549242576 -22929085 -43201801 549242575 549242577
1823572060 -22929083 -43203032 1071631741 344376594
819293860 -22929067 -43205478 1071631749 3819074255
3819077482 -22929049 -43200562 3819077481 3819077543
137797036 -22929043 -43208389 137797034
3819077540 -22929034 -43200018 3819077539 3819077541
344376594 -22929017 -43203074 1823572060 3819077461
549242575 -22929014 -43202073 549242576 549242574
137794180 -22928986 -43209308 137794181
549242574 -22928962 -43202450 549242573 549242575
3819077539 -22928942 -43200035 3819077538 3819077540
3819077543 -22928929 -43200383 3819077482 3819077483 3819077544
137793066 -22928887 -43209260 135790785
3819077483 -22928873 -43200301 3819077543
137797034 -22928829 -43208158 819293762
3819077463 -22928798 -43203997 3819077462
1071631749 -22928770 -43205909 819293860 819293856 1071631751 1071631758
642324200 -22928739 -43209243 1482041888
1482041882 -22928720 -43209367 137794180
1482041853 -22928719 -43209437 1482041907
135790785 -22928615 -43209312 1482041898
1482041888 -22928542 -43209284 1482041917
3819077462 -22928528 -43203728 3819077463 3819077461
819293853 -22928524 -43206594 3819077466 3819077465
3819077466 -22928505 -43206722 819293853 819293848
819293856 -22928504 -43206293 1071631749 3819077465
819285047 -22928497 -43209474 1482041853
3819077516 -22928467 -43201046 3819077514
1482041855 -22928461 -43209413 1482041882
3819077465 -22928459 -43206379 819293853 819293856
819293848 -22928455 -43206787 3819077467 3819077466
3819077509 -22928434 -43200759 3819077508
3819077467 -22928358 -43206765 819293841 819293848
1482041898 -22928348 -43209344 1482041861
3819077461 -22928330 -43203496 344376594 3819077462 1071724891
819293841 -22928267 -43206669 3819077467 819293835
136670994 -22928265 -43209437 1482041855
3819077514 -22928213 -43201214 3819077513 3819077515 3819077516
819293835 -22928119 -43206433 3819077468 819293841
819285046 -22928109 -43209515 819285047
3819077515 -22928090 -43201296 3819077514
1482041917 -22928059 -43209340 3820552657
1482041861 -22928043 -43209378 3487957530
1071631751 -22928026 -43205861 1071631754 1071631749
3819077508 -22928000 -43200142 3819077509 3819077510
3819077468 -22927957 -43206227 3819077469 819293835
3819077510 -22927902 -43200022 3819077507 3819077508 3819077511
3819077513 -22927899 -43200628 3819077512 3819077514
3819077469 -22927879 -43206156 3819077468 819293828
3819077512 -22927871 -43200539 3819077513 3819077511
3819077511 -22927858 -43200457 3819077512 3819077510
1071724758 -22927783 -43202300 1071724910
3820552656 -22927771 -43209533 819285046
3820552657 -22927760 -43209357 1071644061
819293828 -22927753 -43206122 819293823 3819077469
1071724778 -22927480 -43200050 1071724800
819293823 -22927477 -43206143 819293817 819293828
1071724812 -22927445 -43201069 1071724852 1071724910
1071724852 -22927391 -43200664 1071724812 1071724800
1071724800 -22927373 -43200420 1071724852 1071724778
1071724837 -22927324 -43202288 1071724766
1071724910 -22927309 -43201309 1071724758 1071724812 1071724766
819293817 -22927210 -43206411 3819077470 819293823
1071631754 -22927201 -43204730 1071631746 1071631751
1071724891 -22927159 -43204215 1071631730 3819077461 1071724905
3819077470 -22927084 -43206432 819293817 1071631736
1071631746 -22927076 -43204805 1071631754 1071631738
1071724808 -22927014 -43202806 1071724763
1071631736 -22926998 -43206375 3819077470 819293814
1071724896 -22926984 -43200251 1012961964 1071724862
819293781 -22926968 -43207125 1071631764 1071631760
1071631738 -22926961 -43204737 1071631730 1071631746
1071724766 -22926955 -43201933 1071724805 1071724837 1071724910
1071724834 -22926952 -43201147 1071724802 1071724862
1071724905 -22926944 -43203155 1071724891 3819077484
1071724802 -22926933 -43201372 1071724760 1071724834
1071644060 -22926902 -43209579 3820552656 1071644061
1071644061 -22926891 -43209408 3820552655
1071631764 -22926842 -43207671 3819077476 819293781
3819077484 -22926830 -43203061 1071724905 1071724922
1071631760 -22926817 -43207335 819293785 819293781
1071724760 -22926815 -43201665 1071724802 1071724805
3819077476 -22926780 -43207731 819293777 1071631764
1071631730 -22926762 -43204462 1071724891 1071724907 1071631738
819293814 -22926752 -43206107 1071631744 1071631736
1071724862 -22926727 -43201136 1071724875 1071724896 1071724834
1071631744 -22926715 -43206379 3819077475 819293814
819293785 -22926694 -43207483 1071631760 3819077471
3819077475 -22926673 -43206418 1071631744 3819077474
1071724907 -22926643 -43204538 1071631730 344376595 1071724924
3819077471 -22926637 -43207508 819293785 819293805
819293777 -22926637 -43207774 3819077476 819293769
1071724763 -22926617 -43202792 1071724808 1071724916
1071724875 -22926617 -43201546 1071724919 1071724862
1071724805 -22926585 -43201860 1071724760 1071724919 1071724766
3819077474 -22926582 -43206475 819293811 3819077475
819293805 -22926573 -43207501 3819077472 3819077471
3819077472 -22926546 -43207441 819293805 819293809
819293811 -22926538 -43206540 3819077473 3819077474
3819077473 -22926477 -43206814 819293811 1071631740
1071631740 -22926470 -43206937 819293809 3819077473
819293809 -22926459 -43207001 3819077472 1071631740
1071724924 -22926397 -43203481 1071724907
1071724919 -22926394 -43201823 1071724875 1071724916 1071724805
1071724922 -22926193 -43203065 1071724785 3819077484
1071724916 -22926127 -43202649 1071724763 1071724785 1071724919
1071724785 -22926110 -43202701 1071724922 1071724916
3820552654 -22925854 -43209639 1071644060
3820552655 -22925848 -43209470 2712865458
819293769 -22925718 -43208010 3819077477 819293777
819293762 -22925675 -43208594 137797033 819293765
3819077477 -22925656 -43208053 819293765 819293769
819293765 -22925639 -43208139 819293762 3819077477
344376595 -22925477 -43205226 395041241 1071724907
1823572079 -22925407 -43205311 344376595
1823572077 -22925354 -43205418 1823572079
395041240 -22925295 -43205589 1823572077 1823572085
1823572085 -22925282 -43205474 1823572075
1823572075 -22925263 -43205401 395041241
395041241 -22925237 -43205340 395041274
498703562 -22925233 -43201602 498703561 395041269
498703561 -22925233 -43200846 498703562 1823567524
395041269 -22925223 -43202234 1823567523 498703562
1823567524 -22925205 -43200288 498703561 498703560
1823567523 -22925201 -43202444 395041270 395041269
498713930 -22925176 -43206202 395041240 498713931
395041270 -22925158 -43202617 498714102 1823567523
395041274 -22925107 -43205119 868893834 395041273
498713934 -22925073 -43206815 498713930
498703410 -22925020 -43207267 498713934
498713939 -22924913 -43208066 498703410 498713941
137797033 -22924830 -43208705 498713939 137797031
3820552650 -22924792 -43209798 3820552651
3820552651 -22924790 -43209757 2712865457
2712865458 -22924785 -43209532 137797033 819284995
2712865457 -22924785 -43209691 3820552654 2712865458
498714102 -22924782 -43203933 498714149 395041270
395041273 -22924773 -43204546 1823572054
395041271 -22924732 -43204103 498714102
3820552653 -22924730 -43209692 2712865457
1823572054 -22924723 -43204443 395041272
395041272 -22924704 -43204317 395041271
3820552652 -22924696 -43209695 3820552653
137797031 -22924391 -43208911 498714132 819284995
819284995 -22924321 -43209551 642324218 137797031
3005046217 -22924202 -43202887 2989740496 3005046218
2989740496 -22924113 -43203478 3005046217 498714149 3005046207
3005046218 -22924092 -43202755 3005046217
498714149 -22924066 -43203779 2989740496 868893834 498714087
3005046207 -22924047 -43203352 2989740496 3005046208
3005046208 -22923982 -43203105 3005046209 3005046207
868893834 -22923896 -43204854 498713931 868893806
498713931 -22923748 -43205892 498713935
498713935 -22923647 -43206465 498713934 498713941
3005046209 -22923619 -43203260 3005046208 3005046210
498713941 -22923501 -43207836 498713939 498714132
3005046210 -22923412 -43203269 3005046209 3005046211
498714132 -22923376 -43208713 498703412 642324218
3005046211 -22923355 -43203228 3005046212 3005046210
642324218 -22923340 -43209607 819693018
3005046212 -22923323 -43203167 3005046211
498714087 -22923217 -43203686 498714067 868893806
868893806 -22923178 -43204706 498713937 868893834 498714087
498713937 -22923130 -43206384 498713935
498703412 -22923052 -43208648 498703414 1071724831
1071724822 -22923009 -43207984 1071724855 1071724831
1071724855 -22922781 -43207663 1071724822 1071724886
498714026 -22922539 -43207208 498714016 1071724781
498703414 -22922482 -43209069 1071724832
498714016 -22922383 -43206074 498714050 498714026 1071724888
498714067 -22922372 -43203674 498714087 498714055
1071724831 -22922366 -43208452 498703412 1071724822
498714050 -22922341 -43205581 498714055 498714016
1071724886 -22922283 -43207719 1071724855 1071724781
1071724781 -22922096 -43207261 498714026 1071724886 1071724888
498714055 -22922068 -43204632 498714067 498714050
1071672676 -22921646 -43209840 819238738 3820552652
1071724888 -22921535 -43205908 1071724893 1071724781 498714016
1071724826 -22921505 -43207058 1071724861
1071724861 -22921473 -43207931 1071724826 1071724832
3819077882 -22921415 -43201308 3819077883
1071724893 -22921396 -43205563 1071724889 1071724888
1071724889 -22921307 -43204867 1071724893 1071724902
1071724832 -22921258 -43208786 498703417 1071724861
3819077883 -22921250 -43201411 3819077882 3819077884 3819077881
819693018 -22921224 -43209695 819693014 3820552647
3487957530 -22921222 -43209724 3487957531
3819077881 -22921208 -43201437 3819077880 3819077883
3819077884 -22921146 -43201652 3819077885 3819077883
3819077885 -22921018 -43201837 3819077884
3819077877 -22920916 -43201255 3819077876
498703417 -22920881 -43208704 819693014
1071724902 -22920846 -43203522 1071724889
3819077876 -22920837 -43201375 3819077875 3819077877
3819077875 -22920788 -43201421 3819077874 3819077876
3819077880 -22920768 -43201587 3819077879 3819077881
3819077874 -22920706 -43201493 3819077873 3819077875
3819077879 -22920672 -43201585 3819077878 3819077880
498714193 -22920625 -43202469 498714191
3819077873 -22920620 -43201531 3819077878 3819077874
3819077878 -22920594 -43201539 3819077873 3819077879 3819077872
819693014 -22920571 -43208687 498703418
498703267 -22920482 -43204683 498703268 498703266
498703266 -22920474 -43204966 498703267 498703265
498703268 -22920435 -43204477 498703269 498703267
498703265 -22920403 -43205267 498703266 498703264
498703269 -22920301 -43204254 498703271 498703268
498703264 -22920245 -43205335 498703265 498703261
498703271 -22920221 -43203988 498703273 498703269
3819077872 -22920215 -43201654 3819077878 3819077871
498703273 -22920166 -43203756 498703274 498703271
498703418 -22920158 -43208657 498703420
498703261 -22920111 -43205327 498703260 498703264
498714191 -22920040 -43202821 498703274 498714193
3819077871 -22920025 -43201646 3819077870 3819077872
