1656300486 -22.8772793 -43.7599988 1656300492 1656300495 1656300483
1656300483 -22.8770322 -43.7598671 1656300486 1656300476 1656300478
1656300480 -22.8768145 -43.7590092 1656300462 1656300523
1656300476 -22.8766159 -43.7596452 1656300483
1656300462 -22.8761172 -43.7597272 1656300480 1656300473 1656300440
2205848104 -22.8667539 -43.7567035 2205848109
2205848109 -22.8667495 -43.7569677 2205848112
2205848115 -22.8667495 -43.756354 2205848104
2205848112 -22.8667285 -43.7572126 2205848110
2205848117 -22.8667245 -43.7561175 2205848115
2205845923 -22.8666734 -43.7567653 3782775325
3782775325 -22.8666686 -43.7564589 1655220494
1655220495 -22.8666652 -43.7569907 1655220482 2205845923
3782775324 -22.8666648 -43.7558048 2205848117
2205848110 -22.8666619 -43.7577077 2205848106
1655220494 -22.8666554 -43.7562715 3782775322 1655220469
2205845929 -22.8666476 -43.7571748 1655220495
3782775322 -22.8666202 -43.7559986 2205847480
2205848108 -22.8666145 -43.7555805 3782775324
349234527 -22.8665929 -43.7503254 3782775320 1823558782
1655220493 -22.8665752 -43.7577177 2205845929 1655220483
2205848105 -22.8665398 -43.7552893 2205848108
2205847480 -22.8665381 -43.7556035 2205845894 1655220468
2205848106 -22.8665343 -43.7585073 2205848116
2205845904 -22.8665244 -43.7580583 1655220493
3782775320 -22.8665093 -43.7505056 3782775312
3782775319 -22.8664729 -43.7502587 3432307811
2205847460 -22.8664538 -43.758505 2205845904 1655220474
3782775317 -22.8664367 -43.7549327 2205848105
148713535 -22.8663865 -43.7504368 3432307806 3782775319
2205847238 -22.8663559 -43.7591677 2205847460 1655220485
2205848111 -22.8663525 -43.7547161 3782775317
2205848116 -22.8663517 -43.7597665 2205848114
3782775312 -22.8663462 -43.7508782 349234841
2205845894 -22.8663409 -43.7549337 2205845919 1655220464
2205845919 -22.8662844 -43.754754 2205847541
2205845921 -22.8662676 -43.7597854 1655220484 2205847238
349234841 -22.8662578 -43.7511788 349235669
2205847541 -22.8662115 -43.7544657 3782775306 2205848111
3432307812 -22.8662049 -43.7503418 3432307811
3782775306 -22.8661341 -43.7542294 2205847541 3782775305 1655220475
3782775305 -22.866124 -43.7541986 2205807440 3782775306 2205804632
349235669 -22.8660699 -43.7520845 349235698 3782775303
3782775303 -22.8659847 -43.7525475 349234835
3782775302 -22.8659742 -43.7534078 3782775305
2205807440 -22.865957 -43.7538843 3782775301
349234835 -22.8659434 -43.7528809 349234830
349234830 -22.8659381 -43.7531201 3782775302
349234524 -22.865916 -43.7506522 3432307812
349235698 -22.8658758 -43.7523868 349235694
3782775301 -22.8658278 -43.7535939 2205807442
349235694 -22.8657755 -43.7524537 349235693
3432307813 -22.8657319 -43.7507021 349234524
1655220485 -22.8656879 -43.7591116 1655220484 1655220481 2205847238
1655220484 -22.8656869 -43.7595646 1655220485 2205845921
2205807442 -22.8656865 -43.7533605 349236018
349235693 -22.8656534 -43.7524775 349235601
2205804632 -22.8655437 -43.7526474 3782775305 2205804627 2205803640
2205804627 -22.8655427 -43.7526787 3782775299
349235601 -22.8655384 -43.7524556 2205803640
1655220483 -22.8655371 -43.7578685 1655220473 1655220493
349236018 -22.8655359 -43.7531959 3782775296
3432307814 -22.8655293 -43.7507114 3432307813
3782775299 -22.8655222 -43.7527288 3782775298
3782775298 -22.8654949 -43.7527719 349236131
349236131 -22.8654505 -43.7528137 349236012
2205803640 -22.8654419 -43.7523779 2205803043 2205804632
1823558782 -22.8654375 -43.7516888 1823558815
3782775296 -22.8654253 -43.7531166 349236016
1823558838 -22.8653898 -43.7515906 148713535
1655220482 -22.8653765 -43.7572354 1655220472 1655220495
3432307815 -22.8653686 -43.750686 3432307814
1655220481 -22.8652588 -43.7590825 1655220476 1655220485
349236016 -22.8652485 -43.7530603 349236012
3432307816 -22.8652364 -43.7506323 3432307815
1655220478 -22.8652106 -43.759489 1655220477
2205803043 -22.8651831 -43.7516991 3782775289 2205803640 2205802010
1655069076 -22.8651666 -43.7598395 1655069098 1655069111 1655069074
1823558815 -22.8651029 -43.7520729 349235742
1823558845 -22.8650848 -43.7519492 1823558838
3782775289 -22.8650832 -43.7515842 349235003
1655220477 -22.8650768 -43.7593322 1655220476 1655220478
3432307817 -22.865056 -43.7505156 3432307816
1655069074 -22.8650013 -43.7597397 1655069069 1655069076
349236012 -22.864994 -43.7530489 349236124
1655220476 -22.8649805 -43.7590476 1655220477 1655220481
1655220475 -22.864943 -43.7544358 1655220461 3782775306
349235003 -22.864906 -43.7514034 349235002
3432307818 -22.8648929 -43.7503668 3432307817
1655069069 -22.8648792 -43.7596202 1655069064 1655069074
2205802010 -22.864869 -43.7508284 2205803043 2205796228
1655220474 -22.8648427 -43.7583564 1655220473 2205847460
1655069064 -22.8648238 -43.7595418 1655069057 1655069069
2205802007 -22.8647882 -43.7507943 2205802010
1655220473 -22.8647865 -43.7580319 1655220474 1655220483 1655220471
349235002 -22.8647632 -43.7513088 349235001
3432307819 -22.8647508 -43.7501777 3432307818
1655220472 -22.8647219 -43.7573912 1655220482 3782775281 1655220471
349235532 -22.8646904 -43.7507962 2205802007
1655069057 -22.864646 -43.7591414 1655069044 1655069064 1655069030
349235001 -22.8646227 -43.7512616 349235000
349235533 -22.8645892 -43.7508305 349235532
2205796228 -22.8645888 -43.7500656 1654984319 2205802010 2205796232
1655220471 -22.8645839 -43.7574279 1655220472 1655220473 1655220463
3782775281 -22.8645771 -43.7567602 1655220469 1655220472 1655220463
1655220469 -22.8645688 -43.756683 1655220494 1655220468 3782775281
3782775280 -22.8645645 -43.7504808 2205796228
349234554 -22.8645616 -43.7525783 1823558845
3782775273 -22.8644996 -43.7506807 3782775280
349235000 -22.8644767 -43.7512616 3782775260
1655220468 -22.8644607 -43.7559924 1655220469 2205847480 1655220466 1655220462
1655069044 -22.8644412 -43.7586933 1655069057 1655069037
349235382 -22.8644022 -43.7508666 3782775273
1655069030 -22.8643568 -43.7593481 1655068987 1655069057 1655069082
1655220466 -22.864354 -43.7555919 1655220455 1655220464 1655220468
1655069037 -22.864332 -43.7583874 1655069044 1655069024
1655220464 -22.8642993 -43.7553168 2205845894 1655220461 1655220466
349235431 -22.8642865 -43.7510329 349235382 349235533
3782775260 -22.8642805 -43.7513256 349234997
1655220462 -22.8642745 -43.7560906 1655220456 1655220449 1655220468
1655220463 -22.8642717 -43.7568488 1655220456 3782775281 1655220471
1655069024 -22.8642533 -43.7577459 1655069021 1655069037
1655069021 -22.8642024 -43.7575981 1655069011 1655069024
349235384 -22.8641736 -43.7511575 349235431
1655220461 -22.8641596 -43.7546783 1655220460 1655220464 1655220475
349234997 -22.8641254 -43.7514246 3782775252
3782775255 -22.8641016 -43.7528863 349234554
1655069011 -22.8640956 -43.7574909 1655069021 1655068989
1655220460 -22.8640843 -43.7543345 1655220459 1655220455 1655220461
349236124 -22.8640834 -43.7534887 349235742
1655220459 -22.8640002 -43.7539001 1655220458 1655220460
1655068989 -22.8639934 -43.7574231 1655068939 1655069011
3782775253 -22.8639613 -43.7529149 3782775255
1655220458 -22.8639393 -43.753891 1655220452 1655220459
3782775252 -22.8639192 -43.7516302 349234996
1655220456 -22.8639045 -43.7563885 1655220453 1655220462 1655220463
3432301434 -22.8638993 -43.7514795 349235384
1655068987 -22.8638559 -43.7597932 1655068922 1655069030 1655069053
349234991 -22.8638239 -43.7529049 3782775253
3782775248 -22.8637193 -43.7528635 349234991
349235385 -22.8637016 -43.7517165 3432301434
349235742 -22.8636555 -43.7537791 1655068544
349234996 -22.8636537 -43.7519459 349234995
1655068969 -22.863625 -43.7586767 1655068957 1655068951
1655220455 -22.8636106 -43.7548417 1655220460 1655220452 1655220466
349234992 -22.8635962 -43.7527618 3782775248
1655068957 -22.8635913 -43.7588666 1655068947 1655068969
1654984274 -22.8635644 -43.7500313 3782775247 3432300442 1654984287
1655068951 -22.8635534 -43.7582685 1655068939 1655068871 1655068969
3782775244 -22.8635228 -43.7526465 349234992
349234995 -22.8635093 -43.7521714 3782775242
3782775243 -22.8635 -43.751948 349235385
3782775242 -22.8634667 -43.7523363 349234994
349234994 -22.8634662 -43.7525042 3782775244
1655068947 -22.8634574 -43.7590687 1655068898 1655068957
1655220453 -22.8634444 -43.7557949 1655220456 1655220450
349235386 -22.8634169 -43.7520942 3782775243
1655068939 -22.8633635 -43.7571587 1655068829 1655068989 1655068951
3782775239 -22.8633597 -43.7522526 349235386
349235390 -22.8633527 -43.7533066 349235387
1655220452 -22.8633428 -43.7545461 1655220458 1655220455 1655220449
349235387 -22.8633387 -43.752426 3782775239
349235391 -22.8633141 -43.7536563 349235390
3782775238 -22.8632107 -43.7539788 349235391
1655220450 -22.863118 -43.7554638 1655220453 1655220448
1655068898 -22.863104 -43.7593557 1655068807 1655068871 1655068947
3432300442 -22.8630553 -43.7516787 1654984274 1654984269
1655220449 -22.863054 -43.7548486 1655220452 1655220448 1655220462
1654984269 -22.8630009 -43.7520607 1654984268 3432300442
3782775235 -22.8629555 -43.7544055 3782775238
1655068871 -22.8629445 -43.7583932 1655068898 1655068829 1655068779 1655068951
1654984268 -22.8628582 -43.7534881 1654984269 3782775231 3782775230
3782775231 -22.8628129 -43.7538336 1654984268 1654984265
349235394 -22.8627967 -43.7546929 3782775235 349234554
3782775230 -22.8627546 -43.7536411 1654984268 1654984260
1654984265 -22.8627444 -43.7540633 3782775231 3782775229
1655220448 -22.8627166 -43.7552606 1655220447 1655220449 1655220450
1655068829 -22.8626734 -43.756857 1655068749 1655068939 1655068871
3782775229 -22.8626641 -43.7542225 1654984258 1654984265
1654984260 -22.8626097 -43.7537801 1654984237 3782775230
1655068807 -22.8625656 -43.7598565 1655068898 3782775228 1655068768
1654984258 -22.862532 -43.7544018 3782775229 1654984245
3782775228 -22.8624489 -43.7593174 1655068807 1655068779
1655220447 -22.8623687 -43.7556265 1655220446 1655220448
1655068779 -22.8623265 -43.7585177 1655068689 1655068732 3782775228 1655068871
1654984248 -22.8623212 -43.7544278 1654984245 1654984247
1654984245 -22.8622846 -43.754678 1654984258 1654984216 1654984248
1654984247 -22.8622582 -43.75425 1654984248 1654984244
1655068749 -22.8622383 -43.7566515 1655068728 1655068829
1654984244 -22.8621419 -43.7541508 1654984237 1654984247
1655068732 -22.8621278 -43.7573158 1655068711 1655068779 1655068658
1655068728 -22.8620942 -43.7566367 1655068749 1655068711
1655068711 -22.8620208 -43.7566515 1655068732 1655068701 1655068728
1654984237 -22.8619527 -43.7541313 1654984260 1654984183 1654984244
1655220446 -22.8619352 -43.7561783 1655220447
1654984235 -22.8619303 -43.7556729 349235394
1655068701 -22.8618535 -43.7566656 1655068681 1655068711
1654984223 -22.8617025 -43.7557427 1654984235
1655068689 -22.8616981 -43.7586333 1655068674 1655068704 1655068595 1655068779
1655068681 -22.861685 -43.7566333 1655068657 1655068701
1654984220 -22.86163 -43.7558284 1654984217
1655068674 -22.8616258 -43.7582065 1655068689 1655068642
1654984217 -22.8615781 -43.7557191 1654984216 1654984223
1654984219 -22.8615525 -43.7561274 1654984220 1654984235
1655068657 -22.8615449 -43.7565529 1655068624 1655068681
1655068658 -22.8615371 -43.7574215 1655068635 1655068642 1655068732
1654984216 -22.8614977 -43.7556003 1654984188 1654984217 1654984245
1655068642 -22.8614432 -43.7574297 1655068674 1655068616 1655068658
1654984209 -22.8613896 -43.751977 1654984207 1654984213
1655068635 -22.8613713 -43.7568709 1655068624 1655068658
1655068616 -22.8613522 -43.7574614 1655068583 1655068642
1655068624 -22.8613247 -43.7568114 1655068582 1655068657 1655068635
1654984207 -22.8613003 -43.7522589 1654984197 1654984209
1655214584 -22.8611218 -43.7564301 1655214580
1654984197 -22.8611217 -43.7524703 1654984207 1654984116
1655068595 -22.8610574 -43.7587557 1655068583 1655068550 1655068689 1655068625
1655068582 -22.8608737 -43.7573573 1655068574 1655068624
1655068583 -22.8608655 -43.7577088 1655068595 1655068564 1655068616
1655068574 -22.8606651 -43.7575167 1655068582 3782775214
3782775214 -22.8605092 -43.7576682 1655068574 1655068564
1655214580 -22.860485 -43.757169 1654984176 1655214584 3782775211
1654984188 -22.860447 -43.7563329 1654984216 1654984179
1655068564 -22.8604091 -43.7578514 1655068583 1655068542 1655068544 3782775214
1655068544 -22.8603849 -43.7576674 1655068513 1655068564
1655068550 -22.860355 -43.7588982 1655068542 1655068588 1655068595
3782775211 -22.8603169 -43.7567499 1655214580 3782775210
3782775210 -22.8602817 -43.7566637 1654984179 3782775211
1654984183 -22.860237 -43.7550336 1654984237 1654984122
1654984176 -22.8602334 -43.7574218 1654984162 1655214580 1654984121
1654984179 -22.8601908 -43.7564551 1654984188 1654984163 3782775210
1654984163 -22.8600755 -43.7564868 1654984179 1654984103 1654984145
1654984162 -22.8600726 -43.7576499 1654984154 1654984176
1655068542 -22.8600571 -43.7582663 1655068550 1655068564
