1425193099 -22.9199091 -43.415587 1425193433 1425193397 1425193941
1420151005 -22.9198399 -43.416778 1420150476 1420150978
1425193084 -22.9197707 -43.4136397 1425193469 1425192961 1425192820 1425193031
1425193469 -22.9196423 -43.4137363 1425193265 1425193084
1425193160 -22.9195583 -43.4117997 1425193952 1425193517
1425193265 -22.9195336 -43.4138704 1425193469 1425193433
1425192820 -22.9194592 -43.4128206 1425193681 1425192724 1425193084
1425193952 -22.9194397 -43.4118373 1425193160 1425193588
1420150978 -22.9194051 -43.4164562 1420151005 1420150886
1425193255 -22.9193144 -43.4112282 1425194018
1425193588 -22.9193013 -43.4117729 1425193952 1425194018
1425193190 -22.9190642 -43.4132642 1425193258
1425193258 -22.9190222 -43.4133825 1425193538 1425193190 1425193215
1425193538 -22.9189901 -43.4134734 1425193258
1425194018 -22.9189424 -43.4116228 1425193255 1425192724 1425193588
1425193433 -22.9189061 -43.4150076 1425193099 1425193265 1425193052
1420150886 -22.9187628 -43.4159358 1420150978 1425193052
1420076681 -22.9184652 -43.4104084 476953415 1420076715 1419974680
1425192724 -22.9183977 -43.4124091 1425194018 1425194046 1425192820
1419974680 -22.9183448 -43.410647 1420076681 1419974653
1425193052 -22.9183266 -43.4155367 1425193433 1420150886 1420150889
1420150889 -22.9183008 -43.4155131 1420150517 1425193052
1419974653 -22.9182607 -43.4108137 1419974680 1425000158
1425000158 -22.9182068 -43.4109293 1419974653 1425194046 1425000057
1420076715 -22.9182028 -43.4103198 1420076643 1420076681
1420150517 -22.9180809 -43.4153082 1420151006 1420150889
1420076643 -22.917936 -43.4102447 1420076674 1420076715
1420151006 -22.9178289 -43.4151526 1420150517 1420150576
1425000057 -22.917819 -43.4107963 1425000018 1425000158
1425194046 -22.9176133 -43.4121248 1425192724 1425000158 1425193215
1420076674 -22.9175259 -43.4100945 1420076805 1420076643
1425000018 -22.9173337 -43.4105861 1425000060 1425000015 1425000057
1425193215 -22.9173251 -43.4127319 1425194046 476953424 1425193258
1425000015 -22.9172778 -43.4109924 1425000018 1425000129
1425000129 -22.9172218 -43.4111044 1425000015
476953424 -22.917181 -43.4131149 1425193215 476953434
1425000060 -22.9171724 -43.410474 1425000018 1425000028
1420150576 -22.9171289 -43.4148927 1420151006 1420150493
1420150905 -22.9169685 -43.4147693 1420150576
1420150493 -22.9169246 -43.4148693 2823629057
2995965062 -22.9169158 -43.4147032 2995965061 1420151024
2995965061 -22.9169135 -43.4147504 2995965060 2995965062
1420151024 -22.9169048 -43.4146575 1420150905 2995965062 1420150575
2995965060 -22.9168982 -43.4147946 1420151025 2995965061
1425000028 -22.9168928 -43.4102311 1425000213 1425000060 2823629053
1420150575 -22.9168813 -43.4146172 1420151024 1420150655
1420151025 -22.9168712 -43.4148317 2995965060 2823629058
2995965070 -22.9168691 -43.4144862 1420151024
476953434 -22.9168541 -43.4140745 476953424 2823629050
1420150655 -22.9168476 -43.4145867 1420150575 1420150574
2823629050 -22.916843 -43.4142862 2995965070
2823629058 -22.9168351 -43.4148581 2823629057 1420151025
2823629053 -22.9168089 -43.4102125 1425000028 2823629054
1420150574 -22.9168068 -43.4145688 2995965063 1420150655
2823629057 -22.9167934 -43.4148714 2995965069 1420150776 2823629058
1425000213 -22.9167659 -43.4101331 2823629052 1425000028
2995965063 -22.916763 -43.4145653 1420150574 2995965064
1425000209 -22.9167567 -43.4119228 1419974783
2995965069 -22.9167447 -43.4148693 2995965068 2823629057
2823629049 -22.9167401 -43.4144131 476953434
2995965064 -22.9167203 -43.4145766 2995965063 2995965065
2823629054 -22.9167143 -43.4102358 2823629053 2823629055
2995965068 -22.9166996 -43.4148494 2995965069 1420150652
2995965065 -22.9166828 -43.4146015 1420150653 2995965064
1420150652 -22.9166633 -43.4148141 2995965068 1420150478 2995965067
1420150653 -22.9166542 -43.4146377 2823629049 2995965065 1420150844
1420150776 -22.916645 -43.4149113 1420150882
2995965067 -22.9166421 -43.4147733 2995965066 1420150652
2823629055 -22.916639 -43.4103012 2823629056 2823629054
1420150844 -22.9166373 -43.4146808 1420150653 2995965066
2995965066 -22.9166331 -43.4147275 1420150844 2995965067
2823629052 -22.9166175 -43.4100934 2823629056 1425000213 2823629051
2823629056 -22.916596 -43.4104226 1425000059 2823629052 2823629055
1420150478 -22.9165879 -43.4147376 1420150653 1420150968
2823629051 -22.9165336 -43.410091 1419974376 2823629052
1425000059 -22.9165315 -43.4112772 2823629056
1420150882 -22.9164837 -43.4149604 1420150469
1420150633 -22.9164643 -43.4148903 1420150478
1419974783 -22.9164009 -43.4119499 1419974384 1425000209
1420150968 -22.9163812 -43.4146645 1420150478 1420150933
1420150469 -22.9163702 -43.4150272 1420150633 1420150695
1419974376 -22.9163573 -43.410077 1425000023 2823629051
1420150635 -22.9162799 -43.4189088 1420150617 1420150864
1420150617 -22.916275 -43.4187049 1420150917 1420150635
1425000023 -22.9162476 -43.4100677 1424986738 1424987477 1419974376
1419974384 -22.9162129 -43.4119432 1419974783 1424986421
1420150864 -22.9162107 -43.419236 1420150858 1420150635
1424987477 -22.9161974 -43.4105896 1425000023 1424986268 1424987290
1424986268 -22.9161786 -43.4108606 1424987477 1424986321
1420150933 -22.916149 -43.4145733 1419974382 1420150968
1424986018 -22.9161391 -43.4116707 1424986321 1424986421
1424986321 -22.9161341 -43.4114346 1424986268 1424986018
1424986421 -22.9161329 -43.4119362 1419974384 1424986018 1424986789
1420150917 -22.9160477 -43.4180183 1420150617 1420150472
1420150695 -22.9160475 -43.4155036 1420150787 1420150469
1420150472 -22.915939 -43.4177233 1420150917 1420150977
1424986789 -22.9158722 -43.4119228 1424986421
1419974382 -22.9158673 -43.4145194 1419974402 1420150933
1420150787 -22.9158497 -43.4158211 1420150695 1420150603
1420150977 -22.9157908 -43.417557 1420150472 1425124750 1420150522
1419974402 -22.9156697 -43.4144819 1420150671 1419974382
1425124750 -22.9156184 -43.4176854 1419974452 1420150977
1420150603 -22.9156153 -43.416099 1420150787 1420150736
1420150522 -22.9155906 -43.4173896 1420150918 1420150977
1424987290 -22.9155597 -43.410546 1424987477 1424986590 1424986013 1424985984
1419974452 -22.9154972 -43.4177622 1425124750 1419974471
1424986590 -22.9154918 -43.4113327 1424987290
1420150671 -22.9154597 -43.4144402 1420150588 1419974402
1420150918 -22.9154424 -43.4172823 1420150960 1420150522
1425123286 -22.9153813 -43.4181039 1425123476 1425123530
1425123476 -22.9153664 -43.418474 1425123485 1425123286
1425123485 -22.9153615 -43.418651 1425123476 1419974764
1425123530 -22.9153615 -43.417959 1425123286 1419974471
1419974764 -22.9153391 -43.4188619 1425123306 1425123485
1419974471 -22.9153391 -43.4178749 1419974452 1425124738 1425123530
1420150588 -22.915334 -43.4144231 1420150513 1420150671
1420150960 -22.9153092 -43.4171535 1420150918 1420150876
1420150736 -22.9153013 -43.4163815 1420150739 1420150603
1425123306 -22.9152676 -43.4195093 1425123440 1419974764
1425123360 -22.9152528 -43.4199385 1425123383 1425123440
1425123440 -22.9152429 -43.4197293 1425123306 1425123360
1420150513 -22.9152203 -43.4144392 1420150612 1420150588
1420150739 -22.9152195 -43.4164819 1420150624 1420150736
1420150876 -22.9152174 -43.417005 1420150960 1420150571
1425124738 -22.9151429 -43.4179939 1425124756 1419974471
1420150571 -22.9151378 -43.4167925 1420150876 1420150624
1420150624 -22.9151378 -43.4166874 1420150739 1420150571
1425124756 -22.9151172 -43.4180521 1425124777 1425124738
1420150612 -22.915082 -43.4144982 1420150513 1420150994
1425124777 -22.9150255 -43.418136 1425124756
1420150994 -22.9148448 -43.4146645 1420150737 1420150612
1425123463 -22.9144425 -43.4198366 1425123371
1425123371 -22.9144177 -43.4199814 1425123463 1425123535
1424986576 -22.9144134 -43.41016 1424985984 1424986302
1424985984 -22.9144047 -43.4104261 1424986095 1424986576 1424987290
1424986095 -22.9143949 -43.4107587 1424985984
1425123302 -22.9140738 -43.4198516 1425123524 1425123330
1425123330 -22.9140393 -43.4196263 1425123532 1425123302
1425123532 -22.9140096 -43.4195136 1425123340 1425123330
1425123416 -22.9139997 -43.4189718 1425123533 1425123328
1425123328 -22.9139997 -43.418827 1425123416 1425123456
1425123533 -22.9139849 -43.419122 1425123416 1425123481
1425123340 -22.9139602 -43.4194117 1425123356 1425123532
1425123456 -22.9139602 -43.418666 1425123502 1425123328
1425123356 -22.9139503 -43.4192883 1425123481 1425123340
1425123481 -22.9139454 -43.4192239 1425123533 1425123356
1425123502 -22.9138762 -43.4185534 1425123528 1425123456
1425123528 -22.9137922 -43.4185266 1425123502
1420150737 -22.9137083 -43.4155228 1420150625 1420150994
1420150625 -22.913486 -43.4156086 1420150737 1420150551
1420150551 -22.9133251 -43.415615 1420150477 1420150625
1425123282 -22.9132091 -43.4186339 1425123397 1425123473
1420150477 -22.9131895 -43.4155281 1420151028 1420150551
1425123397 -22.9131894 -43.418709 1425123518 1425123282
1425123518 -22.9131499 -43.4187948 1425123299 1425123397
1425123473 -22.9131499 -43.4185695 1425123520 1425123282
1425123299 -22.9131103 -43.4188216 1425123500 1425123518
1420151028 -22.913083 -43.4153951 1420150477 1420151027
1425123500 -22.913051 -43.4188162 1425123496 1425123299
1420151027 -22.912977 -43.4153404 1420150956 1420151028
1420150956 -22.9127619 -43.4152878 1420150623 1420151027
1425123298 -22.9126656 -43.419283 1425123342
1420150623 -22.9123221 -43.4153575 1420150622 1420150956
1425123461 -22.9119393 -43.4173142 1425123511 1425123343
1425123520 -22.9119382 -43.4179197 1425123496 1425123473 1425123374
1425123511 -22.9119274 -43.4173904 1425123461 1425123442
1425123374 -22.9119195 -43.4179097 1425123520 1425123515
1425123442 -22.9118997 -43.4175234 1425123511 1425123430
1425123343 -22.9118978 -43.4172134 1425123461 1425123337
1425123496 -22.9118157 -43.4181511 1425123520 1420150598 1425123500
1420150622 -22.9117786 -43.4155185 1420150623 3079937212
3079937212 -22.9116461 -43.4155807 1420150804 1420150622
1425123342 -22.9116205 -43.4187381 1425123298 1425123292 1425123516
1425123309 -22.9115766 -43.4164355 1425123460
1425123529 -22.9114778 -43.4167198 1425123358
1420150804 -22.9114475 -43.415674 1420150834 3079937212
1425123460 -22.9114086 -43.4161995 1425123437 1425123309
1425123292 -22.9113859 -43.41924 1425123342 1425123504
1425123437 -22.9113295 -43.4162317 1425123312 1425123460
1425123312 -22.91129 -43.4162907 1425123437 1425123358 1425123522
1420150834 -22.9112476 -43.4158768 1420150885 1420150804
1425123337 -22.9112327 -43.4169387 1425123343 1425123454
1425123358 -22.9111856 -43.4165401 1425123529 1425123312 1425123417
1420150885 -22.9111834 -43.4159841 1420150834 1425123522 1420150848
1425123504 -22.9111437 -43.419637 1425123292 1425123395
1425123417 -22.9111418 -43.4166447 1425123358
1425123522 -22.9110942 -43.4162028 1425123354 1420150885 1425123312
1425123395 -22.9110746 -43.4197175 1425123504 1425123335
1420150848 -22.911067 -43.4158618 1420150885 1420150843
1425123516 -22.91104 -43.4184354 1425123342 1425123451 1420150489
1425123454 -22.911035 -43.4168797 1425123337 1425123498
1425123498 -22.9109996 -43.4169565 1425123329 1425123430 1425123454
1425123335 -22.9109906 -43.4197604 1425123395 1425123324
1425123430 -22.9109659 -43.4170299 1425123442 1425123498
1425123324 -22.9109066 -43.4197872 1425123335 1425123418
1425123354 -22.9108961 -43.4166883 1425123329 1425123522 1425123386
1425123451 -22.9108423 -43.4188806 1425123516 1425123531
1425123329 -22.9108291 -43.4168527 1425123354 1425123526 1425123498
1425123418 -22.9108107 -43.4197507 1425123324 1425123486
1425123486 -22.9107909 -43.419681 1425123373 1425123418
1425123373 -22.9107583 -43.419578 1425123410 1425123486
1425123526 -22.9107277 -43.4171012 1425123329 1425123515 1425123296
1425123386 -22.9107089 -43.4165846 1425123354 1425123294
1425123410 -22.9106842 -43.4194546 1425123373 1425123531
1425123515 -22.9106641 -43.4172571 1420150598 1425123526 1425123374
1425123531 -22.9106002 -43.4193634 1425123410 1425123314 1425123451
1420150598 -22.9105707 -43.4174861 1425123496 1420150489 1425123515 1425123517
1425123314 -22.9104668 -43.4193581 1425123531 1425123367
1420150843 -22.9104472 -43.414643 1420150848 1420150881
1420150489 -22.9103187 -43.4180387 1420150598 1420150502 1425123516
1420150881 -22.9102791 -43.4143265 1420150843 1420151029
1425123296 -22.9102543 -43.4167992 1425123526
1420150502 -22.910126 -43.4183069 1420150904 1420150489
1425123367 -22.9101138 -43.4193769 1425123314 1425123372
1425123294 -22.910111 -43.416193 1425123386
1425123517 -22.9100863 -43.4172498 1420150598
1420151029 -22.9100689 -43.4141184 1420150881 1420150642
1425123372 -22.909864 -43.4193902 1425123367
1420150642 -22.9098268 -43.4139467 1420151029 1420150883
1425121189 -22.9097454 -43.4126525 1425120797 1425121171
1425120797 -22.9097454 -43.4124114 1425121008 1425121189
1420150904 -22.9097406 -43.4190204 1420150580 1420150502
1425121008 -22.9097157 -43.4121485 1425120797 1425120860
1425121171 -22.909691 -43.4129422 1425121189 1425121136
1425120860 -22.9096614 -43.4119179 1425121008 1425121129
1420150883 -22.9096143 -43.4138609 1420150536 1420150642
1425121136 -22.9095971 -43.4132051 1425121171 1425120906
1425121129 -22.9095872 -43.4118106 1425120860
1425120906 -22.9095279 -43.4133606 1425120991 1425121136
1420150580 -22.9094885 -43.4194871 1420150904 1425121191
1420150536 -22.909449 -43.4137096 1425120991 1420150883
1425121191 -22.9094202 -43.4196026 1420150580 1420150528
1425120991 -22.9093683 -43.4136289 1420150536 1420150535 1425120906
1420150528 -22.9093498 -43.4197972 1420150504 1425121191
1425120875 -22.9089262 -43.4197855 1425120849
1420150535 -22.908715 -43.4129757 1425120991 1425120834
1425121166 -22.9087025 -43.411946 1425121232
1425121232 -22.9086583 -43.4119769 1425121166 1425120793
1425121017 -22.9085618 -43.4195106 1425121154
1425120793 -22.9084952 -43.41217 1425121232 1425120834
1425121154 -22.9083305 -43.4197023 1425120903 1425121017
1425120903 -22.9082871 -43.4197659 1425121154 1425121046
1425121046 -22.9082353 -43.4199003 1425121247 1425120903
1425121247 -22.9082341 -43.419988 1425120853 1425120932 1425121046
1425120834 -22.9082328 -43.4124054 1420150535 1420150590 1425120793
1425121048 -22.9082037 -43.4109362 1425120892
1420150590 -22.9081616 -43.4123213 1425120834 1425120981
1425120892 -22.9081493 -43.4108557 1425121048 1425120888
1425120981 -22.9081101 -43.4122441 1420150590 1425120831 1420150534
1425120888 -22.90809 -43.4107484 1425120892 1425120973
1425120973 -22.9079813 -43.4106411 1425120888 1425120883
1425120883 -22.907927 -43.4106036 1425120973 1425121246
1425121246 -22.907922 -43.4106841 1425120883 1425121064
1425121064 -22.9079171 -43.4108128 1425120887 1425121246
1420150534 -22.9079145 -43.4119511 1425120796 1425120981
1425120887 -22.9078776 -43.4109898 1425121064 1425121072
1425120796 -22.9078602 -43.4118332 1420150644 1425121244 1420150534
1425121072 -22.9078479 -43.4111561 1425120887 1425121133
1420150644 -22.9078305 -43.4117687 1425120796 1420150508
1425121133 -22.9078232 -43.411419 1425121072 1425121226
1420150508 -22.9078058 -43.4115917 1420150644 1425121226
1425120831 -22.9077985 -43.4125077 1425120981
1425121226 -22.9077758 -43.4114708 1425121133 1420150508 1420150647
1420150647 -22.9077366 -43.4113128 1425121226 1425121024
1425121024 -22.9076653 -43.4110236 1425121272 1420150647 1420150722
1425121244 -22.9076532 -43.412203 1425121223 1425120796
1425121051 -22.9075204 -43.419791 1425120814 1425121230 1425120932
1425121223 -22.9074901 -43.4126268 1425121244 1425120798
1425120798 -22.907416 -43.4127233 1425121235 1425121223
1425121272 -22.9073814 -43.411173 1425121245 1425121024
1425121230 -22.9073467 -43.4195382 1425120806 1425121051
1425120806 -22.9073271 -43.4194796 1425120998 1425121230
1425121235 -22.9072796 -43.4128993 1425121034 1425120798
1425120998 -22.9072518 -43.4193805 1425120806 1425121120
1425121120 -22.9072214 -43.4191588 1425120998 1425121160
1425121160 -22.9071961 -43.41906 1425121135 1425120993 1425121120
1425121034 -22.9071858 -43.4129261 1425120804 1425121235
1425121135 -22.9071642 -43.4189824 1425121078 1425121160
1425120993 -22.9071637 -43.4192419 1425121160 1425120873
1425120873 -22.9071414 -43.4193031 1425120993 1425121015
1425121078 -22.9070948 -43.4188903 1425121135
1425120804 -22.90708 -43.4128521 1425121207 1425121034
1425121015 -22.9070747 -43.4193836 1425120873 1425120879
1425121245 -22.9070553 -43.4113018 1425121272
1425120879 -22.9070029 -43.419401 1425120997 1425121015
1425121207 -22.9069318 -43.4128628 1425121116 1425120804
1425121116 -22.9068231 -43.4129326 1425121207 1425121198
1425120997 -22.9067829 -43.4193753 1425120879
1425121198 -22.906741 -43.413087 1425121116
1420150529 -22.9056689 -43.4100296 1420150499 1420150747
1425121231 -22.905638 -43.419995 1425120977 1425121233
1420150518 -22.9056046 -43.4110113 1420150891 1420150817
1420150817 -22.9055898 -43.4111293 1420150518 1420150587
1420150891 -22.9055602 -43.4108611 1420150518 1420150620
1420150587 -22.9055503 -43.411199 1420150817 1420150759
1420150499 -22.9055503 -43.4101423 1420150529 1420150757
1420150620 -22.9054959 -43.4107645 1420150733 1420150891
1425120977 -22.9054953 -43.4199145 1425121231
1420150759 -22.9054515 -43.4112098 1420150587 1420150716
1420150733 -22.9054317 -43.4106251 1420150749 1420150620
1420150757 -22.9054169 -43.4102978 1420150499 1420150749
1420150749 -22.905402 -43.4104695 1420150733 1420150757
1420150716 -22.9053499 -43.4111411 1420150801 1420150759
1420150801 -22.9051747 -43.4109737 1420150697 1420150716
1420150697 -22.9049299 -43.4108729 1420150801
