2655906430 -22973570 -43399602 2679577936 2655906431
2679577936 -22973524 -43399417 2655906429 2655906430
2655906429 -22973428 -43399280 2679577936 2655906428
3298368596 -22973338 -43398626 3298368629
3298368581 -22973285 -43398760 3298368596
2655906428 -22973272 -43399146 2655906429 2691388543
3298368572 -22973209 -43398658 3298366059
3298368568 -22973178 -43398921 3298368581
2691388543 -22973127 -43399063 3298368562 2655906428
3298368562 -22973105 -43399051 3298368568 2691388543
3298366059 -22973088 -43398879 3798056174
3298366057 -22973077 -43399100 3298368562
3298366056 -22973029 -43399200 3298366057
1840634200 -22973026 -43392583 1642697188
1642697188 -22973024 -43392800 1642697108 3361760664
615277804 -22972996 -43399401 3298366056
3361760664 -22972972 -43397652 3361760667
2687080885 -22972971 -43399815 615277804
3361760667 -22972971 -43397745 615280713
615280713 -22972964 -43398498 3798056174
3798056174 -22972903 -43399157 1585698499
1585698499 -22972879 -43399421 1642697166 615280724
1642697166 -22972856 -43399492 3014509328
615280724 -22972851 -43399766 2660452056
1642697164 -22972815 -43399684 615280724
3014509328 -22972815 -43399539 1642697160
3014509327 -22972780 -43399644 1642697164
1642697160 -22972771 -43399566 1642697152
3014509326 -22972738 -43399619 3014509327
1642697152 -22972715 -43399580 1642697142
1642697154 -22972676 -43399598 3014509326
1642697142 -22972644 -43399573 1585698498
3014509329 -22972636 -43399579 1642697154
1585698498 -22972599 -43399545 3641367411 3014509329
3360247960 -22971093 -43392713 3360247967
1642697108 -22971093 -43392744 1642697188 3360247960
3360247967 -22971084 -43392683 3360247968
3360247959 -22971083 -43392774 1642697108
3360247968 -22971066 -43392659 3360247969
3360247958 -22971064 -43392798 3360247959
3360223009 -22971042 -43390915 3360247973 3077670990
3360247969 -22971042 -43392642 3360247973
3360247957 -22971039 -43392813 3360247958
3360247973 -22971014 -43392635 3360247961 3360223009
3360247956 -22971011 -43392819 1642697107 3360247957
3641367411 -22971009 -43397804 1642697104 1585698498
1642697107 -22970989 -43394188 1642697095 1642697106 3360247956
3360247961 -22970987 -43392639 3360247962
3360247972 -22970984 -43392815 3360247956
1642697106 -22970978 -43394706 1642697104 1642697105 1642697107
3360247962 -22970962 -43392651 3360247963
1642697105 -22970960 -43394661 1642697093 1642697106
3360247971 -22970960 -43392802 3360247972
1642697104 -22970958 -43397710 1585671843 3641367411 1642697106
3360247963 -22970943 -43392671 3360247964
3360247970 -22970941 -43392781 3360247971
1642697095 -22970933 -43394247 1642697091
3360247964 -22970930 -43392697 3360247965
3360247966 -22970929 -43392755 3360247970
1642697093 -22970927 -43394598 1642697090 1642697105
3360247965 -22970925 -43392726 3360247966
1642697091 -22970851 -43394306 1642697089
1642697090 -22970809 -43394444 1642697093 1642697089
1642697089 -22970714 -43394311 1642697090 1642697086
1642697086 -22970625 -43394198 1642697070 1642697089
1642697070 -22970138 -43393658 1642697069 1642697086
1642697069 -22969950 -43393464 1642697070 1642697068 1642697066
1642697068 -22969941 -43393305 1642697069 1642697067
1642697067 -22969918 -43393171 1642697065 1642697068
1642697066 -22969867 -43393523 1642697064 1642697069
1178801170 -22969848 -43390261 2505390623
2505390620 -22969814 -43390061 2505390617
1642697065 -22969798 -43393145 1642697067 1642697061
1642697064 -22969778 -43393558 1642697063 1642697066
1642697063 -22969733 -43393563 1642697064 1642697062
3077670962 -22969710 -43390411 1178801170
1642697062 -22969695 -43393463 1642697059 1642697063
1642697061 -22969669 -43393127 1642697065 1642697060
2505390617 -22969641 -43390238 3077670960
1642697060 -22969640 -43393172 1642697059 1642697061
1642697059 -22969638 -43393250 1642697060 1642697062
1178801301 -22969522 -43390557 3077670962
3077670960 -22969486 -43390356 2505390615
3077670959 -22969336 -43390672 1178801301
2505390615 -22969311 -43390457 2505390614
1178801242 -22969092 -43390780 3077670959
2505390614 -22969018 -43390574 3077670957
3077670958 -22968909 -43390842 1178801242
3077670957 -22968802 -43390627 2505390613
1585671843 -22968700 -43395111 1642697104 1585671840
1178801255 -22968689 -43390886 3077670958
1585671840 -22968535 -43394991 1585671843 3077166249
3077670955 -22968524 -43390893 1178801255
2505390613 -22968506 -43390676 2905796272
3077166249 -22968374 -43394927 1585671840 1585694613
2905796272 -22968252 -43390650 2505390610
2905796270 -22968195 -43391014 2905796271 1585694612
1585694612 -22968194 -43392874 2905796270 1585694613
2905796271 -22968194 -43390952 1642697053 2905796270
1642697053 -22968192 -43390876 2505390610 2905796271 3077670955
2505390610 -22968187 -43390640 2905796268 1642697053 2905796257
2905796268 -22968185 -43390546 2505390610 3077670953
1585694613 -22968176 -43394892 1585694612 1585671846 3077166249
2905796267 -22968155 -43390867 1642697053
1178801236 -22968109 -43390853 2905796267
2905796257 -22968074 -43390612 2505390609
1585671846 -22967902 -43394891 1585694613
2505390609 -22967622 -43390499 2905796251
2905796251 -22967446 -43390461 2505390607
2505390607 -22967355 -43390443 2505390606
3641367406 -22967337 -43394887 3077166003
2905796243 -22967323 -43390618 1178801236
615282707 -22967323 -43397367 3014510440
2905796241 -22967273 -43390608 2905796243
3077166003 -22967250 -43394575 1772960317 3641367406
2505390606 -22967104 -43390413 2505390605
2505390605 -22966646 -43390383 2505390604
1178801263 -22966626 -43390543 2905796241
3014510440 -22965920 -43396057 615282707 2577523966
1772960319 -22965693 -43394048 3077165958
3077165958 -22965585 -43394037 3077165703 1772960319
1772960317 -22965436 -43390500 3077166003 1178801263
2505390604 -22965434 -43390333 3651434154
3077165943 -22965386 -43398228 1772960299
3077165939 -22965315 -43392970 1772960312 3077165707
1772960312 -22965170 -43392697 3077165696 3077165939
1772960308 -22965069 -43392354 1772960296 1772960306
3077165716 -22965032 -43399984 1773037370 1773037429
1772960306 -22965020 -43392235 1772960308 1772960301
1772960301 -22964786 -43392290 1772960292 1772960306
3077165707 -22964716 -43393433 3077165691 3077165939
3077165703 -22964691 -43393935 1772960297 3077165958
1773037370 -22964653 -43399822 3077165716
2577523966 -22964652 -43394978 2577523957 3014510440
3077165696 -22964519 -43393200 1772960312 3077165681
1772960297 -22964503 -43393931 1772960283 3077165703
2577523957 -22964474 -43394826 2577523966 1772960267
3077165693 -22964464 -43399509 3077165692 3077165690
3077165692 -22964461 -43399263 1772960299 3077165693
3077165691 -22964459 -43393641 3077165707 3077165681
3077165690 -22964444 -43399833 3077165677 3077165693 3077165689
3077165689 -22964424 -43399954 3077165682 3077165690
1772960299 -22964297 -43398236 1772960294 3077165692 3077165943
3077165681 -22964233 -43393432 3077165691 3077165667 3077165696
1772960296 -22964228 -43393029 1772960308 1772960274 1772960292
1772960294 -22964171 -43397699 3077165679 1772960299
3077165679 -22964106 -43397500 1772960294 3077165678
1772960292 -22964102 -43392836 1772960289 1772960301 1772960296
3077165678 -22964032 -43397365 1772960285 3077165679
3077165677 -22964004 -43399691 3077165658 3077165690
1772960287 -22963959 -43399148 3077165674 3077165671
1772960289 -22963945 -43392612 1772960292
1772960285 -22963925 -43397276 1772960281 3077165678
1388976655 -22963891 -43394608 1388976657
3651434154 -22963861 -43390297 3651434153 2905796235
1388976657 -22963831 -43394672 1388976656 1388976655
3077165674 -22963831 -43397595 1772960287 1772960281
1772960281 -22963826 -43397224 3077165669 3077165674 1772960276 1772960285
1772960283 -22963815 -43394018 1772960267 1772960297
3077165672 -22963785 -43392839 1772960269
3077165671 -22963757 -43399170 1772960287 3077165651
3651434153 -22963728 -43390276 3651434152
1772960276 -22963717 -43397191 1772960260 1772960281
1772960274 -22963698 -43393441 1772960296 1772960263
1772960269 -22963661 -43393104 1772960259 1772960263 3077165672
1388976656 -22963647 -43394730 1388976654 1388976657
3651434152 -22963640 -43390252 3651434151
1772960267 -22963600 -43394129 2577523957 1772960283 3077165667
3077165669 -22963599 -43395040 1772960281
1772960263 -22963529 -43393308 1772960274 1772960269 3641367401
1388976654 -22963508 -43394744 1388976660 1388976656
3077165667 -22963496 -43394043 1772960267 3641367401 3077165681
3651434151 -22963409 -43390131 3651434149
3651434149 -22963354 -43390121 3651434148
3651434150 -22963340 -43390435 1772960317
2905796235 -22963324 -43390284 3651434137
3651434148 -22963315 -43390127 3651434145
3651434147 -22963305 -43390424 3651434150
3651434146 -22963277 -43390412 3651434147
3651434145 -22963275 -43390148 3651434143
1772960260 -22963252 -43397200 3641367402 3443073450 1772960276
3651434144 -22963252 -43390394 3651434146
3651434143 -22963248 -43390169 3651434141
1772960259 -22963243 -43392665 1772960269
3651434142 -22963237 -43390378 3651434144
3651434141 -22963227 -43390195 3651434139
3641367402 -22963223 -43397056 3077165659 1772960260
3651434140 -22963220 -43390351 3651434142
3641367401 -22963216 -43393783 2425649818 3077165667 1772960263
3819881914 -22963216 -43390339 3651434140
3651434139 -22963210 -43390234 3651434137
3651434138 -22963205 -43390304 3819881914
3651434137 -22963204 -43390282 2905796226 3651434138
2905796226 -22963172 -43390282 2505390602
2905796229 -22963171 -43390430 3651434150
3077165659 -22963156 -43396733 3641367402 3077165654
3077165658 -22963141 -43399085 3077165643 3077165677
2905796225 -22963132 -43390430 2905796229
3077165654 -22962967 -43395941 3077165659 1772960255
3077165651 -22962769 -43398500 3077165671 3077165646
1772960255 -22962760 -43394961 3077165654
3077165646 -22962605 -43398413 3077165651 3077165640
3077165643 -22962583 -43398694 3077165658 3077165641
1388976660 -22962554 -43394705 1388976654 1388976658
3077165641 -22962507 -43398648 3077165643 3077165639
3077165640 -22962483 -43398362 3077165637 3077165646
3077165639 -22962420 -43398621 3077165638 3077165641
3077165637 -22962366 -43398330 3077165640 3077165635
3077165638 -22962353 -43398618 3077165636 3077165639
2505390602 -22962280 -43390239 3077165531
3077165635 -22962253 -43398325 3077165637 3077165633
3077165636 -22962250 -43398636 3077165633 3077165638
1388976658 -22962242 -43394722 1388976660 1388976653
1178801251 -22962240 -43390395 2905796225
3077165633 -22962180 -43398345 3077165530 3077165635
3819881913 -22962134 -43390408 1178801251
3077165531 -22962004 -43390262 2978329224
3443073450 -22961942 -43397161 3077165528 1772960260
3077165530 -22961897 -43397260 3443073448
3443073448 -22961890 -43397236 3077165528
2978329224 -22961875 -43390280 2978330442 3077165522
3077165528 -22961873 -43397158 1772960245 3077165524 3443073450
2978329223 -22961798 -43390483 3819881913
3443073446 -22961776 -43397264 3077165642
2978330442 -22961763 -43390319 2900112665
3077165524 -22961751 -43397158 3077165528 3443073446
3815433689 -22961749 -43392632
3077165525 -22961713 -43396999 3077165524
3443073449 -22961682 -43397158 3077165524
3077165523 -22961661 -43390477 2978329223
2900112665 -22961659 -43390386 2900112671
3077165522 -22961651 -43390274 2978330443
1772960248 -22961644 -43397159 3443073449
3815433688 -22961618 -43392573 3815433689
2900112671 -22961618 -43390413 2978329229
3077165520 -22961610 -43390554 2978329223
2978329229 -22961553 -43390458 2978329222 3077165523
3815433687 -22961505 -43392550 3815433688
2425649818 -22961498 -43392182 3641367401 615282713
3077165519 -22961495 -43390612 3077165520
2978330443 -22961470 -43390242 2505390601
1772960245 -22961447 -43395382 1388976653
3815433686 -22961432 -43392549 3815433687
3077165517 -22961423 -43390474 2978329230
2978329230 -22961422 -43390522 2978329222
2978329231 -22961410 -43390421 3077165517
2978329222 -22961402 -43390571 1178801198
2978329232 -22961375 -43390375 2978329229 2978329231
1388976653 -22961357 -43394993 3815433684 1388976658
3815433685 -22961356 -43392560 3815433686
2505390601 -22961342 -43390195 3819881910
2978330444 -22961302 -43390333 2978329232
615282713 -22961030 -43391626 2425649818 1178801295
3077165512 -22960904 -43397121 1772960248
1178801257 -22960843 -43391063 3077165519
3815433684 -22960825 -43392719 3815433685 1178801298
1178801295 -22960820 -43391324 1178801312 1178801181 615282713
1178801198 -22960811 -43390985 1178801196
3641367397 -22960806 -43391114 1178801257
1178801204 -22960796 -43391160 3641367397
1178801312 -22960794 -43391218 1178801204
1772960243 -22960784 -43397094 3077165512
1178801196 -22960746 -43391008 1178801223
1178801298 -22960718 -43392285 3077165509
3077165509 -22960686 -43392098 615282150
1178801223 -22960686 -43391001 1178801304
3077165508 -22960652 -43397054 1772960243
1178801304 -22960604 -43390960 1178801181
615282150 -22960599 -43391366 1178801181
1178801181 -22960515 -43390878 2978329225
2978329225 -22960350 -43390177 3819881909
934546893 -22960342 -43391232 3077165525 3641367396
3819881909 -22960336 -43390112 3819881908
3641367396 -22960279 -43391282 934546893 3641367394
3641367395 -22960240 -43391442 3077670948
3641367394 -22960211 -43391305 3641367396 3641367393
3641367393 -22960156 -43391306 934568484 3641367394
3077670948 -22960154 -43391545 1772960228 3641367395
3819881903 -22960067 -43390166 934546893
3819881902 -22960052 -43390105 3819881903
