3077561446 -22941903 -43516649 3077561444 3077561445
3077561445 -22941862 -43516386 3077561446 3077561440
3077561444 -22941855 -43516904 3077561446 3077561439
3077561440 -22941731 -43516124 3077561445 3077561438
3077561439 -22941696 -43517152 3077561444 3077561433
3077561438 -22941675 -43515861 3077561434 3077561440
3077561437 -22941620 -43514473 3077561434 3077561435
3077561435 -22941565 -43514166 3077561437 3077561330
3077561434 -22941558 -43515036 3077561438 3077561437
3077561433 -22941496 -43517377 3077561329 3077561439
3077561330 -22941385 -43513873 3077561435 3077561328
3077561329 -22941337 -43517669 3077561318 3077561433
3077561328 -22941268 -43513700 3077561321 3077561330
3077561321 -22940998 -43513528 3077561319 3077561328
3077561319 -22940812 -43513520 3077561321 3077561309
3077561318 -22940787 -43519561 3077561329 3077561315
3077561317 -22940783 -43519901 3077561316 3077561315
3077561315 -22940753 -43519747 3077561318 3077561317
3077561309 -22940570 -43513708 3077561319 3077561307
3077561307 -22940411 -43513910 3077561309 3077561306
3077561306 -22940225 -43514038 3077561307 3077561280
