1660828259 -22.9592517 -43.6782696 3003439334 1660828244 1660828248
3787379469 -22.9592297 -43.6724256 3787379470 3787379468
1660828248 -22.9591281 -43.6768467 1660828245 1660828259
3003439334 -22.9590608 -43.6799486 1660828246 1660828259
1660828245 -22.9590196 -43.6766515 1660828242 1660828243 1660828248
1660828244 -22.9588511 -43.6782818 1660828259 1660828240 1660828243
1660828243 -22.9587688 -43.6772085 1660828235 1660828245 1660828244
1660828242 -22.9587313 -43.6762844 1660828245 1660828234 1660828228
3787379468 -22.9587145 -43.6726264 1542807814 3787379469
1542807814 -22.9586189 -43.6726225 3787379468 1542807849
1660828235 -22.958503 -43.6778102 1660828230 1660828243 1660828228
1660828234 -22.9584992 -43.6759685 1660828242 1660828222 1660828229
1660828232 -22.9583732 -43.6790421 1660828225 1660828230
1660828229 -22.958226 -43.6755904 1660828234 1660828224 1660828217
1660828230 -22.9581698 -43.678546 1660828232 1660828235 1660828219
1660828228 -22.9581511 -43.6776232 1660828242 1660828235 1660828222 1660828215
1660828225 -22.9579711 -43.6799475 1660828232 1660828219 1660828238
1660828224 -22.9579377 -43.6751879 1660828229 1660828211
1660828222 -22.9578067 -43.6774605 1660828210 1660828234 1660828228 1660828217
1660828219 -22.9576682 -43.6796518 1660828225 1660828230 1660828215 1660828216
1660828217 -22.9574586 -43.6772735 1660828222 1660828206 1660828229 1660828211
1660828216 -22.9574174 -43.6799405 1660828231 1660828201 1660828219 1660828212
1660828215 -22.9573874 -43.6793429 1660828219 1660828210 1660828228
1660828210 -22.9571142 -43.6790461 1660828222 1660828215 1660828206
1660828211 -22.9571117 -43.6771064 1660828217 1660828224 1660828198
1660828206 -22.9568024 -43.6787415 1660828201 1660828210 1660828217 1660828198
1660828201 -22.956635 -43.6791436 1660828197 1660828206 1660828216
1660828197 -22.9564778 -43.6795217 1660828193 1660828201 1660828212
1660828198 -22.9564525 -43.6785648 1660828206 1660828211 1660828184
1542807849 -22.9563872 -43.6709154 1542807814 1542808616
1660828196 -22.956299 -43.6777108 1660828186 1660828192
1660828192 -22.9560635 -43.6782679 1660828181 1660828196 1660828188
1660828188 -22.9558789 -43.6787044 1660828174 1660828192 1660828183
1660828186 -22.9557879 -43.6776934 1660828181 1660828196
1660828183 -22.9557099 -43.6791041 1660828188 1660828177 1660828169
1660828181 -22.9556144 -43.6778782 1660828174 1660828186 1660828192
1660828177 -22.9555144 -43.6795665 1660828163 1660828183 1660828175
1660828175 -22.9553566 -43.6799397 1660828177 1660828161
1660828174 -22.9553121 -43.6782001 1660828181 1660828169 1660828188
1542808616 -22.9552119 -43.670073 1542808111 1542807849
1660828169 -22.9550259 -43.678505 1660828163 1660828174 1660828183
1660828164 -22.9547896 -43.6778496 1660828158
1660828163 -22.9546912 -43.6788614 1660828160 1660828169 1660828177
1660828161 -22.9544622 -43.6794107 1660828175 1660828160
1660828160 -22.9543161 -43.6792609 1660828163 1660828156 1660828157 1660828161
1660828158 -22.9541587 -43.6785954 1660828156 1660828164
1660828157 -22.9541347 -43.679454 1660828145 1660828160
1660828156 -22.9540788 -43.6789077 1660828148 1660828158 1660828160
1660828148 -22.954007 -43.6782051 1660828156
1660828145 -22.9539978 -43.6794025 1660828141 1660828157 1660828132
1660828141 -22.9539074 -43.6796723 1660828145 1660828138 1660828166
1660828138 -22.9538418 -43.6797342 1660828141 1660828115 1660828133
1660828133 -22.9535629 -43.6799973 1660828131 1660828138
1660828132 -22.9533872 -43.6791297 1660828145
1660828115 -22.9531176 -43.6794766 1660828138
1660828108 -22.9522133 -43.6792859 1660828110
1660828105 -22.9520947 -43.6750237 1660828098
1660828098 -22.9506998 -43.6759497 1660828083 1660828105
1660828096 -22.9503506 -43.6793387 1660828085 1660828071
1660828085 -22.9502398 -43.6796077 1660828096 1660828081
1660828083 -22.9502198 -43.6760111 1660828098 1660828079
1660828079 -22.9496099 -43.6757474 1660828042 1660828083
1660828071 -22.9494913 -43.6778631 1660828096 1660828042 1660828045
1660828063 -22.9489774 -43.6751034 934574677
1660828045 -22.9488142 -43.6783243 934572398 1660828033 1660828081 1660828071
1660828042 -22.9486563 -43.6765129 1660828071 1660828033 1660828079
1660828038 -22.9482159 -43.6730382 1660828031
3018736116 -22.9481205 -43.6797458 934572396 934572397
1660828033 -22.9480686 -43.6769847 1660827994 1660828042 1660828045
1660828031 -22.9480524 -43.6733357 1660828030 1660828038
1660828030 -22.9479728 -43.6741515 1660828031 1660828029
934572397 -22.947967 -43.6793474 934572398 3018736116
1660828029 -22.9479626 -43.674203 1660828018 1660828027 1660828030
934572398 -22.9478573 -43.6789201 934572397 934572399 1660828045
1660828027 -22.9478093 -43.6749722 1660828015 1660828029
934572399 -22.9476488 -43.6779245 934572398 1660827998
1660828018 -22.9476409 -43.6742202 1660827989 1660828029 1660827997
1660828015 -22.9475928 -43.6755576 1660828027 1660827996
1660827998 -22.9475253 -43.6775383 1660827994 3018736115 934572399
1660827994 -22.9474766 -43.6774529 934574676 1660827998 1660828033
1660827997 -22.94746 -43.6737099 1660828018 1660827992
1660827996 -22.9474337 -43.675644 1660827982 1660828015
1660827993 -22.9473117 -43.679883 1660828024
934574676 -22.9473041 -43.677166 1660827994 934574677
1660827992 -22.94711 -43.6735538 1660827984 1660827997
1660827989 -22.947089 -43.6742859 1660828018 1660827959
934574677 -22.9469435 -43.6767422 934574676 1660827954 1660827948 1660828063
3018736115 -22.94693 -43.6779001 1660827961 1660827998
1660827984 -22.946835 -43.6736692 1660827959 1660827992
1660827982 -22.9467045 -43.6758504 1660827954 1660827996
1660827963 -22.9466692 -43.6748666 1660827951
1660827959 -22.9465795 -43.6740226 1660827989 1660827953 1660827984 1660827955
1660827961 -22.9465781 -43.6781888 3018736115 1660827923 3018736114
3018736114 -22.9464134 -43.6777375 1660827961 1660827948 3018736113
1660827954 -22.9463358 -43.6762594 1660827982 934574677 1660827921
1660827955 -22.9463201 -43.6736141 1660827959 1660827916
1660827948 -22.9462486 -43.677274 1660827868 3018736114 934574677
1660827953 -22.9462413 -43.6744904 1660827959 1660827951
1660827951 -22.9462402 -43.6744927 1660827919 1660827953 1660827963 1660827925
1660827925 -22.9459754 -43.6742619 1660827951 1660827917
1660827923 -22.9459716 -43.6787254 1660827961 1660827915
1660827921 -22.9458863 -43.6758892 1660827954 1660827919 934574679
1660827919 -22.9457913 -43.6754202 1660827921 1660827951
1660827917 -22.9457367 -43.673998 1660827925 1660827908
1660827916 -22.9457102 -43.6730334 1660827955
1660827915 -22.9456871 -43.6792458 1660827923 1660827913 3018736113
934574679 -22.9456151 -43.6757409 934574682 1660827921
1660827913 -22.9455546 -43.679601 1660827915 1660827891
1660827908 -22.9454451 -43.6739164 1660827917
1660827891 -22.9453259 -43.679764 1660827864 1660827913 3018736112
1660827890 -22.9453215 -43.6763271 1660827883
1660827888 -22.9452745 -43.6757169 1660827886 1660827828
3018736113 -22.945264 -43.6786197 1660827868 1660827915 3018736114
1660827886 -22.9452402 -43.6761914 1660827888 1660827883
1660827883 -22.945222 -43.6763177 1660827886 1660827877 1660827890 1660827816
934574682 -22.9451804 -43.6755907 934574685 934574679
1660827877 -22.9451402 -43.6768836 1660827873 1660827883 1660827832
1660827873 -22.945059 -43.677413 1660827877 1660827846
1660827868 -22.9449982 -43.6782335 1660827849 1660827948 3018736113
1660827849 -22.9447528 -43.677922 1660827846 1660827868
1660827846 -22.9446272 -43.6777596 1660827873 1660827849 1660827826
1660827832 -22.9439738 -43.67679 1660827877 1660827826
934574685 -22.9439652 -43.6754619 934574682 934574686
1660827828 -22.9439267 -43.6755922 1660827888 1660827818
1660827826 -22.9438715 -43.6767818 1660827846 1660827832 1660827815
1660827818 -22.9438427 -43.6756498 1660827816 1660827828
1660827816 -22.943809 -43.6761846 1660827883 1660827815 1660827818
1660827815 -22.943781 -43.6763273 1660827816 1660827826 1660827809
1660827809 -22.9435909 -43.6763321 1660827807 1660827815
1660827807 -22.9433567 -43.6766008 1660827803 1660827805 1660827809
934574686 -22.9432736 -43.6752581 934574685 1660827803 1542808393
1660827805 -22.9431357 -43.6769703 1660827804 1660827807
1542808393 -22.9429416 -43.6750857 1542807948 934574686
1542807948 -22.9428028 -43.6748958 1542808013 1542808393
1660827804 -22.942601 -43.6771335 1660827805
1660827803 -22.9421528 -43.6748972 1660827807 934574686 934574687
1542807899 -22.9417492 -43.67031 2998685639 1542808134 2998685637
2998685637 -22.9414783 -43.6706695 2998685635 2998685638 1542807899
2998685635 -22.9412116 -43.6710151 2998685636 1542808013 2998685637
1660827798 -22.9409581 -43.6781026 1660827787
1542808013 -22.9406827 -43.6717717 2998685635 1542807808 1542807948
1660827793 -22.9405172 -43.6799035 1660827795 1660827791 1660827776
2998685639 -22.9404685 -43.6700937 2998685640 1542807899 2998685638
2998685638 -22.9404066 -43.6704802 2998685639 2998685636 2998685637
1660827791 -22.940402 -43.6795396 1660827793 1660827785
1542807808 -22.9403945 -43.6713654 1542808618 1542808013
934574687 -22.9403709 -43.6742916 1660827782 1660827803 934574688
2998685636 -22.9403462 -43.6708576 2998685635 2998685638 1542807942
1542808618 -22.9403343 -43.6711973 1542807942 1542807808
1542807942 -22.94033 -43.6709591 2998685636 1542808618
1660827787 -22.9402206 -43.6754884 1660827798 1660827784
1660827785 -22.9402096 -43.6789964 1660827779 1660827791
1660827784 -22.9401479 -43.6753375 1660827787 1660827774
934574688 -22.9401172 -43.6740488 934574689 1660827782 934574687
1660827782 -22.9400871 -43.6742916 1660827773 934574688 934574687
