1375346695 -22.9199792 -43.3786829 2938246841 2938246848 2936449323
1420058184 -22.919925 -43.3778168 1419958233
2938246841 -22.9199059 -43.3787271 1375346695 1420058145
2882855171 -22.9196694 -43.3752847 1194983518 476957793
2882855170 -22.919628 -43.3727407 1194983543
2938246834 -22.9195859 -43.3798208 1377247633 1377247611
1377247633 -22.9195354 -43.3797322 1420058096 1376358303 2938246834
1194983518 -22.9194971 -43.3754122 2882855171 1194983523 2970318267
2302084742 -22.9194841 -43.3732348 2962122645
1419958010 -22.9194824 -43.3711922 1419957747
2962122645 -22.919462 -43.3731648 2315490557
1419957852 -22.9194561 -43.3723771 1419957825 1194983534
2315490557 -22.9194452 -43.373071 1194980773
1194980773 -22.919432 -43.3728972 2882855170 2962122643
2882855169 -22.9194314 -43.3725945 1419957852
2936449305 -22.9194285 -43.3726429 2882855169
2962122643 -22.9194242 -43.3727087 2936449305
1419958233 -22.9193645 -43.3781845 2303515161
1419957681 -22.9192614 -43.3700377 2962122628 1419957728
1419957747 -22.9192578 -43.371102 1419958010 1419957825 1419957845
1194983537 -22.919178 -43.3770221 1194980778
1420058096 -22.9191659 -43.3799888 1377247633 2938246811 1376358272
2962122602 -22.9191501 -43.3731018 1194980773
1420058145 -22.9191232 -43.3792211 2938246841 2936449298
1419957825 -22.9191176 -43.3721239 1419957747 1419957852 1419957914
1419957873 -22.9191156 -43.3705241 1419957689
2970318267 -22.9191085 -43.3756936 1194980778 1194983518
2938246811 -22.9191023 -43.3798823 1420058080 1420058096
2936449298 -22.9190626 -43.3792922 2936449296 1420058145
2936449296 -22.9190248 -43.3793599 2936449298 1420058010
1420058080 -22.919017 -43.3797395 2938246811 1420058015
1420058010 -22.9189964 -43.3794443 2936449296 1420058084
1420058015 -22.9189892 -43.3796516 1420058080 1420058084
1420058084 -22.9189777 -43.3795548 1420058010 1420058015
1419957845 -22.9189368 -43.3709616 1419957747 1419957638 1419957914
1419957638 -22.9188822 -43.3709358 1419957868 1419957845 453562241
1419957914 -22.9188165 -43.3719001 1419957825 1419957663 1419957845
2303515161 -22.9187518 -43.37858 2936377020
1419957868 -22.9186653 -43.3713006 1419957638 1419957663 1419957866
2936377020 -22.918639 -43.3786658 3039852505
1194980778 -22.9186295 -43.3760351 1419957887 1419958057 2970318267 1194983537
2962122551 -22.9185462 -43.3722352 2962122549 1419957991
2962122549 -22.9185406 -43.3722047 1419957987 2962122551
3039852505 -22.9185396 -43.3787634 1194993833
1419957991 -22.9185344 -43.3722614 2962122551 1419958225
2936449261 -22.9185055 -43.3736326 1194983518
1419957663 -22.9184694 -43.3716529 1419957868 1419957914 1419958029
1194983529 -22.9184653 -43.3735682 2962122602 2936449261
1194993833 -22.9184592 -43.3788773 2936377017
1419957689 -22.9183973 -43.3701602 1419958193 1419957946 1419957873
2936377017 -22.9183924 -43.3789965 1194993831
1419957987 -22.9183512 -43.3720053 2962122549
1194993831 -22.9183392 -43.3791175 2938246720
2938246725 -22.918336 -43.3799628 1194993828
2938246720 -22.9182945 -43.3792664 2936377016
2938246721 -22.9182923 -43.3798095 2938246725
1194993827 -22.9182701 -43.379647 2938246721
2936377016 -22.9182659 -43.3794261 1194993827
2962122518 -22.9181896 -43.3730904 1194983529
1419958193 -22.9180415 -43.3700198 1419957689 453562248 453562241
1419958057 -22.9180243 -43.3749987 1194980799 1419958013
1419958224 -22.9179498 -43.3776339 1419957887
1419958225 -22.9179392 -43.3726308 2962122518 1419957991
1419957866 -22.9179152 -43.370878 1419957868
453562241 -22.9178863 -43.3705254 1419958193 1419957638 2966929739
1194980799 -22.9178478 -43.3746547 1194980780 1194980795
2966929739 -22.9178394 -43.3706629 453562241 453562239
453562239 -22.9177652 -43.3708476 3039852495 2966929739
1419958029 -22.917751 -43.3711248 1419957663
3039852495 -22.9176747 -43.3709945 453562235 453562239
1194980780 -22.9175897 -43.3742113 1194980795 1194983529
453562235 -22.9175637 -43.3711317 3039852495 453562232
1419958013 -22.9175081 -43.3753184 1419958057
1419957887 -22.917477 -43.376833 2936376868 1419958073 1194980778 1419958224
453562232 -22.9173849 -43.3712751 453562235 2302105517
1194980795 -22.917362 -43.3743931 1194980783
2936376868 -22.9172233 -43.3770119 1419957887 476957372
2302105517 -22.9172211 -43.3713619 453562232 1419958196 1419958225
1419957691 -22.9170438 -43.3752063 1419957898
1419958196 -22.9169923 -43.3714378 1419957776 2302105517 2938246501
1419958073 -22.9168973 -43.3758241 1419957699 1419957887
1419957770 -22.9168888 -43.3707708 1419957776
1419957776 -22.9168816 -43.3709423 1419957770 1419958196
1419957699 -22.9168296 -43.375705 1419957898 1419958073
476948951 -22.9167767 -43.3776724 1194971905
1194971905 -22.9167654 -43.3777908 476948956
1194971972 -22.9167548 -43.3775559 476948951
476948956 -22.916722 -43.3779 476948960
476957372 -22.9167017 -43.3774518 1194971972 2936376868
1419957898 -22.9166984 -43.3754742 1419958177 1419957699 1419957691
476948960 -22.9166504 -43.3779901 1194971907
476948942 -22.9166477 -43.3773908 476957372
1419957963 -22.9165852 -43.379827 2823629080 2936286907
2302105544 -22.9165829 -43.3773438 476948942
1194971907 -22.9165573 -43.3780528 476948896
2823629080 -22.9165325 -43.3791873 2823629079 1419957963
1419958177 -22.9165131 -43.3751398 1419957898 2938246502
2823629079 -22.9165104 -43.3788967 476948896 2823629080
476948936 -22.9165104 -43.3773129 2302105544
1419957942 -22.9164586 -43.3721898 1194980780 1419958261
476948896 -22.9164511 -43.3780822 2823629079 476948899
2938246502 -22.9164375 -43.3751728 1419958177 1419958246
2938246501 -22.9164347 -43.3715904 1419958196 1419957673
476948929 -22.9164334 -43.3772997 476948936
3039852490 -22.9163556 -43.3773047 476948929
476948899 -22.9163533 -43.3780782 1194983514
1419957673 -22.9162746 -43.3716342 2938246501 1194980767
476948926 -22.9162642 -43.3773353 3039852490
2938246497 -22.9162605 -43.3718026 1419957942
1194983514 -22.91626 -43.3780459 2936376798 2302105532
3039852489 -22.9162582 -43.3773186 3039852490
2302105528 -22.9162082 -43.3773044 3039852489
1194983784 -22.9161833 -43.377391 476948926
1194980767 -22.9161822 -43.3716608 1419957673 2962122371 2938246497
2936376798 -22.9161793 -43.3779886 476948901
2936376803 -22.9161557 -43.377276 2302105528
2302105524 -22.9161417 -43.3773824 2938246491
2938246491 -22.9161331 -43.3773154 2302105505
2302105521 -22.916122 -43.3772456 2936376803
3039852484 -22.9161188 -43.3774677 1194983784 2302105524
476948901 -22.9161154 -43.3779102 476948906
2302105505 -22.9161103 -43.3772742 2936376792
2936376791 -22.9160904 -43.3775204 3039852484
2936376792 -22.9160799 -43.3772424 2302105506
476948906 -22.9160729 -43.3778162 476948917
476948921 -22.9160685 -43.3775822 2936376791
2936376788 -22.9160565 -43.3776472 476948921
476948917 -22.9160547 -43.3777134 2936376788
2302105506 -22.916048 -43.3772209 2936376776
1419958246 -22.916046 -43.3745855 2938246502
2936376776 -22.9159956 -43.3771985 1194983786
2936376779 -22.9159758 -43.3770517 2302105518
2302105518 -22.9159711 -43.3770984 2302105546
2302105502 -22.9159665 -43.3769928 2936376779 2302105521
2302105546 -22.9159504 -43.3771403 2936376770
1194980783 -22.9159449 -43.3736514 1194980798
2962122371 -22.9159291 -43.371716 1194980767 1419957971
2936376770 -22.9159192 -43.377164 1194983786
1194983786 -22.9158803 -43.3771729 476952146
1419957971 -22.9157243 -43.3717629 2962122371 453562223
1419958261 -22.9156347 -43.3727164 1419958257 1419957942
1419958257 -22.9155609 -43.3727196 1419958261
453562223 -22.9151153 -43.3719217 2303600824 1419957971
2303600824 -22.9149175 -43.3720212 453562219 453562223
476949453 -22.914903 -43.375202 2302105502
2302105514 -22.9147838 -43.3750729 476949453
453562219 -22.9147406 -43.3721568 2303600824 453562217
2302105539 -22.9146686 -43.3721697 453562219
476949458 -22.914654 -43.3749925 2302105514
453562217 -22.9146078 -43.3723006 453562219 1195047039
2302105519 -22.9146014 -43.3721555 2302105539
2940036575 -22.9145787 -43.3789478 2940036578 2940036573
2303600820 -22.9145552 -43.3721124 2302105519
2940036573 -22.9145517 -43.3785253 2940036575 2940036568
2302105515 -22.9145168 -43.3720145 1195047057 2303600820
476949460 -22.9145019 -43.3749371 476949458
1195047039 -22.9145 -43.3724919 453562217 2302105515 1194980798
1195047057 -22.9144976 -43.3708397 2302105515 1419958049
2940036568 -22.9144775 -43.3775857 476952146 2940036573
476952146 -22.9144501 -43.3773525 2940036562 2940036568
1419958049 -22.9144492 -43.3704299 1195047070 1195047057 1419958019
2936376655 -22.9144352 -43.3749478 476949460
2936376645 -22.9143765 -43.3749761 2936376655
2936376647 -22.9143762 -43.3749006 476949460
2940036562 -22.9143596 -43.3762599 1194991915
2302105534 -22.9143367 -43.3750118 2936376645
1195047070 -22.9143346 -43.3701186 1195047066 1419958049
1194991915 -22.9143333 -43.3756647 1194991904 476952142
476952132 -22.9143104 -43.3750537 2302105534
1194980798 -22.9142944 -43.3728501 1195047039 2940036552
476952142 -22.9142941 -43.375103 2936376639 476952132
1194991904 -22.9142915 -43.3755967 2302105527
2302105508 -22.9142893 -43.374899 2936376647
2936376639 -22.9142768 -43.3750369 2302105542
476950086 -22.9142712 -43.3748145 476949460
2302105542 -22.9142558 -43.3749941 1194983513
2302105527 -22.9142501 -43.3755657 1194991878
2302105509 -22.9142371 -43.3749099 2302105508
2936376628 -22.9142254 -43.3747884 476950086
2940036552 -22.9142089 -43.3730506 453562207 1194980798
1194983513 -22.914199 -43.3749556 476949466
1194991878 -22.9141877 -43.3755517 1194991880
2936376621 -22.914169 -43.3747502 2936376628
453562207 -22.914163 -43.3732449 2940036552 453562204
2936376615 -22.9141471 -43.3747173 2936376621
453562201 -22.91414 -43.3740794 2936376613 1772969886 2936376611
453562204 -22.9141388 -43.3734365 453562207 2936376611
2936376612 -22.9141376 -43.3747701 476949466 476950089
476949466 -22.9141372 -43.3749448 2936376612 2302105509 2302105538
2936376611 -22.9141364 -43.3738115 453562201 453562204
476950089 -22.9141358 -43.3746738 2936376615 2936376613 2936376612
2936376610 -22.9141348 -43.3752052 2302105538 2302105513
2302105538 -22.9141321 -43.375128 476949466 2936376610 1776093250
2936376613 -22.9141321 -43.3743085 453562201 476950089
2302105513 -22.9141221 -43.3753696 1194991882 2936376610
1194991880 -22.9141202 -43.3755615 1194991882
1194991882 -22.9140534 -43.3756022 2302105513 2936376471
2936376471 -22.9139068 -43.3758303 1194991882 453562190
453562190 -22.9137412 -43.3759892 2302105537 2936376471
1772969902 -22.9136394 -43.3713132 1772969900 2938246441 2938246454
1772969900 -22.9136152 -43.3723271 1772969872 1772969902 1772969899
1772969899 -22.9136061 -43.372515 1772969900 1772969886
2938246454 -22.9136012 -43.3706539 1772969898 1772969902
1776093254 -22.9135961 -43.374557 1776093251
2302105537 -22.9135844 -43.3760836 453562187 453562190
1776093250 -22.9135843 -43.3751221 2302105538 1776093251 1776093247
1776093251 -22.9135831 -43.3747454 1776093228 1776093254 1776093250
1776093247 -22.9135734 -43.3753171 1776093250 1776093243
1772969898 -22.9135292 -43.370554 2938246453 2938246454
1776093243 -22.9135285 -43.3754321 1776093247 2302105541
2302105541 -22.9134681 -43.375497 2302105540 1776093243
2938246453 -22.9134616 -43.3705341 1772969898 2938246449
453562187 -22.9134296 -43.3761366 2302105537 2936376047
2302105540 -22.9133864 -43.3755557 2302105541 2936376085
1772969886 -22.9133715 -43.3737163 1776093235 453562201 1772969899
2936376085 -22.9132912 -43.3755985 2302105540 1776093234
1776093235 -22.9132069 -43.3736356 1776093226 1772969886 1776093203
2938246452 -22.9131979 -43.3700355 2938246451 2938246450
2938246449 -22.9131899 -43.3706057 2938246453 1772969879 2938246438
2938246451 -22.9131887 -43.3700856 2938246438 2938246452
1776093234 -22.9131798 -43.3756351 1776093228 2936376085 1776093212
1772969882 -22.9131565 -43.3711343 1772969877 2938246441
2938246441 -22.9130961 -43.3715225 1772969882 1772969872 1772969902
1772969879 -22.9130724 -43.3706599 1772969874 2938246449
2938246438 -22.913052 -43.3701357 2938246451 2938246429 2938246449
1776093228 -22.913034 -43.3749884 1776093205 1776093234 1776093251
1772969877 -22.9130223 -43.3708614 1772969874 1772969882
1772969874 -22.9130111 -43.3707676 1772969877 1772969879
1772969872 -22.9129896 -43.3721762 1772969900 2938246441 1772969870
2936376047 -22.9129448 -43.376243 453562187 453562182
1776093226 -22.9129298 -43.3734571 1772969870 1776093235 1776093188
2938246429 -22.9129264 -43.3701638 2938246428 2938246438
2938246428 -22.9128931 -43.3701397 2938246426 2938246429
2938246427 -22.9128876 -43.3700575 2938246426 2938246431
2938246426 -22.912882 -43.3700976 2938246427 2938246428
2302105536 -22.9128153 -43.3799502 1194991898 2936376050
453562182 -22.9128133 -43.3763365 2936376047 1776093220
1772969870 -22.9128068 -43.3733682 1776093226 1776093216 1772969872
1776093220 -22.9127043 -43.3764632 453562182 2940036531 1776093212
1194991898 -22.9126863 -43.3798958 2302105536 2936376023
1776093218 -22.9126422 -43.3700309 1776093222 2938246423
1776093216 -22.912621 -43.373243 1776093201 1772969870 1776093174
2938246423 -22.9126156 -43.3700447 1776093209 1776093218
1776093214 -22.9126151 -43.3710254 1776093201
1776093209 -22.9125754 -43.3700397 1776093194 2938246423
1776093212 -22.9125709 -43.3757844 1776093205 1776093220 1776093234
2940036531 -22.912479 -43.3768231 453562170 1776093220
1776093205 -22.9124723 -43.3752504 2936376026 1776093228 1776093212
2936376026 -22.9124357 -43.375131 1776093205
1776093203 -22.9123817 -43.3750376 1776093235
1776093201 -22.9123401 -43.3730486 1776093186 1776093216 1776093214
2936376023 -22.9122686 -43.3797879 1194991907 1194991898
1776093197 -22.9122589 -43.3715394 1776093182
453562170 -22.9122314 -43.3772287 2936376015 2940036531
1776093195 -22.9122108 -43.3705718 3039851999 1776093192
1194991907 -22.9121963 -43.3797324 1419974448 2936376023
1776093192 -22.9121785 -43.370863 1776093180 1776093184 1776093195
1776093190 -22.9121702 -43.3721796 1776093186 1776093176
1419974448 -22.9121517 -43.3796493 1194991907 1194991917 1419974578
1776093184 -22.9121284 -43.3711919 3039852000 1776093192
1776093188 -22.9120643 -43.3749746 1776093226
1776093186 -22.9120563 -43.3728534 1776093201 1776093170 1776093190
3039852000 -22.9120441 -43.3712087 1776093184 1776093182
1194991917 -22.9120225 -43.3790045 1194991884 1419974448
3039851999 -22.9120138 -43.3704434 1776093180 1776093195
2936376015 -22.911999 -43.3774924 453562170 453562166
1194991884 -22.9119662 -43.3788912 1419974431 1194991917
1776093182 -22.9119404 -43.3713505 3039852000 1776093197 1776093170
1776093176 -22.9119113 -43.3720625 1776093190
1419974431 -22.9119107 -43.3788259 1194991895 1194991884
1776093180 -22.91189 -43.3706879 3039851999 1776093166 1776093192
1419974578 -22.9118897 -43.3797956 1419974436 1419974448
453562166 -22.9118128 -43.3776333 2936376015 3039851985
1776093174 -22.9116837 -43.3748815 1776093216
1419974436 -22.9116786 -43.3799833 1419974685 1419974578
1194991895 -22.9115636 -43.3786092 1194991910 1419974431
1194991910 -22.9114803 -43.378522 1194991895 2940036508
1776093170 -22.9113834 -43.3724065 1776093186 1776093182 1776093166
2940036508 -22.9113749 -43.3783043 2302105503 1194991910
3039851985 -22.9112572 -43.3779568 453562166 2302105503
2302105503 -22.9112206 -43.3779781 2936376008 3039851985 2940036508
1776093166 -22.9110728 -43.3721937 1776093180 1772969863 1776093170
2936376008 -22.9110247 -43.378077 2302105503 2936376006
1772969863 -22.9108867 -43.3720366 1776093153 1776093166
1776093155 -22.9106255 -43.3702977 1776093157 1776093109 1776093140
1776093154 -22.9106089 -43.3722349 3039851976 1776093146
1776093153 -22.9105864 -43.3716608 1776093146 1772969856 1772969863
2936376006 -22.9105606 -43.3783329 2936376008 453562154
3039851977 -22.9104504 -43.3709915 1776093140
1772969856 -22.9104048 -43.3714324 1776093138 1776093153
1776093146 -22.9103763 -43.3719117 1776093154 1776093132 1776093153
3039851976 -22.9103517 -43.372619 3039851966 1776093136 1776093154
3039851975 -22.9103014 -43.3729339 1776093136
1776093140 -22.9102966 -43.3709787 3039851977 3039851974 1776093138 1776093155
453562154 -22.910279 -43.3784753 2936376006 2936376005
1776093138 -22.9102689 -43.3713476 1776093126 1772969856 1776093140
3039851974 -22.9102602 -43.3709737 3039851973 1776093140 1776093116
3039851973 -22.910241 -43.3707566 3039851972 3039851974
3039851972 -22.9102247 -43.3706783 3039851965 3039851973
1776093132 -22.9101865 -43.3717049 3039851966 1776093146
1776093136 -22.9101769 -43.3728799 3039851976 1776093107 3039851975
1776093134 -22.910164 -43.3701955 1776093113
2936376005 -22.9100424 -43.3785425 453562154 453562151
1776093126 -22.9099203 -43.3712106 1772969851 1776093138 1776093124
3039851966 -22.9098648 -43.3722061 3039851976 1776093107 1776093132
1776093124 -22.9098183 -43.3713992 1776093115 1776093126 1776093101
1419974485 -22.9098141 -43.3794099 1419974580
1776093116 -22.9097771 -43.3709074 3039851974 1776093111 3039851965
453562151 -22.9097737 -43.3785835 1419974603 2936376005
1772969851 -22.9097562 -43.3711473 1772969848 1776093126
1776093115 -22.9097229 -43.3713695 1776093124 1776093105
3039851965 -22.9097224 -43.3704013 3039851972 1776093113 1776093116
1772969848 -22.9096474 -43.3711385 3039851962 1772969851
1776093107 -22.9095871 -43.3726276 3039851966 1776093136 1776093095
1776093111 -22.9095741 -43.3708828 1776093116 1776093056
1776093101 -22.9095433 -43.3719458 1776093124 1776093066 1776093073
1776093105 -22.9095138 -43.371393 1776093071 1776093115
1776093095 -22.9094951 -43.372747 1776093077 1776093107
1776093103 -22.9094939 -43.3779033 2938246200 1776093089
1776093099 -22.9094936 -43.3774822 1776093089 1776093085
1776093085 -22.9094754 -43.3774002 1776093099 1776093058
3039851962 -22.9094592 -43.3711759 1772969846 1772969848
1776093077 -22.9094548 -43.372914 1776093076 1776093095
1776093073 -22.9094465 -43.3721115 1776093101
1776093076 -22.9094404 -43.3732326 1776093053 1776093077
1776093089 -22.9094349 -43.3775287 1776093036 1776093103 1776093099
1419974496 -22.9094316 -43.3799922 2938246198 1419974852 1419974473
1776093071 -22.9093477 -43.371482 1776093105 1776093066
1776093066 -22.9092821 -43.3715501 1776093071 1776093101
1772969846 -22.9092781 -43.3712535 3039851962 1772969844
1776093053 -22.9092215 -43.3738252 1776093076
1419974580 -22.9092206 -43.3793774 1419974485 1419974864
1419974864 -22.9091777 -43.3793358 1419974603 1419974781 1419974580
1419974603 -22.909149 -43.3785601 453562151 453562148 1419974864
2938246200 -22.9091428 -43.3780536 1776093051 1776093103
1776093051 -22.9090784 -43.378032 1776093036 2938246200
2938246199 -22.9090636 -43.3796099 1419974473
1776093058 -22.9090549 -43.377265 1776093085 1776093024
1776093047 -22.9090002 -43.3725165 1776093022 1776092970
1419974473 -22.9089842 -43.3798498 2938246199 1419974496 1419974489
1776093036 -22.9089575 -43.3777248 1776093089 1776093034 1776093051
1776093034 -22.9089101 -43.3776252 1776093024 1776093036 1776092973
1419974778 -22.9088723 -43.3794067 1419974781
1419974781 -22.9088476 -43.3792972 1419974778 1419974668 1419974864
1419974558 -22.9088321 -43.378968 1419974668
1776093024 -22.9088201 -43.3773275 1776093020 1776093034 1776093058
1419974668 -22.9087978 -43.3790525 1419974781 1419974558
1772969844 -22.9087855 -43.3715463 1772969841 1772969846
1776093022 -22.9087052 -43.3731563 1776093005 1776093047
1776093020 -22.908701 -43.37702 1776093024 1776093017
1776093017 -22.9086325 -43.3769797 3039851953 1776093020
453562148 -22.9085987 -43.3785237 1419974603 2302105511 1776092973
1772969841 -22.9085898 -43.3717198 1776092970 1772969844
1776093012 -22.9085823 -43.3726159 1776092959
1776093005 -22.9085524 -43.3735809 1776093022
1776092970 -22.9084326 -43.371878 1776092955 1772969841 1776093047
1776092973 -22.9083896 -43.377841 1776092960 1776093034 453562148
1419974804 -22.9083894 -43.3794186 2956650854 1419974802
2956650854 -22.908385 -43.3792698 1419974581 1419974804
2302105511 -22.9083758 -43.378539 453562148 2936376004
1419974802 -22.9083657 -43.3795871 1419974804 1419974858
1419974581 -22.9083388 -43.3791037 1420047381 2956650854
3039851953 -22.9083323 -43.3770911 1776093017
1420047381 -22.908272 -43.3789736 453562147 1419974581
2936376004 -22.9082299 -43.3785629 2302105511 453562147
1776092962 -22.9081542 -43.3731496 1776092959
1776092959 -22.9080933 -43.3730972 1776092950 1776093012 1776092962
1776092960 -22.9080787 -43.3770179 1776092973 1776092953
453562147 -22.9080426 -43.3786181 453562146 1420047381 2936376004
1776092955 -22.9079674 -43.3723206 1772969838 1776092938 1776092970
1776092953 -22.9079445 -43.3768118 1776092960 1776092947
1776092950 -22.9078755 -43.3729209 1776092959 1772969836
453562146 -22.9078717 -43.3787142 2936376003 453562147
1776092947 -22.9078213 -43.3766883 1776092953 1776092930
1776092938 -22.9078169 -43.3722252 1776092895 1776092955
1772969838 -22.9077919 -43.3724925 1776092955 1772969836
2936376003 -22.90767 -43.3788441 453562146 2936376002
1772969836 -22.9076302 -43.3727194 1772969838 1776092950 1772969832
1772969832 -22.907565 -43.372813 3039851949 1772969836
1772969830 -22.9075378 -43.3732547 1772969834 3039851949
3039851949 -22.9075351 -43.3730248 1772969830 1772969832
1772969834 -22.9075349 -43.3734395 1772969830 3039851950
3039851950 -22.9075142 -43.3735981 1772969834 1776092926
1776092934 -22.9075052 -43.3708979 1776092893
2936376002 -22.9074955 -43.3790081 2936376003 453562144
1776092930 -22.9074875 -43.3763718 1776092947 1776092875
1776092926 -22.907447 -43.373788 1776092886 3039851950
1776092921 -22.9074172 -43.3700018 1776092891 1013001907
1776092918 -22.9074097 -43.3700957 1776092889 1013001907
1776092895 -22.9073645 -43.3719742 1776092815 1776092938
453562144 -22.9073428 -43.3791912 2936376002 453562143
1776092893 -22.9073156 -43.3709596 1776092882 1776092934
1776092886 -22.9072898 -43.3741036 1776092870 1776092926
1776092889 -22.907264 -43.3701594 1776092880 1776092918
453562143 -22.9072242 -43.3794076 453562144 2956650846
2956650846 -22.9071599 -43.3796033 2956650845
2956650845 -22.9071124 -43.3797208 2956650844 2956650840
2956650844 -22.9071 -43.3798232 2956650842
2956650843 -22.9070922 -43.3796248 453562143
1776092882 -22.9070881 -43.3708619 1776092812 1776092893
1776092870 -22.9070877 -43.3745249 1776092843 1776092886
2956650842 -22.9070806 -43.3799935 2956650839
2956650841 -22.9070619 -43.3796849 2956650843
2956650840 -22.9070599 -43.3798707 1195048872
1776092880 -22.9070512 -43.3701521 1776092862 1776092889
2956650837 -22.9070495 -43.3799586 2956650838
1195048872 -22.9070419 -43.3799063 2956650837 1906579067
1906579068 -22.9070307 -43.3797229 2956650841
1906579062 -22.9070236 -43.3798612 1195048872
1906579067 -22.9070132 -43.3799354 1420047421
1906579063 -22.9070024 -43.379819 1906579062
1906579073 -22.9069981 -43.3797498 1906579068
1776092875 -22.906995 -43.3759067 1776092930 1776092848
1420047421 -22.906992 -43.3799498 1906579066
1906579070 -22.906974 -43.3797965 1906579063
625969756 -22.9069706 -43.3797623 1906579073
1776092843 -22.9069664 -43.3749342 1776092870 1776092816
1906579066 -22.9069637 -43.3799581 1420047389
1906579061 -22.9069403 -43.3797781 625969756 1906579070
1420047389 -22.9069341 -43.3799593 1906579060
1776092862 -22.9069268 -43.3701464 1776092880 1776092814
1776092848 -22.9069107 -43.3757533 1776092875 1776092838
1906579060 -22.9068957 -43.3799543 1906579072
2956650332 -22.9068946 -43.3797967 1906579061
1906579069 -22.9068716 -43.3798198 2956650332
1776092838 -22.9068631 -43.3755684 1776092848 1776092816
1776092816 -22.9068627 -43.3753728 1776092838 1776092843
1906579072 -22.9068624 -43.3799408 1195048894 1906579064
1420047399 -22.9068563 -43.3798444 1906579069
1906579064 -22.9068513 -43.3799218 2956650331
1420047374 -22.9068473 -43.3798779 1420047399
2956650331 -22.9068462 -43.3798989 1420047374
625969755 -22.9068081 -43.3797424 1906579061
1776092815 -22.9067546 -43.3715558 1776092895 1776092797
1195048894 -22.9067249 -43.3798434 1424986804
1776092814 -22.9067156 -43.37003 1776092862 1776092807
1776092812 -22.9066663 -43.3704503 1776092788 1776092882
625969754 -22.9065797 -43.3796818 625969755
1424986804 -22.9065163 -43.3797406 1195048845
2956650330 -22.9063654 -43.3796156 625969754
1195048845 -22.9063571 -43.3796824 1424986680
1776092797 -22.9063559 -43.3712295 1776092815 2984699824
1776092788 -22.9061971 -43.3701107 1776092779 1776092812
2956650329 -22.9061614 -43.3795864 2956650330
1424986680 -22.9061544 -43.3796527 1195048844
1195048844 -22.9059754 -43.37966 1195048884
625969752 -22.9059727 -43.3795969 2956650329
2984699824 -22.9057728 -43.3700547 1776092779 1776092797
1195048884 -22.905628 -43.3797385 1195048823
625969751 -22.9056209 -43.3796809 625969752
1195048823 -22.9048863 -43.3799731 3052198341
625969750 -22.9048641 -43.379926 625969751
