3819280623 -22.8998944 -43.309844 1439025231 518225639 3819280624
1999105887 -22.8997769 -43.3022437 1999105889
1999105889 -22.8997769 -43.3021255 1999105902
518227491 -22.8997568 -43.3003844 518227352 518225169
1999105902 -22.8997438 -43.3020038 1999105897
1999105891 -22.8997422 -43.3023774 1999105887
1999105896 -22.8996763 -43.3024871 1999105891
1999105897 -22.8996475 -43.3018393 518225144
3597534778 -22.8995949 -43.3047866 3597534777 3597526644
1999105895 -22.8995943 -43.3025557 1999105896
518225577 -22.8995459 -43.3061312 3597526644 518225578
3802280298 -22.8995022 -43.3026105 1999105895
3802280297 -22.8994138 -43.3026379 3802280298
518225144 -22.8993975 -43.3017554 518227491 518225139
1999105893 -22.899295 -43.3026482 3802280297
518225220 -22.8992907 -43.3032073 3772350162 3802280304
3597526644 -22.8992555 -43.3060338 3597534778 3624130195 518225577
3802280296 -22.8992108 -43.3029383 163547033
3597534039 -22.899203 -43.3034825 3597534777
1999105899 -22.899141 -43.3026304 1999105893
3624128192 -22.8991222 -43.3076233 3624130194 518225577
3802280295 -22.8990835 -43.3027572 799921915
3802280294 -22.8989781 -43.3025899 1999105899
3624130195 -22.898947 -43.3059303 3624130194 518225366 3597526644
3597534777 -22.8988969 -43.3045322 3597534039 3597534778 518225366
518225596 -22.8988058 -43.3087373 3624128192 518225639
163559142 -22.8987805 -43.3026301 3802280295
163547033 -22.8987748 -43.3027797 3211749251
1999105898 -22.8987226 -43.3024961 3802280294
3772350162 -22.8986285 -43.3030028 518225220 3772350159
518225366 -22.8985301 -43.3057904 3597534777 518225576 3624130195
1439025229 -22.8985274 -43.3097176 1439025231 518225596
518227489 -22.8985025 -43.3000094 518227491 518225139
3211749252 -22.8984808 -43.3024838 163559142
3819280660 -22.8984785 -43.3098897 1439025229
3624130194 -22.8984732 -43.3074213 3624128192 3624130197 3624130195
3211749251 -22.8984181 -43.3026016 163547032
1999105904 -22.8984169 -43.3023643 1999105898
3624130197 -22.898331 -43.3073771 3624130194 3624130193 3624130196
3211749249 -22.8981626 -43.3022888 1999105904 3211749252
518225139 -22.8981363 -43.3013597 518225278 518225099
163547032 -22.8980643 -43.3023809 163547029
3624130196 -22.8980316 -43.3084836 3624130197 518225596
518225278 -22.89801 -43.3018604 518225139
3772350159 -22.8980087 -43.3027919 3772350162 518225204
518225204 -22.8977674 -43.3027162 3772345916 518225207 3772350159
518225576 -22.8976675 -43.305501 518225211 518225366
518225207 -22.8976241 -43.3032255 1786303732 518225204 3819280665
3819280665 -22.8975996 -43.3045313 518225207 518225211
518225211 -22.8975816 -43.305491 3819280665 518225573 518225576
518225640 -22.8974937 -43.3083073 3624130196 518225668
518225573 -22.8974462 -43.3054753 3624130193 518225211
3624130193 -22.8974155 -43.3070921 3624130197 518225641 518225573
518225641 -22.897393 -43.3082742 3624130193 518225640
518225668 -22.8973829 -43.3089943 518225657 518225640
518225642 -22.8973117 -43.3082476 518225641
163559145 -22.8970115 -43.3013338 3211749249
3772345931 -22.8969428 -43.3006023 3772345927
163547029 -22.8969368 -43.3014465 163547028
3772345927 -22.8969003 -43.3007467 518225099
518225099 -22.8968394 -43.3009544 1718623352
163559146 -22.8966709 -43.3011183 163559145
163547028 -22.8966017 -43.3012271 3604190181
1718623352 -22.8965648 -43.3009073 1718623384
1718623384 -22.896328 -43.3008686 3604190182
1786303705 -22.8963097 -43.3083075 518225642
1786303737 -22.8962208 -43.3055363 518225573
442134540 -22.8962007 -43.3094577 1786303747 482440062
1786303747 -22.8961674 -43.3084837 518225643 442134540
518225643 -22.8961617 -43.3083164 1786303700 1786303705 1786303747
1786303700 -22.896156 -43.3081506 1786303671 518225643
3604190181 -22.8961371 -43.3009648 1718623385
163559147 -22.8961314 -43.3008197 163559146
3604190182 -22.8960927 -43.3008651 3772345922 3773117353
1786303671 -22.8960704 -43.3057104 1786303700 518225569
518225569 -22.8960645 -43.3055441 1786303681 1786303671 1786303737
1786303681 -22.8960604 -43.3054152 482439424 518225569
3773117353 -22.8960517 -43.3008753 3772345921
1718623385 -22.8960501 -43.300923 163547025
3772345922 -22.8960366 -43.3008518 3772345920
482439424 -22.8960328 -43.3045502 1786303732 1786303681 2037883875
3772345921 -22.8960109 -43.300904 1718623388
1786303732 -22.896002 -43.3032825 442134539 482439424 518225207
3772345920 -22.8959881 -43.3008076 1756313206
442134539 -22.8959775 -43.3027312 1786303732 3772345919
3772345919 -22.8959761 -43.302686 442134539 3772345918
3772345918 -22.8959738 -43.3026358 1718623380 3772345919
1718623388 -22.8959714 -43.3009775 3772345915
1718623380 -22.895971 -43.3025302 3772345909 3772345917 3772345918
3772345917 -22.8959646 -43.3023689 3772345916 1718623380
3772345916 -22.8959602 -43.302147 442107902 3772345917 518225204
442107902 -22.8959574 -43.3020737 3772345916 3772345914
3772345914 -22.8959566 -43.302025 3772345913 442107902
1756313206 -22.8959554 -43.3007491 3773117352
3772345913 -22.8959537 -43.3019794 3772345912 3772345914
3772345912 -22.8959523 -43.3019357 1718623368 3772345913
3773117352 -22.8959373 -43.3006718 3753580375
3772345915 -22.895928 -43.3011081 1718623368
3772345909 -22.8959164 -43.3025299 3772345908
1718623368 -22.8959131 -43.3012096 3773117351 3772345912
3772345910 -22.8959113 -43.3021378 442107902 1917718388
3753580375 -22.8958972 -43.3002889 3753580374
3773117351 -22.8958961 -43.3011091 3773117350
3753580374 -22.8958943 -43.3001926 518227484
3773117350 -22.8958899 -43.3005182 3753580375
3772345908 -22.895881 -43.3025266 1718623386
2037883875 -22.8957299 -43.3050558 482439424 2037883871
1718623386 -22.8957168 -43.3024761 3772345910 1917718267 1917718388
1917718388 -22.8957086 -43.3020805 3772345910 1917718348
3211749248 -22.8957051 -43.3006273 163559147
2037883871 -22.8956784 -43.305146 1977140226 2037883875
1917718267 -22.8955816 -43.3026672 1718623386 3773117349
482440056 -22.8955281 -43.3097429 482440045 482440062
1917718348 -22.8954706 -43.302 1917718388
1917718372 -22.8954148 -43.3026743 1917718267
3772345906 -22.8954007 -43.3005936 442105104
3773117349 -22.8954002 -43.302955 1917718267 442107900
3753580373 -22.8953833 -43.3000874 442105103
442105103 -22.8953826 -43.3001868 3772345906
1917718376 -22.8953809 -43.3026798 1917718372
442105104 -22.8953807 -43.3009006 482501053
482501053 -22.8953562 -43.3010491 442105105
442105105 -22.8953366 -43.3011155 1917738612
3872016359 -22.895305 -43.3026914 1917718376
1917738612 -22.8953043 -43.3011961 3772345903
442107900 -22.8952976 -43.303131 1917718338 3773117349
1977140226 -22.8952957 -43.3057805 2037883871
3772345903 -22.8952909 -43.3012286 3772345898
163559149 -22.8952733 -43.3004536 3211749248
1917718338 -22.8952588 -43.3030736 3772345901
1917718263 -22.8952561 -43.3027103 3872016359
163547025 -22.8952412 -43.3005724 1999089037
3772345901 -22.8952335 -43.3030285 3872016358
2037883882 -22.8952204 -43.303275 442107900
3772345899 -22.8951998 -43.3027578 1917718263
3872016358 -22.8951779 -43.3028764 1917718302
1917718302 -22.8951712 -43.3028145 1917718446 3772345899
2037883872 -22.8951546 -43.303383 2037883882
3772345898 -22.8951442 -43.3015505 3772345897
1917718446 -22.8950935 -43.3028099 1917718302 1917718271
1977140228 -22.8950886 -43.3059246 482441930
3772345897 -22.8950394 -43.3017639 2668366469
1917718271 -22.8950252 -43.3027932 1917718446 3872016357
482440045 -22.8948956 -43.3094253 482439361 482440056
1977140231 -22.8947975 -43.306673 1977140230
2668366469 -22.8947257 -43.3024166 3872016357
3872016357 -22.8946636 -43.3025557 1917718271 1917718357
3772345892 -22.8946518 -43.3010566 482501053
1977140230 -22.8946028 -43.3069368 482439408 1977140231
1917718357 -22.8945482 -43.3027816 442105106
3772345889 -22.8945192 -43.3010583 3772345892
482439408 -22.8943899 -43.3071961 482439361 1977140230
442105106 -22.8943374 -43.3032084 482504371
442107897 -22.8942979 -43.3048306 2037883872
3802280293 -22.8942185 -43.3001422 163559149
1999089037 -22.8941729 -43.3002752 1679221537 3802280290
482441930 -22.8940809 -43.3052054 442107897 1977140228
3772345888 -22.8940803 -43.3010573 3772345889
3772345887 -22.8940192 -43.3010563 3772345888
482504371 -22.8940072 -43.3038987 482504713 442105107
3772345885 -22.8939548 -43.300839 3772345886
3772345884 -22.8939544 -43.3008834 3772345885
3772345883 -22.8939541 -43.3009352 3772345884
3772345886 -22.8939515 -43.3006631 3772345882
3772345881 -22.8939471 -43.3009947 3772345883
3802280290 -22.8939339 -43.3002642 482502874
482504199 -22.8939263 -43.3010548 3772345887 3772345881
482506290 -22.8938411 -43.3000093 3802280293
442107896 -22.8937365 -43.3058004 482441930
442105107 -22.8936337 -43.3046074 482508993
1679221537 -22.8935713 -43.300048 163547020
482502874 -22.8934436 -43.300145 3802280289
442107895 -22.8934123 -43.3062296 442107896
3802280289 -22.8933668 -43.3001344 3802280288
3802280288 -22.8933063 -43.3001371 482502869
482502869 -22.8932534 -43.3001537 482502868
482502868 -22.8931888 -43.3001962 3802280285
482439361 -22.8931787 -43.3087177 482437990 482439408 482440045
482502426 -22.8931782 -43.3010521 482504199
3802280285 -22.893143 -43.3002487 482502867
3802280284 -22.8931405 -43.301036 482502426
482502867 -22.8931079 -43.3003238 482502866
3802280283 -22.8931013 -43.3009996 3802280284
482502866 -22.893087 -43.3004115 482502863
3802280282 -22.8930827 -43.3010535 482502426
482502863 -22.8930799 -43.300602 3802280281
3802280281 -22.8930764 -43.3009355 3802280283
3802280279 -22.8930431 -43.301054 3802280282
482502389 -22.8930057 -43.300551 3802280277
3802280278 -22.8930016 -43.300925 482502389
3802280277 -22.8929958 -43.3002942 482502387
3802280276 -22.8929935 -43.3009677 3802280278
3802280275 -22.8929737 -43.3010111 3802280276
482502387 -22.8929677 -43.3001388 482502384
3802280274 -22.8929573 -43.3010327 3802280275
442107894 -22.8929458 -43.3068047 442107895
482437990 -22.892936 -43.3090357 482439361 482437544
1829351065 -22.8929287 -43.3031195 482504199
482502384 -22.8929202 -43.3000154 482502381
482502395 -22.892916 -43.3010559 3802280274 3802280279
482504713 -22.8928783 -43.3032198 1829351065 482501789
482508993 -22.8926744 -43.3063673 482504332 442107102
2361308403 -22.8926591 -43.3071706 442107894
482441515 -22.8926372 -43.3097244 3597550493
3597552213 -22.8925913 -43.3098241 482441515
3597550495 -22.8925532 -43.3099068 3597552213
442107102 -22.8925109 -43.3066673 482508993 2361308407
2361308407 -22.892443 -43.3067843 442107102 442107103
482437544 -22.8924365 -43.3096828 3597550494
3597550494 -22.8924057 -43.3097226 482436765 482438143
482501789 -22.8924048 -43.3031431 482505140
482501788 -22.8923665 -43.3010531 482502395 482774938 482501789
442107893 -22.8922262 -43.3077231 2361308403
442107103 -22.8921076 -43.3073626 2361308407 442107104
482518002 -22.8918107 -43.3010616 482501788
482517995 -22.8917513 -43.3005157 482518002
3802280260 -22.891727 -43.300405 482517995
442107104 -22.8917044 -43.3079205 442107103 442107105
482437994 -22.8916925 -43.3084344 482437990 442107893
482517992 -22.8916907 -43.3003012 3802280260
482504332 -22.891599 -43.305771 482504713 482505142
442107105 -22.8914751 -43.3082123 442107106 442107104 482509489
482504992 -22.891282 -43.3010722 482518002
482505140 -22.8912676 -43.3031848 482504992 482504974
482505142 -22.891238 -43.3055776 482505140 482508991
482436765 -22.8911429 -43.3091363 482437994
482518080 -22.8911002 -43.3010729 482504992
442107106 -22.8910639 -43.3086071 2361312850 442107105
442107891 -22.8910165 -43.3093023 482436765
482508991 -22.8908426 -43.305363 482504976
442107890 -22.8907081 -43.3096714 442107891
482504976 -22.8906921 -43.3052723 482509489 482504974
1718623362 -22.8905685 -43.309797 442107890
442107889 -22.8904882 -43.3098592 1718623362
2361312850 -22.8903437 -43.3093592 442107106 482509659
1718623392 -22.8902927 -43.3099642 442107889
482509489 -22.8901633 -43.3069918 482508998 482504976 442107105 482509490
482518420 -22.8900485 -43.3010768 482518080
482509659 -22.8900208 -43.3096915 2361312850 2624824997
482509631 -22.8900132 -43.3053667 482509633 2624798671
482504854 -22.8899536 -43.3010772 2195281231 482518420
482504974 -22.8899506 -43.303233 482504715 482504854 482504976
2624798671 -22.8899469 -43.3049911 2624798673 482509631
2195281231 -22.8899443 -43.3009269 2195281239
2195281239 -22.8899259 -43.3008728 482518676
2624798673 -22.8898981 -43.3050052 2624798671
2624824997 -22.8897784 -43.3099632 482509659 442107318 2624824998
482508998 -22.889523 -43.3090827 482509659 482509489
482511171 -22.8894446 -43.3039498 482511174
482504715 -22.8893205 -43.303217 482510796
482510089 -22.8890205 -43.3083273 482510091 482509833
482509833 -22.8890114 -43.3085428 482508998 482510089 2624824998
482511174 -22.8889949 -43.3041612 482511179 482511171
2624824998 -22.8889854 -43.3090868 482510087 2624824997 482509833
482510087 -22.8889628 -43.3095317 482510084 482510327 2624824998
482510091 -22.8889423 -43.307557 482510089 482510094
482517489 -22.8889177 -43.301081 482504854 482518059
482509490 -22.8888861 -43.3058039 482509633 482509489
482509633 -22.8887806 -43.3056402 482509490 482510676 482509631
482510796 -22.8887791 -43.3020422 482504715 482501052 482511284
482501052 -22.8883247 -43.3010832 482510796 482517489
482501050 -22.888214 -43.3011089 482501052
482510676 -22.888118 -43.3044327 482509633 482510486 482511179
482511284 -22.8880323 -43.3024653 482510796 482509494 2239363371
482511179 -22.8880257 -43.3040453 482511174 482509494 482510676
2239363371 -22.8878676 -43.3021367 2239363370 482511330 482511284
482510486 -22.887783 -43.3043287 3342765345 482510094 482510676
482509494 -22.8876842 -43.3026625 482511179 482511284 482511349
482516238 -22.887601 -43.3009419 2195288696 2195290749
482511330 -22.8875443 -43.3014916 482501050 2239363371
482510094 -22.8874941 -43.3066342 482510486 482510091 482509843
482511349 -22.8874473 -43.3028089 482509494 482510946 2239363370
482509843 -22.8873879 -43.3074864 482510094 482509833
2239363370 -22.887272 -43.3024785 2239363371 482511349 482511461
3342765334 -22.8871811 -43.3099398 482148423
3342765345 -22.8871743 -43.3041246 482510486 3342765344
2195290749 -22.8871646 -43.300041 482516238 482516300
2195288696 -22.8871377 -43.3012559 482516238 482516681
3342765344 -22.8870768 -43.3041371 3342765347 3342765343
3342765343 -22.8870231 -43.3041766 3342765342
482511461 -22.8869335 -43.3018405 482511330 2239363370
442042901 -22.8869232 -43.304662 442042900
3342765342 -22.8869138 -43.304482 442042901
442042900 -22.8869037 -43.3048411 442042899
3342765347 -22.886902 -43.3041697 3342765342 3342765346
442042902 -22.8868901 -43.3040293 3342765345 3342765347
482516681 -22.8868889 -43.3014165 2195288696 482516642 482516849
3342765346 -22.8868555 -43.3041727 442043034
442043032 -22.8868414 -43.3046589 483120515
483120515 -22.8868317 -43.3044063 442043034 483120495
483119247 -22.8868259 -43.304855 442043032 483119231
442043034 -22.8868137 -43.30411 442043036
442042903 -22.8867863 -43.3035963 442042902
442043036 -22.8867089 -43.3036299 483121813
482148423 -22.8866671 -43.3095398 482147450
482510946 -22.8866555 -43.3032596 442042903 482511349
442042899 -22.8865719 -43.3068707 482510327 482509843
483121813 -22.8865625 -43.3032775 442043042 483121203
482075182 -22.8865392 -43.3065851 483119579 483119247 482075210
3342765340 -22.8865305 -43.3068545 442042899
3342765341 -22.8864879 -43.3068745 482075182 3342765340
483120495 -22.8864435 -43.3044678 483120515 483120488
442042905 -22.8864065 -43.3028393 482510946
482510327 -22.8863941 -43.3075878 482510087 442042897
442043020 -22.8863245 -43.3075245 3342765341
482516849 -22.8862886 -43.3001172 482516300 482516681
483120488 -22.8862854 -43.3045107 483120480 483120495
483119579 -22.8862481 -43.3062594 482075182 483119552
442043042 -22.8862364 -43.3026895 3342765353 483124648
2195288695 -22.8862159 -43.3014102 482516929
442042897 -22.8861571 -43.3081273 482147450
482500732 -22.8861101 -43.3023029 442042905 482511461
482075216 -22.8861097 -43.3080558 442043020
3342765352 -22.88607 -43.3023306 482500732
3342765353 -22.8860659 -43.3024028 3342765352 483125546
483125546 -22.8859389 -43.3021724 2195321706 483125500
482516642 -22.885937 -43.3019915 482500732 482516681
483119552 -22.8859196 -43.3058018 483119579 483119231
482147450 -22.8858423 -43.3089076 442042896
482516929 -22.8858059 -43.3004434 2195288695 482516849
483119231 -22.8857557 -43.3054122 483119219 483119247 483119552
442042896 -22.8856711 -43.3093624 3342765333
482075210 -22.8856143 -43.3074936 482075216 482075182 482075211 482074044
2195317917 -22.8855491 -43.3013124 482516642
482051603 -22.8855162 -43.3094773 482075216
3342765354 -22.8855154 -43.3006737 482516929
442043133 -22.8854789 -43.3011176 2195317917
483125500 -22.8854735 -43.3013529 483125495 2195317914
2195317915 -22.8854325 -43.3008349 442043133
482516507 -22.8854152 -43.3006836 2195317915 3342765354
2195317914 -22.8854097 -43.3011532 482052933
482052933 -22.8853542 -43.3008596 442043052 482052622
483120480 -22.8850281 -43.3050257 483120488
483119219 -22.8849648 -43.3058239 483119231 483121236
483121236 -22.8849095 -43.3056437 483121228 483119219
482074044 -22.8848598 -43.3065744 482052585 482075210
482074217 -22.8848531 -43.308724 482074239 482051603 482075211
483121228 -22.8847909 -43.3053433 483121220 483121236
483124648 -22.8847592 -43.3035666 483124645 442043042
482075211 -22.8846306 -43.3084551 482074217 482052575 482075210
483121220 -22.8846248 -43.3049914 483121228 483122859 483121212
483121212 -22.8844746 -43.3046824 483121203 483121220
483121203 -22.884356 -43.3045193 483121819 483121212 483121813
482052575 -22.8843026 -43.3080886 482074283 482073266 482075211
482052585 -22.8841362 -43.3072242 482074283 2195311107 482074044
482074410 -22.8841244 -43.3059908 482074408
483125495 -22.8840937 -43.3018624 483125500
483124645 -22.884008 -43.3040129 483124636 483124648
482074239 -22.8839267 -43.3095785 482074217 482074241
2195311107 -22.8838961 -43.3070783 2195311119 482052590 482052585
483122859 -22.8838736 -43.3053261 483121220 483122868
2195311119 -22.8838102 -43.3071565 2195311107 2195311121
482074283 -22.8837942 -43.3074878 482074043 482052585 482052575
2195311129 -22.8837419 -43.3068582 2195311125
2195311121 -22.8836547 -43.3072981 2195311119 2195311122
482052590 -22.8836217 -43.3069074 482052592 2195311107
2195311122 -22.8836066 -43.3073207 2195311110 2195311121
2195311110 -22.8835764 -43.3073142 2195311122 2195311126
2195311125 -22.8835677 -43.3067949 482052592 2195311129
2195321706 -22.8835661 -43.3032094 483125793 483125546
482074241 -22.8835471 -43.3099905 482074239 482074242
2195307263 -22.8835246 -43.3008311 483132147
2195311126 -22.8835228 -43.3072649 2195311110 2195311114
482052592 -22.8834028 -43.3067349 2195311125 482052594 482052590
483125793 -22.8833912 -43.3032833 2195321706 482052611
483132147 -22.8833359 -43.3003222 2195307263 483132937 482052625
2195311114 -22.8832079 -43.3068709 2195311118 2195311126
2195311118 -22.8831796 -43.3068374 2195311114 2195311128
482052594 -22.8831386 -43.3065405 482074408 482052592
2195311128 -22.8831284 -43.3068177 2195311118 2195311116
483122868 -22.8831224 -43.305678 483122859 482051580
483124636 -22.8830907 -43.3045107 483124645 483123513
2195311116 -22.8830776 -43.3068159 2195311128 482074297
482074408 -22.8830563 -43.306471 482051578 482052596 482052594 482074410
482052596 -22.8829647 -43.3063911 2195311127 482074408
2195311127 -22.8829218 -43.3063132 482052596 482052598
482052598 -22.8828969 -43.3062438 2195311113 2195311127
2195311113 -22.882891 -43.3061369 482051580 482052598
482052600 -22.8828842 -43.3056894 2195311111 482051580
482051580 -22.88288 -43.3057963 483127100 482052600 2195311113 483122868
2195311111 -22.8828798 -43.3055558 483121819 482052600
483121819 -22.8828658 -43.3054476 482052603 2195311111 483121203
482074043 -22.8828592 -43.3082824 482054350 482074283 482074096
482052603 -22.8828386 -43.3052863 483121819 482052605
482052605 -22.8827485 -43.3049694 482052603 483123513
482074297 -22.882724 -43.3068436 2195311116
483123513 -22.8827039 -43.304783 483124636 482052608 482052605
482052608 -22.8826931 -43.3047376 2195311108 483123513
2195311108 -22.8826009 -43.304256 482052608 483128424
483127100 -22.8825606 -43.3063195 483127109 482051579 482051580
483128424 -22.8825455 -43.3039663 482052611 483128201 2195311108
482052620 -22.8825042 -43.3020584 482052622 2195311123
482052622 -22.8825033 -43.301931 483130705 482052933 2195311117 482052620
2195311117 -22.882495 -43.301856 2195311109 482052622
2195311123 -22.8824869 -43.3022271 482052620 482052617
2195311109 -22.8824818 -43.3017817 2195311124 2195311117
482052611 -22.8824796 -43.3036218 483125793 483128720 483128424
483128720 -22.8824577 -43.3035198 483128716 482052611 482052612
482052617 -22.8824426 -43.3024655 2195311123 482052615
482051579 -22.8824401 -43.3064886 482051578 483127100
482052612 -22.8824243 -43.3033643 482052613 483128720
482052613 -22.8823869 -43.3031587 2195311120 482052612
482052615 -22.8823812 -43.3029005 482052617 2195311120
2195311120 -22.8823757 -43.3030246 482052613 482052615
2195311124 -22.8823496 -43.3013985 482052625 2195311109
482074096 -22.8823373 -43.3075185 482074043 482051575 482074119
482051578 -22.8823373 -43.3066087 482074408 482051579 482051577
483128716 -22.8822288 -43.303558 483128720 483128708
483127109 -22.8822209 -43.3061072 483127100 483127113
482051577 -22.8821791 -43.3066688 482051575 482051578
482052625 -22.8821416 -43.3008392 483132147 2195311124 483132142
483127113 -22.8820786 -43.3057209 483127109 483127117
483130705 -22.8819484 -43.302138 2195316302 482052622 483130702
483127117 -22.8818413 -43.3051716 483127113 483127120
482051575 -22.8817916 -43.3068147 482074096 482074098 482051573 482051577
483130702 -22.8817476 -43.3017161 483130705 2195316306
2195316306 -22.8817118 -43.3016636 2195316307 483130702
483127120 -22.8816832 -43.3047596 483128170 483127117
2195316307 -22.8816621 -43.3016316 483130698 2195316306
482054350 -22.8816572 -43.3092781 482054352 482074042 482074043 482073266
483128170 -22.8816175 -43.3045655 483127125 483128166 483127120
483130698 -22.8816026 -43.3016346 483130693 2195316307
483128708 -22.8815725 -43.3037211 483128716
2195316302 -22.8815672 -43.3022802 483130705 482052925
483127125 -22.8815409 -43.304339 483128170 483128201
482074119 -22.8815149 -43.307879 482074096 482074120
483128201 -22.8814789 -43.3042539 483127125 483127131 483128424
482054352 -22.8814358 -43.3090292 482054350 482054354
483127131 -22.8814222 -43.304176 483127137 483128201
483128166 -22.881359 -43.3048369 483128170 483128163
482074042 -22.8813567 -43.3095699 482074041 482054350
483130693 -22.8813249 -43.3016999 483130683 483130698
483127137 -22.8813036 -43.3040043 483127131 483127144
482051573 -22.8812381 -43.3070293 482051568 482051575
483127144 -22.881185 -43.3037726 483127137 483127151
483128163 -22.8811455 -43.3050772 483128158 483128166
483132142 -22.8811455 -43.301232 482052625 483131510
482074041 -22.8811146 -43.3098844 482074042 482073370 482073928 482074036
483132928 -22.8811059 -43.3001848 483134723 483132932 483132923
483127151 -22.8810822 -43.303661 483127715 483127144
483128158 -22.8810664 -43.3051287 483128163
482074098 -22.8810562 -43.3056818 482051575 482074099
483127715 -22.8810363 -43.3035614 483127708 483127151 483127170
483127170 -22.8809952 -43.3034722 483127715 483127176
483127176 -22.8809557 -43.3033606 483127182 483127170
482051568 -22.8809297 -43.3072267 482051566 482075259 482051573
483130683 -22.8808704 -43.3018179 483130680 483130693
483127708 -22.8808687 -43.3037211 483127715 483127705
482054354 -22.8808585 -43.3083511 482054352 482074120
482074120 -22.8807939 -43.3082837 482054354 482054356 482074119
483127182 -22.880758 -43.303043 483127176 483127186
482074099 -22.8806529 -43.3051153 482074098 482074100
483127705 -22.8806315 -43.3038927 483127691 483127708
483127186 -22.8805919 -43.3028713 483127182 482052925
482074100 -22.8805739 -43.3050295 482074099 482074101
483130680 -22.8805424 -43.3019475 483130675 483130683 483131510
482052925 -22.880479 -43.3026863 483127186 2195316302
482054356 -22.8804552 -43.3079305 482074120 482051566
482074101 -22.8804552 -43.3050638 482074102 482074100
483131510 -22.8803959 -43.3016146 483130680 483132923 483132142
483127691 -22.8803863 -43.3040987 483127688 483127705
482074102 -22.8802971 -43.3051925 482074101 482074103
483127688 -22.8801728 -43.3043219 483127691 483127683
482051566 -22.8801468 -43.3076301 482051565 482051568 482054356 482054361
483130675 -22.880108 -43.3021489 483135026 483130680
482075259 -22.8800599 -43.3058448 482051568 482074103
