2880838079 -22.959767 -43.258158 3759968705 2880838085
3759968705 -22.959631 -43.25811 2880838078 2880838079
2880838078 -22.959507 -43.258092 3759968704 3759968705
3759968704 -22.959301 -43.258105 2880838077 2880838078
2880838077 -22.959087 -43.25814 3759968704 400691910
400691910 -22.958945 -43.258138 3759968703 2880838077
3759968703 -22.958878 -43.258111 3759968702 400691910
3759968702 -22.95871 -43.257968 3759968701 3759968703
3759968701 -22.958454 -43.257667 400691904 3759968702
400691904 -22.957944 -43.257117 2885383846 3759968701
2885383846 -22.957734 -43.256968 3759968700 400691904
3759968700 -22.957667 -43.256943 2885383846 3759968699
2885394342 -22.957651 -43.253356 3759968686 3759968687
3759968687 -22.957643 -43.253433 2885394341 2885394342
3759968686 -22.957616 -43.253249 2885394340 2885394342
2885394341 -22.957615 -43.253504 3759968688 3759968687
2885394340 -22.95758 -43.253207 2885394336 3759968686
3759968699 -22.957552 -43.25693 400691891 3759968700
2885394339 -22.957552 -43.250717 3759968772 2885394338
2885394338 -22.957544 -43.250794 2885394339 3759968773
3759968688 -22.957543 -43.253603 2885394341 3759968689
3759968772 -22.957535 -43.250604 2885394344 2885394339
2885394336 -22.957519 -43.253169 2885394333 2885394340
3759968773 -22.9575 -43.250908 2885394338 2885394335
3759968689 -22.957453 -43.253685 3759968688 2880838052
2885394335 -22.957445 -43.250985 3759968773 2885394334
2885394344 -22.957441 -43.250253 3759968771 3759968772
2885394346 -22.957441 -43.250051 3759968771 3759968770
2885394333 -22.957432 -43.253154 2885394329 2885394336
3759968771 -22.957429 -43.250127 2885394346 2885394344
2885394334 -22.957199 -43.251254 2885394335 3759968774
400691891 -22.957168 -43.256971 3759968698 3759968699
3759968775 -22.9571604 -43.252081 2885394331 2885394328
2880838052 -22.95716 -43.25391 2880838041 3759968689
2885394331 -22.95715 -43.251936 2885394332 3759968775
2885394328 -22.9571483 -43.2521974 3759968775 3759968776
3759968774 -22.957139 -43.25135 2885394334 2885394332
2885394332 -22.957112 -43.251509 3759968774 2885394331
2885394329 -22.9570938 -43.2532806 3759968685 2885394333
3759968776 -22.9570897 -43.2523355 2885394328 329601505
329601505 -22.9570223 -43.2524123 2885394553 329601538 3759968776
3759968685 -22.9569445 -43.2532292 2885394326 2885394329
3759968698 -22.956918 -43.256948 400691891 2885383841
329601538 -22.9569004 -43.2523096 329601505 2885552643
2885394553 -22.9568953 -43.2527606 2885394326 329601505
2885394326 -22.9568352 -43.2530908 2885394553 3759968685
2885383841 -22.956812 -43.256898 3759968697 3759968698
3759968697 -22.956737 -43.256844 2885383840 2885383841
2885552639 -22.9567304 -43.2504424 2885552637 2885552642
2880838041 -22.956643 -43.254364 2880838052 2880838031
2885552643 -22.9566134 -43.2520818 329601538 2885552636
2885552637 -22.9565991 -43.2510644 2885552635 2885552639
2885383840 -22.956518 -43.256643 3759968697 3759968696
3759968696 -22.956437 -43.256603 3759968695 2885383840
2885552636 -22.9564368 -43.2518361 2885552635 2885552643
2885552635 -22.9564203 -43.2514825 2885552636 2885552637
3759968695 -22.956368 -43.25659 3759968694 3759968696
2880838031 -22.956281 -43.254618 2880838041 2885383838
3759968694 -22.956261 -43.2566 3759968695 2880838018
2885383838 -22.956121 -43.254707 2880838031 2880838013
2880838018 -22.955941 -43.256698 3759968693 3759968694
2880838013 -22.955863 -43.254821 2885383837 2885383838
3759968693 -22.955808 -43.256709 400691879 2880838018
2885383837 -22.955776 -43.254886 2880838007 2880838013
2880838007 -22.955723 -43.254964 2885383837 2880838004
400691879 -22.955662 -43.256668 3759968692 3759968693
2880838004 -22.955631 -43.255208 2880838007 400691872
3759968692 -22.955561 -43.25659 400691878 400691879
400691872 -22.955557 -43.25534 400691874 2880838004
400691878 -22.95541 -43.256396 400691876 3759968692
400691876 -22.955283 -43.256161 400691878 400691875
400691874 -22.955277 -43.255708 400691872 3759968690
3759968690 -22.955239 -43.255795 400691874 3759968691
400691875 -22.955235 -43.256025 400691876 3759968691
3759968691 -22.955224 -43.255871 3759968690 400691875
2885551934 -22.951561 -43.25929 773321816 773321817
3759966226 -22.9515017 -43.2598852 773321810 2141110650
773321816 -22.951416 -43.259067 2885551934 773321815
773321810 -22.951384 -43.259623 3759966226 3759966228
3759966228 -22.951321 -43.259518 773321810 3759966229
3759966229 -22.951267 -43.259355 3759966228 773321811
773321815 -22.951254 -43.258711 773321816 773321814
773321811 -22.951192 -43.25904 3759966229 3759966230
773321814 -22.951159 -43.258537 773321813 773321815
773321813 -22.951137 -43.258443 3759966243 773321814
3759966230 -22.9511328 -43.2588163 773321811 3759966231
3759966243 -22.951113 -43.258065 3759966242 773321813
3759966231 -22.951094 -43.2586622 3759966232 3759966230
3759966242 -22.951068 -43.257836 3759966241 3759966243
3759966232 -22.9510618 -43.2585535 3759966231 3759966233
3759966241 -22.9510424 -43.2576312 3759966240 3759966242
3759966240 -22.9510145 -43.2575666 3759966239 3759966241
3759966239 -22.9509499 -43.2575352 3759966240 3759966238
3759966233 -22.9509289 -43.2582252 3759966232 3759966234
3759966238 -22.9508602 -43.2575502 3759966237 3759966239
3759966237 -22.9507427 -43.2576211 3759966236 3759966238
3759966234 -22.950729 -43.258028 3759966233 3759966235
3759966235 -22.9506498 -43.2579165 3759966234 3759966236
3759966236 -22.9506445 -43.2577498 3759966237 3759966235
837056753 -22.9491007 -43.25928 837056754
2141117565 -22.9487816 -43.2591581 837056753
2885551919 -22.9484522 -43.2596285 3397702709 773321796
2141117567 -22.9484096 -43.2590422 2141117565
3397702709 -22.9483318 -43.2595539 773321794 2885551919
837056751 -22.9482979 -43.2589717 2141117567
2141117566 -22.9481893 -43.2588542 837056751
773321794 -22.9480435 -43.2594575 3397702692 3397702709
3397702702 -22.9479838 -43.2584883 3397702693 2141117566
837056750 -22.9478588 -43.2583161 3397702702
2141117568 -22.9477148 -43.2580967 837056750
3397702693 -22.9475754 -43.2589256 3397702674 3397702690
2124720463 -22.9475633 -43.2599526 2124720467 2124720447
3397702692 -22.9475413 -43.2592844 773321794 773321793
3397702690 -22.9474039 -43.2591169 3397702693
773321793 -22.9473427 -43.2592641 3397702692 3427842748
3427842748 -22.9472724 -43.2592611 2124720452 773321793
3397702688 -22.9472367 -43.2575588 3397702674 2141117568
837056749 -22.9472127 -43.2575319 3397702688
2141117569 -22.9471047 -43.2573312 837056749
2124720452 -22.9470401 -43.2592514 773321792 3427842748 2124720450
2124720450 -22.9470249 -43.2593176 2124720452 2124720449
3427841975 -22.946991 -43.2569834 2141117569
2124720449 -22.9469793 -43.2593561 3397702681 2124720450
249090400 -22.9469507 -43.2568602 1834849188 3427841975 3427841977
3259063147 -22.9469309 -43.254505 3259063146 3259063145
3397702681 -22.9469244 -43.2593772 2124720446 2124720449
3427841976 -22.9469241 -43.256955 3427841975
3259063146 -22.9469158 -43.254358 3259063147 3259063142
3427841977 -22.9468833 -43.2569586 249090400 1398072906 3427841976
3259063145 -22.9468578 -43.2545633 3259063147 3259063144
2124720447 -22.9468278 -43.259653 2124720463 3397702673
2124720446 -22.9468203 -43.2593366 3397702681 2124720442
773321792 -22.9468124 -43.2592098 2124720452 3397702668
3397702677 -22.9468106 -43.2589714 773321789
3259063144 -22.9467805 -43.2545773 3259063141 3259063145
3397702674 -22.9467436 -43.2580978 3397702666
3397702673 -22.9467243 -43.2595817 2124720441 2124720447
2124720442 -22.946722 -43.2593155 2124720440 2124720446
1834849188 -22.9467184 -43.2562598 249090400 1834849183
1398072906 -22.9466748 -43.2572628 3427841977 773321786
2124720441 -22.9466658 -43.259477 3397702673 2124720440
2124720440 -22.9466625 -43.2593693 2124720441 2124720442
3397702668 -22.9465807 -43.259107 773321791 773321792
1834849183 -22.9465626 -43.2559039 1834849188 1834849189
773321786 -22.9465466 -43.257445 1398072906 773321787
2124720435 -22.9465303 -43.2599248 2124720438 2124720430
3259063143 -22.9464884 -43.2529585 3259063142
3259063142 -22.946482 -43.253495 3259063143 3259063146
773321787 -22.9464674 -43.2575655 773321786 2523333921
3397706144 -22.9464651 -43.2572649 773321786
1834849189 -22.946444 -43.2557057 1834849184 1834849183
2523333920 -22.9464034 -43.257606 2523333919
773321791 -22.9464014 -43.2589828 3397702663 3397702668
2523333921 -22.9463969 -43.2576684 773321787 2523333920 3397702666
2523333919 -22.946396 -43.2575067 2523333918
2523333918 -22.9463614 -43.2573485 2523333917
3397702666 -22.9463566 -43.2577272 2523333921 2124720431
2124720431 -22.9463369 -43.2577559 3397702660 2124720428 3397702666
3397706143 -22.9463255 -43.2570987 3397706144
2124720430 -22.9463082 -43.2597724 2124720435 2124720426
2523333917 -22.9462972 -43.2571822 2523333916
1834849184 -22.9462855 -43.2555437 1834849192 1834849189
2124720428 -22.9462537 -43.2577021 3397702638 2124720431 3397702662
2523333916 -22.9462369 -43.2570754 2523333915
3397702663 -22.9462021 -43.258824 3397702656 773321791
3397702662 -22.9462002 -43.2576795 3397702661 2124720428
2523333915 -22.9461832 -43.2570025 3397706142
3397702661 -22.9461643 -43.2576747 3397702658 3397702662 3397702659
3397702660 -22.9461496 -43.2580587 773321789 3397702654 2124720431
3259063141 -22.9461447 -43.2539522 3259063144
3397702659 -22.946128 -43.2576672 3397702661 2124720427
3397702658 -22.94612 -43.2576854 3397702661 3397702655
3397702656 -22.9460959 -43.2587159 773321790 3397702663
2124720427 -22.9460914 -43.2576639 3397702647 3397702659
3397702655 -22.9460911 -43.2577113 3397702658 3397702653
3397702654 -22.9460887 -43.2579983 3397702660 3397702652
2124720426 -22.9460884 -43.2597064 2124720415 2124720430
3397702653 -22.9460626 -43.2577654 3397702655 3397702651
3397706142 -22.9460601 -43.2568362 2523333913 3397706143
3397702652 -22.9460591 -43.2579584 3397702649 3397702654
3397702651 -22.9460484 -43.257822 3397702653 3397702649
3397702649 -22.946046 -43.2578838 3397702651 3397702652
773321790 -22.9460319 -43.2586197 3397702656 2124720418
773321789 -22.9460284 -43.2582545 3397702660 3397702677 2124720418
2124720418 -22.9459944 -43.2584379 773321789 773321790
3397702647 -22.9459772 -43.257672 2124720411 2124720427
2124720415 -22.9459411 -43.2596963 2124720409 2124720426
2124720411 -22.9458376 -43.257717 3397702647 2124720399
2124720409 -22.9458091 -43.2596633 2124720421 2124720406 2124720415
2523333913 -22.9456952 -43.2565767 2498007521 3397706142
2124720406 -22.9456348 -43.2595388 2124720409 2124720400
2124720400 -22.9455249 -43.2593662 2124720395 2124720406
2124720399 -22.9454781 -43.2579874 2124720411 2124720396
1834849192 -22.9453469 -43.2546197 1834849190 1834849184
3397702638 -22.9453135 -43.2571151 3397703394 3397702630 2124720428
2124720396 -22.9453121 -43.2582413 2124720394 2124720399
2124720395 -22.945277 -43.2586958 2124720394 2124720400
2124720394 -22.945277 -43.2585054 2124720396 2124720395
1834849190 -22.9451671 -43.2544528 1834849192 1834849181
1834849181 -22.9450532 -43.2543769 1834849194 1834849190
1834849194 -22.9449642 -43.2543595 1834849186 1834849181
3397702630 -22.944851 -43.2576611 3397702638 3397702612
2498010471 -22.9448478 -43.2551108 1834849194
2523333926 -22.9448359 -43.2551877 2498010471 2523333925
2498007521 -22.9447226 -43.2559189 2523333913 2498010474 2523333926
3397703394 -22.9446618 -43.2565796 3397702638
3397702612 -22.9446231 -43.257956 3397702630 3397702611
3397702611 -22.9444655 -43.2581598 3397702612 3397702610
3397702610 -22.9444387 -43.258309 3397702609 3397702611
2523333925 -22.9444373 -43.2550123 2523333924
3397702609 -22.9444353 -43.2584765 3397702610 3397702608
3397702608 -22.9444186 -43.259219 3397702609 3397702605
3397702605 -22.9443884 -43.2593245 3397702596 3397702608
1834849186 -22.9442262 -43.2542037 2498010473 1834849194
2523333924 -22.9441656 -43.2549157 2523333923
3397702597 -22.944127 -43.2599979 3397702596 3397702598
3397702596 -22.944127 -43.2599397 3397702605 3397702597
2523333923 -22.9439828 -43.2548433 2523333922
2498010473 -22.9439632 -43.2541429 1834849187 1834849186 2498010472
2498010472 -22.9437707 -43.2546648 2498010471 2523333922
2523333922 -22.9437255 -43.2547873 2498010474
1834849187 -22.9436352 -43.2540671 1789001176 2498010473
2498010474 -22.9435867 -43.2551637 2498007521 249090640
1789001175 -22.9428526 -43.2515214 1789001162
1789001176 -22.942657 -43.2535877 1834849187 249090391 1789001238
1789001238 -22.9425326 -43.2535541 1789001241
249090391 -22.9425217 -43.2534593 1789001225
1789001241 -22.9424447 -43.2535105 1789001204
1789001162 -22.9424199 -43.2516215 1789001229 1789001175
1789001204 -22.9423971 -43.2534813 1789001231
1789001231 -22.9423438 -43.2534277 1789001180
1789001225 -22.9423298 -43.2532363 1789001234 1789001227
1789001227 -22.9423183 -43.2532567 1789001197
1789001197 -22.9423006 -43.2532645 1789001207
1789001207 -22.9422789 -43.2532648 1789001193
1789001180 -22.9422638 -43.2533284 1789001174
1789001193 -22.9422507 -43.2532527 1789001174
1789001229 -22.9421958 -43.2517033 1789001185 1789001162
1789001174 -22.9421051 -43.2531258 1789001191
1789001234 -22.9421023 -43.2529457 1789001192
1789001191 -22.9420038 -43.2529925 1789001189
1789001185 -22.9419471 -43.2518444 1789001178 1789001229
1789001192 -22.9419275 -43.2527516 1789001211
1789001189 -22.941864 -43.252816 1789001222
1789001222 -22.9417337 -43.2526725 1789001195
1789001211 -22.9417179 -43.2525192 1789001184
1789001195 -22.9416483 -43.2525795 1789001198
1789001178 -22.9416364 -43.2519887 1789001165 1789001185
1789001184 -22.9415553 -43.2523541 1789001236
1789001198 -22.9415405 -43.2524729 1789001159
249090640 -22.9415227 -43.2537805 249090641 2498010474
1789001165 -22.9414743 -43.2520525 1659775067 1789001178
1789001236 -22.9414285 -43.2522327 1659775067
1789001159 -22.9414113 -43.2523502 1789001223 1789001220
1789001223 -22.9413577 -43.2523326 1789001246
1789001246 -22.941325 -43.2523304 1789001209
1659775067 -22.941317 -43.2521153 1789001165 1789001177
1789001220 -22.9413076 -43.2522268 1789001242
1789001209 -22.9412924 -43.2523339 1789001179
1789001242 -22.941257 -43.2521491 1789001190
1789001179 -22.94125 -43.2523508 1789001244
1789001190 -22.9412406 -43.2521175 1789001217 1789001161
1789001161 -22.9412392 -43.2521642 1789001190 1789001202
1789001177 -22.9412384 -43.252032 249090390 1789001190
1789001202 -22.9412308 -43.2522062 1789001161 1789001167
1789001217 -22.941221 -43.2520639 249090390
1789001245 -22.9412191 -43.2523135 1789001244 1789001167
1789001167 -22.9412184 -43.2522458 1789001245 1789001243 1789001202
1789001244 -22.9412158 -43.2523678 1789001245 1789001187
249090390 -22.9412066 -43.2519947 249090202
1789001187 -22.9412016 -43.2524606 1789001244 1789001166
1789001243 -22.9411864 -43.2522726 1789001167 1789001237
1789001237 -22.9411553 -43.2522842 1789001243 1789001226
249090641 -22.9411524 -43.2536727 249090643 249090640
1789001166 -22.9411186 -43.2528732 1789001232 1789001187
249090202 -22.9411175 -43.251698 249090390 1789001157
1789001232 -22.9410946 -43.2530074 1789001171 1789001166
1789001226 -22.9410876 -43.2523058 1789001224 1789001237
1789001171 -22.9410703 -43.2530578 1789001194 1789001232
1789001194 -22.9410356 -43.2530885 1789001221 1789001171
1789001221 -22.9409944 -43.2530968 1789001194 1789001182
1789001182 -22.9409591 -43.2530841 1789001158 1789001221
1789001158 -22.9409215 -43.2530497 1789001240 1789001182
1789001157 -22.9409187 -43.251038 1659775080 249090202
2778391172 -22.9408205 -43.2544209 2778391170 2778391174
2778391170 -22.9408175 -43.2543753 2778391172 2778391168
2778391174 -22.9407965 -43.2544502 2778391172 2778391176
2778391176 -22.9407575 -43.2544762 2778391178 2778391174
1789001240 -22.9407526 -43.2528407 1789001235 1789001158
2778391168 -22.9407396 -43.2543134 2778391170 2778391166
1659775080 -22.9407376 -43.2504368 1659775078 1789001157
2778391178 -22.9407126 -43.2544795 2778391180 2778391176
1659775078 -22.9406796 -43.2502855 1659775080 249090201
1789001224 -22.9406567 -43.2524386 1789001226 1789001183
1789001235 -22.9406259 -43.2526465 1789001240 1789001160
1789001183 -22.9406114 -43.2524701 1789001224 1789001228
1789001160 -22.9405924 -43.252593 1789001235 1789001164
1789001228 -22.9405823 -43.2525006 1789001183 1789001164
1789001164 -22.9405737 -43.2525407 1789001228 1789001160
2778391166 -22.9404906 -43.2541245 2778391168 2778391165
2778391180 -22.9404606 -43.2545023 2778391178 2778391182
249090643 -22.9404214 -43.2536408 249090641 2778391149
2778391182 -22.9403167 -43.2545414 2778391184 2778391180
2778391149 -22.9402747 -43.2536132 249090643 2778391151
2778391165 -22.9402147 -43.2539356 2778391166 2778391162
2778391151 -22.9402057 -43.2535904 2778391149 249090644
249090644 -22.940146 -43.2535465 2778391151 2778391147
2778391184 -22.9401277 -43.2545935 2778391185 2778391182
2778391162 -22.9400947 -43.2538672 2778391160 2778391165
2778391147 -22.9400587 -43.2534764 249090645 249090644
2778391160 -22.9400018 -43.2538021 2778391162 2778391158
