3191895132 -22.9799871 -43.3395572 3417214417
3191895116 -22.979944 -43.3372608 3191895115 3191895118 3417214409
1772826571 -22.9799202 -43.3383135 1772826569 3417214413 1772826573 3417214412
490956450 -22.979914 -43.3332056 490956455 490956443
3191895131 -22.9798982 -43.3394017 3417214416
3191895115 -22.9798306 -43.3371173 3417214408 1772826570 3191895116
3417214412 -22.979803 -43.3381564 3191895123 3191895122 3417214411 1772826571
3191895128 -22.9797797 -43.3392193 3417214415
2964894837 -22.9797693 -43.3399318 1772826559
1772826570 -22.9796823 -43.3369297 1772826568 3191895115 3417205175
3417214411 -22.9796817 -43.3379937 3417214410 3191895120 3191895121 3417214412
3191895127 -22.979671 -43.3390852 3417214414
2964894835 -22.9796409 -43.3397118 2989684643
3417205175 -22.9795758 -43.3367851 3417205179 3417205176 1772826570
3417214410 -22.9795711 -43.3378455 3191895118 3417214409 3417214411 3191895119
3191895124 -22.9795229 -43.3389403 3417214413
2964894833 -22.9794878 -43.339508 2989684642
1772891210 -22.9794779 -43.3326939 2892278706
1772891209 -22.9794578 -43.3326343 1772891210
3417214409 -22.9794572 -43.3376933 3417214408 3417214410 3191895117 3191895116
3417205176 -22.9794563 -43.3366228 3417205172 3417205175 3417205178
2892278706 -22.9794528 -43.3327463 1772891207
1772891207 -22.9794012 -43.3327513 1772891206
1772891208 -22.9793724 -43.3324757 1772891209
3417205172 -22.9793522 -43.3364815 3417205171 3417205176 3417205177
3417214408 -22.9793435 -43.3375411 1772826568 3191895115 3417214409 3191895114
2964889531 -22.9793347 -43.3393202 2989684497
1772826569 -22.9793337 -43.3388019 1772826571
490956443 -22.9793293 -43.3334803 490956436 490956450
3191895123 -22.9793056 -43.3385916 3417214412
3417205171 -22.9792438 -43.3363343 3417205172 3417205170 3417205165
1772891206 -22.9792414 -43.3326396 1772891201 1772891205
2964889529 -22.9792013 -43.3391056 1772826550
1772826568 -22.9792004 -43.3373496 3417205179 3417214408 1772826570 1772826563
3191895120 -22.9791969 -43.3384253 3417214411
3417205165 -22.9791168 -43.3361618 1772826564 3417205171 3417205169
3417205179 -22.979089 -43.3372018 1772826568 3417205178 3417205175 3191895113
3191895119 -22.9790883 -43.3382537 3417214410
2964889527 -22.9790877 -43.3389286 2989684640
490956436 -22.9790843 -43.3335747 490956427 490956443
1772826564 -22.9789916 -43.3359918 1772826557 3417205164 3417205165
3191895117 -22.9789895 -43.3381088 3417214409
3417205178 -22.9789765 -43.3370526 3417205179 3417205174 3417205177 3417205176
2964889526 -22.9789593 -43.3386819 2989684639
2964889524 -22.9788803 -43.338478 2989684641
3191895114 -22.9788759 -43.3379479 3417214408
3417205177 -22.9788705 -43.336912 3417205170 3417205172 3417205173 3417205178
3417205164 -22.9788544 -43.3358185 3417205161 1772826564 3417205168
490956427 -22.9788394 -43.3336434 490956421 490956436
2892278705 -22.9787719 -43.3332693 1772891205 1772891203
3417205170 -22.9787556 -43.3367596 3417205169 3417205177 3191895106 3417205171
3417205161 -22.9787507 -43.3356875 3417205160 3417205167 3417205164
2964889522 -22.978747 -43.3383278 2989684636
1772826563 -22.9787439 -43.3377473 1772826568 3191895113
1772891205 -22.9786852 -43.3331242 1772891206 2892278705
2964889520 -22.9786432 -43.3381079 2989684638
3191895113 -22.978642 -43.3375844 3417205174 3417205179 1772826563
3417205169 -22.9786349 -43.3365995 3417205170 3417205166 1772826557 3417205165
3417205160 -22.9786296 -43.3355344 3417199926 3417205159 3417205161
3417205174 -22.9785489 -43.3374356 3417205173 3191895113 3417205178
2964889518 -22.9785481 -43.3379321 2989684637
490956421 -22.978547 -43.333712 1772891202 490956427
3417199926 -22.978515 -43.3353897 3417199925 3417205160 3417199927
1772826557 -22.9785073 -43.3364301 1772826564 1772826551 3417205168 3417205169
1772891204 -22.9785026 -43.3313896 1772891208
2964889516 -22.978477 -43.3377125 2989684530
3417205173 -22.9784541 -43.337284 3417205174 3191895106 3417205177
3417199925 -22.9783994 -43.3352436 3417199926 3417199923 3417199924
2964889513 -22.9783897 -43.3375015 2989684635
3417205168 -22.9783676 -43.3362482 3417205167 1772826557 3417205163 3417205164
3191895106 -22.9783502 -43.337118 3417205166 3417205173 3417205170
2989684497 -22.978319 -43.3399147 1772826550 1772826537 2989684642 2964889531
1772891203 -22.9782879 -43.3336809 2892278705 1772891202
3417199923 -22.978273 -43.3350839 3417199922 3417199925 3417199928
3417205167 -22.9782658 -43.3361156 3417205159 3417205168 3417205161 3417205162
1772891202 -22.9782657 -43.3337931 490956416 490956421 1772891203
3417205166 -22.9782466 -43.3369523 1772826551 3191895106 3417205169
2964889512 -22.9782307 -43.337324 3191701633 3191701647
1772826550 -22.9781999 -43.339671 2989684497 2989684640 1772826536 2964889529
3417199922 -22.9781822 -43.3349692 1772826543 3191895091 3417199923
490956416 -22.9781598 -43.3338236 1772891202 1179233633
3417205159 -22.9781464 -43.3359606 3417199927 3417205167 3417205160 3417205158
3191701633 -22.9781296 -43.3373868 1772826545 2964889512 3191701631
3191701647 -22.9781144 -43.3370993 3191701646 2964889512
1772826551 -22.9781118 -43.3367881 3417205166 1772826557 3417205163
2989684640 -22.9781037 -43.3394737 1772826550 2989684512 2989684639 2964889527
3417199927 -22.9780393 -43.3358213 3417205159 3417199926 3417199924
1772826543 -22.9780336 -43.3347814 3417199922 3191895091 1772826535
3191895091 -22.9779993 -43.3351111 1772826543 3417199922 3417199928
2989684639 -22.9779919 -43.3392444 2989684640 2989684641 2989684511 2964889526
1772826545 -22.9779919 -43.3374723 3191701633 2964889511 2989684634
3417199928 -22.977979 -43.3353072 3191895091 3417199923 3417199924
3417205163 -22.9779748 -43.336595 3417205162 1772826551 3417205168
3191701631 -22.9779684 -43.3371887 3191701633
3417199924 -22.9779391 -43.335691 3417199927 2989684649 3417199925 3417199928
3191701646 -22.9779142 -43.3367883 3191701647 3191882653
3417205162 -22.9779138 -43.3364263 3417205167 2989684650 3417205163
3191701629 -22.9778992 -43.3369814 3191701623
2989684641 -22.9778965 -43.3390487 2989684513 2989684639 2989684636 2964889524
2989684650 -22.9778673 -43.3362977 3417205158 3417205162
2964889511 -22.977866 -43.3373047 2964889509 1772826545 2989684531
3417205158 -22.9778617 -43.3362117 2989684649 3417205159 2989684650
2989684649 -22.9778477 -43.3359969 3417199924 3417205158
3191701639 -22.9778337 -43.3353247 3191701611 3191701592
3191701592 -22.9778301 -43.3351818 3191701591 3191701586 3191701639
3191701586 -22.9778251 -43.3350351 3191701637 3191701585 3191701592
3191882653 -22.9778238 -43.3366305 3191701645 3191701646 3191882652
3191701637 -22.9778187 -43.3348836 3191701578 3191701586
3191701611 -22.9778082 -43.335385 3191701610 3191701639 3191701640
2989684636 -22.9778052 -43.3388616 2989684510 2964889522 2989684641 2989684638
490956395 -22.9777995 -43.3339975 1179233633 1179232836
3191701578 -22.9777885 -43.3348085 3191701577 3191701636 3191701637
3191701623 -22.9777832 -43.3368127 3191882652 3191701629
3191701640 -22.9777813 -43.3354487 3191701611 3191701613
3191701645 -22.9777757 -43.3365464 3191701644 3191882653
3191701636 -22.9777607 -43.3347393 3191701576 3191701578
3191701613 -22.9777586 -43.3355756 3191701612 3191701640 3191701641
3191701641 -22.9777457 -43.3356479 3191701613 3191701614
1179233633 -22.9777454 -43.3340313 1179233070 490956416 490956395 1772826535
3191701644 -22.9777345 -43.3364264 3191701627 3191701645
1772826536 -22.9777335 -43.3399344 2989684512 1772826537 1772826530 1772826550
3191701627 -22.9777294 -43.3364039 3304195272 3191701643 3191701644
2964889509 -22.977728 -43.3371209 2964889507 2989684633 2964889511
3191882652 -22.9777219 -43.3367112 3304195272 3191701623 3191882653
1179232836 -22.977715 -43.3339567 1179232790 490956395
3191701614 -22.9777088 -43.3358095 3191701615 3191701641 3191701642
2989684638 -22.9777065 -43.3386592 2989684516 2964889520 2989684636 2989684637
1772826535 -22.9777062 -43.3342477 1772826543 3191701635 1179233633
3191701642 -22.977684 -43.3359284 3191701614 3191701643
3191701643 -22.9776821 -43.3361947 3191701627 3191701642
1179233070 -22.9776736 -43.3341506 1179233637
2989684512 -22.977636 -43.3397329 1772826536 2989684640 2989684511 2989684496
3191701576 -22.9776347 -43.3345711 3191701635 3191701636 3191701575
2989684637 -22.9776134 -43.3384682 2989684530 2964889518 2989684638 2989684514
490956382 -22.9776115 -43.33406 490956395
3304195272 -22.9775861 -43.3364863 3191882652 3191701621 3191701627 3191701626
2964889507 -22.977579 -43.3369225 2964889509 2989684532 2964889503
1179232790 -22.9775683 -43.3337834 1179233493 1179232836
3191701621 -22.9775623 -43.3364468 3191701625 3304195272
2989684511 -22.9775298 -43.3395132 2989684513 2989684512 2964889525 2989684639
2989684530 -22.9775154 -43.3382674 2989684515 2964889516 2989684637 2989684635
3191701618 -22.9775137 -43.3360199 3191701620 3191701634 3191701615
3191701577 -22.977504 -43.3349423 3191701578 3191701580 3191701582
3191701625 -22.977503 -43.3363442 3191701621 3191701622 3191701624
3191701620 -22.9775006 -43.3361378 3191701622 3191701618
3191701615 -22.9774875 -43.3359264 3191701614 3191701616 3191701618
3191701585 -22.9774842 -43.3351857 3191701586 3191701588
3191701635 -22.9774817 -43.3343668 3191701576 1772826535 1772826526
3191701626 -22.9774725 -43.3365525 3304195272
3191701588 -22.9774655 -43.3351461 3191701594 3191701585 3191701587
3191701616 -22.9774613 -43.3359081 3191701617 3191701615
3191701580 -22.9774534 -43.3348222 3191701577 3191701581 3191701575
3191701582 -22.977453 -43.3349762 3191701577 3191701584
2964889503 -22.9774499 -43.3367506 2964889507 2964889501 1772826527
3191701594 -22.9774485 -43.3351038 3191701593 3191701584 3191701588
2989684513 -22.9774347 -43.3393166 2989684510 2989684511 2964889523 2989684641
3191701591 -22.9774346 -43.3352962 3191701587 3191701592
3191701584 -22.9774276 -43.3350196 3191701594 3191701582
3191701622 -22.977415 -43.3361923 3191701625 3191701619 3191701620
2989684635 -22.977413 -43.3380574 2989684530 2989684634 2964889513 1772826528
3191701575 -22.9773962 -43.3346865 3191701574 3191701576 3191701580
1179233637 -22.9773896 -43.3343061 1179232434
3191701624 -22.9773883 -43.3364143 3191701625
3191701598 -22.9773795 -43.3349998 3191701597 3191701581
3191701587 -22.9773762 -43.3352055 3191701601 3191701591 3191701588
3191701574 -22.9773707 -43.3346557 3191701579 3191701575
1772826534 -22.9773563 -43.3342029 490956382
3191701634 -22.9773527 -43.3361154 3191701618
2989684510 -22.9773417 -43.3391243 2989684516 2989684513 2964889521 2989684636
3191701581 -22.9773343 -43.3348805 3191701599 3191701580 3191701598
490956359 -22.9773283 -43.3342185 1772826534
3191701600 -22.9773229 -43.3353798 3191701573 3191701601
2989684634 -22.9773146 -43.3378555 2989684531 2989684508 1772826545 2989684635
2964889501 -22.9773132 -43.3365685 2964889499 2964889503 2989684524
3191701612 -22.9773115 -43.3357597 3191701613
3319182942 -22.9773037 -43.3341291 3319184408
3191701599 -22.9772888 -43.3347605 3191701581 3191701579
3191701596 -22.9772874 -43.3351086 3191701589 3191701597
3191701601 -22.9772806 -43.3352722 3191701600 3191701590 3191701587
1179233493 -22.9772752 -43.3334409 1179232905 1179232790
3191701619 -22.9772741 -43.3362821 3191701622
3191701597 -22.977269 -43.3350562 3191701596 3191701598
3191701579 -22.9772651 -43.3347054 3191701599 3191701574 3191701572
2989684516 -22.9772475 -43.3389294 2989684510 2964889519 2989684514 2989684638
3191701610 -22.9772377 -43.3356306 3191701611 3192047112
3191701590 -22.9772332 -43.3353054 3191701593 3191701601
2989684531 -22.9772253 -43.3376724 2989684633 2989684507 2989684634 2964889511
1179232905 -22.9772211 -43.3333237 1179233493 1179233123
3191701617 -22.9772142 -43.3360402 3191701616
3191701573 -22.977192 -43.3354815 3191701600 3191701605 3191701609
3191701593 -22.9771883 -43.3352219 3191701589 3191701594 3191701590 3191882643
2964889499 -22.9771803 -43.3363916 2964889497 2964889501 2989684523
3191701609 -22.977168 -43.335435 3191701573 3191882651 3191701608
3319184407 -22.9771655 -43.3339356 3319184406
3191701589 -22.9771568 -43.3351644 3191701593 3191701596 3192047111
2989684514 -22.9771523 -43.3387327 2989684515 2989684516 2964889517 2989684637
2989684633 -22.9771211 -43.3374589 2989684531 2989684532 2964889509 2989684509
3191882651 -22.9771163 -43.3353348 3191701609 3191882643 3191882650
3191701604 -22.97711 -43.335985 3191701607
3192047111 -22.9770966 -43.3350523 3191701589
3319184408 -22.9770897 -43.3342438 3319184390 3319184406 3319182942
3191882643 -22.9770874 -43.3352787 3191701593 3191882651 3191882649
2989684515 -22.9770556 -43.3385327 2964889515 2989684530 1772826528 2989684514
2964889497 -22.9770521 -43.336221 2964889499 2964889495 2989684526
3191882649 -22.9770365 -43.33518 3191882648 3191882643 3191882647
2989684532 -22.97702 -43.3372515 2989684633 2964889507 1772826527 2989684503
3192047112 -22.9770195 -43.3356909 3191701610 3191701605
3191882647 -22.9769969 -43.3351032 3191882645 3191882646 3191882649
1179233123 -22.976994 -43.3330448 1179233345 1179232905
3319184406 -22.9769902 -43.3340629 3319184408 3319184407
3191701605 -22.9769787 -43.3356051 3191701573 3191701608 3192047112
3191701608 -22.976954 -43.3355663 3191701605 3192047113 3191701609
1772826528 -22.9769525 -43.3383195 2989684508 2989684515 2989684635 2964889514
3192047113 -22.9769332 -43.335538 3191701607 3191701608
3191882645 -22.976932 -43.3349774 3191882644 3191882647 3191701572
1772826527 -22.9769231 -43.3370528 2989684532 2989684524 2989684506 2964889503
2964889495 -22.976918 -43.3360423 2964889493 2964889497 2989684525
3191882650 -22.976892 -43.3354545 3191882651
3319184401 -22.97689 -43.3335474 3319184400
3319184390 -22.9768865 -43.3343526 3319184408 1772826523 3319184391
3191701572 -22.9768841 -43.3348845 3191701602 3191882645 3191701579 3191882654
2989684508 -22.9768541 -43.3381161 2989684507 1772826516 1772826528 2989684634
3191701607 -22.9768515 -43.3356037 3192047113 3191701604 3191701603
1772826526 -22.9768362 -43.334709 3191701635 3191882654
3191882644 -22.9768265 -43.3350522 3191882645
2989684524 -22.9768201 -43.3368418 1772826527 2989684523 2989684504 2964889501
3191882654 -22.9768086 -43.3347238 1772826517 1772826526 3191701572
2964889525 -22.9768014 -43.3399367 2964889523 2989684496 2989684511
2964889493 -22.9767957 -43.3358795 2964889492 2964889495 2989684522
3191701603 -22.9767924 -43.3355415 3191882648 3191701607
2989684507 -22.9767668 -43.3379355 2989684508 2964889510 2989684531 2989684509
3319184400 -22.976749 -43.3337231 3319184401
2989684523 -22.976724 -43.3366444 2989684505 2964889499 2989684524 2989684526
3191882648 -22.9767138 -43.3353837 3191882646 3191701603 3191882649
2964889523 -22.9767062 -43.3397392 2964889521 2989684513 2964889525
3191882646 -22.9766686 -43.3352929 3191701602 3191882648 3191882647
2989684509 -22.9766604 -43.3377155 2989684507 2964889508 2989684633 2989684503
2964889492 -22.9766548 -43.3356919 2964889490 2964889493 2989684529
1179233345 -22.9766334 -43.3326049 3319184419 1179233123
2989684526 -22.9766295 -43.3364506 2989684523 2989684525 1772826519 2964889497
2964889521 -22.9766098 -43.3395392 2964889519 2989684510 2964889523
3191701602 -22.9765681 -43.3350913 3191701571 3191882646 3191701572
3319184413 -22.9765672 -43.3331878 3319184412
2989684503 -22.9765652 -43.3375187 2989684532 2989684506 2989684509 2964889506
2989684525 -22.9765342 -43.3362553 2989684520 2989684526 2989684522 2964889495
2964889490 -22.9765285 -43.3355237 2964889492 2964889489 2989684527
2964889519 -22.9765218 -43.3393565 2964889521 2989684516 2964889517
1772826523 -22.9765201 -43.3336963 3319184390
3319184391 -22.9765158 -43.3345512 3319184390 3319184392 1772826520
2989684506 -22.9764666 -43.3373147 2964889502 2989684504 2989684503 1772826527
2989684522 -22.9764421 -43.3360665 2989684525 2989684529 2989684521 2964889493
2964889517 -22.9764228 -43.3391511 2964889515 2964889519 2989684514
3191701571 -22.9764132 -43.3351926 3191701602
3319184419 -22.9764012 -43.332236 3319184422 1179233345 1772826514
3319184417 -22.9763811 -43.332933 3319184418
2964889489 -22.9763762 -43.335321 1772826517 2964889490 2989684528
2989684504 -22.9763609 -43.3370963 2989684505 2989684506 2964889500 2989684524
2989684529 -22.9763435 -43.3358642 2964889492 2989684522 2989684527 2989684517
3319184392 -22.9763434 -43.3346435 3319182941 3319184391 3319184393
2964889515 -22.9763273 -43.338953 2989684515 2964889514 2964889517
3319184415 -22.9762661 -43.3327549 3319184416
2989684505 -22.9762653 -43.3368986 1772826519 2989684504 2964889498 2989684523
3319184422 -22.9762507 -43.3319968 3319184419 1179233449 3319184421
2989684527 -22.9762478 -43.335668 2989684528 2964889490 2989684529 2989684519
3319184418 -22.9762342 -43.3330507 3319184417
2964889514 -22.9762223 -43.3387351 1772826516 2964889515 1772826528
1772826520 -22.976189 -43.3339345 3319184391
1772826517 -22.976181 -43.335061 2964889489 3191882654 1772826511
1772826519 -22.9761695 -43.3367005 2989684520 2989684505 2964889496 2989684526
1772826518 -22.9761465 -43.3383363 2964889510 1772826515
2989684528 -22.9761408 -43.3354486 2989684527 1772826511 2989684518 2964889489
2964889510 -22.9761308 -43.3383004 2964889508 1772826518 2989684507
1772826516 -22.9761233 -43.3385296 1772826515 2989684508 2964889514
3319184416 -22.9761006 -43.3328666 3319184415
1179233449 -22.9761 -43.3317573 3319184422 1179233598
1772826515 -22.9760931 -43.3383988 1772826518 1772826516 2964889505
3319184420 -22.9760908 -43.3324242 1772826514 3319184421
1772826514 -22.9760843 -43.3324844 3319184419 3319184420 1772826510
2989684520 -22.976077 -43.3365092 2964889494 2989684521 1772826519 2989684525
3319184412 -22.976068 -43.3336417 3319184413 3319184411
2964889508 -22.9760287 -43.3380674 2964889510 2964889506 2989684509
1179232434 -22.976024 -43.3350303 2989684648
1772826511 -22.9760075 -43.3351753 2989684528 1772826517 1772826499
3319184421 -22.9759996 -43.3322012 3319184420 3319184422
3319184394 -22.9759974 -43.3338503 3319184393
2989684521 -22.9759809 -43.3363105 2989684520 2989684517 2964889488 2989684522
1772826510 -22.975967 -43.3326507 1772826509 1772826514
3319184393 -22.9759525 -43.3339251 3319184395 3319184392 3319184394
2964889506 -22.9759473 -43.3378819 2964889502 2964889508 2989684503
3319184411 -22.9759149 -43.3334116 3319184410 3319184414 3319184412
2989684517 -22.9758872 -43.3361168 2964889491 2989684519 2989684521 2989684529
2964889502 -22.9758531 -43.3376667 1772826494 2964889506 2989684506 2964889505
1772826494 -22.9758106 -43.3375699 2964889502 2964889500
1772826509 -22.9758008 -43.3328135 3319184434 1772826510
2989684519 -22.9757852 -43.3359058 2989684518 2989684517 1772826489 2989684527
3319184395 -22.9757677 -43.3340139 3319184393 3319184396
2964889500 -22.9757429 -43.3374389 2964894848 2964889498 1772826494 2989684504
1179233598 -22.975742 -43.3314456 1772826495 1179233449
3319184434 -22.9757393 -43.3328854 1772826509 3319184414 3319184433
3319182941 -22.9757308 -43.3349718 3319182957 3319184392
2964889505 -22.9757294 -43.3377936 1772826515 2964889502 2964889504
1772826507 -22.975729 -43.333687 3319184410
1772826506 -22.9757279 -43.3350558 490956359
3319184396 -22.9757247 -43.3339905 3319184397 3319184395
2989684518 -22.9757069 -43.3356925 2989684528 1772826499 2989684519 1772826488
3319184410 -22.9756827 -43.3335946 3319184438 1772826507 3319184411
3319184414 -22.9756815 -43.3329527 3319184434 3319184431 3319184411
3319184403 -22.9756738 -43.334438 3319184402 3319184404
3319184405 -22.9756738 -43.3343177 3319184404
2964889504 -22.9756513 -43.3376636 2964889505
3319184438 -22.9756505 -43.3335302 1772826502 3319184410 3319184437
2964889498 -22.9756421 -43.3372439 2989684505 2964894847 2964889496 2964889500
3319184404 -22.9756314 -43.3343531 3319184403 3319184405
3319184433 -22.9756253 -43.3326553 3319184432 3319184434
1772826502 -22.9756215 -43.3334722 3319184436 3319184438
3319184436 -22.9756123 -43.3334454 1772826497 1772826502 3319184435
3319184432 -22.9756038 -43.3325105 3319184423 3319184433
3319184431 -22.9755987 -43.3330462 3319184414 3319184430 1772826501
1772826501 -22.9755787 -43.3330689 3319184431 3319184429
1772826499 -22.9755553 -43.3353823 1772826487 2989684648 2989684518 1772826511
3319184429 -22.9755496 -43.3332309 1772826497 3319184428 1772826501
1772826497 -22.9755458 -43.333252 3319184436 3319184429
2964889496 -22.9755385 -43.3370434 2964889494 2964894846 2964889498 1772826519
3319184402 -22.9755318 -43.334526 3319184403
3319184423 -22.9755179 -43.3323502 3319184432
2989684648 -22.9755079 -43.3352841 1179232677 1772826499
3319182957 -22.97545 -43.3351243 3319184398 3319182956 3319182941
3319184363 -22.9754492 -43.3342996 3319184362
3319184428 -22.9754447 -43.3332437 3319184427 3319184429
2964889494 -22.975444 -43.3368606 2989684520 2964894845 2964889487 2964889496
1772826495 -22.9754436 -43.3310434 1179232420 1179233598
2964894848 -22.975426 -43.3376256 2964889500
3319184397 -22.9754236 -43.3342371 3319184396
3319184435 -22.9753696 -43.3335 3319184436 3319184386
2964889487 -22.9753653 -43.3367083 2964889494 2964889488
3319184389 -22.9753619 -43.332333 3319184388
2964889488 -22.9753409 -43.3366489 2964889491 2964889487 2989684521
3319182956 -22.9753333 -43.3349236 3319184362 3319182957
3319184427 -22.9753329 -43.3331456 3319184426 3319184428
3319182959 -22.9753239 -43.3340366 3319182958
2964894847 -22.9753185 -43.3374529 2964889498
3319184388 -22.9752646 -43.3326689 3319184430 3319184389
2964889491 -22.9752484 -43.3364703 1772826489 2964889488 2989684517
3319184430 -22.9752453 -43.3326947 3319184387 3319184388 3319184431
3319184398 -22.975217 -43.3352508 3319184399 3319182940 3319182957
3319182940 -22.9751975 -43.3352614 3319182944 3319184398
2964894846 -22.9751852 -43.337238 2964889496
3319184437 -22.9751681 -43.3338161 3319184438
3319184387 -22.9751528 -43.3328184 3319184426 3319184430
1772826489 -22.9751411 -43.3362368 2964889491 1772826488 2989684519
3319184426 -22.9751405 -43.3328635 3319184387 3319184427 3319184386
3319182960 -22.9751185 -43.3343256 3319184361 3319182958
2964894845 -22.9750993 -43.3370372 2964889494
3319184386 -22.975084 -43.3330705 1772826485 3319184426 3319184435
3319184362 -22.975068 -43.3345454 3319182956 3319182955 3319184363
1772826488 -22.975064 -43.3360324 1772826487 1772826489 2989684518
3319184399 -22.9750582 -43.3349619 3319184398
3319182958 -22.9750526 -43.3342203 3319184364 3319182959 3319182960
3319182955 -22.9750089 -43.334461 3319184361 3319182954 3319184362
3319184361 -22.9749766 -43.334426 3319182960 3319182955
1772826487 -22.9749577 -43.3356881 1772826488 1772826499
3319182944 -22.9749527 -43.3353864 3319182945 3319182939 3319182940
3319182954 -22.9749444 -43.3345241 3319182953 3319182955
3319184364 -22.9749207 -43.3340466 3319182958 3319184365
3319184382 -22.9749035 -43.3338131 3319184383 3319184381
3319182953 -22.9748992 -43.3344587 3319182951 3319182954
3319184385 -22.9748734 -43.3339765 3319184381
1772826485 -22.9748672 -43.3334002 3319184386
3319184384 -22.9748429 -43.3333711 3319184383
3319184381 -22.9748089 -43.3338644 3319184385 3319184380 3319184382
1179232677 -22.974806 -43.3355975 3191900919
3319182951 -22.9748046 -43.3345264 3319182950 3319182952 3319182953
490956322 -22.9747856 -43.3355488 1772826506
3319184365 -22.9747143 -43.3342194 3319184364 3319184379
3319184383 -22.9747014 -43.3335235 3319184384 3319184382
3191900920 -22.9746859 -43.3360477 3191900919 3191900921
3319182936 -22.9746376 -43.3356178 490956322 3319182939
1772826482 -22.9746281 -43.3318462 3319184439
3319182939 -22.9745988 -43.3355671 3319182936 3319182938 3319182944 3319182943
3319184380 -22.9745982 -43.3336263 3319184379 3319184381
3319182945 -22.9745847 -43.3347122 3319182944 3319182952
3319182952 -22.9745682 -43.3346945 3319182945 3319182946 3319182951
3191900919 -22.9745621 -43.3357331 3319098551 3191900920
3319182950 -22.9744911 -43.3341675 3319182949 3319182951
1772826481 -22.9744893 -43.3329464 3319184441
3319184439 -22.974456 -43.3322681 3319184440 1772826482
3319184441 -22.9744558 -43.3327307 3319184440 1772826481
1179232420 -22.9744422 -43.3301185 1179232216 1772826495
3319098552 -22.9744334 -43.3361001 3319098551
3319182943 -22.9743976 -43.3351936 3319182937 3319182939
3319184378 -22.9743623 -43.3328263 3319184375
3319184379 -22.9743617 -43.3337978 3319184365 3319184366 3319184380
3319184440 -22.974357 -43.33261 3319184441 3319184377 3319184439
3319098551 -22.9743364 -43.3358524 3319098552 3191900923
3319184375 -22.9743148 -43.3328817 3319184378 3319184374 3319184376 3319184377
3319184377 -22.9743059 -43.3327725 3319184440 3319184375 3319184376
3319100212 -22.974286 -43.3357816 3319182936 3319182938
3319184374 -22.9742757 -43.3330285 3319184373 3319184375
3319184376 -22.9742671 -43.3328464 3319184375 3319184377
3319182938 -22.9742572 -43.3357326 3319100212 3319100211 3319182939
3319184366 -22.9742456 -43.333659 3319184379 3319182949 3319184372
3319182946 -22.9741954 -43.334265 3319182952 3319182947
3319182949 -22.9741596 -43.3337664 3319182950 3319182948 3319184366
2516235781 -22.9740989 -43.3347845 3319182937
2516235782 -22.9740905 -43.3345029 2516235781
3319184373 -22.974065 -43.3330238 3319184372 3319184374
3319182937 -22.974059 -43.3348629 2516235780 3319182943
3319182947 -22.9740066 -43.3343313 2516235782 3319182946
2516235780 -22.973965 -43.3350479 3319100211
3319184372 -22.973937 -43.3333737 3319184371 3319184373 3319184366
3319100211 -22.9738899 -43.3351075 2516235779 3319182938
3319182948 -22.9738489 -43.3340085 3319182947 3319182949
3191900921 -22.9738166 -43.3365466 3191900920 3191900922
3191900932 -22.9738057 -43.3362654 3191900929
3191900922 -22.9737504 -43.3365662 3191900921 3191900927 3191900929
2516235779 -22.9737476 -43.3352205 3319098555
3319184447 -22.9737178 -43.3321928 3319184446
3319184371 -22.9736695 -43.3331266 3319184372 3319184367 3319184370
3191900929 -22.9736569 -43.3363535 3191900922 3191900932 3191900923 3191900930
3319184369 -22.9736351 -43.3327857 3319184367
3191900923 -22.973607 -43.3362381 3191900928 3191900929
2516235783 -22.9735784 -43.3333025 3319182948
3319184370 -22.9735408 -43.333257 3319184371 2516235783
3319184445 -22.9735065 -43.332481 3319184451 3319184446
3319184446 -22.9734924 -43.3324132 3319184445 3319184447
3319184451 -22.9734859 -43.3325048 3319184449 3319184445 3319184450
3319184367 -22.9734846 -43.3329491 3319184371 3319184368 3319184369
3319184452 -22.9734697 -43.3323608 3319184450 3319184453
3319184453 -22.9734413 -43.3323177 3319184452
3319184450 -22.9734186 -43.3323916 3319184452 3319184451 3319184454
3191900927 -22.973383 -43.3367333 3191900922 3191900926 3191900930
3319184368 -22.9733717 -43.3330519 3319184370 3319184367
3319184449 -22.973332 -43.3326826 3319184444 3319184451
3191900930 -22.9732983 -43.3365634 3191900927 3191900928 3191900929
3191900928 -22.9732461 -43.3364289 3191900933 3191900930
3319184454 -22.9732118 -43.3325891 3319184455 3319184448 3319184450
3319184444 -22.9731963 -43.3328394 3319184449 3319184368
3319184443 -22.9731092 -43.3327339 3319184444
3204715680 -22.9731083 -43.3340979 3204715679
3319184448 -22.9730818 -43.3327132 3319184443 3319184454
3319184455 -22.9730725 -43.3323608 3319184454 3319184456
3204715677 -22.9730147 -43.3340775 3204715678 3204715676
3204715678 -22.9729922 -43.3341873 3204715679 3204715677
3191900926 -22.9729822 -43.336935 3191900927
3204715676 -22.9729773 -43.3340288 3204715675 3204715677
3204715679 -22.9729735 -43.3342564 3204715678 3204715680
3319100161 -22.9728876 -43.334977 3319098560
3204715675 -22.9728874 -43.3340206 3204715674 3204715676
3319184456 -22.9728499 -43.3325386 3319184455 3319184448
3319098550 -22.9728486 -43.3371792 3319098549
3191900933 -22.9728207 -43.3366057 3319098549
3319098560 -22.9727628 -43.3349307 3319100161 3319100178
3204715674 -22.9727302 -43.3340775 1772826468 3204715675
1772827065 -22.9727256 -43.3301592 2305693833 1179232662 1772827062
3319098549 -22.9727048 -43.3366561 1179232495 3319098550
3319098555 -22.9726111 -43.3357215 3319100176 3319098557
1772826468 -22.972583 -43.3341426 3204715674
1179232495 -22.9725627 -43.3367178 1179233221
3319100178 -22.9725209 -43.334879 3319098559 3319098560
1179232662 -22.9724749 -43.3306093 1772827065 1772826467
3319098559 -22.9724468 -43.3348631 3319098558 3319100178 3319100162
3319098558 -22.9724295 -43.3349758 3319098554 3319098559
3319098557 -22.9724264 -43.3352927 3319098554 3319098555 3319100177
490954030 -22.9724114 -43.336655 3319100212
1772826467 -22.9723897 -43.3308205 1179232305 1179232662
3319100176 -22.9723552 -43.3358342 3319100174 3319100177
2516235784 -22.972334 -43.3321499 3319184456
3319098554 -22.972317 -43.3350388 3319098558 3319100163 3319098557
1179233221 -22.9722919 -43.3368112 490952445
3319100162 -22.9722408 -43.3348383 3319098559
3319100177 -22.9722085 -43.3353951 3319100175 3319098557 3319100176
3319100174 -22.9722 -43.3359026 1179233402 3319100175
490952445 -22.9721285 -43.3368065 3191900924 490954030
3319100175 -22.9720989 -43.3354465 3319098556 3319100177 3319100174
3319100171 -22.9720536 -43.3350078 3319100169
1179232593 -22.9720513 -43.3364493 490952445
2516232748 -22.9720498 -43.3319555 2516232749 2516235784 2516232747
3319100169 -22.9720281 -43.3348475 3319100171 3319100168 1179232976
1179232305 -22.9720007 -43.3316017 2516232749 1772826467
2516232749 -22.9719969 -43.3316154 1179232567 1179232305 2516232748
1179233402 -22.9719676 -43.3360051 1179232593 3319100190 3319098556
1179232567 -22.9719644 -43.3317334 2516232749
1179232355 -22.9719168 -43.3342142 1179232424
3191900924 -22.9719134 -43.3368536 490952443 490952445
1179232865 -22.9719069 -43.3318431 1179232567
1179233156 -22.971897 -43.3343269 1179232355
3319100163 -22.9718811 -43.3352585 3319098553 3319098554 3319100164
3319100167 -22.9718806 -43.3349677 3319100164 3319100168
3319098556 -22.971869 -43.3355545 1179233402 3319100175 3319100186
1179233515 -22.9718674 -43.332798 3204717762
3204717762 -22.971866 -43.3327574 3204715740
3204715740 -22.9718651 -43.332729 1179232261
3319100168 -22.9718579 -43.3349215 3319100170 3319100167 3319100169
1179232424 -22.9718575 -43.334064 1179232423
1179232261 -22.9718575 -43.332503 3204715735
3319100186 -22.9718512 -43.3354629 3319098556 3319098553 3319100189
3319100164 -22.9718494 -43.33498 3319100165 3319100163 3319100167
1179232794 -22.97184 -43.3344567 1179233156
3204715735 -22.9718341 -43.3323687 1179232362
1179232614 -22.9718328 -43.3330072 1179233515
1179232630 -22.9718279 -43.3320309 1179232865
2516232747 -22.9718212 -43.3320744 1179232630 2516232748
3319098553 -22.9718153 -43.3352789 3319100166 3319100186 3319100163
3204715739 -22.9718098 -43.3330916 1179232614
3204715691 -22.9718052 -43.3321787 2516232747
1179232362 -22.9718032 -43.3321918 3204715691
3319100170 -22.9718011 -43.3347551 3319100168
1179233510 -22.9717933 -43.333152 3204715739
3204715744 -22.9717865 -43.3332143 1179233510
1772826466 -22.9717833 -43.3332435 3204715744
1179232976 -22.971782 -43.334477 1179232794 3319100169
3319100166 -22.9717756 -43.3352666 3319100165 3319098553 3319100173
1179232423 -22.9717735 -43.3336939 1179233247
1179233247 -22.9717686 -43.3333774 1772826466
1179233473 -22.9717569 -43.3344808 1179232976
3319100165 -22.9717217 -43.3350201 3319100164 3319100166 3319100172
1772827052 -22.9717188 -43.3305928 1772827062
490952443 -22.9717114 -43.3368572 3319100209 3191900924
3319100190 -22.9716776 -43.336033 3319100189 3319100187
3319100189 -22.9715889 -43.3354696 3319100188 3319100190 3319100186
3319100209 -22.9715295 -43.3368469 490952443 3319100210 490952438
3319100210 -22.9715169 -43.3372256 3319100209
3319100188 -22.9715146 -43.3354715 3319100185 3319100189 3319100187
3319100187 -22.9714852 -43.3360294 3319100188 2516234898
1179233466 -22.971413 -43.3346755 1179233473
490952438 -22.9713366 -43.3368359 3319100209 490952434
3319100172 -22.9713034 -43.3351206 3319100165 3319100173
3319100185 -22.9712861 -43.3354773 3319100188 3319100173 2516234898
3319100173 -22.9712762 -43.3352681 3319100185 3319100166 3319100172
2516234898 -22.9712269 -43.3360245 3319100185 3319100191
3204715881 -22.9712189 -43.3347641 1179233466
1772827041 -22.9711316 -43.3301538 1772827054 1772827040
1772827040 -22.9710919 -43.3300101 1772827037 1772827041
3319100192 -22.9710114 -43.3352704 3319100191
490952434 -22.9709847 -43.3368041 490952429 490952438
1179233645 -22.9709783 -43.334874 3204715881
3319100191 -22.9708903 -43.3359423 2516234896 3319100192
1179232973 -22.9708203 -43.3349277 1179233645
3319100194 -22.9707299 -43.3352489 3319100193
1179232714 -22.9707018 -43.3349062 1179232973
2516234896 -22.9706201 -43.3358753 3319100193
490952429 -22.9706132 -43.336705 490952426 490952434
1179233152 -22.9705931 -43.3348794 1179232714
3319100193 -22.9705667 -43.335854 3319100197 3319100194
3319100198 -22.9705323 -43.3351685 3319100197
3204715886 -22.97044 -43.3347511 1179233152
1179233179 -22.9704202 -43.3347345 3204715886
1179233569 -22.9703412 -43.3346541 1179233179
3319100197 -22.9703268 -43.3357581 3319100195 3319100198
3319100196 -22.970315 -43.3350773 3319100195
3206712351 -22.9702661 -43.334648 1179233569
1179232353 -22.9701436 -43.334638 3206712351
3319100195 -22.9701327 -43.3356805 3319100199 3319100196
490952426 -22.970131 -43.3365386 490952422 490952429
3319100200 -22.9701026 -43.335029 3319100199
3204715895 -22.9700318 -43.3345951 1179232353
1179232717 -22.9699757 -43.3345736 3204715895
3206712349 -22.9699304 -43.3345401 1179232717
3319100199 -22.9699185 -43.3355949 3319100201 3319100200
3319100206 -22.9699004 -43.3349385 3319100205
1179233177 -22.9698671 -43.3344932 3206712349
3319100205 -22.9697831 -43.3352995 3319100202 3319100206
1179232715 -22.9697337 -43.3342625 1179233177
1179232324 -22.9696628 -43.3340723 1179232715
3319100204 -22.969656 -43.3348607 3319100203
3319100202 -22.9696527 -43.3352571 3319100201 3319100205 3319100203
3206712355 -22.9696463 -43.3340524 1179232324
1179232730 -22.9696117 -43.3340107 3206712355
3319100203 -22.9695941 -43.3352323 3319100204 3319100202
3319100201 -22.9695911 -43.335464 3319100208 3319100202
1179233182 -22.9695734 -43.3339906 1179232730
3204715900 -22.9695057 -43.3339952 1179233182
3319100208 -22.9694908 -43.335371 1179232920 1179232476
490952422 -22.9694831 -43.336244 490952426 1179233359
1179232838 -22.9694812 -43.3339968 3204715900
1179232242 -22.9694423 -43.3342947 1179233224
1179232884 -22.9694225 -43.3347077 1179232242
1179233224 -22.9694146 -43.3340892 1179232838
1179232907 -22.9693183 -43.3350787 1179232884
1179232920 -22.9692897 -43.3351847 1179232907 1179232476
1179232476 -22.969121 -43.3355242 1179233256 1179232920 3319100207 3319100208
1179233256 -22.9689681 -43.3356358 1179232476 1179232477
3319100207 -22.9689177 -43.3357626 1179232476 1179233359
1179233359 -22.9689064 -43.3360354 490953981 490952422 3319100207
1179232477 -22.9687769 -43.3357742 1179233256 1179233513
490952416 -22.9687029 -43.3359839 1179233359
490953981 -22.9685515 -43.3360687 490953978
490952398 -22.9683819 -43.3359051 490952416
490953978 -22.9683512 -43.3360504 490953974
1179233513 -22.968309 -43.3358189 1179232822 1179232477
490952393 -22.9677588 -43.3357597 490952398
490953974 -22.9676343 -43.3360491 490953969
1772826448 -22.9676153 -43.3315258 1772826447 1772826445
1772826447 -22.9675742 -43.332053 1772826448 1772826446
1772826446 -22.9674837 -43.3323702 1772826447 1772826444
1179232822 -22.9674331 -43.3355872 1179232317 1179233513
1772826445 -22.9674206 -43.3314336 1772826440 1772826448
490952388 -22.9674014 -43.3356816 490952393
1772826444 -22.9673909 -43.3325329 1772826434 1772826446 1772826443
1772826443 -22.9673233 -43.3326517 1772826442 1772826444
1179232317 -22.967274 -43.3355338 1179232822 1179232820
1772851510 -22.9672604 -43.3382321 1772851509
490953969 -22.9672308 -43.3360295 490953961
1772826442 -22.9671588 -43.3329169 1772826441 1772826436 1772826443
1179232820 -22.9671209 -43.335389 1179233131 1179232317
1772826441 -22.96706 -43.3330761 1772826442 1772826439
1179233131 -22.9670024 -43.3351208 1179233044 1179232820
1772851509 -22.96696 -43.3383389 1772851510 1772851508
1772826440 -22.9669505 -43.3311929 1772826431 1772826445
1772826439 -22.9668941 -43.333402 1772826441 1772826438
1179233044 -22.9668443 -43.3348848 1179233131 1179233488
1772826438 -22.9667844 -43.3337528 1772826439 1772826437 1772826430
1772826437 -22.9667312 -43.3339232 1772826438 1772826435
1772851508 -22.966675 -43.3382567 1772851507 1772851509
1772826436 -22.966605 -43.3328044 1772826442 1772826424
1772826435 -22.9665915 -43.334454 1772826437 1772826433
1179233488 -22.9665578 -43.3348472 1772826432 1179233044
1772826434 -22.9664859 -43.3319662 1772826425 1772826444
1772826433 -22.9664839 -43.3346467 1772826432 1772826428 1772826435
1772826432 -22.9664445 -43.3348339 1772826433 1179233576 1179233488
1772826431 -22.9664084 -43.3308405 1772826440 1772826429
1772826430 -22.9664016 -43.3336916 1772826427 1772826438
1772826429 -22.9662716 -43.3306951 1772826426 1772826431
1772851507 -22.9662503 -43.3382188 1179233291 1772851508
1772826428 -22.9662135 -43.3346767 1772826433 1772826423
1772826427 -22.9661013 -43.3336604 1772826422 1772826430
1772826426 -22.9660605 -43.3303599 1772826418 1772826429
1179233576 -22.966054 -43.3347882 1179233480 1772826432
1772826425 -22.9659923 -43.3316579 1772826420 1772826434
1772826424 -22.965965 -43.3327981 1772826413 1772826436
1772826423 -22.9659546 -43.3346799 1772826428 1772826421
1179233480 -22.9658466 -43.3348365 1179233481 1772826421 1179233576
490953961 -22.96584 -43.3357462 490953957
1772826422 -22.965838 -43.333705 1772826419 1772826427
1772826421 -22.9658176 -43.3347353 1772826417 1179233480 1772826423 1772826416
1772826420 -22.9657948 -43.3315283 1772826425 1772826404
1772851499 -22.9657884 -43.3399998 1772851486 1179232541 1772851501
1179233291 -22.9657676 -43.3381088 1772851507 1179232750 1179232700
1179232700 -22.9657577 -43.3382429 1179233291 1179233502
1179232750 -22.9657379 -43.3379049 1772851495 1179233291
1772826419 -22.9656981 -43.3337408 1772826417 1772826422
1179233502 -22.9656638 -43.3384628 1179233600 1179232700 1772851467
1179232541 -22.965654 -43.3396323 1179232546 1772851499
1772851495 -22.9656425 -43.3377167 1179233284 1179232750 1772851469
1179233481 -22.9655996 -43.3350135 1179232415 1179233480
1179232546 -22.9655848 -43.3393104 1772851494 1179232541
1179233600 -22.9655601 -43.3389242 1179232510 1179233502
1772851494 -22.9655556 -43.3391359 1179232510 1179232546 1772851475
1772826417 -22.9655492 -43.3337977 1772826415 1772826419 1772826421 1772826410
1179232510 -22.9655453 -43.3390744 1179233600 1772851494
1772826416 -22.9655118 -43.3349206 1772826421 1772826407
1772826415 -22.965476 -43.3338257 1772826417 1772826409
1772826413 -22.9654298 -43.3328739 1772826424 1772826410
1179232415 -22.9653378 -43.335153 1179233481 490952383
1772826410 -22.9653366 -43.3329163 1772826413 1772826406 1772826417 1772826408
490953957 -22.9653105 -43.3356175 490953954
1179232502 -22.9652846 -43.335279 490952388
1772826409 -22.9652715 -43.3339603 1772826415 1772826403
1772851486 -22.9652408 -43.3397728 1772851480 1772851479 1772851499
1179233284 -22.9651788 -43.3368015 1772851484 1772851495
1772826408 -22.9651427 -43.332272 1772826405 1772826410
490952383 -22.9651381 -43.3352375 1179232415 1179232502
1772826407 -22.9651127 -43.3350636 1772826416 1772826400
1772851484 -22.9651006 -43.3366732 1179233284 1772851476 1179233289
1772826406 -22.9650691 -43.3330382 1772826410 1772826401
1772826405 -22.9650414 -43.3320756 1772826402 1772826408
490953954 -22.9650294 -43.3355862 1179233585
1772826404 -22.9649841 -43.3303603 1772826420 1772826396
1772826403 -22.9649588 -43.3340899 1772826393 1772826409
1179233585 -22.9649376 -43.3355935 1179232413 1179233102
1179232320 -22.9649375 -43.3353319 490952383 1179233307
1179232413 -22.9649032 -43.3355499 1179232940
1772826402 -22.9648974 -43.3318701 1772826398 1772826405
1179232459 -22.9648933 -43.335389 1179232320
1179233289 -22.9648736 -43.336301 1179232316 1772851484
1179232940 -22.9648736 -43.3354641 1179232459
1179233307 -22.9648207 -43.3353893 1179232901 1179232320
1772826401 -22.9648015 -43.3331772 1772826406 1772826391
1772826400 -22.9647878 -43.3350547 1772826379 1772826407
1772826399 -22.9647707 -43.3316553 1772826395 1772826398
1772826398 -22.9647599 -43.3317883 1772826399 1772826397 1772826402
1772826397 -22.9647533 -43.3318701 1772826388 1772826398
1179232316 -22.9647451 -43.3361293 1179233088 1179233289
1179233102 -22.9647237 -43.3356106 1179232519 1179233241
1179232901 -22.9647155 -43.3354373 1179233307 1179232646
1772826395 -22.9646951 -43.3310551 1772826389 1772826399
490952379 -22.9646783 -43.3351712 490952383
1772826393 -22.9646626 -43.334081 1772826378 1772826403
1772826391 -22.9646462 -43.3331919 1772826401 1772826382
1772851479 -22.9646358 -43.339522 1772851468 1772851486 1772851471
1772826389 -22.9645787 -43.3302021 1772826387 1772826395
1179232646 -22.9645574 -43.3355875 1179232901 1179232519
1179233241 -22.9645572 -43.3357058 1179233457 1179233102
1179233088 -22.9645546 -43.3359713 1179232916 1179232316 1179233240
1772826388 -22.9645438 -43.3321102 1772826397 1772826373
1179233240 -22.9645219 -43.3358892 1179233088 1179233457
1179232519 -22.964512 -43.3356162 1179232646 1179232483 490953947
1179233457 -22.9645115 -43.3358058 1179233240 1179233241
1179232916 -22.9644831 -43.3358833 1179232835 1179233088 1772851476
1179232483 -22.9644636 -43.3357216 1179232519 1179232835
1772826384 -22.9644573 -43.3306057 1772826377
1179232835 -22.9644404 -43.3357967 1179232916 1179232483 1179233503
490953947 -22.9644036 -43.3356317 1179233503
1772826382 -22.9643582 -43.3330891 1772826391 1772826372
1772826381 -22.9643537 -43.3351248 1772826379 490952379
1772826379 -22.9643176 -43.3350236 1772826375 1772826381 1772826400
1772851476 -22.9643156 -43.3363384 1179232916 1772851474 1772851484
1772851475 -22.9643049 -43.3386178 1772851468 1772851465 1772851494
1772851474 -22.9642993 -43.3363827 1772851476 1772851469 1772851457
1179233503 -22.9642866 -43.3356288 1179232835 490953944
1772826378 -22.9642759 -43.3340184 1772826371 1772826393
490953944 -22.9642515 -43.3356261 490953942
1772826377 -22.9642392 -43.3306101 1005175681 1772826384
2453436994 -22.9642143 -43.3353541 2453436992
1772826375 -22.9641943 -43.3346781 1772826369 1772826379
2453436990 -22.9641921 -43.3352418 2453436994
1772826373 -22.9641773 -43.3324198 1772826388 1772826366
2453436992 -22.9641505 -43.3354781 490953942
2453436986 -22.9641484 -43.3351419 2453436990
1772826372 -22.9641319 -43.3330578 1772826367 1772826382
1772826371 -22.9641316 -43.333994 1772826368 1772826378
1005175681 -22.9640806 -43.330722 1005175720 1772826377
490952374 -22.9640801 -43.3350826 1772826381 2453436986
1772851469 -22.9640651 -43.3370192 1772851474 1772851467 1772851442 1772851495
1772826369 -22.9640517 -43.3342705 1772826368 1772826375
490953942 -22.9640381 -43.3355385 490953940
1772851468 -22.9640237 -43.3392682 1772851463 1772851479 1772851475
1772826368 -22.9639689 -43.3339789 1772826371 1772826369 1772826365
1772826367 -22.9639509 -43.3330757 1772826372 1772826362
1772826366 -22.9639388 -43.3326536 1772826361 1772826373 1772826359
1772826365 -22.9639334 -43.3338543 1772826364 1772826368 1772826358
1772826364 -22.9639063 -43.3337587 1772826363 1772826365
1772826363 -22.963851 -43.3333386 1772826364 1772826362
1772826362 -22.9638344 -43.3331203 1772826367 1772826361 1772826363
1772851467 -22.9638241 -43.337674 1772851465 1772851469 1772851439 1179233502
1772826361 -22.9638224 -43.3329632 1772826366 1772826362
1772826359 -22.9637601 -43.3328077 1772826366 1772826355
1772826358 -22.9637204 -43.3339387 1772826357 1772826365
490953940 -22.9636035 -43.3353171 490953937
1772851465 -22.9635864 -43.3383201 1772851462 1772851436 1772851467 1772851475
1772826357 -22.9635807 -43.3339703 1772826353 1772826358
1772826355 -22.9635041 -43.3329341 1772826354 1772826359
1005175720 -22.9634955 -43.3315872 1005175681 1005175702
1772851462 -22.9634787 -43.3385742 1772851465 1772851460
1772851461 -22.9634728 -43.3395347 1772851460 1772851463
1772851460 -22.9634554 -43.339105 1772851462 1772851461
1005175673 -22.963392 -43.3301891 1005175677 1772826356
1005175702 -22.9633424 -43.3317339 1005175720 1005175661
1772851457 -22.9632835 -43.3359038 1772851474 1772851445
490953937 -22.9632557 -43.3351883 490953934
1772826354 -22.9632016 -43.332972 1772826351 1772826355
1005175661 -22.9631309 -43.3318072 1005175706 1005175702
1005175677 -22.9630949 -43.3306682 1005175663 1005175673
1772826353 -22.9630862 -43.3339008 1772826357 1772826352
1772851454 -22.96307 -43.3399567 1772851449 1772851453
1772851449 -22.9630409 -43.3395333 1772851448 1772851454
1772851448 -22.9629507 -43.3392932 1772851447 1772851449
1005175663 -22.9629373 -43.3308637 1005175677 1005175699
1772851447 -22.962873 -43.3390823 1772851446 1772851448
1005175699 -22.9627438 -43.3309615 1005175693 1005175663
1772826352 -22.9627313 -43.3338629 1772826350 1772826353
1772826351 -22.9627303 -43.3329593 1772826354 1772826349
1772851446 -22.9627014 -43.3387032 1772851447 1772851443
1772851445 -22.962666 -43.3357519 1772851444 1772851442 1772851457
1772851444 -22.9625389 -43.3357207 1772851445 1772851440
1772851443 -22.9625036 -43.3384536 1772851446 1772851441
1772826350 -22.9624637 -43.3338502 1772826348 1772826352
1772851442 -22.9623987 -43.336265 1772851469 1772851445 1772851439
2164857277 -22.9623685 -43.3301147 2164857280 2164857263
1772826349 -22.9623551 -43.3328867 1772826347 1772826351
1772851441 -22.9623 -43.3383052 1772851438 1772851443
490953934 -22.9622679 -43.3350253 490953931
1772851440 -22.9621892 -43.3357117 1772851444 1772851437
1772826348 -22.9621496 -43.3338502 1772826350 1772826344
1772826347 -22.9621136 -43.3328898 1772826341 1772826349
1772826346 -22.9620749 -43.334884 490952374 1772826345
1772851439 -22.9620661 -43.3369036 1772851435 1772851467 1772851442
2164857263 -22.9620633 -43.3302193 2164857269 2164857277
1772851438 -22.9620149 -43.3381535 1772851432 1772851441
1772851437 -22.9620031 -43.3357825 1772851440 1772851431
1772826345 -22.9620002 -43.3344568 1772826343 1772826346
1772826344 -22.9619808 -43.3339134 1772826343 1772826348
490953931 -22.9619597 -43.3350081 490953926
490952368 -22.9619438 -43.3348708 1772826346
1772851436 -22.961918 -43.3375291 1772851434 1772851465
1772851435 -22.961918 -43.3371315 1772851433 1772851439
1772851434 -22.9618604 -43.3374621 1772851433 1772851436
1772826343 -22.9618518 -43.3339892 1772826342 1772826345 1772826344
2164857269 -22.9618474 -43.3301522 2164857267 2164857263 1005175666
1772851433 -22.9618439 -43.3373281 1772851435 1772851434
1772851432 -22.9618113 -43.3380745 1772851429 1772851438
1772826342 -22.9617413 -43.3335754 1772826343 1772826340
1772826341 -22.9617384 -43.3329909 1772826347 1772826339
1005175693 -22.9617355 -43.3310642 1005175638 1005175699
1005175666 -22.961731 -43.3306242 2164857269 1005175638
1772851431 -22.961662 -43.3364199 1772851437 1772851430
2164857267 -22.9616133 -43.3300506 2164857268 2164857269 2164857278
1772851430 -22.9615719 -43.3365242 1772851431
1005175638 -22.9614945 -43.3310237 1005175693 1005175706 1005175666
1772826340 -22.961462 -43.3332531 1772826342 1772826339
1772851429 -22.9614026 -43.3378546 1772851426 1772851432
1772826339 -22.9613654 -43.3331728 1772826341 1005175642 1772826340
1772851428 -22.9613648 -43.3369258 1772851427
1772851427 -22.9613299 -43.3370205 1772851428 1772851425
490953926 -22.9613274 -43.3350167 490953923
490952363 -22.9613274 -43.3348193 490952368 1772862217
1772851426 -22.9612572 -43.3376871 1772851429 1772851424
1772851425 -22.9612484 -43.3372259 1772851423 1772851427
1772862217 -22.961223 -43.3345122 490952363 1772862216
1772851424 -22.9612223 -43.3375323 1772851423 1772851426
1772851423 -22.9612223 -43.3374028 1772851425 1772851424
1005175642 -22.9611459 -43.3329903 1005175692 1772826339
1772862216 -22.9611104 -43.3341444 1772862215 1772862217
2516176101 -22.9610796 -43.3358946 2516175465
1772862215 -22.960952 -43.3339936 1772862214 1772862216
1005175706 -22.9609118 -43.3320077 1005175638 1005175692 1005175661
490953923 -22.9608769 -43.3350081 2516174342
2164857275 -22.9608729 -43.3303462 2164857271 537635143
1005175692 -22.9608488 -43.3322325 1005175706 1005175642
2516174342 -22.9608357 -43.3350153 490953919 2516174255
490952359 -22.9608216 -43.3348965 490952363
1772862214 -22.9607917 -43.3339737 1772862215 1772862212
2164857271 -22.9607691 -43.330609 2164857275 537635138
490953919 -22.9606319 -43.335051 490953916
2164857279 -22.9604965 -43.3317928 537635138
490952353 -22.9604186 -43.3349909 490952359
490953916 -22.960387 -43.3351454 490953911
537635138 -22.960178 -43.3315619 1005175697 2164857279 2164857271
490952346 -22.9600708 -43.3351282 490952353
2516175465 -22.9600675 -43.3367283 2516175877 2516174255 2516176101
1005175646 -22.9600156 -43.3300959 1005175697 2164857276 537635143
