1540980586 -22.9799588 -43.6659508 1540945936 1540980696 1540980619
1540980700 -22.9799555 -43.6617947 1540980666 1540945927 1540980663 1540980641
2998661506 -22.9798157 -43.6674953 893033582 615203163 893033561 893033584
893033697 -22.9797597 -43.669908 893033492 893033698 893033641 615203163
1540945927 -22.9796401 -43.6623746 893033709 1540945912 1540980700 1540980660
1540980696 -22.9796169 -43.6665907 893033582 1540980586 1540980720
893033582 -22.9793146 -43.6671563 2998661506 1540945960 1540945894 1540980696
1540980660 -22.9792972 -43.663005 1540980698 1540945927 1540980589 1540980651
1540980589 -22.9789956 -43.6635595 1540945692 1540980694 1540980671 1540980660
1540945894 -22.9789788 -43.6677357 893033582 1540945962 1540980733
615203163 -22.9788564 -43.6693281 615203083 2998661506 893033697 1540958522
1540980733 -22.978637 -43.6683554 1540958522 1540945894 1540980703
1540945692 -22.9786268 -43.6642376 1540945936 1540945690 1540980589 1540980619
1540980717 -22.9786225 -43.6600848 1540945708 1540980675 1540980641 1540980666
1540980619 -22.9782926 -43.6648522 1540945692 1540980605 1540980586 1540980720
1540958522 -22.978287 -43.6689899 1540958447 1540946096 615203163 1540980733
1540980641 -22.978281 -43.6607075 1540980626 1540945912 1540980717 1540980700
1540945912 -22.9779688 -43.6612766 1540945927 1540946018 1540980651 1540980641
1540980720 -22.9779599 -43.6654638 1540980701 1540945960 1540980696 1540980619
1540946096 -22.9779545 -43.6695929 1540958464 1540958522 1540958441
1540945960 -22.977643 -43.6660465 893033582 1540945995 1540980720 1540945962
1540980651 -22.9776376 -43.6618804 1540980671 1540980649 1540945912 1540980660
1540980671 -22.9773064 -43.6624842 1540945690 1540980651 1540980589 1540980616
1540945962 -22.9772863 -43.6667022 1540945960 1540945695 1540980703 1540945894
1540980703 -22.9769725 -43.6672792 1540958447 1540980673 1540945962 1540980733
1540945690 -22.976963 -43.6631103 1540945692 1540980605 1540980671 1540946078
1540958447 -22.9766261 -43.6679161 1540958522 1540958464 1540958515 1540980703
1540980605 -22.9765867 -43.6637963 1540980701 1540945690 1540980611 1540980619
1540958464 -22.9763107 -43.6684959 1540958449 1540946096 1540958447 1540945829
1540980701 -22.976259 -43.6643937 1540980605 1540980720 1540980622 1540945995
1540946018 -22.9762428 -43.6601863 1540980626 1540980649 1540945912 1540946076
1540945829 -22.9759592 -43.6691422 1540958464 1540980654 1540958441 1540946051
1540945995 -22.975933 -43.6649881 1540945960 1540945695 1540980701 1540945958
1540980649 -22.9759112 -43.6608024 1540946018 1540980616 1540980651
1540980654 -22.9756305 -43.6697264 1540980609 1540980591 1540945829 1540958504
1540945695 -22.9755982 -43.6655983 1540980673 1540945995 1540945938 1540945962
1540980616 -22.9755947 -43.6613904 1540980649 1540980671 1540946078
1540980673 -22.9752722 -43.6661927 1540945695 1540958515 1540980703 1540980624
1540946078 -22.9752409 -43.6620478 1540945690 1540945852 1540980616 1540980611
1540958515 -22.9749271 -43.6668217 1540958447 1540958449 1540980673 1540958498
1540980611 -22.9748663 -43.6627438 1540980605 1540946078 1540980622
1540945852 -22.9746751 -43.661675 1540946076 1540980614 1540946078
1540958449 -22.9745924 -43.667432 1540958464 1540958461 1540946051 1540958515
1540980622 -22.9745771 -43.6632812 1540980701 1540980611 1540945958
1540945958 -22.9742404 -43.6639066 1540980614 1540945995 1540980622
1540946051 -22.9742375 -43.668079 1540980591 1540958449 1540945829 1540958453
1540980591 -22.9739116 -43.6686747 1540980652 1540980731 1540980654 1540946051
1540980614 -22.9738156 -43.6636769 1540945852 1540945958 1540945938
1540980652 -22.9736053 -43.6692348 1540980609 1540980669 1540980591 1540980702
1540945938 -22.973547 -43.6643025 1540945695 1540980614 1540980624
1540980624 -22.9732826 -43.6649202 1540980673 1540945938 1540958498
1540980702 -22.9732506 -43.6698832 1540980652 1540980647 1540958443 1540980595
1540958498 -22.9729842 -43.6656173 1540958515 1540980624 1540958461
1540958461 -22.9727235 -43.6662262 1540958449 1540958498 1540958453
1540980731 -22.9726382 -43.6678859 1540980591 1540980676
1540958453 -22.9724328 -43.6669053 1540958461 1540980676 1540946051
1540980676 -22.9721347 -43.6675263 1540980669 1540980731 1540958453
1540980669 -22.9718446 -43.6681307 1540980652 1540980647 1540980676
1540980647 -22.9715588 -43.6687263 1540980669 1540958512 1540980702
1540958512 -22.9712317 -43.6694076 1540980647 1540945799 1540958443
1541020623 -22.9626612 -43.6604401 1541020470 1541020740
1541020740 -22.9626236 -43.6608381 1541020255 1541020623
1541020255 -22.9624438 -43.6615344 1541020249 1541020740
1541020249 -22.9622285 -43.6618252 1541020288 1541020255
1541020288 -22.9621672 -43.6621782 1541020228 1541020249
1541020228 -22.9619104 -43.6625 1541020288 1541020260
1541020260 -22.9616535 -43.6629936 1541020836 1541020228
1541020836 -22.9609225 -43.6646243 1541020260
