766748990 -22781634 -43459559 766748989 766748991
766748989 -22781614 -43459334 766748990 766748988
766748991 -22781575 -43459924 766748990 766748992
766748988 -22781456 -43459162 766748987 766748989
766748987 -22781308 -43459001 766748986 766748988
766748986 -22781189 -43458937 766748987 766748985
766748985 -22781070 -43458926 766748984 766748986
766748984 -22780932 -43459001 766748983 766748985
766748983 -22780833 -43459044 766748982 766748984
766748980 -22780813 -43458647 766748979 766748981
766748981 -22780793 -43458862 766748980 766748982
766748982 -22780784 -43459012 766748981 766748983
766748979 -22780774 -43458475 766748978 766748980
766748978 -22780685 -43458261 766748976 766748979
766748976 -22780645 -43458046 766748975 766748978
766748975 -22780596 -43457842 766748973 766748976
766748973 -22780497 -43457660 766748975 766748972
766748972 -22780150 -43457478 766748973 766748971
