2210046326 -22879912 -43233830 2210046319 2210046331
2374426948 -22879894 -43230313 2374426945 2374426920 2374426931
122331757 -22879874 -43231635 1445176206
122340296 -22879814 -43231539 1445176233
2374426931 -22879640 -43230042 2374426948 2374426935 2374426934
1557190109 -22879606 -43239676 1753534055 1557190105
2210046331 -22879597 -43233775 2210046324 2210046326
1445176239 -22879522 -43231815 122331757
1445176233 -22879483 -43231710 1445176232
2374426920 -22879407 -43230835 2374426948 2374426925 2374426956
2374426935 -22879339 -43230375 2374426931
2374426926 -22879321 -43231480 2374426945 2374426941 2374426956
1557190105 -22879259 -43239378 1557190222 1557190109
1445176229 -22879214 -43231944 1445176239
2374426956 -22879182 -43231097 2374426926 2374426933 2374426954 2374426920
1445176232 -22879122 -43231857 122340299
2210046324 -22879121 -43233765 2210046321 2210046331
2374426946 -22879092 -43230129 2374426934
2374426933 -22879046 -43230766 2374426924 2374426956 2374426938
1445176202 -22878935 -43232047 1445176229
2374426938 -22878904 -43230418 2374426933 2374426925 2374426923
122340299 -22878890 -43231944 1445176200
2210046321 -22878845 -43233765 2210046324 2210049407
2374426925 -22878817 -43230206 2374426920 2374426938 2374426955
2374426941 -22878689 -43231751 2374426926
2374426954 -22878633 -43231350 2374426956
2374426924 -22878499 -43231008 2374426933
2210049407 -22878474 -43233793 2210049398 2210046321
2374426923 -22878392 -43230652 2374426938
2374426950 -22878355 -43230359 2374426944
1445176225 -22878347 -43232226 1445176202
1445176200 -22878304 -43232111 1445176199
2374426944 -22878223 -43230031 2210049444 2210049378 2374426950
1557190222 -22878168 -43238615 1557190105 1557190089
2210049398 -22878095 -43233807 2210049380 2210049407
2210049444 -22878059 -43230166 2374426944 2210049423
1445176242 -22877748 -43232356 1445176225
1445176199 -22877714 -43232237 122340300
2210049423 -22877678 -43230477 2210049409 2210049444
1557190089 -22877517 -43238132 1557190145 1557190222 1557190139
122331753 -22877396 -43232412 1445176242
2210049409 -22877396 -43230611 2210049412 2210049423
122340300 -22877386 -43232288 122340301
2210049412 -22877209 -43230644 2210049409 2210049411
2210049380 -22877052 -43233941 2210049398 2210049384
1557190139 -22876841 -43237628 1557190236 1557190089 1557190185
2958027596 -22876799 -43232461 122331753
122340301 -22876791 -43232325 3686009895
1557190145 -22876705 -43238658 1557190121 1557190236 1557190089
2210049411 -22876670 -43230638 2210049443 2210049412
2210049443 -22876364 -43230681 2210049397 2210049411
3686009895 -22876337 -43232315 3101297129
2210049384 -22876329 -43234018 2210049380 2210049395
122331752 -22876321 -43232452 2958027596
1557190236 -22876309 -43237994 1557190139 1557190145 1557190094
1557190185 -22876158 -43237145 1557190139 1557190233 1557190104
2210049397 -22876034 -43230803 2210049443 2210049391
1557190121 -22875914 -43239220 1557190145 1557190263 1557190094
1557190110 -22875830 -43239913 1557190141 1557190263
1557190104 -22875780 -43236877 1557190185 1557190265
2210049395 -22875647 -43234098 2210049384 2210049439
2210049391 -22875592 -43231019 2210049434 2210049397
1557190263 -22875573 -43239436 1557190121 1557190202 1557190110
1557190094 -22875521 -43238535 1557190236 1557190121 1557190233
1557190265 -22875512 -43236657 1557190234 1557190224 1557190104
3101297129 -22875499 -43232273 122340303
3101296428 -22875492 -43232419 122331752
1779413776 -22875421 -43239694 1779413773 1779413775 1557211805
1557190224 -22875350 -43236524 1557190265 1557190131
2210049439 -22875172 -43234098 2210049395 2210049374
2210049434 -22875158 -43231132 2210049396 2210049391
1557190233 -22875128 -43237861 1557190114 1557190234 1557190185 1557190094
1779413775 -22875082 -43239109 1779413771 1779413776 1557212111
1557190202 -22875048 -43238589 1557190114 1557190263
2210049396 -22874871 -43231185 2210049434 2210049426
1557190114 -22874772 -43238084 1557190191 1557190202 1557190233
2210049374 -22874754 -43234049 2210049393 2210049439
1557190234 -22874747 -43237194 1557190238 1557190265 1557190233
1557212111 -22874708 -43238465 1779413769 1779413775 1779413772
1557190131 -22874705 -43236036 1557190238 1557190224 1557190096
2210049426 -22874678 -43231185 2210049389 2210049396
1779413772 -22874511 -43238137 1779413767 1557212111 1779413770
1557190191 -22874446 -43237521 1557190114 1557190118
1779413771 -22874421 -43239597 1779413775 1779413769 1779413773 1779413768
1557190096 -22874386 -43235794 1557190131 1557190232
1779413770 -22874325 -43237825 1779413772 1779413766 1557211720
2210049389 -22874288 -43231100 2210049421 2210049426
1557190238 -22874231 -43236330 1557190268 1557190234 1557190131
2210049393 -22874012 -43233872 2210049437 2210049374
1779413769 -22874005 -43238999 1779413767 1557211888 1557212111 1779413771
1557190268 -22873981 -43235923 1557190238 1557190227
1557211720 -22873947 -43237194 1779413763 1779413770
2210049421 -22873815 -43230900 2210049387 2210049389
1779413767 -22873796 -43238699 1779413772 1779413769 1779413766
1557190118 -22873729 -43236287 1557190271 1557190191
1557190232 -22873689 -43235215 1557190227 1557190096
1779413766 -22873589 -43238401 1779413763 1779413767 1779413762 1779413770
1557190227 -22873585 -43235354 1557190251 1557190268 1557190232
1557190271 -22873472 -43235836 1557190251 1557190118
1557211888 -22873457 -43239442 1779413761 1779413769 1779413768 1779413762
1557211889 -22873373 -43236545 1557211869 1557211985
1557190251 -22873368 -43235569 1557190271 1557190227
1557211985 -22873349 -43236829 1557211757 1557211889
1557211869 -22873343 -43236288 1557211889 1557211709
2210049387 -22873299 -43230660 2210049448 2210049421
2210049437 -22873271 -43233695 2210049393 2210049453
1557211757 -22873265 -43237042 1557211752 1557211985
1557211709 -22873250 -43235965 1557211869 1557211700
1557211752 -22873217 -43237131 1557211764 1557211726 1557211757
1779413763 -22873182 -43237816 1557211890 1779413766 1557211720
1557211726 -22873173 -43237212 1557212142 1557211752
1557212142 -22873087 -43237371 1557211785 1557211726
1557211890 -22873077 -43237902 1779413763 1557211743
1779413762 -22873063 -43238838 1557212045 1557211888 1779413758 1779413766
1557211700 -22873052 -43235649 1557211764 1557211709 1557211989
1557212045 -22873051 -43238820 1779413762 1557211743
122340303 -22873032 -43232129 2374426947
122331749 -22873024 -43232253 3101296428
1779413761 -22872937 -43239878 1779413765 1557190149 1779413758 1557211888
2210049448 -22872924 -43230520 2210049387 2210049399
2210049453 -22872905 -43233582 2210049437 2210049392
1557211989 -22872874 -43235354 1557211700 1557211988
1557211988 -22872681 -43235080 1557211989 1557211951
1557211743 -22872659 -43238270 1557212045 1557211890 1557211704
1557211764 -22872598 -43236830 1557211918 1557211960 1557211700
2374426959 -22872587 -43232275 122331749
1557211918 -22872573 -43236918 1557211797 1557211764 1557211726
1557211951 -22872573 -43234984 1557211988 1557212121
2374426947 -22872545 -43232143 3686009896
1779413758 -22872541 -43239267 1779413755 1779413761 1779413753 1779413762
1557211785 -22872479 -43237875 1557211807 1557212142
1557211704 -22872256 -43238626 1779413755 1557211743
2210049399 -22872187 -43230118 2210049448 2210049401
1779413755 -22872142 -43238734 1557190140 1779413758 1557211704
1557211797 -22872122 -43238069 1557211807 1557211918
1557212121 -22872088 -43234741 1557211834 1557211951 1557211960
1557211807 -22872076 -43238240 1557211708 1557211797 1557211785
1779413753 -22872023 -43239696 1557190140 1557190149 1779413749 1779413758
2210049392 -22871984 -43233133 2210049414 2210049453
2210049401 -22871935 -43230048 2210049430 2210049399
1557211708 -22871818 -43238435 1557211815 1557211791 1557211807
2210049430 -22871806 -43230037 2210049382 2210049401
2210049382 -22871638 -43230086 2210049394 2210049430
1557190140 -22871638 -43239211 1779413753 1779413755 1557190155 1557211711
2210049414 -22871531 -43232852 2210049392 2210049418
1557211960 -22871485 -43236343 1557212034 1557211746 1557212121
1557211746 -22871456 -43236409 1557211918 1557190240 1557211960
1557190155 -22871432 -43238911 1557211791 1557190140 1557211725
2210049394 -22871406 -43230279 2210049382 2210049446
2210049418 -22871382 -43232669 2210049414 2210049432
1557211791 -22871376 -43238824 1557211708 1557190214 1557190155
2210049432 -22871283 -43232146 2210049418 2210049386
2210049446 -22871273 -43230606 2210049450 2210049394
2210049386 -22871218 -43231416 2210049450 2210049432
2210049450 -22871194 -43231041 2210049386 2210049446
1557211711 -22871189 -43239645 1557190140 1779413747
1779413747 -22871123 -43239718 1779413745 1779413749 1557211711
1557212124 -22871080 -43236239 1557211746
1557211815 -22871030 -43238080 1557211708 1557190240
1557211725 -22870971 -43239432 1557211731 1557190155 1557190157
1557211834 -22870942 -43234221 1557211975 1557212121 1557212150
1557190214 -22870941 -43238156 1557190240 1557211791
1557211731 -22870843 -43239275 1557211725 1557211724
1557190240 -22870819 -43237986 1557211815 1557190246 1557190214 1557211746
1557190246 -22870699 -43237896 1557190240 1557190137
1557211975 -22870698 -43234843 1557211834 1557212078 1557212034
1557211724 -22870655 -43239211 1557211731 1557211949
1557190137 -22870521 -43237838 1557212018 1557190246
1557212034 -22870324 -43235799 1557211749 1557211975 1557211945
1557211945 -22870288 -43235875 1557212124 1557211858 1557212034
1557211949 -22870220 -43239350 1557211724 1557211818
1678342677 -22869958 -43232639 2374426959
3686009896 -22869933 -43232507 122340307
1557212150 -22869815 -43233707 1557212078 1557211834 1557211891
1557211818 -22869693 -43239500 1557211949 1557211734 1557211892 1557212156
1557212018 -22869691 -43237765 1557211969 1557211858 1779413741 1557190137
1557211858 -22869671 -43237387 1557211945 1557212018 1779413743
1779413743 -22869657 -43237253 1557211858 1557211710
1557211710 -22869641 -43237109 1779413743 1779413742
1557211969 -22869627 -43238867 1557211734 1557212018 1779413732
1557211734 -22869617 -43239254 1557211818 1557211969
1779413742 -22869605 -43236752 1557211710 1557212031
1557212078 -22869585 -43234302 1557211975 1557212083 1557212150
1557212031 -22869567 -43236379 1557211836 1779413742
1557211836 -22869527 -43236272 1557212031 1557211701
1779413741 -22869391 -43237738 1557190091 1557212018
1557211701 -22869360 -43236255 1557211836 1779413738 1557211842
1557211842 -22869306 -43235440 1557211945 1557211749 1557211701
1557211749 -22869296 -43235343 1557212083 1557211842
1557212083 -22869271 -43235112 1557212078 1557211741 1557211749
1678342721 -22869257 -43232759 1678342677
1779413738 -22869227 -43236243 1557211701 1557211789
1557211891 -22869127 -43233413 1557211741 1557212150
1557211741 -22869103 -43233508 1557211891 1557212083
1678342680 -22868897 -43232852 1678342721
1678342676 -22868732 -43232914 1678342680
1557211892 -22868698 -43239801 1557211818 1557211705
1557190091 -22868638 -43237671 1557190242 1779413741 1779413737
1779413737 -22868595 -43237171 1779413736 1557190091
1779413736 -22868574 -43236931 1779413728 1779413735 1779413737
1678342763 -22868572 -43233002 1678342676
1779413735 -22868551 -43236663 1779413736 1557211789
1557211705 -22868548 -43239801 1557211892 1557211916
1557211789 -22868509 -43236181 1779413738 1557211706 1779413734 1779413735
1779413734 -22868453 -43235423 1557211730 1779413733 1557211789
1779413733 -22868399 -43234681 3015066659 1779413734
1557211916 -22868395 -43239716 1557211705 1557212122
1678342688 -22868382 -43233109 1678342763
1779413732 -22868251 -43238743 1557211969 1557212122
1557212122 -22867994 -43239323 1557211916 1557212091 1779413732
1678342748 -22867879 -43233377 1678342688
1678342746 -22867800 -43233402 1678342748
1557212091 -22867718 -43239147 1557211721 1557212122
1678342735 -22867701 -43233414 1678342746
1678342732 -22867622 -43233404 1678342735
1557211719 -22867516 -43236374 1557211706 1557211992
1678342723 -22867511 -43233363 1678342732
1557211706 -22867492 -43236104 1557211719 1557211730 1557211789
1557211992 -22867471 -43236610 1557211719 1557211740
1557190242 -22867451 -43237575 1557190091 3014284060
1678342731 -22867417 -43233315 1678342723
1557211730 -22867402 -43235365 1557211706 3015066659 1779413734
1557211740 -22867382 -43236765 1779413728 1557211992
122340307 -22867380 -43232794 122342747
1779413728 -22867352 -43236809 1779413736 1557190125 1557211740
3015066659 -22867336 -43234581 1557211730 1557211727 1779413733
1557211727 -22867328 -43234480 3015066659 1557212120
1557211721 -22867299 -43238910 3014284061 1557212091
3014284060 -22867270 -43237568 1557190242 3014284061 1557190125
1678342793 -22867264 -43233200 1678342731
2958027597 -22867261 -43232960 1678342677
1557212120 -22867239 -43233472 1557211727 1557212093
1557212093 -22867215 -43233068 1557212120 1557211872
1678342791 -22867146 -43232987 1678342793
1678342710 -22867106 -43233011 1678342793
1557190168 -22867091 -43239871 1557190221 1557190171
1557190125 -22866848 -43237527 1557211770 1779413728 1557190229 3014284060
3014284070 -22866829 -43236155 3014284069 3014284071
3014284069 -22866810 -43236488 3014284068 3014284070
3014284061 -22866809 -43238670 1557211721 1557211770 3014284060
3014284068 -22866794 -43236531 3014284067 3014284069
3014284071 -22866754 -43235437 3014284070 3014284072
3014284072 -22866666 -43234375 3014284071 1557211872
1557190229 -22866641 -43237511 1557190092 1557190125
122331744 -22866590 -43233088 2958027597
122342747 -22866574 -43232947 122342748
3014284067 -22866552 -43236803 3014284068 3014284066
1557211872 -22866552 -43233207 1557212093 1557211896 3014284072
1557190092 -22866522 -43237473 1557190135 1557190229
1557211728 -22866364 -43235628 1557211739 1557212012
1557211739 -22866354 -43235891 1557211737 1557211728
1557211770 -22866295 -43238389 3014284061 1557190171 1557190125 1557212148
1557190135 -22866290 -43237157 3014284066 1557190092
1557211737 -22866275 -43236046 1557211739 1557211699
1557212012 -22866262 -43234430 1557212147 1557211728 1557211896
3014284066 -22866219 -43237050 1557190135 3014284067 1557190245 1557212148
1678342741 -22866214 -43231493 1678342791
165244366 -22866208 -43239975 3014284043
1557211699 -22866171 -43236148 1557211737 1557190245
1678342717 -22866157 -43231523 1678342710
1557211896 -22866152 -43233320 1557212012 1557211872 1557211769
1678342682 -22866095 -43231215 1678342741
1678342771 -22866031 -43231089 1678342682
1678342709 -22865937 -43231308 1678342717
1678342768 -22865900 -43230957 1678342771
1557212147 -22865874 -43234331 1557211707 1557212012
1678342713 -22865863 -43231187 1678342709
1557190245 -22865810 -43236433 1557211744 3014284066 1557211699
1678342711 -22865809 -43231001 1678342713
1678342765 -22865726 -43230675 1678342768
1557190171 -22865713 -43239203 3014284045 1557211770 1557190168
1557212148 -22865672 -43237472 1557211770 1557211744 3014284065 3014284066
1678342738 -22865655 -43230715 1678342711
3014284080 -22865512 -43238491 3014284065
1678342679 -22865432 -43230225 1678342765
1678342789 -22865384 -43230260 1678342738
3014284045 -22865348 -43239027 1557190159 1557190171
3014284043 -22865317 -43239650 3014284046 165234369
1557211707 -22865300 -43234210 1557212147 1557212146
1557211744 -22865284 -43236856 3014284075 1557212148 1557211755 1557190245
3014284046 -22865239 -43239527 3014284047
3014284044 -22865231 -43239326 3014284045
122331743 -22865220 -43233515 122331744
3014284047 -22865217 -43239431 3014284044
1557211769 -22865212 -43233632 1557211840 1557211896
1557212146 -22865179 -43234200 1557212154 1557211707
122342748 -22865153 -43233372 3685786109 2958027604
3014284065 -22865112 -43237904 3014284064 1557212148 1557211755 3014284080
1557212154 -22865019 -43234206 1557211943 1557212146
1557190159 -22864941 -43238846 3014284045 1557190270
1999020229 -22864909 -43239645 165242059
3014284075 -22864873 -43236240 1557211744 3014284077 3014284079
1557211943 -22864856 -43234244 1557211867 1557212154
3014284064 -22864837 -43238123 3014284063 1557211703 3014284065
122331742 -22864822 -43233717 122331743
2958027604 -22864776 -43233579 3524453422
3685786109 -22864756 -43233536 277482367
1557211755 -22864703 -43237302 1557211703 1557211744 3014284079 3014284065
1557211867 -22864678 -43234287 1557211748 1557211943
1557211840 -22864678 -43233911 1557212021 1557211769
1999020234 -22864609 -43239615 1999020229
3014284063 -22864563 -43238343 3014284062 3014284064 1557211833
1557211748 -22864525 -43234367 1557211870 1557211867
3524453408 -22864509 -43239617 1999020234
3524453421 -22864505 -43233914 122331742
3014284077 -22864488 -43235632 1557211921 3014284075 3014284078
1557190270 -22864482 -43238688 1557190159 1557190205
1557211703 -22864429 -43237514 1557211833 1557211755 3014284083 3014284064
1557190205 -22864421 -43238666 1557190167 3014284062 1557190270
1999020219 -22864420 -43239665 3524453408
3524453422 -22864420 -43233806 122342750
1557212021 -22864382 -43234147 1557211840 1557211756
1999020222 -22864348 -43239751 1999020219
3524453407 -22864323 -43239878 1999020222
2958027606 -22864316 -43234075 3524453421
1557211870 -22864293 -43234566 1557211801 1557211748
165234369 -22864288 -43239301 1557190120 165234370
3014284079 -22864288 -43236693 3014284083 3014284075 3014284078 1557211755
3014284062 -22864274 -43238581 1557190205 3014284063 1557190210
3524453409 -22864272 -43239791 1999020222
122342750 -22864233 -43233972 3524453419
1557190206 -22864225 -43239099 1557190270
1557190120 -22864210 -43239221 3524453410
1999020217 -22864201 -43239716 3524453405
1557211921 -22864201 -43235246 3014284077 1557211863
3524453410 -22864198 -43239164 1557190206
3524453405 -22864180 -43239777 3524453409 3229959680 3524453406
1557190167 -22864177 -43239059 1557190112
277482367 -22864171 -43233840 3685786110
3524453411 -22864158 -43239370 1999020229
1557211801 -22864150 -43234727 1557211973 1557211870
1557211833 -22864148 -43237722 1557190262 1557211703 3014284074 3014284063
3524453420 -22864146 -43234239 2958027606
1999020232 -22864139 -43239639 1999020217
1557190112 -22864130 -43239097 3524453413
1557211756 -22864130 -43234426 1557212021 1557211893
1557211973 -22864119 -43234860 1557211863 1557211801
1557211863 -22864116 -43235051 1557211921 1557211973
2370534058 -22864070 -43239533 1999020232
3524453419 -22864059 -43234136 2958027605
3524453413 -22864036 -43239112 165234371
3014284083 -22864019 -43236900 3014284074 1557211703 3014284079 3014284082
3685786110 -22864010 -43233907 2958027610
122331741 -22863991 -43234425 3524453420
1557190210 -22863977 -43238394 3014284062 3524453412
1557211893 -22863966 -43234683 1557212123 1557211756
3229959680 -22863910 -43239414 3229959682 3524453405
2958027605 -22863894 -43234322 277482289
3014284078 -22863883 -43236097 1557211751 3014284082 3014284077 3014284079
2958027610 -22863845 -43233946 277482368
1557212123 -22863842 -43234934 1557211893 1557211938
165231243 -22863839 -43234652 122331741
3229959682 -22863833 -43239338 3229959683 3229959680
165234370 -22863828 -43239128 165234371
1999020225 -22863814 -43239236 3524453411 2370534058
3524453412 -22863791 -43238245 1557190262 1557190210
277482368 -22863747 -43233948 2958027609
3014284074 -22863742 -43237114 3014284076 1557211833 3014284073 3014284083
1557211938 -22863722 -43235239 1557212123 1557211751
165234371 -22863703 -43239071 165234372
1557190262 -22863651 -43238111 3524453412 3014284073 1557211833
3014284082 -22863619 -43236302 3014284076 1557212029 3014284078 3014284083
1557211751 -22863588 -43235663 1557212029 1557211938 3014284078
2958027609 -22863561 -43233923 277482369
3524453418 -22863507 -43234500 277482287
277482285 -22863495 -43234340 3524453418
277482287 -22863488 -43234666 277482288
277482283 -22863461 -43234221 277482285
1557212029 -22863441 -43236035 1557211751 1557211963 3014284082
277482288 -22863430 -43234839 277482289
165234372 -22863409 -43238930 165231227
277482369 -22863404 -43233865 3524453423
3524453417 -22863377 -43234026 277482283
1557190129 -22863352 -43239028 1999020225
3014284076 -22863343 -43236518 3014284074 1557211963 3014284082
3524453423 -22863302 -43233789 1753539002
2958027607 -22863279 -43235487 165231243
3014284073 -22863261 -43237476 1557190262 1557190217 3014284074
277482280 -22863246 -43233862 3524453417
3229959683 -22863243 -43239071 3230355726 3229959682
1557211963 -22863226 -43236343 1557212029 3014284076 1557211862
3014252877 -22863224 -43230144 3014252869 3718064582 3718044150
3718044150 -22863199 -43230102 1942052115 3014252877 3718044349
3230355725 -22863175 -43239946 3235224667 3230355724
277482289 -22863113 -43235467 122342754
1557190217 -22863105 -43237178 3014284073 3014284081
1942052115 -22863100 -43230168 277482414
165238933 -22863080 -43238879 1557190129
3230355726 -22863074 -43238974 3229959686 3235289544 3229959683
165231239 -22863061 -43235974 165231243
1557211862 -22863017 -43236552 1557211963 1557211781
2958027608 -22863012 -43235865 2958027607
3014284081 -22863011 -43237107 1557190217 1557190208
3235289544 -22862991 -43239213 3230355726 3230355728
3235224670 -22862957 -43239505 3235224669 3230355730
165231227 -22862955 -43238632 165231228 165234373
1557211781 -22862942 -43236732 1557211862 1557211813
122342754 -22862940 -43235735 3686009897
3230355728 -22862938 -43239313 3235289544 3230355729
3235224668 -22862935 -43239570 3235224667 3235224669
3235224669 -22862913 -43239540 3235224668 3235224670
3230355729 -22862911 -43239334 3230355728 3230355730
1557211813 -22862905 -43236925 1557190208 1557211781
1557190208 -22862900 -43237092 1557190249 3014284081 1557211813
3235224667 -22862893 -43239631 3230355725 3235224668 3235224666
3229959686 -22862888 -43238840 3229959688 3230355726 3235253261
165227729 -22862875 -43238738 165238933
3230355730 -22862859 -43239361 3230355729 3235224670 3230355731
3235224666 -22862839 -43239719 3235224667 3235224665
3230355731 -22862832 -43239380 3230355732 3230355730
3235224665 -22862814 -43239728 3235224664 3235224666
2958027612 -22862795 -43236111 2958027608
3230355732 -22862792 -43239433 3230355733 3230355731
3230355735 -22862775 -43239541 3230355734 3230355736
3230355733 -22862770 -43239463 3230355732 3230355734
3230355734 -22862745 -43239511 3230355733 3230355735
3235253261 -22862738 -43238707 3229959686 3235276461 3229959690
3235224664 -22862735 -43239816 3235224663 3235224665
3686009897 -22862720 -43235997 2958027613
3230355736 -22862716 -43239576 3230355737 3230355735
1557190249 -22862706 -43237173 1557190208 1557190194
3230355737 -22862691 -43239602 3230355738 3230355736
3235224663 -22862691 -43239827 3235224662 3235224664
165231228 -22862669 -43238256 165231231
3230355738 -22862647 -43239640 3230355737 3230355739
165227726 -22862643 -43238547 165227729
165234373 -22862641 -43238311 165233850
165231237 -22862629 -43236647 165231239
3230355739 -22862600 -43239661 3230355738 3230355740
3235224662 -22862587 -43239953 3235224663 3235224661
3230355741 -22862577 -43239715 3230355740 3230355742
3230355740 -22862575 -43239688 3230355739 3230355741
165238932 -22862553 -43238374 165227729
3230355742 -22862540 -43239720 3230355743 3230355741
1753539002 -22862535 -43233090 277482370
165231236 -22862514 -43236864 165231237
165231231 -22862511 -43237978 165231232
1753539001 -22862487 -43233156 277482280
165231232 -22862428 -43237726 165231233
165231235 -22862420 -43237145 165231236
165231233 -22862390 -43237453 165231235
122331737 -22862344 -43236540 2958027612
3230355743 -22862325 -43239825 3230355742 3230355744
3534497113 -22862284 -43233034 1753539001
2958027613 -22862281 -43236435 122342756
3235276461 -22862273 -43238226 3229959692 3235253261 3235276462
3230355744 -22862239 -43239994 3230355743 3230355745
3229959688 -22862187 -43239282 3229959686 3229959689
277482370 -22862122 -43232677 3524453424 3524453426
3534497112 -22862079 -43232976 3534497113
122331736 -22862072 -43236746 122331737
3229959692 -22862064 -43238882 3235276461 3229959690
3235276462 -22862026 -43237949 3235276461 3235276463
1557190194 -22862020 -43237682 1557190249 1557190220
122342756 -22862010 -43236642 2958027615
165227724 -22862010 -43237855 165227726
3229959689 -22861980 -43239376 3229778708 3229959688
3235276463 -22861955 -43237918 1557190220 3235276462
3229959690 -22861939 -43239174 3229959692 3230470847 3235253261
3229951037 -22861920 -43239917 1012988882
165233859 -22861892 -43232988 3534497112
1557190220 -22861872 -43237961 1557190219 1557190194 3235276463
2768569648 -22861870 -43237578 1557190220
1557190219 -22861862 -43238132 1557190220 1557190269
1557190269 -22861847 -43238358 1557190219 1557190248
165227722 -22861808 -43237619 165227724
3524453424 -22861797 -43232276 3524453425
2768569646 -22861796 -43237441 2768569648
3230470847 -22861778 -43239373 3229778708 3229959690
277482248 -22861765 -43232620 3844320618
500959455 -22861765 -43232720 277482248
1557190248 -22861762 -43238509 1557190269 1557190267
3844320618 -22861750 -43232530 3524453427
500959454 -22861745 -43232818 500959455
3718064582 -22861735 -43231290 3014252877
3229778708 -22861734 -43239428 3229959689 3229778707 3229959694 3230470847
3229778707 -22861727 -43239539 3229778708 3229778706
3524453427 -22861725 -43232459 277482249
3844306580 -22861714 -43232910 500959454
165233857 -22861713 -43233046 165233859
3229778706 -22861713 -43239760 3229778707 3229778705
2768569645 -22861689 -43237379 2768569646
277482249 -22861671 -43232365 277482250
2958027614 -22861670 -43237012 122331736
277482373 -22861666 -43231342 3718064582
3524453436 -22861662 -43232991 3844306580
165223018 -22861656 -43237514 165227722
3524453425 -22861641 -43232014 277482371
3524453426 -22861637 -43232248 277482250
3229959694 -22861587 -43239528 3229778708 3229959695
1557190267 -22861579 -43238686 3230470842 1557190248
3014252879 -22861579 -43231455 277482373
2958027615 -22861579 -43236917 122342759
277482371 -22861555 -43231865 3014252878
2768569644 -22861543 -43237347 2768569645
277482372 -22861525 -43231574 3014252879
3229959695 -22861522 -43239617 3229959694 3229959696
3014252878 -22861522 -43231711 277482372
2768569637 -22861481 -43237454 165223018
277482250 -22861476 -43232139 277482251
3229959696 -22861468 -43239783 3229959695 3229959697
3229959697 -22861426 -43239928 3229959696 3229959698
277482251 -22861375 -43232096 3844306559
2768569642 -22861375 -43237339 2768569644
3230470842 -22861353 -43238866 1557190267 3230470841
3524453429 -22861350 -43233264 3524453436 165233857
165223017 -22861346 -43237442 2768569637
3844306559 -22861299 -43232074 277482252
3230470841 -22861277 -43238926 3230470842 3230470843
122331733 -22861231 -43237272 2958027614
3230470843 -22861229 -43238964 3230470841 3230470846
277482252 -22861218 -43232059 3844306558
165233850 -22861186 -43236008 165233851
122342759 -22861167 -43237147 2768569641
165223016 -22861159 -43237459 165223017
3819158416 -22861126 -43239538 3819158415 3819158417
3524453402 -22861112 -43236099 165238932
3844306558 -22861107 -43232052 277482253
3230470846 -22861106 -43239047 3230470843 1557190161
3819158417 -22861093 -43239358 3819158416 3819158418
3819158415 -22861085 -43239805 3819158414 3819158416
1557190161 -22861068 -43239081 3230470846 3819158418
3819158418 -22861029 -43239091 1557190161 3819158411 3819158417
277482253 -22860989 -43232066 3844306557
3819158409 -22860986 -43239709 3819158410 3819158429
3819158410 -22860975 -43239506 3819158409 3819158411
3524453430 -22860958 -43233559 3524453429
3819158429 -22860930 -43239934 3819158409 3819158432 3819158408
3819158411 -22860898 -43239124 3230470848 3819158410 3819158418
3844306557 -22860890 -43232095 277482254
3230470848 -22860868 -43239132 3819158411 3819158433
165233856 -22860806 -43233691 3524453430
277482254 -22860749 -43232165 277483459
277482414 -22860724 -43231927 1942052124
2768569640 -22860724 -43237466 2768569642 122331733
2768569641 -22860699 -43237347 3524453414
3524453415 -22860692 -43233830 165233856
165233855 -22860615 -43233957 3524453415
1942052124 -22860605 -43231982 1942052122
2768569639 -22860601 -43237566 165223016
165233851 -22860576 -43234941 3844306577
3844306579 -22860551 -43234110 165233855
1942052122 -22860536 -43231934 1942052131
3844306577 -22860518 -43234751 165233853
165233854 -22860510 -43234273 3844306579
3524453435 -22860495 -43235007 3524453402
165233853 -22860494 -43234569 3844306578
3844306578 -22860491 -43234423 165233854
1942052131 -22860392 -43231737 1942052117
1942052117 -22860315 -43231702 277482415
277483459 -22860230 -43232521 3844298556 277482255
277482415 -22860224 -43231703 1942052113
