1420150812 -22916164 -43424004 1420150986 1420150816
1420150816 -22916154 -43424176 1420150827 1420150812
1420150986 -22916149 -43423833 1420150812 1420150859
1420150827 -22916120 -43424401 1420150501 1420150816
1420150859 -22916090 -43423554 1420150986 1420150887
1420150656 -22916026 -43429937 1420150930 1420150569
1420150887 -22915996 -43423119 1420150859 1420150604
1420150604 -22915927 -43422690 1420150825 1420150887
1420150825 -22915868 -43422170 1420150604 2823502303
1420150858 -22915868 -43420517 1425124773 1420150864
2823502303 -22915854 -43421827 2823502302 1420150825 1420150983
1425124773 -22915821 -43420767 1420150858 1420150983 1419974724
1420150983 -22915813 -43420807 1425124773 2823502303
1420150501 -22915754 -43425630 1420150713 1420150827
1420150569 -22915739 -43428500 1420150656 1420150512
2823502302 -22915698 -43421852 2823502301 2823502303
1420150512 -22915690 -43427953 1420150569 1420150936
1420150713 -22915616 -43426284 1420150936 1420150501
2823502301 -22915613 -43421859 1419974757 2823502302
1420150936 -22915586 -43426585 1420150512 1420150713
1419974724 -22915585 -43420789 1419974616 1425124773
1419974757 -22915564 -43421863 2823502304 2823502301
2823502304 -22915535 -43421845 1419974757 1419974818
1419974818 -22915489 -43421778 2823502304 2823502305
2823502305 -22915453 -43421721 2823501899 1419974818
2823501899 -22915413 -43421705 2823501900 2823502305
1419974616 -22915403 -43420823 1419974724 1425123333 1425123484
1425123333 -22915349 -43420678 1419974616 1425123458
1425123458 -22915317 -43420438 1425123383 1425123333
1425123383 -22915290 -43420163 1425123458 1425123360
1425123484 -22915191 -43421004 1419974616 1425123521 1425123525
2823501900 -22915096 -43421762 2823501899
1425123521 -22914939 -43421220 1425123509 1425123484
1425123525 -22914917 -43420813 1425123304 1425123484
1425123304 -22914764 -43420701 1425123375 1425123525
1425123375 -22914675 -43420604 1425123322 1425123304
1425123322 -22914631 -43420497 1425123352 1425123375
1425123352 -22914601 -43420336 1425123322 1425123534
1425123534 -22914586 -43420207 1425123349 1425123352
1425123349 -22914497 -43420116 1425123535 1425123534
1425123509 -22914475 -43421617 1425123434 1425123521
1425123535 -22914428 -43420041 1425123349 1425123371
1425123434 -22914360 -43421694 1425123506 1425123509
1425123506 -22914255 -43421709 1425123412 1425123434
1425123290 -22914230 -43421146 1425123359 1425123384
1425123384 -22914221 -43421301 1425123290 1425123393
1425123359 -22914221 -43420953 1425123420 1425123290
1425123412 -22914206 -43421661 1425123519 1425124744 1425123506
1425123420 -22914206 -43420808 1425123408 1425123359
1425123393 -22914191 -43421425 1425123384 1425123326
1425124752 -22914186 -43421886 1425124763 1425124744
1425124744 -22914186 -43421774 1425124752 1425123412
1425123326 -22914181 -43421511 1425123519 1425123393
1425123519 -22914166 -43421580 1425123326 1425123412
1425124763 -22914161 -43421956 1425124783 1425124752
1425123408 -22914156 -43420636 1425123420 1425123288
1425123524 -22914115 -43420099 1425123318 1425123302
1425123288 -22914114 -43420458 1425123318 1425123408
1425123318 -22914104 -43420324 1425123524 1425123288
1425124783 -22914092 -43421988 1425124748 1425124763
1425124748 -22913944 -43422015 1425124771 1425124783
1425124771 -22913771 -43422095 1425124748 1425124767
1425124767 -22913578 -43422128 1425124771 1425124736
1425124760 -22913494 -43422380 1425124782
1425124782 -22913465 -43422299 1425124760 1425124769
1425123357 -22913440 -43420318 1425123487
1425124736 -22913371 -43422117 1425124754 1425124767
1425124769 -22913361 -43422240 1425124758 1425124782
1425123487 -22913326 -43420390 1425123357 1425123414
1425124758 -22913306 -43422187 1425124754 1425124769
1425123414 -22913242 -43420534 1425123313 1425123487
1425123313 -22913213 -43420620 1425123414 1425123426
1425124754 -22913203 -43422101 1425124758 1425124736
1425123426 -22913109 -43420706 1425123313 1425123390
1425123390 -22912891 -43420835 1425123426 1425123439
1425123439 -22912748 -43420872 1425123390 1425123465
1425123465 -22912536 -43420899 1425123527 1425123439
1425123527 -22912274 -43420878 1425123391 1425123465
1425123391 -22912214 -43420856 1425123527
1420150504 -22909207 -43420003 1420150618 1420150528
1420150618 -22908979 -43420438 1420150504 1420150961
1420150961 -22908859 -43420570 1425120799 1420150618
1425120849 -22908491 -43420042 1425120875 1425121228
1425120799 -22908381 -43420873 1425120950 1425120932 1420150961
1425121228 -22908363 -43420061 1425120853 1425120849
1425120853 -22908290 -43420035 1425121247 1425121228
1425120950 -22908081 -43421105 1425120799 1420150585 3779269298
1425120932 -22907907 -43420275 1425121247 1425120799 1425121051
3779269298 -22907827 -43420792 3779269296 1425120950
3779269296 -22907702 -43420639 3779269295 3779269298
3779269295 -22907586 -43420495 1425120953 3779269296
1425120953 -22907448 -43420326 3779269295
1425121155 -22907346 -43423077 3779269294 3779269293
3779269294 -22907344 -43423203 3779269292 1425121155
3779269293 -22907331 -43422929 1425121155 1425120912
3779269292 -22907315 -43423311 1425121144 3779269294
1425120912 -22907239 -43422512 3779269293 3779269291
1425121144 -22907237 -43423444 1425121105 3779269292
3779269291 -22907233 -43422489 1425120912 1425121126
1420150585 -22907224 -43421615 1425120950 2217721340 1425121102 1425120792
2217721340 -22907164 -43421730 1425121004 1420150585
1425121126 -22907146 -43422149 3779269291 1425121004
1425121004 -22907135 -43421891 2217721340 1425121126
1425120814 -22907118 -43420160 1425121051 1425120852
1425120792 -22907047 -43421593 1425121111 1420150585
1425120852 -22906998 -43420209 1425120814 1425120832
1425121105 -22906988 -43423657 1425120916 1425121144
1425121111 -22906908 -43421558 1425121224 1425120792
1425121102 -22906866 -43421914 1425121033 1420150585
1425120916 -22906605 -43423730 1425121218 1425121105
1425120832 -22906595 -43420253 1425120852
1425121033 -22906498 -43422311 1425121043 1425121102
1425121224 -22906405 -43421370 1425121111 1425121259
1425121218 -22906376 -43423682 1425120904 1425120916
1425121259 -22906337 -43421362 1425121224 1425121167
1425120904 -22906304 -43423704 1425121218 1425120830
1425121167 -22906144 -43421372 1425121259 1425121140
1425121043 -22906143 -43422480 1425121183 1425121033
1425121183 -22906042 -43422468 1425121043 1425121032
1425121140 -22906016 -43421355 1425121167 1425121165
1425120976 -22905999 -43420241 1425121018
1425121032 -22905967 -43422430 1425120908 1425121183
1425120830 -22905919 -43424090 1425120904 2217721360
1425120908 -22905856 -43422299 1425121127 1425121032
2217721360 -22905852 -43424138 2217721320 1425120830
1425121018 -22905804 -43420100 1425120976 1425120897
2217721320 -22905773 -43424171 2217721313 2217721360
1425121165 -22905752 -43421306 1425121140 1425121209
1425120897 -22905746 -43420090 1425121018 1425120862
1425121127 -22905705 -43422073 1425120908 1425120964
1425120862 -22905686 -43420101 1425120975 1425121233 1425120897
1425121233 -22905673 -43420039 1425121231 1425120862
1425121209 -22905666 -43421309 1425121118 1425121165
1425121118 -22905618 -43421333 1425121056 1425121209 3779269290
1425120964 -22905617 -43421851 1425121127 1425121014
1425120975 -22905611 -43420255 1425120862 1425121104
1425121014 -22905598 -43421698 1425121056 1425120964
1425121056 -22905593 -43421442 1425121118 1425121014
3779269290 -22905569 -43421132 1425121118 1425121092
1425121104 -22905568 -43420405 1425120975 1425121201
1425121201 -22905557 -43420515 1425121104 1425121092
1425121092 -22905549 -43420949 1425121201 3779269290
2217721313 -22905466 -43424332 2217721304 2217721320
2217721304 -22905409 -43424375 2217721324 2217721313
2217721324 -22905345 -43424448 3779269288 2217721304
3779269288 -22905291 -43424545 2217721311 2217721324
2217721311 -22905128 -43425062 3779269288 3779269280
3779269280 -22905054 -43425218 3779269279 2217721311
3779269279 -22904793 -43425650 2217721337 3779269280
2217721318 -22904769 -43426510 2217721309 2217721355
2217721355 -22904769 -43426441 2217721318 2217721316
2217721309 -22904749 -43426572 2217721347 2217721318
2217721337 -22904749 -43425772 2217721345 3779269279
2217721316 -22904717 -43426288 2217721355 2217721322
2217721345 -22904709 -43425997 2217721322 2217721337
2217721347 -22904700 -43426652 2217721362 2217721309
2217721322 -22904699 -43426160 2217721316 2217721345
2217721362 -22904344 -43427108 2217721347 2217721350
2217721350 -22904078 -43427338 3779269251 2217721362
3779269251 -22903688 -43427682 2217721367 2217721350
2217721367 -22903448 -43427873 3779269251 2217721365
2217721365 -22903294 -43428047 2217721367 2217721373
2217721373 -22903165 -43428307 2217721326 2217721365
2217721326 -22903076 -43428590 2217721352 2217721373
2217721352 -22903008 -43428806 2217721326 2217721370
2217721370 -22902893 -43428949 2217721296 2217721352
2217721296 -22902778 -43429041 1845330976 2217721370
1845330976 -22902683 -43429091 1845331943 2217721296
1845331943 -22902595 -43429134 1845330976 3779269204
3779269204 -22902352 -43429207 3779269199 1845331943
3779269199 -22902251 -43429261 1845331131 3779269204
1845331131 -22902140 -43429356 1845331950 3779269199
1845331950 -22902085 -43429377 1845331001 1845331131
1845331001 -22902023 -43429378 3779269196 1845331950
3779269196 -22901841 -43429299 3779269195 1845331001
3779269195 -22901737 -43429233 3779269196 1845331112
1845331112 -22901651 -43429119 1845332017 3779269195
1845332017 -22901544 -43428810 1845331344 1845331112
1845331344 -22901478 -43428692 1845331322 1845332017
1845331322 -22901218 -43428329 1845332031 1845331344
1845332031 -22900848 -43427867 1845331289 1845331322
1845331289 -22900651 -43427575 1845331075 1845332031
1845331075 -22900567 -43427415 1845332022 1845331289
1845332022 -22900339 -43426897 1845331681 1845331075
1845331681 -22900277 -43426816 1845331065 1845332022
1845331065 -22900217 -43426766 1845331531 1845331681
1845331531 -22900167 -43426752 1845331065 1845331040
