772326853 -22879991 -43216549 2420455702 1736735204 772326844
2420456617 -22879975 -43218159 2420455620 2420456610
2420455620 -22879973 -43218138 2420456620 2420456617
2420456610 -22879972 -43218178 2420456617 2420455734
2420456620 -22879967 -43218125 2420455620 2420456621
2420456621 -22879954 -43218113 2420456620 2420455689
2420461145 -22879943 -43219421 2420461137 2420461163
2420461137 -22879899 -43219523 2420461159 2420461145
2420461159 -22879885 -43219545 2420461137 2420461164
2420461164 -22879869 -43219558 2420461169 2420461159
2420461169 -22879850 -43219564 2420461167 2420461164
2420461167 -22879832 -43219561 2420456618 2420461169
2420456618 -22879818 -43219555 2420461167 2420456624
2420455702 -22879817 -43216663 2374415737 772326853
2420456624 -22879697 -43219491 2420456618 2420456619
2420455734 -22879643 -43218935 2420455730 2420456619 2420456610
1736735204 -22879615 -43216187 772326853 2374415707
2420455689 -22879509 -43217863 2420455616 2420456621
2420456619 -22879455 -43219368 2420456614 2420455734 2420456624
2420455616 -22879391 -43218134 2420455643 2420455639 2420455689
2420455651 -22879384 -43216616 2420455698 2420455641
2374415737 -22879383 -43216948 2420455702 2374415769 2374415749
2420455641 -22879381 -43216555 2420455651 2374415742
2374415707 -22879375 -43215885 1736735204 2374415716
2420455698 -22879375 -43216671 2420455651 2374415746
2374415742 -22879367 -43216498 2420455641 2374415715
2374415746 -22879353 -43216721 2374415749 2420455698
2420456614 -22879317 -43219314 2420456616 2420456619
2420455604 -22879306 -43216042 2374415715
2420457934 -22879290 -43219839 2420457913 2420457924
2420457924 -22879287 -43219855 2420457934 2420457926
2420457913 -22879285 -43219820 2420457934 2420457921
2420455643 -22879284 -43218382 2420455616 2420455682 2420455730
2420457921 -22879279 -43219810 2420457918 2420457913
2374415716 -22879274 -43215752 1736735207 2374415707 2374415762
2420457926 -22879271 -43219890 2420457924
2420457918 -22879267 -43219802 2420457929 2420457921
2374415749 -22879265 -43216812 2374415746 2374415737 2374415770
2420455687 -22879240 -43217769 2420455724 2420455614
2420455614 -22879236 -43217790 2420455687 2420455680
2420455724 -22879236 -43217746 2420455713 2420455687
2420455713 -22879227 -43217735 2420455724 2420455742
2420455742 -22879211 -43217720 2420455723 2420455713
2420456616 -22879204 -43219275 2420456614 2420456612
2420455639 -22879190 -43218041 2420455623 2420455616
1736735207 -22879181 -43215575 2374415703 2374415716 1736768969 2374415718
2420455623 -22879175 -43218026 2420455639 2420455738
2420479779 -22879172 -43213702 2374415758 2420479794
2420455680 -22879167 -43217961 2420455661 2420455614
2420455738 -22879163 -43218009 2420455661 2420455623
2420479794 -22879162 -43213527 2374415750 2420479779
2420455661 -22879160 -43217984 2420455680 2420455738
2420455730 -22879156 -43218682 2420455643 2420455748 2420455734
2374415758 -22879146 -43213962 2420479798 2420479779
2374415715 -22879132 -43216222 2420455604 2374415770 2374415742
2374415769 -22879131 -43217113 2420455677 2374415766 2374415737
2420455682 -22879126 -43218264 2420455705 2420455643
2420479798 -22879118 -43214182 2374415758 2374415693
2420456612 -22879099 -43219246 2420456613 2420456616
2374415693 -22879083 -43214296 2374415733 2420479798
2420479791 -22879074 -43211909 2374415765 2374415743
2374415743 -22879071 -43211847 2420479791 2420479786
2374415765 -22879069 -43211977 2420479795 2420479791
2420455748 -22879067 -43218633 2420455663 2420455730
2420455705 -22879050 -43218217 2420455659 2420455682
2420479786 -22879047 -43211770 2374415775 2374415743
2420455663 -22879024 -43218595 2420455692 2420455748
2420456613 -22878994 -43219219 2420456623 2420456612
2374415775 -22878989 -43211709 2420479783 2420479786
2374415750 -22878980 -43212617 2420479794 2374415763
2420479795 -22878979 -43212374 2374415763 2374415765
2374415763 -22878976 -43212509 2374415750 2420479795
2374415718 -22878965 -43215085 1736735207 2374415740
2420455692 -22878952 -43218534 2420455663 2420455688
2374415733 -22878945 -43214763 2420479799 2374415693
2420479783 -22878942 -43211683 2374415775 2374415776
2374415770 -22878940 -43216421 2374415766 2374415715 2374415749
2374415740 -22878938 -43214986 2420479799 2374415718
2420479799 -22878933 -43214884 2374415740 2374415733
2420455711 -22878908 -43218896 2420455608
2420455659 -22878901 -43218134 2420455690 2420455705
2420455723 -22878896 -43217541 2420455677 2420455742
2420456623 -22878886 -43219199 2420456622 2420456613
2420457929 -22878861 -43219599 2420457918 2420457930
2420455688 -22878859 -43218485 2420455736 2420455692
2374415776 -22878838 -43211662 2420479783 2420479788
2420455690 -22878827 -43218092 2420455732 2420455659 2420455715
2420456622 -22878793 -43219191 2420456623 2420456611
2420455732 -22878791 -43218070 2420455690 2420455746
2420457930 -22878790 -43219585 2420457925 2420457929
2420455715 -22878790 -43218151 2420455690 2420455685
2374415762 -22878783 -43215968 2374415703 2374415716 2374415756
2420455677 -22878776 -43217346 1736735206 2420455723 2374415769
2420479788 -22878769 -43211675 2374415776 2374415773
2420455685 -22878747 -43218253 2420455736 2420455715
2374415766 -22878743 -43216626 2374415769 2374415770
2374415703 -22878704 -43215740 1736735207 2374415736 2374415762
2420455736 -22878691 -43218411 2420455612 2420455685 2420455688
2420457925 -22878690 -43219590 2420455665 2420457930
2420456611 -22878654 -43219188 2420455655 2420456622
2420455612 -22878630 -43218581 2420455736 2420455721
2420455665 -22878628 -43219580 2420457935 2420457925
2420455721 -22878594 -43218715 2420455612 2420455608
2420457935 -22878583 -43219539 2420457915 2420455665
2420455608 -22878580 -43218792 2420456615 2420455711 2420455721 2420455678
2420455678 -22878569 -43218846 2420455608 2420455667
2420457915 -22878555 -43219485 2420457935 2420455653
2420455746 -22878547 -43217955 2420455694 2420455732 2420456615
2420455653 -22878545 -43219447 2420455669 2420457915
2420455669 -22878531 -43219343 2420455655 2420455653
2374415773 -22878530 -43211788 2374415720 2420479788
2420455655 -22878517 -43219191 2420455707 2420455669 2420456611
2420455707 -22878514 -43219135 2420455655 2420455667
2420455667 -22878514 -43219075 2420455645 2420455678 2420455707
1736735206 -22878483 -43217539 2420455696 2420455677 2374420038
2374415756 -22878477 -43216095 2374415689 2374415762 2374415736
2420455696 -22878399 -43217602 2420455610 1736735206
2374415736 -22878394 -43215856 2374415703 2374415702 2374415756 2374415717
2420455610 -22878329 -43217673 2420455694 2420455696
2374415704 -22878318 -43214070 2374415701 2374415717
2420456615 -22878291 -43218692 2420455624 2420455608 2420455746
2420455694 -22878258 -43217800 2420455717 2420455610 2420455746
2374415701 -22878229 -43213944 2374415704
2420455717 -22878220 -43217883 2420455740 2420455694
2420455645 -22878197 -43218966 2420455700 2420455667 2420455673
2374415689 -22878148 -43216232 2374415756 2374415702
2420455700 -22878136 -43218946 2420455645 2420455671
2374415717 -22878115 -43215667 2374415704 2374415697 2374415736
2420455671 -22878106 -43218930 2420455700 2420455719
2374415720 -22878102 -43212001 2374415760 2374415773 2420479787
2420455719 -22878087 -43218911 2420455671 2420455606
2420455606 -22878076 -43218892 2420455719 2420455618
2374415760 -22878073 -43212641 2374415730 2374415720
2420455618 -22878070 -43218869 2420455649 2420455606
2420455649 -22878068 -43218699 2420455624 2420455618
2420479787 -22878055 -43212003 2374415720 2420479781
2420455624 -22878054 -43218609 2420455649 2420455726 2420456615 2420455675
2420455740 -22878026 -43218378 2420455744 2420455717
2420455726 -22878020 -43218508 2420455624 2420455729
2420455744 -22878015 -43218411 2420455740 2420455729
2374415702 -22878014 -43215979 2374415689 1736768945 2374415736
2420455729 -22878010 -43218456 2420455726 2420455744
2420479781 -22878007 -43211995 2420479787 2374415706
2420455673 -22877982 -43219539 2420455645
2374415730 -22877808 -43214637 2374415760 2374415697
2420455675 -22877715 -43219456 2420455624
1736768945 -22877688 -43216082 2210088275 2374415702
2210088275 -22877595 -43216118 2210088274 1736768945 2374415731
2374415697 -22877471 -43215231 2374415730 2374415761 2374415717
2210088274 -22877456 -43216300 2374415711 2210088275
2374420038 -22877441 -43217415 1736735206
2420457061 -22877398 -43216910 2420457057 2210087968
2210087968 -22877397 -43216644 2420457058 2420457061
2420457057 -22877386 -43217142 2210087966 2420457061
2420457058 -22877386 -43216514 2374415711 2210087968
2374415711 -22877372 -43216438 2420457060 2210088274 2420457058
2210087966 -22877364 -43217336 2420457057 2210088039
2420457060 -22877345 -43216350 2420457056 2374415711
2210088039 -22877336 -43217490 2210087966 2420457055
2420457056 -22877305 -43216268 2420457060 2374415731
2420457055 -22877302 -43217655 2210088039 2420457059
2420457059 -22877263 -43217785 2420457055 2210087958
2374415731 -22877239 -43216213 2210088275 2420457056 2374415692 2374415754
2210087958 -22877141 -43218113 2420457059 2210087959
2210087959 -22876830 -43218787 2210087956 2210087958
2374415754 -22876823 -43215862 2374415726 2374415731
2374415692 -22876819 -43216321 2374415745 2374415731
2374415745 -22876679 -43216345 2374415712 2374415692
2374415726 -22876630 -43215610 2374415767 2374415754
2374415712 -22876544 -43216368 2374415708 2374415745
2374415706 -22876537 -43211603 2420479781 2374415705 2420479793
2420479793 -22876517 -43211485 2420479796 2374415706
2420479796 -22876481 -43211422 2374415774 2420479793
2210087956 -22876433 -43219442 2210087976 2210087959
2374415774 -22876429 -43211361 2420479780 2420479796
2374415708 -22876409 -43216391 2374415712 2374415732
2374415732 -22876271 -43216414 2374415708 2374415723
2374415767 -22876255 -43215122 2374415726
2374415761 -22876216 -43213368 2374415705 2762551335 2374415697
2374415705 -22876191 -43213283 2374415706 2374415761
2374415723 -22876137 -43216437 2374415759 2374415732
2420479780 -22876046 -43211067 2374415768 2374415774
2374415759 -22876003 -43216459 2374415719 2374415723
2374415719 -22875870 -43216482 2374415728 2374415759
2374415728 -22875757 -43216501 2374415709 2374415719
2374415709 -22875614 -43216525 2374415728 2374415741
2762551335 -22875522 -43213828 2374415751 2374415761
2374415768 -22875513 -43210792 2420479785 2420479780
2374415751 -22875416 -43213899 2420470781 2762551335
2420479785 -22875327 -43210686 2420479790 2374415768
2420470818 -22875299 -43212681 2420470808 2420470763
2420470763 -22875293 -43212327 2420470818 2420470774
2420470774 -22875262 -43211946 2420470779 2420470770 2420470763
2420470770 -22875253 -43211833 2420470762 2420470774
2420470808 -22875247 -43213129 2420470818 2420470777
2420470762 -22875202 -43211536 2420470802 2420470770
2420470777 -22875197 -43213388 2420470808 2420470781
2420470779 -22875196 -43211941 2420470803 2420470774
2420470803 -22875172 -43211938 2420470779 2420470792
2420470781 -22875166 -43213446 2420470804 2420470777 2420470810 2374415751
2420470792 -22875157 -43211919 2420470803 2420470809
2420470809 -22875148 -43211867 2420470792 2420470784
2374415741 -22875137 -43216606 2374415709
2420470784 -22875129 -43211815 2420470809 2420470834
2420470810 -22875118 -43213389 2420470781 2420470833
2420470834 -22875105 -43211766 2420470784 2420470773
2420470804 -22875095 -43213457 2420470781 2420470829
2420470802 -22875088 -43211236 2420470817 2420470762
2420470773 -22875038 -43211650 2420470834 2420470787
2420470833 -22875037 -43213301 2420470827 2420470810
2420470829 -22875035 -43213437 2420470804 2420470826
2420479790 -22875018 -43210458 2420479797 2420479785
2420470817 -22874991 -43211045 2420470802 2420470776
2420470827 -22874933 -43213196 2420470806 2420470833
2420470787 -22874931 -43211497 2420470773 2420470801
2420470776 -22874930 -43210986 2420470799 2420470817
2420470806 -22874891 -43213126 2420470836 2420470827
2420470826 -22874877 -43213367 2420470829 2420470796
2420470801 -22874873 -43211440 2420470787 2420470816
2420470836 -22874845 -43213003 2420470825 2420470806
2420470816 -22874801 -43211386 2420470801 2420470798
2420470825 -22874794 -43212888 2420470836 2420470838
2420470799 -22874771 -43210892 2420470843 2420470776
2420470796 -22874760 -43213327 2420470783 2420470826
2420479797 -22874751 -43210235 2374415735 2420479790
2420470838 -22874722 -43212745 2420470830 2420470825
2420470798 -22874708 -43211316 2420470812 2420470816
2420470830 -22874688 -43212635 2420470800 2420470838
2420470783 -22874659 -43213309 2420470756 2420470796
2420470800 -22874641 -43212499 2420470830 2420470814
2420470812 -22874607 -43211265 2420470798 2420470788
2420470814 -22874573 -43212386 2420470800 2420470767
2420470843 -22874540 -43210747 2420470799 2420470790
2420470788 -22874480 -43211243 2420470812 2420470789
2420470756 -22874477 -43213275 2420470783 2420470819
2420470767 -22874473 -43212230 2420470769 2420470814
2420470769 -22874428 -43212134 2420470785 2420470767
2420470785 -22874408 -43212072 2420470835 2420470769
2420470789 -22874403 -43211254 2420470788 2420470761
2420470835 -22874387 -43212016 2420470832 2420470785
2420470832 -22874347 -43212002 2420470821 2420470835
2420470819 -22874304 -43213267 2420470756 2420470775
2420470821 -22874295 -43211994 2420470832 2420470823
2420470790 -22874278 -43210584 2420470771 2420470843
2420470823 -22874277 -43211962 2420470821 2420470791
2420470791 -22874237 -43211726 2420470780 2420470823
2420470778 -22874235 -43211554 2420470768 2420470780
2420470780 -22874223 -43211600 2420470778 2420470791
2420470761 -22874222 -43211345 2420470764 2420470789
2420470768 -22874219 -43211431 2420470764 2420470778
2420470764 -22874210 -43211367 2420470768 2420470761
2420470775 -22874174 -43213261 2420470794 2420470819
2420470771 -22874115 -43210487 2420470831 2420470790
2420470794 -22874090 -43213240 2420470775 2420470793
2420470831 -22874050 -43210463 2420470828 2420470771
2420470793 -22874014 -43213185 2420470794 2420478472
2420470828 -22873991 -43210455 2420470797 2420470831
2420478472 -22873972 -43213148 2420470793 2420470807 2420478470
2420470797 -22873941 -43210495 2420470828 2420470782
2420470807 -22873932 -43213113 2420478472 2420470837
2420470782 -22873880 -43210616 2420470797 2420470824
2420470837 -22873863 -43213055 2420470807 2420470811
2420470824 -22873816 -43210734 2420470759 2420470782
2420470811 -22873798 -43212973 2420470840 2420470837
2420470840 -22873766 -43212917 2420470811 2420470815
2420470759 -22873759 -43210881 2420470765 2420470824
2420470815 -22873749 -43212837 2420470840 2420470758
2420470758 -22873744 -43212751 2420470815 2420470772
2420470772 -22873737 -43212617 2420470758 2420470841
2420470841 -22873729 -43212528 2420470820 2420470772
2420470820 -22873712 -43212440 2420470805 2420470841
2420470805 -22873690 -43212405 2420470820 2420470786
2420470765 -22873685 -43211114 2420470757 2420470759
2420470786 -22873656 -43212357 2420470805 2420470813 2420478473
2420478470 -22873629 -43213223 2420478472 2420478471
2420470757 -22873628 -43211320 2420470839 2420470765
2420470813 -22873598 -43212276 2420470786 2420470795
2420478473 -22873555 -43212391 2420478483 2420470786
2420470795 -22873529 -43212159 2420470813 2420470822
2420470839 -22873499 -43211484 2420470757 2420470760
2420470822 -22873453 -43212003 2420470766 2420470795
2420470760 -22873436 -43211662 2420470766 2420470839
2420470766 -22873416 -43211822 2420470822 2420470760
2420478471 -22873376 -43213263 2420478470 2420478481
2420478483 -22873294 -43212496 2420478468 2420478473
2420478468 -22873207 -43212541 2420478484 2420478483
2420478481 -22873181 -43213277 2420478471 2420478469
2420478484 -22873153 -43212576 2420478479 2420478468
2420478469 -22873136 -43213255 2420478481 2420478478
2420478479 -22873124 -43212619 2420478482 2420478484
2420478478 -22873106 -43213220 2420478469 2420478482
2420478482 -22873097 -43213172 2420478479 2420478478
1065032471 -22870155 -43217287 1065032489
1065032355 -22870116 -43216847 1065032252
1065032437 -22870009 -43218303 1065032333 1065032408
1065032382 -22869992 -43217839 1065032469 1065032489
1065032408 -22869947 -43218430 1065032200 1065032437
1065032333 -22869859 -43218055 1065032463 1065032469 1065032437
1065032279 -22869836 -43218940 1065032364
1065032469 -22869829 -43217973 1065032333 1065032382 1065032254
1065032327 -22869826 -43216554 1065032385
1065032489 -22869803 -43217482 1065032471 1065032382 1065032252
1065032394 -22869745 -43219455 1065032364
1065032254 -22869732 -43217878 1065032469 1065032465
1065032475 -22869730 -43216353 1065032332
1065032252 -22869611 -43217145 1065032489 1065032296 1065032355
1065032465 -22869577 -43217822 1065032325 1065032254 1065032330
3014218524 -22869576 -43219810 1065032350 1065032407
1065032364 -22869558 -43219136 1065032279 1065032407 1065032394 1065032200
1065032296 -22869480 -43216926 1065032405 1065032252 1065032385
1065032385 -22869405 -43216837 1065032327 1065032296 1065032332
1065032200 -22869374 -43218821 1065032408 1065032364 1065032463
2561253314 -22869372 -43215306 2561253313 2561253363
1065032325 -22869370 -43217508 1065032465 1065032405 1065032451
2561253363 -22869370 -43215401 3002833808 2561253314
1065032350 -22869357 -43219977 3014218524 1065032274
2561253313 -22869301 -43215084 2561253312 2561253314
1065032407 -22869292 -43219327 3014218525 3014218524 1065032364 1065032274
1065032332 -22869285 -43216678 1065032385 1065032475 3014218522
2561253312 -22869211 -43214666 2561253311 2561253313
1065032463 -22869200 -43218523 1065032333 1065032200 1065032330
1065032405 -22869171 -43217138 1065032325 1065032296 3014218523
1065032274 -22869059 -43219483 1065032350 3014218526 1065032407
1065032330 -22869015 -43218206 1065032465 1065032463 1065032451
2561253311 -22868875 -43214510 3014218500 2561253312
1065032451 -22868848 -43217863 1065032325 1065032293 1065032330
3014218523 -22868814 -43217375 1065032405 1065032293 3014218522
3014218522 -22868663 -43217130 1065032332 1065032456 3014218523
3014218500 -22868643 -43214440 2561253310 2561253311
1065032293 -22868621 -43217521 3014218523 1065032451 3014218529
3014218529 -22868570 -43217447 1065032293 3014218528
3014218525 -22868548 -43218069 1065032407 3014218526 3014218527
1065032456 -22868458 -43217265 3014218522 1065032439
3014218527 -22868356 -43217733 3014218528 3014218525
3014218528 -22868344 -43217597 1065032439 3014218527 3014218529
2561253310 -22868344 -43214387 3014218500 2561253304
3014218526 -22868268 -43218264 277538914 3014218525 1065032274
1065032439 -22868245 -43217421 3014218528 1065032456 277538914
3002833808 -22868010 -43216361 3014218502 2561253363
3014218502 -22867904 -43216374 3002833808 3014218503
2561253304 -22867884 -43214368 3014218491 2561253310 2561253303
277538914 -22867870 -43217650 277538913 3014218526 1065032439
3014218503 -22867800 -43216358 3014218502 3014218504
3014218504 -22867568 -43216283 3014218503 3014218491
3014218491 -22867466 -43216154 1065032361 2561253304 3014218504
2561253303 -22867432 -43214298 2561253301 2561253304
277538252 -22867198 -43219943 3149015006
277538913 -22866957 -43218268 3014218521 277538914
1065032361 -22866695 -43216656 3014218491 1065032440 1065032392
2561253301 -22866601 -43214424 1065032418 2561253303
3014218521 -22866594 -43218378 277538394 277538913
277538394 -22866401 -43218466 277538243 3014218521
1065032440 -22866362 -43215527 1065032426 1065032361 1065032295
1065032418 -22866240 -43214577 1065032270 2561253301 3235326916
1065032426 -22866216 -43214904 1065032340 1065032440 1065032396
1065032270 -22866216 -43214679 1065032340 1065032418
1065032340 -22866206 -43214786 1065032270 1065032426
1065032396 -22866139 -43214843 1065032403 1065032426
1065032392 -22866023 -43217147 1065032361 1065032458
3235326916 -22865977 -43214610 1065032256 1065032418
1065032403 -22865919 -43214703 1065032256 1065032396
1065032256 -22865768 -43214636 1065032403 3235326916 3014218513
3014218513 -22865459 -43214684 3235326917 1065032256
1065032458 -22865141 -43217734 3235327863 1065032392 3149137623
3149137623 -22864969 -43217855 1065032458 1065032259
3235326917 -22864938 -43214936 3014218520 3014218513
3235327863 -22864692 -43216960 1065032458 1065032295
1065032295 -22864582 -43216771 1065032440 1065032214 3235327863
744021118 -22864482 -43219413 744021123 744021113
744021113 -22864454 -43219280 744021110 744021118
744021123 -22864447 -43219502 744021118 744021128
744021110 -22864382 -43219172 1065032259 744021113
744021128 -22864368 -43219555 744021123 2561253323
1065032259 -22864333 -43218300 744021110 2561253328 3149137623
2561253323 -22864311 -43219592 277538243 744021128 744020905
277538243 -22864293 -43219939 277538394 3149163533 277538393 2561253323
744020905 -22864246 -43219542 2561253323 2561253324
2561253324 -22864179 -43219466 744020905 744021148
744021148 -22864101 -43219370 2561253324 744021154
2561253328 -22864079 -43218436 2561253327 1065032259
744021154 -22863993 -43219160 2561253325 744021148
3014218519 -22863982 -43215539 3014218518 2561253290
3014218518 -22863978 -43215474 3014218519 3235326919
3235326919 -22863971 -43215453 3014218518 3014218520
2561253290 -22863965 -43215602 1065032214 3014218519
3014218520 -22863955 -43215413 3235326917 2561253300 3235326919
2561253327 -22863942 -43218576 2561253328 2561253326
1065032214 -22863930 -43215655 2561253298 1065032295 2561253290
2561253300 -22863916 -43215365 3014218520 2561253292
2561253325 -22863915 -43218999 744021154 2561253326
2561253298 -22863882 -43215693 1065032266 1065032214
2561253326 -22863874 -43218811 2561253325 2561253327
2561253292 -22863865 -43215333 2561253295 2561253300
1065032266 -22863825 -43215711 2561253298 2561253294
2561253295 -22863807 -43215321 2561253292 2561253293
2561253294 -22863766 -43215709 3014218514 1065032266
2561253293 -22863748 -43215330 2561253295 2561253296
3014218514 -22863711 -43215686 3014218515 2561253294
2561253296 -22863695 -43215359 2561253291 2561253293
3014218515 -22863666 -43215645 3014218514 3014218516
2561253291 -22863654 -43215405 2561253296 2561253299
3014218516 -22863635 -43215590 3014218517 3014218515
2561253299 -22863629 -43215463 2561253291 3014218517
3014218517 -22863622 -43215527 2561253299 3014218516
277538672 -22861529 -43219543 277538391 277538673
277538673 -22861328 -43219291 277538674 277538672
277538674 -22860655 -43218724 277538673 277538705 277537461
1065032226 -22860567 -43212802 1065032435 1065032187
1065032435 -22860557 -43212577 1065032226 1065032308
1065032308 -22860547 -43212405 1065032435 1065032237
1065032187 -22860497 -43212899 1065032226 1065032431
1065032237 -22860468 -43212223 1065032317 1065032308
1065032431 -22860359 -43213006 1065032187 1065032411
1065032317 -22860349 -43212083 1065032237
1065032468 -22860348 -43217569 1065032472 1065032443
1065032443 -22860322 -43217695 1065032468 1065032243
1065032241 -22860250 -43215989 1065032239 1065032236
1065032243 -22860249 -43217775 1065032443 1065032186
1065032239 -22860221 -43215667 1065032227 1065032241
1065032236 -22860191 -43216311 1065032472 1065032241
1065032472 -22860171 -43216772 1065032468 1065032236 1065032389
1065032227 -22860072 -43215463 1065032193 1065032239 1065032185
