1663501818 -22.8999891 -43.711772 1663502271
1663501691 -22.8999545 -43.7100929 1663502914
1663501439 -22.8998863 -43.7110702 1663500755 1663502271 1663502045 1663501076
1663501212 -22.8997914 -43.7103639 1663500755
1663501076 -22.8995814 -43.7115601 1663501439
1663500755 -22.8995226 -43.7108082 1663500268 1663499987 1663501439 1663501212
1663500297 -22.8994158 -43.7100929 1663499987
1663500268 -22.8992528 -43.7112329 1663500755
1663499987 -22.8991281 -43.710541 1663500297 1663499918 1663500755 1663499862
1663499918 -22.8989222 -43.7103724 1663499987
1663499862 -22.8988846 -43.7109486 1663499987
1315214668 -22.8987207 -43.7156082 1315214766 1315214770
1315214766 -22.8964278 -43.7139077 1315214701 1315214668 1315214793
1315214793 -22.8957748 -43.7149388 1315214766 1315214786 1315214658
1315214701 -22.8957705 -43.7134088 1315214766 1315214677 1315214656
1315214769 -22.895731 -43.7143851 1315214705 1315214794
1315214794 -22.8957112 -43.7144548 1315214769 1315214658
1315214705 -22.8957063 -43.71431 1315214768 1315214769
1315214656 -22.8956124 -43.7134463 1315214790 1315214701
1315214786 -22.8955287 -43.7153275 1315214739 1315214726 1315214793
1315214658 -22.8955253 -43.7147475 1315214655 1315214794 1315214793
1315214790 -22.8955086 -43.7134141 1315214695 1315214656
1315214677 -22.8954147 -43.713162 1315214701 1315214695 1315214680
1315214695 -22.8953341 -43.713291 1315214790 1315214768 1315214677
1315214739 -22.8952802 -43.7157198 1315214786 1315214698 1315214689
1315214698 -22.8950186 -43.716133 1315214739 1315214699 1315214747
1315214768 -22.8950148 -43.713802 1315214655 1315214695 1315214705
1315214655 -22.8947808 -43.7141763 1315214726 1315214768 1315214658
1315214699 -22.8947701 -43.7165253 1315214693 1315214698 1315214647
1315214726 -22.8945254 -43.7145852 1315214655 1315214689 1315214786
1315214693 -22.89452 -43.7169203 1315214699 1315214651 1315214796
1315214689 -22.8942682 -43.7149966 1315214747 1315214726 1315214739
1315214796 -22.8942652 -43.7173226 1315214693 1315214700 1315214652
1315214747 -22.8940201 -43.7153888 1315214647 1315214689 1315214698
1315214700 -22.8940051 -43.7177333 1315214782 1315214663 1315214796
1315214680 -22.8938581 -43.7116975 1315214666 1315214677
1315214647 -22.8937601 -43.7157997 1315214651 1315214747 1315214699
1315214663 -22.8937551 -43.7181281 1315214700 1315214681 1315214792
1315214683 -22.8935475 -43.7198328 1315184234 1315214690 1315184413
1315214681 -22.893498 -43.718534 1315214663 1315214728 1315214702
1315214651 -22.893497 -43.7162155 1315214652 1315214693 1315214647
1315214728 -22.893265 -43.7189019 1315214681 1315214764 1315214744
1315214652 -22.8932601 -43.7165899 1315214782 1315214651 1315214796
1315184234 -22.8931956 -43.7195738 1315214683 1315214657 1315214720
1315214764 -22.8931267 -43.718977 1315214772 1315214728
1315214782 -22.8930032 -43.7169957 1315214700 1315214792 1315214652
1315214772 -22.8929932 -43.7189234 1315214764 1315214746
1315214720 -22.8928141 -43.7193022 1315214737 1315184234 1315214703
1315214792 -22.8927431 -43.7174064 1315214782 1315214663 1315214702
1315214746 -22.8926127 -43.7186391 1315214772 1315214775
1315214702 -22.8924892 -43.7178076 1315214792 1315214681 1315214744
1315214737 -22.8924497 -43.7190428 1315214722 1315214720 1315214761
1315214775 -22.8923508 -43.7184299 1315214704 1315214746
1315214744 -22.8922816 -43.7182046 1315214728 1315214704 1315214702
1315214704 -22.8921996 -43.7183655 1315214744 1315214775
1315214722 -22.8920967 -43.7187914 1315214737 1315214774 1315184331
1315184331 -22.8919505 -43.7186874 1315214722 1315184262
1315214761 -22.8917775 -43.7199051 1315214694 1315214737
1315184262 -22.8917578 -43.7184942 1315214711 1315214669 1315184331
1315214711 -22.891421 -43.7181208 1315214745 3146315656 1315184262
1315214774 -22.8914176 -43.7196367 1315214722 1315214762
3146315656 -22.891214 -43.7178912 1315214711 3146315657 1315214650
1315214745 -22.8911845 -43.7184299 1315214711 1315214707
3146315657 -22.8910981 -43.7180367 3146315656
1315214669 -22.8910708 -43.7193364 1315214727 1315184262 1315214659
1315214650 -22.8910078 -43.7176626 1315214679 1315214682 3146315656
1315214707 -22.8908781 -43.7181724 1315214783 1315214679 1315214745
1315214682 -22.8907731 -43.7174023 1315184348 1315214708 1315214650
1315214679 -22.8907602 -43.7180542 3146315654 1315214650 1315214707
1315214659 -22.8907348 -43.719015 1315214688 1315214783 1315214669
3146315654 -22.8906799 -43.7179724 1315214684 1315214679 3146315655
1315214708 -22.8906112 -43.7177539 1315214684 1315214682
1315214684 -22.8905408 -43.7178307 1315214708 3146315654 1315214731
3146315655 -22.8905135 -43.7182305 3146315654
1315214783 -22.8904877 -43.7187786 3146315658 1315214707 1315214659
1315214731 -22.890458 -43.7178451 1315214684 1315214748
1315214748 -22.8902752 -43.7177218 1315214671 1315214731
1315184348 -22.8901566 -43.7167186 1315184436 1315214682
3146315658 -22.8901273 -43.7193041 1315214661 1315214783
1315214688 -22.8901255 -43.719919 1315214778 1315214659 1315214727
1315184352 -22.890117 -43.7182153 1315184282
1315184282 -22.8900528 -43.7183118 1315184310 1315184352 1315184388
1315184388 -22.8899885 -43.7184084 1315184282
1315184194 -22.889865 -43.7185962 1315184371
1315184436 -22.8898309 -43.7163651 1315214671 1315184348 1315184387
1315184371 -22.8897958 -43.7187195 1315184381 1315184194 1315184289
1315214661 -22.889794 -43.7198399 3146315658
1315184289 -22.8897365 -43.7188322 1315184371
1315184244 -22.8896426 -43.7189878 1315184240
1315184240 -22.8895512 -43.7191267 1315184244 1315184268 1315184235
1315184235 -22.8894795 -43.7192453 1315184240
1315214671 -22.8894029 -43.7171063 1315184229 1315184436 1315214748
1315184230 -22.8893757 -43.7194062 1315184351
1315184229 -22.889351 -43.717196 1315184310 1315214671 1315184325
1315184351 -22.8892818 -43.7195403 1315184394 1315184450 1315184230
1315184450 -22.8892176 -43.7196315 1315184351
1315184211 -22.8891138 -43.7198407 1315184196
1315184310 -22.8890769 -43.7176376 1315184227 1315184282 1315184381 1315184229
1315184196 -22.8890446 -43.7199587 1315184323 1315184274 1315184211
1315184387 -22.889015 -43.7154794 1315184436 1315184325
1315184381 -22.888824 -43.7180447 1315184268 1315184310 1315184371 1315184407
1315184268 -22.8885758 -43.7184444 1315184394 1315184381 1315184240 1315184448
1315184325 -22.8883577 -43.7164933 1315184229 1315184387
1315184394 -22.8883314 -43.718838 1315184323 1315184268 1315184351 1315184365
1315184375 -22.8882835 -43.7169439 1315184227
1315184227 -22.8882292 -43.717019 1315184310 1315184375 1315184190
1315184190 -22.8881649 -43.7171209 1315184227
1315184323 -22.8880694 -43.7192599 1315184394 1315184196 1315184347 1315184337
1315184285 -22.8880513 -43.7173248 1315184407
1315184407 -22.8879771 -43.7174428 1315184381 1315184380 1315184285
1315184380 -22.8879277 -43.7175394 1315184407
1315184347 -22.8878174 -43.7196658 1315184323 1315184340 1315184434 1315184299
1315184309 -22.8878042 -43.7177325 1315184448
1315184448 -22.88773 -43.7178505 1315184309 1315184268 1315184363
1315184363 -22.8876608 -43.7179578 1315184448
1315184238 -22.8875323 -43.7181509 1315184365
1315184365 -22.887473 -43.7182528 1315184394 1315184238 1315184444
1315184444 -22.8873841 -43.7183923 1315184365
1315184305 -22.8873001 -43.7185372 1315184337
1315184337 -22.8872309 -43.7186552 1315184305 1315184291 1315184323
1315184291 -22.8871567 -43.7187678 1315184337
1315184435 -22.8871073 -43.7196047 1315184379
1315184298 -22.8870431 -43.7189663 1315184340
1315184340 -22.8869689 -43.7190736 1315184374 1315184347 1315184298
1315184374 -22.8869195 -43.7191648 1315184340
1315184430 -22.8862306 -43.7120406 1315184431
1315184198 -22.8861918 -43.7119958 1823558794
1315184431 -22.8861125 -43.7123549 1315184408
1315184221 -22.8860593 -43.7123388 1315184198
1315184408 -22.8860127 -43.7126223 1823558810
1315184296 -22.8859175 -43.7127163 1315184221
1315184250 -22.8855644 -43.7136562 1315184296
1823558810 -22.8845509 -43.7167282 1823558866
3005417557 -22.8845053 -43.7165543 1315184250
1823558786 -22.8844559 -43.7166896 3005417557
1823558866 -22.8834521 -43.7196607 145069258
1823558878 -22.8833565 -43.7196176 1823558786
