1654983118 -22833320 -43770390 1654983098 1654983125 1654983106
1654983106 -22833137 -43770735 1654983092 1654983094 1654983118
1654983098 -22832991 -43770180 1654983118 1654983096 1654983103
1654983096 -22832926 -43770306 1654983092 1654983098 1654983080
1654983094 -22832870 -43771239 1654983106 1654983069
1654983092 -22832808 -43770536 1654983106 1654983076 1654983065 1654983096
1654983081 -22832647 -43772170 1654983127 1654983065
1654983080 -22832625 -43770103 1654983076 1654983096 1654983083
1654983076 -22832502 -43770336 1654983092 1654983069 1654983080
1654983069 -22832247 -43770851 1654983076 1654983094 1654983061
1654983065 -22832120 -43771875 1654983046 1654983092 1654983081
1654983061 -22831980 -43770685 1654983046 1654983073 1654983069
1654983046 -22831530 -43771544 1654983014 1654983061 1654983065
1655031013 -22828844 -43779952 1655031017 1655030993
1655030993 -22828247 -43779904 1655031013 1655030970
2712315004 -22828224 -43770942 1654983014 2712314908
2712314908 -22827732 -43771888 2712315004 2712314877 1654982999
2712314699 -22827709 -43770538 1654983007 2712314877
2712314887 -22827572 -43772402 1654982999
1654982999 -22827498 -43772337 2712314887 2712314908 1654982996
1655030962 -22827395 -43779760 1655030966
2712314877 -22827138 -43771628 2712314699 1654982996 2712314908
1654982996 -22826908 -43772016 1654982994 2712314877 1654982999
1654982994 -22826390 -43771699 2712314905 1654983006 1654982996
2712314905 -22826005 -43771496 2712314819 1654982994
2712314711 -22825949 -43771141 2712314725 1654982991 1654982997
2712314819 -22825903 -43771421 1654982991 2712314905
1654982991 -22825861 -43771309 2712314711 2712314819
2712314725 -22825733 -43771023 2712314711 2712314890
2712314890 -22825392 -43770942 2712314879 2712314725
2712314879 -22824690 -43770739 2712314810 2712314890
2712314810 -22824576 -43770959 2712314879
