583631277 -22.8799483 -43.4799115 583632003 583631274 583629976
583628239 -22.8798225 -43.4777766 442357222 583629435
442357222 -22.8797111 -43.4775003 583628633
583629976 -22.8795925 -43.478785 442357223 583632090 583631277
583628633 -22.8795496 -43.4771719 582877964 583627587
582877964 -22.879507 -43.4770854 442357221 582877963
583632087 -22.8792491 -43.4796207 583632003 583632090 583630653
442357221 -22.8792129 -43.4764875 583628993
583628993 -22.8790983 -43.476253 582877765 583628989
582877765 -22.8790631 -43.4761568 582877764 442357220
583632090 -22.8790459 -43.4790792 583632087 583629568 583629976
442357220 -22.8787621 -43.4754919 582877768
582876154 -22.878642 -43.4734456 582870685 582876152 582877064
582876152 -22.878642 -43.4725443 582876150 582876154 582876172
582876150 -22.8786222 -43.4716574 582874311 582876152 582870682 582875985
582877768 -22.8786109 -43.4752315 583627117 582877770
582874311 -22.8786025 -43.4707741 582876101 582876150 582874309 582870677
583627587 -22.8785842 -43.4776477 583628989 583628631 583628633
583627117 -22.8785792 -43.4751768 442357219 583627113
442357219 -22.8783984 -43.4748653 442357218
583629568 -22.8783964 -43.4794287 583632090 583629979 583629435
442357218 -22.8781849 -43.4744362 582877498
583628631 -22.8781504 -43.477886 583628716 583628629 583627587
582877498 -22.8781292 -43.4743393 442357217 582877505
583629435 -22.8781034 -43.4787175 583629568 583627954 583628239
583628989 -22.8780349 -43.4764438 583627113 583627587 583628716 583628993
442357217 -22.8778448 -43.4738439 582870688
583627954 -22.8778429 -43.4788601 583628235 583628629 583629435
582870685 -22.8778117 -43.4734456 582876154 582870682 582877066
582870688 -22.8778081 -43.4737919 582877066
582870682 -22.877782 -43.4716646 582870685 582876150 582870677 582877469
582870677 -22.8777722 -43.4708063 582874311 582870673 582870682
583628629 -22.8775813 -43.4781985 583628984 583627954 583628626 583628631
582877066 -22.8775759 -43.4734432 442357216 582870685 582877067
583628716 -22.8775661 -43.4765641 583628984 583628989 583628631
583627113 -22.8775562 -43.4753947 583627107 583628989 583627117 582877067
442357216 -22.8774652 -43.4732953 442357215
442357215 -22.8773999 -43.4732121 442357214
583629979 -22.8773981 -43.4799866 583629568 583630652 583252441
583630652 -22.8772794 -43.4798364 583628235 583629979
582877067 -22.877198 -43.4734489 583627113 582877071 582877066
442357214 -22.8771806 -43.4730285 442357213
582875751 -22.8771198 -43.4727911 442357215
582877469 -22.877011 -43.4716585 582877471 582875983 582870682
583628984 -22.8769947 -43.4767149 583628734 583627603 583628629 583628716
583628235 -22.8769434 -43.4793536 583627954 583625750 583630652
583629411 -22.8769335 -43.4781305 583629414
442357213 -22.8769117 -43.4729084 442357212
2626324734 -22.8767612 -43.4724181 2626324733
583627107 -22.8767456 -43.4755234 583627113 582877071 583627603
2626324735 -22.876737 -43.4723141 582875751 2626324734
2626324733 -22.8767365 -43.4725013 2626324732
582877071 -22.8767244 -43.473467 583627107 582877067 582877073
583629414 -22.876716 -43.4775083 583629411 583629416
2626324732 -22.8767068 -43.4725603 2626324731
583628626 -22.8766962 -43.4787099 583625750 583628629
2626324731 -22.8766525 -43.4725925 2626324730
583629416 -22.8766468 -43.477401 583629414 583629419
442357212 -22.8766428 -43.4727367 442357211
2626324730 -22.8765882 -43.4725978 2626324729
582875749 -22.876586 -43.4721259 2626324735
583627603 -22.8765368 -43.4755565 583626701 583627107 583628984
2626324729 -22.8765289 -43.4725818 2626324728
583625750 -22.8765282 -43.4788279 583625755 583628235 583628626
583629419 -22.8765282 -43.477358 583629416 583629421
442357211 -22.8764847 -43.4725994 2626324728
611692007 -22.8764574 -43.4798058 611692005
2626324728 -22.8764352 -43.4725039 442357210
582875983 -22.8764278 -43.4716538 582877469
582875748 -22.8763685 -43.4718362 582875749
442357210 -22.8763423 -43.4723247 442356135
583625755 -22.8763305 -43.4786026 583625750 583625764
583625764 -22.8762613 -43.4784631 583625755 583252465
582875746 -22.8762499 -43.4716968 582875748
611689381 -22.8762498 -43.478926 583252440 611690045
583252465 -22.8762307 -43.4780165 583629421 583625764
583629421 -22.8762234 -43.4773582 583252465 583628734 583629419
583628734 -22.8762182 -43.476886 583629421 583625832 583628984
583625832 -22.8762168 -43.4767572 583628734 583625979 583626032
583626032 -22.876205 -43.4756842 583625832 583626701 583626220
583626701 -22.8762042 -43.4756093 583626340 583626032 583627603
442356135 -22.8761921 -43.4720415 442357209 442356136
583626340 -22.8761915 -43.4744611 583626701 583626616 582877073
582877073 -22.8761807 -43.4734777 583626340 582877071 583625703
582875743 -22.8761708 -43.4714929 582875746
582875740 -22.8761313 -43.4712783 582875743
582875737 -22.8761214 -43.4700123 582875738
582875296 -22.8761016 -43.4704093 582875740
582875738 -22.8761016 -43.4701733 582875296
442357209 -22.8760893 -43.4716638 442357208
611690045 -22.8760718 -43.4790655 611689381 583252464 611690798
583252464 -22.8760429 -43.4780165 611690045 611690276
442356136 -22.876026 -43.4716982 442356137
583625702 -22.8760142 -43.4774868 583625979
442357208 -22.8760102 -43.4713977 442357207
583625979 -22.876007 -43.4767573 583625832 583625702 583626220
583626220 -22.8759964 -43.4756843 583625979 583626616 583626032
611690276 -22.8759928 -43.4777137 583252464
583626616 -22.8759843 -43.4744613 583626340 583626220 583625703
442357206 -22.8759831 -43.471092 1797588460
442357207 -22.8759786 -43.4711059 442357206
583625703 -22.8759746 -43.4734849 583626616 582877073
582875294 -22.8759731 -43.4701947 582875296
1797588460 -22.8759423 -43.470834 442357205
611690798 -22.8759335 -43.4791621 611690045 611690802
611690802 -22.8758939 -43.4792693 611692235 611690798
442356137 -22.8758837 -43.4712175 582877109
442357205 -22.8758758 -43.4705566 442357204
582877333 -22.8758743 -43.4734777 582877417
582875292 -22.8758743 -43.4701411 582875294
582877417 -22.8758606 -43.4722331 582877331
582877331 -22.8758545 -43.4716753 582877109
582877337 -22.8758446 -43.4735636 582877333
582877109 -22.8758331 -43.4709568 442356100
582875290 -22.8757952 -43.4701411 582875292
442356100 -22.8757888 -43.4707283 442356101
442357204 -22.8757888 -43.4702819 2361880393
582877339 -22.8757556 -43.4736065 582877337
442356101 -22.8757255 -43.4704536 2361880390
2361880390 -22.8757181 -43.4703621 582875103
582875103 -22.8757141 -43.4703129 582875290 582870708
2361880393 -22.875629 -43.4700256 442357203
582877341 -22.8754591 -43.4736172 582877339
583558679 -22.8754449 -43.4796802 583252504 583587393 583558197
583252504 -22.8754202 -43.4776195 583558679 583252503
583252503 -22.8754103 -43.4774478 583558680 583252504
582877343 -22.8753899 -43.4735743 582877341
582877345 -22.8753701 -43.473467 582877343
583558680 -22.8753659 -43.4758285 583252503 583558681
583558681 -22.8753659 -43.4750132 583558680 583558682
583558682 -22.875356 -43.4740905 583558683 583558681
582877406 -22.8753499 -43.472233 582877345
582877347 -22.8753405 -43.4716538 582877406
583558683 -22.8753263 -43.4739295 583558682 583581828 583558684
583561508 -22.8753164 -43.4709362 582877347 583581267
583558684 -22.8752472 -43.4738008 583558683 583558685
583558685 -22.8752077 -43.4736184 583558684 583558686
583558686 -22.8752077 -43.4723846 583558685 583558687
583558687 -22.8751681 -43.4721807 583558688 583558686
583558688 -22.8750495 -43.4720627 583558687 583558689
583587532 -22.8749902 -43.4772126 583587531 583587533
583587530 -22.8749704 -43.4789936 583587529 583587531
583587531 -22.8749704 -43.4783391 583587530 583587532 583587555
583587533 -22.8749606 -43.477116 583587534 583587532
583587529 -22.8749309 -43.4791116 583587528 583587530
583587534 -22.8748617 -43.4770945 583587524 583587533
583581828 -22.8748518 -43.4739403 583558683 583558689
583558689 -22.8748518 -43.4720198 583558688 583558757 583581828
583587528 -22.8748419 -43.4791759 583587529 583587527
583581267 -22.8747924 -43.4709553 583561508 583558758 583581807
583587527 -22.8747233 -43.4791759 583587528 583587526
583587526 -22.8746146 -43.4790901 583587525 583587527
583587524 -22.8746146 -43.4770945 583587534 583587523 583587556
583587556 -22.8746103 -43.4773631 583587524 583587555 583587558
583587555 -22.8745949 -43.4783284 583587525 583587531 583587556
583587523 -22.8745948 -43.476601 583587524
583587525 -22.8745849 -43.4789506 583587555 583587526
583558756 -22.8741401 -43.4731785 583558757 583581929 583581833
583558757 -22.8741401 -43.4720198 583558756 583581186 583558758 583558689
583558758 -22.8741401 -43.4709791 583558757 583581205 583559066 583581267
583581929 -22.8741359 -43.4746699 583252712 583558756 583253225
583252712 -22.8741351 -43.4749587 583581929 583252711
583252711 -22.8741252 -43.4751411 583252712 583591937
583591937 -22.8741165 -43.4759894 583591929 583592077 583252711
583591929 -22.8741122 -43.4764187 583591937 583591934 583591927
583591927 -22.8741086 -43.4767728 583591929 583591871 583591926
583591871 -22.8741047 -43.4771482 583591927 583587558 583591873
583587558 -22.8741024 -43.4773734 583591871 583558030 583587556
583558197 -22.8741006 -43.4797124 583558030 583594281 583591863 583558679
583558030 -22.8741006 -43.4775559 583587558 583558197 583591853
583591863 -22.8736854 -43.4797171 583591828 583558197 583591853
583591853 -22.8736756 -43.4775535 583591834 583558030 583591863
583253225 -22.873542 -43.4746798 583253224 583581929
583581832 -22.8733888 -43.4728996 583581833
583581833 -22.8733788 -43.4731702 583558756 583581829 583581832
583591834 -22.8733395 -43.4775516 583591739 583591853 583591828
583591828 -22.8733294 -43.4797211 583591826 583591863 583591834
583253224 -22.8732652 -43.4747012 583253225 583581932
583581829 -22.8731615 -43.4731678 583581830 583581833 583581863
583592978 -22.8731417 -43.475496 583592982
583581186 -22.8731417 -43.4720631 583558757 583253478 583581205
583581830 -22.8731318 -43.4728352 583581829
583581205 -22.8731318 -43.4709684 583581186 583581206 583581331 583558758
583581858 -22.8731219 -43.4737793 583581855 583581861
583581861 -22.8730231 -43.4735004 583581890 583581858 583581863
583581863 -22.8730134 -43.4731622 583581923 583581829 583581861
583591826 -22.8729737 -43.4797252 583591734 583591828 583591739
583591739 -22.8729638 -43.4775495 583591738 583591834 583591826
583592981 -22.8729143 -43.4749702 583592982
583592982 -22.8728748 -43.4755 583592979 583592978 583592981
583581890 -22.872855 -43.473554 583581861
583581855 -22.8728451 -43.4738544 583581858
583581923 -22.8728156 -43.4731547 583581924 583252914 583581863 583581922
583581922 -22.8728155 -43.4733395 583581923
583581924 -22.8726969 -43.4728674 583581923
583253478 -22.8726721 -43.4720834 583581186 583253472
583591738 -22.8726178 -43.4775475 583558028 583591739 583591734
583591734 -22.8726176 -43.4797292 583587385 583591826 583591738
583252914 -22.8725732 -43.4731456 583581923
583253472 -22.8724546 -43.4721049 583253478 583591182
583592979 -22.87243 -43.4755067 583592982 583592980
583591182 -22.8723311 -43.4720949 583253472 583591181 583591185
583581331 -22.8723214 -43.4709606 583581205 583581526 583581521
583581521 -22.8723212 -43.4716443 583581331 583581524
583591181 -22.8722718 -43.4725133 583591180 583591182
583591180 -22.872252 -43.4729532 583591179 583591181
583581932 -22.8722421 -43.4746806 583592110 583253224 583591178
583591179 -22.8722421 -43.4732429 583591180 583591190 583591178
583592110 -22.8722395 -43.4748736 583591323 583592104 583581932
583592104 -22.8722312 -43.4754748 583592110 583592980 583591724
583592980 -22.87223 -43.4755605 583592077 583592979 583592104
583592077 -22.8722238 -43.4760111 583591934 583591937 583592980 583592080
583591178 -22.8722224 -43.4739295 583591179 583591343 583581932
583591934 -22.8722183 -43.4764078 583591926 583592077 583591929 583591935
583591926 -22.8722131 -43.4767834 583591934 583591873 583591875 583591927
583587385 -22.8722125 -43.4797338 583593283 583591725 583591734 583594280
583581524 -22.8722125 -43.4716658 583581521 583581526
583593283 -22.8722096 -43.47909 583587385 583593173 583593282
583591873 -22.8722082 -43.4771374 583558028 583591926 583591871 583591874
583593173 -22.8722078 -43.4787038 583593283 583592984 583593169
583592984 -22.8722062 -43.4783391 583592141 583593138 583593173
583592141 -22.8722045 -43.4779636 583558028 583592143 583592984
583558028 -22.8722026 -43.4775452 583591738 583592141 583558026 583591873
583581526 -22.8721827 -43.4709592 583581542 583581331 583581524
583591320 -22.8720049 -43.4730283 583591321
583591343 -22.8718368 -43.4739832 583591326 583591178
583591321 -22.8717182 -43.4727386 583591320 583591322
583591189 -22.871649 -43.4735862 583591188 583591190
583591190 -22.871649 -43.4732965 583591179 583591189
583581814 -22.8716469 -43.4704456 583581206 583581226 583581811
583591323 -22.8716391 -43.4749059 583592128 583592110 583591324
583591326 -22.8715699 -43.4740905 583591188 583591343 583591325
583591324 -22.8715502 -43.4746055 583591323 583591325
583591325 -22.8715403 -43.4743265 583591326 583591324
583591185 -22.8715205 -43.4720413 583591186 583591182
583591188 -22.8715007 -43.4735969 583591326 583591189 583591391
583581226 -22.8714118 -43.4706036 583581228 583581814
583581542 -22.871402 -43.4709517 583581229 583581526 583581715
583591692 -22.871392 -43.4719233 583591690 583591186
583591186 -22.8713722 -43.4720413 583591692 583591717 583591185 583591322 583591613
583591322 -22.8713623 -43.4721164 583591321 583591186
583591619 -22.8713228 -43.472449 583591613
583592128 -22.871313 -43.4749087 583591323 583592105 583592127
583591690 -22.871303 -43.4717301 583591692
583581228 -22.871303 -43.4707538 583581229 583581226 583581715
583581715 -22.8712932 -43.4708826 583581228 583581542
583591613 -22.8712437 -43.472052 583591186 583591614 583591619
583592127 -22.8712141 -43.4746055 583592126 583592128
583592126 -22.8712042 -43.474348 583592127
583581229 -22.871117 -43.470949 583581228 583581231 583581542
583591614 -22.8710757 -43.4720413 583591613 583591561
583591717 -22.8710559 -43.4717087 583591186 583591716
583591716 -22.8710262 -43.4716121 583591717 583591715
583581231 -22.8710065 -43.4710649 583581229 583581800
583591391 -22.8709768 -43.4736613 583591188 583591392 583591533
583591550 -22.8709768 -43.4727923 583591541 583591556
583591556 -22.8709768 -43.4725455 583591550 583591561
583591561 -22.8709571 -43.4720091 583591614 583591615 583591556
583591541 -22.8709472 -43.4730712 583591533 583591550
583591533 -22.8709373 -43.4733716 583591541 583591391
583581810 -22.8709373 -43.4700028 583581809 583581811
583591715 -22.8709076 -43.4714834 583591716
583581800 -22.8709076 -43.4710649 583581231 583581801
583581801 -22.8708088 -43.4709684 583581800 583581802
583591615 -22.8706506 -43.4719554 583591561 583591616
583581809 -22.8706407 -43.4701208 583581808 583581810
583636652 -22.8706267 -43.4711353 583636658 583636651
583591616 -22.8705023 -43.4719662 583591615 583636732 583591617
583581802 -22.8704924 -43.4705392 583581801 583581803
583636732 -22.8704883 -43.4715967 583636731 583591616
583636731 -22.8704191 -43.4714357 583636658 583636732
583636651 -22.8704191 -43.4708886 583636652 583522057
583591724 -22.8704134 -43.475453 583592105 583592080 583592103 583592104
583592080 -22.8704108 -43.4759895 583592077 583592587 583591724 583591935
583591935 -22.8704089 -43.4763972 583591934 583592080 583591875
583592105 -22.8704073 -43.4749164 583592128 583592131 583591724
583591875 -22.8704071 -43.4767726 583591926 583591935 583591874
583591874 -22.8704054 -43.4771267 583591875 583558026 583591873
583592131 -22.8704049 -43.4747019 583591392 583592105 583592130
583591725 -22.8704035 -43.4797128 583253816 583587385 583593282
583593282 -22.8704035 -43.4790901 583593281 583593283 583593169 583591725
583593169 -22.8704035 -43.4787039 583593138 583593167 583593282 583593173
583593138 -22.8704035 -43.4783176 583592143 583593169 583592984 583592246
583592143 -22.8704035 -43.4779421 583593138 583592141 583558026 583592144
583558026 -22.8704035 -43.4775344 583558028 583592143 583592565 583591874
583591392 -22.8703936 -43.4736935 583591391 583591723 583592131
583581803 -22.8703738 -43.4703354 583581802 583581808
583591723 -22.8703442 -43.4722666 583591722 583591392
583636658 -22.8703401 -43.4713499 583636652 583636659 583636731
583581808 -22.8703269 -43.4702781 583581803 583581804 583581809
583591722 -22.8703145 -43.4721486 583591617 583591723
583253816 -22.8702996 -43.4797116 583253815 583593419 583591725 583593886
583591617 -22.8702354 -43.4720842 583591722 583591616 583591721
583522057 -22.8701703 -43.4703834 583253619 583636651
583581804 -22.8701366 -43.4700457 583581805 583581808
583591721 -22.8701168 -43.472052 583591617 583635189 583636659
583592565 -22.8700377 -43.4775344 583592278 583592587 583558026
583593419 -22.8700278 -43.4793691 583253816 583593420
583592587 -22.8700178 -43.4759865 583592470 583592080 583592565
583253815 -22.8699932 -43.4797009 583253816 583637459 583587378 583636964
583636659 -22.8699022 -43.4716414 583636642 583636658 583591721
583593420 -22.86984 -43.4791867 583593419 583593281
583635189 -22.8697956 -43.4724949 583634428 583635173 583591721
583592470 -22.8697016 -43.4759841 583592587 583592252 583592278
583592278 -22.8696917 -43.4775344 583592470 583592249 583592565
583593281 -22.8696621 -43.4790901 583593167 583593282 583593420
583636964 -22.869658 -43.4794609 583253815 583636970
583635173 -22.869569 -43.4722619 583635331 583635353 583635189
583635331 -22.8694207 -43.4721116 583635173 583635335
583592130 -22.8694149 -43.4747557 583592129 583592131
583635335 -22.8693614 -43.47194 583635331 583635338
583592144 -22.8693457 -43.4779529 583592143 583592246 583592249
583592252 -22.8693457 -43.4759814 583592470 583592083 583592249
583635353 -22.8693384 -43.4725576 583635173 583635492 583635169
583592249 -22.8693358 -43.4775289 583593157 583592278 583592252 583592144
583592246 -22.869326 -43.4783284 583593138 583593139 583592144
583634428 -22.8692513 -43.4732454 583634859 583634425 583635189
583593167 -22.8692073 -43.4787039 583593281 583593421 583593169
583635494 -22.8691538 -43.4713606 583635709 583635338
583635169 -22.869134 -43.4728198 583635353 583636567
583592129 -22.8691085 -43.4748522 583592130
583635338 -22.8690945 -43.4715216 583635492 583635335 583635494
583634425 -22.8690253 -43.4731094 583634422 583634428
583634859 -22.8690164 -43.4735693 583634428 583593451 583634856
583592083 -22.8689997 -43.4759788 583592252 583593753 583253772
583636970 -22.8689956 -43.4789566 583254126 583637459 583636964
583593753 -22.8689945 -43.4763865 583592083 583593658 583593673
583593658 -22.8689897 -43.476762 583593753 583593662 583593657
583593657 -22.8689852 -43.4771162 583593157 583593654 583593658
583593139 -22.8689801 -43.4783352 583593157 583592246 583593140
583593157 -22.8689799 -43.4775271 583593139 583253797 583592249 583593657
583637459 -22.8689758 -43.479712 583253815 583637458 583636970
583593421 -22.8689108 -43.4784464 583593167 583593140
583634856 -22.8688078 -43.4734849 583634854 583634859
583635709 -22.8688078 -43.4711139 583635494 583635717
583635717 -22.868788 -43.4711353 583635709 583636636 583636634
583593140 -22.8687823 -43.4783391 583593139 583593421 583593422
583254126 -22.8687674 -43.4786709 583636977 583636970
583635492 -22.8687485 -43.4722297 583635353 583635338
583636977 -22.8686595 -43.4786348 583254126 583636984 583637458
583637458 -22.8686201 -43.4797158 583637459 583636977 583637417
583593422 -22.8685747 -43.4781138 583593140 583593423
583593451 -22.868545 -43.4742192 583634859 583593452
583636634 -22.8685254 -43.4716904 583636636 583635717 583636567
583592103 -22.8685153 -43.4754745 583593501 583591724
583593423 -22.8684363 -43.4779314 583593422 583593424
583593501 -22.8684264 -43.4753243 583593498 583592103
583634854 -22.8683432 -43.4733562 583634757 583634856
583593498 -22.8683374 -43.4751848 583593501 583593496
583593452 -22.8683275 -43.4745518 583593453 583593451
583636984 -22.8683135 -43.4783022 583636977 583253796 583637398 583637417
583581004 -22.8682983 -43.4700477 583636642 583580993 583581003
583637417 -22.8682839 -43.4797195 583584891 583636984 583637458
583593424 -22.8682781 -43.4776739 583593423 583253797
583634422 -22.8682542 -43.4727339 583634419 583634425 583634757
583634757 -22.8682345 -43.4732918 583634756 583634854 583634422
583636567 -22.8682246 -43.4723262 583636634 583636633 583635169
583593496 -22.8682089 -43.4751097 583593498
583253797 -22.8681742 -43.4775229 583593157 583253796 583593424 583593654
583593453 -22.8681496 -43.4747557 583593452 583593454
583634756 -22.8681158 -43.4734528 583634755 583634757
583584892 -22.8680606 -43.4798733 583584891 583584893
583584891 -22.8679519 -43.4797231 583584890 583584892 583637417 583637398
583637398 -22.8679478 -43.4783024 583637385 583636984 583584891
583593654 -22.8679313 -43.477138 583593662 583253797 583593657
583593454 -22.867928 -43.4749655 583593453 583633908 583633454
583584890 -22.8678629 -43.4796587 583584891 583584889
583253796 -22.8678381 -43.4775444 583584503 583636984 583638644 583253797
583633908 -22.8677995 -43.4746651 583633902 583593454
583636636 -22.8677713 -43.4712967 583593432 583636634 583635717
583633902 -22.8677599 -43.4744827 583633896 583633908
583634755 -22.8677105 -43.4733777 583634756
583633896 -22.8677006 -43.4743432 583633892 583633902
583593662 -22.8676943 -43.4767624 583593654 583593673 583593658
583634419 -22.8676907 -43.4724657 583634215 583634422 583634600
583633892 -22.8676611 -43.474193 583633896 583633888
583584503 -22.8676158 -43.4775344 583584405 583253796 583637370
583634600 -22.8676117 -43.473088 583634419 583634597
583637370 -22.8676053 -43.4779378 583584503 583637385 583637375
583637385 -22.8675958 -43.4783026 583637403 583637380 583637370 583637398
583637403 -22.8675854 -43.4786993 583637385 583637408 583584889
583638644 -22.8675746 -43.4771095 583253796 583638451 583638575
583584889 -22.8675663 -43.4794334 583584890 583637403 583584888
583634597 -22.8675523 -43.4731953 583634600
583593673 -22.8674572 -43.4763867 583593662 583593753 583253772
583634215 -22.8674535 -43.4722833 583634419 583634211 583593431
583633888 -22.8674041 -43.4738926 583633884 583633892 583634005
583580993 -22.8673496 -43.4702852 583581004 583593434 583580992
583638451 -22.8673487 -43.4767366 583638644 583638430 583638543
583584888 -22.8673291 -43.4791759 583584887 583584889
583634211 -22.8673052 -43.4726481 583634204 583634215
583634204 -22.8672756 -43.4728305 583634193 583634211
583634005 -22.8672657 -43.4739999 583633888 583634008
583633884 -22.867236 -43.4736888 583633879 583633888
583633454 -22.8672321 -43.4755285 583593455 583633452 583593454
583253772 -22.8671857 -43.4759565 583253773 583592083 583253773 583253771 583593673
583634193 -22.8671668 -43.4730129 583634204
583633879 -22.867147 -43.4734528 583633875 583633884
583638430 -22.8671288 -43.4763736 583638451 583638339 583253771
583253773 -22.8671066 -43.4758063 583593455 583253772 583253771 583253772
583633875 -22.8670482 -43.4730451 583633867 583633879
583593455 -22.867028 -43.4756928 583253773 583593425 583633454
583584887 -22.8670028 -43.4788541 583637408 583584888 591690704
583593434 -22.8670016 -43.4703724 583593448 583580993 583253768
583634008 -22.8669889 -43.474075 583634005
583593448 -22.8669831 -43.4701315 583593434 583593449
583633867 -22.866979 -43.4727983 583633471 583633875
583633452 -22.8669592 -43.4748368 583633450 583633454
583593433 -22.8669534 -43.4709469 583593432 583253768
583253768 -22.8669385 -43.4703882 583253767 583593434 583593433
583593432 -22.8669336 -43.4714297 583636633 583636636 583593433
583633450 -22.8669098 -43.4746651 583633448 583633452
583636633 -22.8669087 -43.4716502 583593432 583593431 583636567
583633448 -22.86689 -43.4743862 583633450
583253771 -22.8668891 -43.475978 583253773 583638430 583636991 583559869 583253772
583593425 -22.8668842 -43.4754852 583593455 583593426
583593431 -22.8668743 -43.4719554 583636633 583634215 583633471
583637408 -22.8668307 -43.4786992 583584887 583637403 583584886
583633471 -22.8668081 -43.472798 583633867 583593430 583593431
583593426 -22.8667854 -43.4752706 583593427 583593425
583253767 -22.8667804 -43.4704419 583637022 583646838 583253768 583559424
583593430 -22.8667656 -43.4733395 583593429 583633471
583637022 -22.8667615 -43.4714465 583253769 583253767
583584886 -22.8667458 -43.4785537 583637380 583637408
583593427 -22.8667162 -43.4750775 583593428 583593426
583253769 -22.8667112 -43.4719761 583637017 583637022
583593428 -22.8666964 -43.474863 583593427 583593429
583593429 -22.8666964 -43.4746269 583593428 583593430
583636991 -22.8666725 -43.4756844 583636998 583253771
591690703 -22.8666343 -43.4799132 591691586 591690704 591691020
583636998 -22.8666231 -43.4754269 583636991 583637003
583637003 -22.8665638 -43.4753088 583636998 583637008 583638689
583637380 -22.8665567 -43.4783104 583637385 583584885 583584886
583637008 -22.866544 -43.4750192 583637017 583637003
583637017 -22.8665045 -43.474826 583637008 583253769
583584885 -22.8664789 -43.4782103 583637380 591690179 583637375
583641024 -22.866455 -43.4731202 583641022 583641266
583559424 -22.8663998 -43.47055 583253767 583559426 583646827
583641022 -22.8663957 -43.4728949 583641278 583641024 583641678
583641278 -22.8663136 -43.4726618 583640901 583641022 583641267
583639053 -22.8662969 -43.4747295 583638940
583641982 -22.8662969 -43.4721975 583641979 583640904
583640904 -22.8662771 -43.472337 583640901 583641982
583647003 -22.8662771 -43.4700946 583646998 583647005
583637375 -22.8662628 -43.4779307 583584884 583584885 583637370
583559426 -22.8662614 -43.4706465 583559424 583559429
591690704 -22.8662512 -43.4793916 583584887 591690703 591690582 591690437
583641979 -22.8662474 -43.4721438 583641982 583641976
583638871 -22.8662277 -43.4737639 583638752 583639106
583639106 -22.8662231 -43.4742361 583638871 583638940 583639254
583584884 -22.8662219 -43.4778778 591689938 583637375
583638940 -22.8662178 -43.4747939 583639056 583639106 583639053
583640901 -22.8661976 -43.4723679 583640898 583640904 583641278
591689938 -22.8661867 -43.4778345 583584405 583584884 591688660
583641976 -22.8661684 -43.4721224 583641837 583641979
583559429 -22.8661527 -43.4708289 583559426 583559432
591691131 -22.8661198 -43.4797849 591691128 591690582 591691020
583559432 -22.8660637 -43.4712151 583559429 583559434
583647005 -22.8660398 -43.4701483 583647003 583647007
583559434 -22.8659747 -43.471419 583641840 583559432
591690582 -22.8659719 -43.4795914 591691019 591691131 591690704
591690437 -22.8659719 -43.4790013 591690435 591690704 591690705
583584405 -22.8659443 -43.4775362 583584503 591689938 583559899
591691019 -22.8659027 -43.4794734 591690582 591691125
583640898 -22.8658916 -43.4724872 583640896 583640901 583641834
583638689 -22.8658915 -43.4753133 583639056 583637940 583637003
583639056 -22.8658908 -43.4752015 583639254 583638940 583638689
583639254 -22.8658847 -43.4742359 583639056 583638752 583639106 583639305
583638752 -22.8658817 -43.4737532 583639254 583638871 583639426 583641266
583641840 -22.8658658 -43.4715701 583641837 583559434 583559440
583641837 -22.8658623 -43.4721225 583641840 583641834 583641976
583646827 -22.865862 -43.470685 583646825 583640693 583559424
583641834 -22.8658619 -43.4721867 583640898 583641837
583559899 -22.8658561 -43.4774915 591688840 583584405
591690179 -22.865807 -43.4786678 591688665 591690102 583584885
583559440 -22.8657968 -43.4716658 583641840 583559443
591690102 -22.8657742 -43.4786902 591690179 591690705
591688665 -22.8657742 -43.4786258 591688663 591690179
583641266 -22.8657729 -43.4733775 583641110 583638752 583641024 583641678
591688840 -22.8657554 -43.4774225 583559896 583559899 591688654
583646825 -22.8657433 -43.4703414 583646823 583646827
591690705 -22.8657404 -43.4787116 591690099 591690102 591690437
591688663 -22.8657149 -43.4785507 591688660 591688665
583641678 -22.8657117 -43.4731529 583641022 583641266 583641267 583641680
583640896 -22.865684 -43.4725623 583640699 583640898
583646823 -22.865684 -43.4702663 583646821 583646825
583559896 -22.8656683 -43.4773628 583559893 591688840
583641267 -22.8656444 -43.4729056 583641278 583641435 583641678
591691128 -22.8656358 -43.4799562 591691131 591691125
583646821 -22.865595 -43.4702448 583646819 583646823
583639305 -22.8655554 -43.4742359 583639254 583639441 583639426
583639426 -22.8655554 -43.4737542 583638752 583640092 583639305
583559893 -22.8655299 -43.4772662 583559896 583638575
591691125 -22.8655271 -43.4797738 591691019 591691128
583638575 -22.8654633 -43.4771289 583559893 583638644 583559890
591688660 -22.865448 -43.4783039 591688663 591689938 591688657
583559890 -22.865431 -43.4770624 591689138 583638575
591689138 -22.8654076 -43.4769845 591687997 583638543 583559890
583640092 -22.8653478 -43.4737548 583639560 583641110 583639426
583638543 -22.8653238 -43.4767051 591689138 583638451 583559886
583559886 -22.8652926 -43.476601 583638339 583638543
583641110 -22.8652832 -43.4735622 583640092 583641680 583641266
583639560 -22.8652786 -43.473755 583640092 583639716 583639441
591688657 -22.86527 -43.4781001 591688660 591688654
583639441 -22.8652688 -43.4742359 583639560 583639305 583639257
583638339 -22.8652372 -43.4763823 583559872 583638430 583559886
583641680 -22.8652103 -43.4733451 583641110 583639945 583641678
583559872 -22.8651839 -43.4761719 583559869 583638339
591690435 -22.8651811 -43.4796021 591690437
583639945 -22.86516 -43.4731953 583641435 583639943 583641680
591688654 -22.8651415 -43.4778211 591689136 591688840 591688657
583641435 -22.8651364 -43.473097 583639945 583640699 583641267
583647318 -22.8651304 -43.4701161 583647315 583646819
591687997 -22.8651119 -43.4770916 591689136 591689138 591687995
583640699 -22.8650803 -43.4728628 583641435 583559443 583640896
583559869 -22.8650652 -43.4759466 583559872 583559867 583253771
583639943 -22.8650018 -43.4731953 583639940 583639945 583639716
583646819 -22.8650018 -43.4703843 583646821 583647318
583559443 -22.8649862 -43.4724704 583559447 583640699 583559440 583640691
583639716 -22.864982 -43.473756 583639560 583639754 583639257 583639943
583639257 -22.8649722 -43.474236 583639441 583639716
583559867 -22.8649664 -43.4757856 583559864 583559869
591689680 -22.8649339 -43.478025 591689563
583640691 -22.8649228 -43.4723048 583559443 583640692
583640692 -22.8649228 -43.4719936 583642760 583640691 583640693
583640693 -22.8649228 -43.4709207 583640692 583642351 583646827
591690099 -22.8648449 -43.4792802 591690705
591689136 -22.8648307 -43.4772703 591688065 591687997 591688654 591689372
583559447 -22.8648181 -43.4725884 583559443 583559451
583559864 -22.8647884 -43.4755174 583637940 583559867
583639940 -22.864725 -43.4731953 583639754 583639943
583639754 -22.8647052 -43.4737568 583639940 583639716 583559847
583644955 -22.8646954 -43.4701697 583644957
583637940 -22.8646681 -43.4753214 583559864 583559861 583638689
583559451 -22.8646599 -43.4726528 583559447 583559454
583559861 -22.8646303 -43.4752599 583559858 583637940
591689560 -22.8646077 -43.4786687 591689563
591689372 -22.8646039 -43.4774059 591689136 591689566 591689299
583559858 -22.8645116 -43.4750239 591687778 583559855 583559861
583559855 -22.8644424 -43.47482 583559858 583559852
591689563 -22.8644279 -43.4783205 591689560 591689566 591689680
583559852 -22.864393 -43.4743372 591687189 583559855
591687189 -22.8643857 -43.4741939 591687517 583559847 583559852
583559847 -22.8643634 -43.4737579 591687189 583639754 591685819
591685819 -22.8643634 -43.4733579 583559454 591685814 583559847
583559454 -22.8643634 -43.472685 583559451 591685819 591686356
591687995 -22.86435 -43.475708 591687778 591687997 591688065
583642351 -22.8642406 -43.471071 583642760 583640693 583642763
583642763 -22.8642307 -43.4706525 583642351 583642765
583642760 -22.8642209 -43.4719078 583642351 583640692 583644503
583642765 -22.864211 -43.4704487 583642763 583642767
583642767 -22.8641517 -43.4703092 583642771 583642765 583643541
591687778 -22.8641148 -43.4752809 583559858 591686989 591687995
591689566 -22.8641085 -43.4777021 591689135 591689372 591689563
591688065 -22.864064 -43.4759114 591688651 591689136 591687995
591688651 -22.8639948 -43.4758256 591688065
591689135 -22.8639453 -43.4777997 591689134 591689566
591687517 -22.8638815 -43.4745262 591687512 1579364905 591687189
1579364905 -22.8638314 -43.4745592 591687517 591687186
591685814 -22.8638168 -43.4733794 591685481 591686277 591685819
591689134 -22.8637971 -43.4777889 591689131 591689135 591689250
591686989 -22.8637872 -43.475493 591687778 591689299
591685481 -22.8637773 -43.4735725 591685814 591685477
591689250 -22.8637476 -43.4769306 591689134
591686277 -22.8637476 -43.473197 591685814 591686279
591689299 -22.8636015 -43.4756149 591686985 591686989 591689372
591687512 -22.8634906 -43.4738836 591687517 591687507
591685477 -22.8632929 -43.4735618 591686457 591685481
591689131 -22.8631841 -43.4777353 591689134 591689128
591667658 -22.8631545 -43.4739587 591667476
591687186 -22.8631149 -43.4750316 591687183 1579364905
591687507 -22.8630457 -43.4741948 591687512
591686985 -22.8630358 -43.4759865 591689299
591667476 -22.8630161 -43.4738514 591667473 591667658 591667659
591686457 -22.8629978 -43.4733129 591686279 591686274 591685477
591686356 -22.8629861 -43.4725799 583559454 583560653 591686279
591686279 -22.862986 -43.4731509 591686457 591686356 591686277 591686274
583643541 -22.8629445 -43.4716384 583644503 583643017 583642767
591689128 -22.8629271 -43.4774134 591689131
583644503 -22.8629259 -43.4718102 583642760 583560653 583643017 583643541
591687183 -22.8628974 -43.4746668 591687186
583560653 -22.8628961 -43.472573 583643523 583644503 591686356
583643017 -22.8627973 -43.4718005 583644503 583643440 583643523 583643541
591686274 -22.8627917 -43.4731391 591686457 591668035 591686279
583643523 -22.8627476 -43.472545 583560653 591668039 583643017
583643440 -22.8626787 -43.4717361 583643442 583643017
591667473 -22.8626107 -43.4741626 591667471 591667476 591667659
591667659 -22.8625865 -43.4735003 591667660 591667473 591667476
583643442 -22.8625699 -43.4716503 583643440 583643445
583643445 -22.8624809 -43.4715001 583643442 583643171
583643171 -22.8624018 -43.4712748 583642771 583561355 583643445
591667471 -22.8623438 -43.4743342 591667469 591667473
591668039 -22.8623342 -43.4725163 583643523 583561359 591668035
591668035 -22.8622756 -43.4727038 591668026 591668039 591686274
591667469 -22.8622647 -43.474345 591667471 591667660 591667466
591667660 -22.8622153 -43.473197 591667469 591668023 591667659
591668023 -22.8622153 -43.4730253 591667660 591668026
591668026 -22.8622153 -43.4728966 591668023 591668035
583561359 -22.8621686 -43.4725048 591668039 591667213 583561361
591667466 -22.8620967 -43.4743021 591667469
583561361 -22.8620303 -43.4723953 583561359 583561362
583561355 -22.8620303 -43.4704749 583647839 583649132 583643171
583561362 -22.8619611 -43.4722558 583561387 583561361
583561387 -22.861918 -43.4721612 583561362 583649924 583561388
591667213 -22.8619083 -43.4724867 583561359 583561390 591666941
591666941 -22.8618792 -43.4733579 591667213 591666930 591667210
583561388 -22.8618721 -43.472288 583561387 583561389
591667210 -22.8618594 -43.4737656 591666941
583649132 -22.8618394 -43.4706965 583561355 583561356 583649114
583561389 -22.8618227 -43.4723953 583561390 583561388
591666930 -22.8617605 -43.4734867 591666925 591666941
583649924 -22.8617431 -43.4717771 583561387 583561358 583649921
583561390 -22.8617236 -43.4724739 591667213 583561389 583560654
583561356 -22.8616052 -43.4709684 583561357 583649132 583561385
583561357 -22.8615557 -43.4711293 583561356 583561358
583561358 -22.8615459 -43.4713439 583561357 583561386 583649924
591666925 -22.8615431 -43.47383 591666930
583561385 -22.8615162 -43.4709684 583561356 583561386
583561386 -22.861359 -43.4709198 583561358 583561363 583561385
583561363 -22.8613284 -43.4708504 583561386 583648027
583560654 -22.8612097 -43.4724382 583561390 583560655
583649921 -22.8611266 -43.4717147 583649918 583649924
583650537 -22.8609585 -43.471425 583650336
583560655 -22.8608835 -43.472449 583560654 583560656
583649918 -22.8608695 -43.4717361 583649907 583649921
583560656 -22.8606858 -43.4725133 583560655 583560657
583649907 -22.8606619 -43.4717791 583650097 583649918 583650720
583650720 -22.860563 -43.4714357 583649907 583650727
1848552181 -22.8605557 -43.4794227 1848552274
593437502 -22.8604367 -43.4798318 593438584 593438733
583650336 -22.8604148 -43.4702556 583650537 583650727 583650540
1848552274 -22.860353 -43.479589 1848552181 593438584
593438584 -22.8602677 -43.4796994 593438454 1848552198 593437502 1848552274
583651469 -22.8602467 -43.4711675 583651466
583650097 -22.860196 -43.4719795 583649907 583651466 583649904
1848552277 -22.8601899 -43.4790633 1848552175
583560657 -22.8601816 -43.4726314 583560658 583560656
1848552198 -22.8601323 -43.4796315 593437497 593438584 1848552175
583650727 -22.8601314 -43.4705279 583650840 583650336 583650720
1848552175 -22.8601306 -43.4792752 1848552277 1848552198
583649904 -22.8600885 -43.4720258 583650097 583560658
593437497 -22.8600709 -43.4796065 1779356441 1848552198
583560658 -22.8600292 -43.4726481 583560657 583560659 583649904
