2420233773 -22879954 -43220728 2420233834 2420233782
2420233844 -22879932 -43223584 2420233777 2420233836
2374430215 -22879917 -43228627 2374430206 2374430204
2210049428 -22879907 -43226813 2210049435 2210049425
2420233830 -22879898 -43222407 2420233846 2420233805
2420233846 -22879893 -43221973 2420233830 2420233843
2420233818 -22879891 -43221277 2420233824 2420233843
2420233805 -22879890 -43223066 2420233781 2420233830
2420233843 -22879884 -43221339 2420233846 2420233818
2420233824 -22879879 -43221245 2420233818 2420233833
2374431005 -22879872 -43227878 2374430220 2374431011 2374430226
2420233781 -22879870 -43223187 2420233777 2420233805
2420233833 -22879847 -43221222 2420233824 2420233834
2420233777 -22879806 -43223325 2420233781 2420233844 2420233766
2374430206 -22879789 -43228700 2374430215 2374430227 2374430211
2374430227 -22879772 -43228761 2374430219 2374430206
2374430211 -22879756 -43228667 2374430220 2374430206 2374430224
2374430226 -22879747 -43227817 2374431005 2374430996
2420233834 -22879744 -43221181 2420233838 2420233833 2420233773
2210049425 -22879731 -43227064 2210049441 2210049428
2210087973 -22879714 -43224710 2420233817 2210049420
2420233838 -22879707 -43221262 2420233842 2420233834 2420233755
2420233787 -22879670 -43224560 2420233835 2420233817
2420233835 -22879670 -43224493 2420233825 2420233787
2420233825 -22879665 -43224463 2420233835 2420233762
2374430996 -22879661 -43227808 2210049441 2374430226 2374431009
2374430224 -22879656 -43228611 2374431011 2374430211
2420233762 -22879651 -43224435 2420233825 2420233796
2420233817 -22879639 -43224694 2210087973 2210087965 2420233787
2420233766 -22879637 -43223130 2420233777 2420233799
2420233796 -22879621 -43224414 2420233806 2420233762
2420233755 -22879589 -43221486 2420233838 2420233810
2420233810 -22879570 -43221515 2420233764 2420233755
2374431011 -22879567 -43228554 2374430224 2374430216 2374431005
2420233806 -22879549 -43224383 2420233819 2420233796
2420233764 -22879526 -43221534 2420233832 2420233810
2420233799 -22879506 -43222945 2420233766
2420233832 -22879483 -43221545 2420233789 2420233764
2374430216 -22879429 -43228466 2374431011 2374431009
2210087965 -22879418 -43224646 2210087972 2420233817
2374426934 -22879389 -43229775 2374426943 2374426931 2374426946
2374431009 -22879385 -43228455 2374430216 2374430205 2374430996
2210049441 -22879371 -43227776 2374430205 2210049425 2374430996
2420233819 -22879344 -43224282 2420233806 2420233791
2420233788 -22879264 -43221756 2420233848 2420233823
2420233848 -22879260 -43221694 2420233826 2420233788
2420233823 -22879260 -43221801 2420233769 2420233788
2420233769 -22879246 -43221845 2420233776 2420233823
2420233791 -22879239 -43224213 2420233819 2420233790
2420233826 -22879234 -43221623 2420233789 2420233848
2420233789 -22879203 -43221547 2420233826 2420233832 2420233767
2420233776 -22879196 -43221892 2420233769 2420233780
2420233790 -22879154 -43224124 2420233791 2420233774
2374426943 -22879128 -43229480 2374426936 2210049376 2374426934
2420233774 -22879088 -43224037 2420233770 2420233790
2420233793 -22879084 -43223423 2420233786 2420233794
2374430205 -22879083 -43228378 2210049376 2210049441 2374431009
2420233794 -22879082 -43223560 2420233793 2420233797
2420233842 -22879068 -43221284 2420233838 2420233761
2420233786 -22879067 -43223335 2420233793 2420233853
2420233784 -22879050 -43223134 2420233763 2420233813
2420233761 -22879050 -43221345 2420233842 2420233841
2420233853 -22879048 -43223266 2420233786 2420233763
2420233763 -22879046 -43223194 2420233853 2420233784
2420233813 -22879045 -43223000 2420233784 2420233829
2420233841 -22879045 -43221471 2420233761 2420233767
2420233770 -22879044 -43223992 2420233779 2420233774
2420233797 -22879042 -43223777 2420233783 2420233794
2420233767 -22879042 -43221543 2420233789 2420233841 2420233753
2420233829 -22879031 -43222931 2420233813 2420233820
2420233820 -22879012 -43222883 2420233829 2420233815
2420233780 -22879010 -43222007 2420233776 2420233775
2420233779 -22879005 -43223954 2420233770 2420233783
2420233783 -22879003 -43223919 2420233779 2420233797
2210087972 -22878958 -43224456 2210087975 2374420030 2210087965
2420233753 -22878934 -43221642 2420233847 2420233767
2420233775 -22878922 -43222059 2420233802 2420233780
2420233815 -22878893 -43222687 2420233820 2420235046
2420233802 -22878882 -43222082 2420233792 2420233775
2420233847 -22878860 -43221713 2420233828 2420233753
2420235046 -22878853 -43222652 2420233815 2420233758
2420233792 -22878818 -43222094 2420233802 2420233837
2420233758 -22878816 -43222632 2420235046 2420233801
2420233828 -22878811 -43221760 2420233852 2420233847
2374426936 -22878807 -43229863 2374426943
2420233837 -22878774 -43222076 2420233792 2420233803
2420233852 -22878766 -43221836 2420233757 2420233828
2210049376 -22878751 -43229073 2374430205 2374426943 2374426955
2420233801 -22878739 -43222622 2420233822 2420233758
2420233757 -22878731 -43221900 2420233839 2420233852
2420233803 -22878724 -43222039 2420233837 2420233808
2420233839 -22878698 -43221929 2420233757 2420233808
2420233822 -22878654 -43222635 2420235049 2420233801
2420233808 -22878652 -43221964 2420233803 2420239232 2420233839 2420233809
2374420030 -22878638 -43225736 2210087972 2374420018
2420235049 -22878594 -43222650 2420233822 2420233804
2420233809 -22878593 -43222079 2420233845 2420233808
2374420018 -22878583 -43226079 2374420050 2374420030
2420233804 -22878543 -43222684 2420235049 2420233759
2420233759 -22878489 -43222745 2420233840 2420233804
2420239232 -22878442 -43221793 2420239237 2420233808
2374420050 -22878415 -43226390 2374420049 2374420018
2420233845 -22878392 -43222458 2420233800 2420233809
2374426955 -22878390 -43229749 2210049378 2210049376 2374426925
2420233840 -22878373 -43222841 2420233831 2420233759
2210049378 -22878350 -43229823 2374426944 2374426955
2374420054 -22878317 -43225543 2374420022 2374420049
2420233800 -22878311 -43222635 2420233850 2420233845
2420233850 -22878274 -43222817 2420233831 2420233800
2420233831 -22878244 -43222892 2420233840 2420235048 2420233850
2420235048 -22878215 -43222951 2420235051 2420233831
2420235051 -22878159 -43222990 2420235048 2420235045
2374420049 -22878148 -43226492 2374420021 2374420050 2374420054
2420239237 -22878128 -43221532 2420239232 2420239255
2420239240 -22878102 -43222194 2420239246 2420239253
2420239253 -22878091 -43222162 2420239240 2420239233
2420239233 -22878065 -43222144 2420239245 2420239253
2420239246 -22878058 -43222457 2420239256 2420239236 2420239240
2420235045 -22878045 -43223009 2420235047 2420235051
2420239236 -22878009 -43222749 2420239258 2420239229 2420239246
2420235047 -22877991 -43223015 2420239229 2420235045
2420239229 -22877965 -43223012 2420235047 2420235044 2420239236
2420239245 -22877953 -43222110 2420239252 2420239233
2420235044 -22877940 -43223009 2420235050 2420239229
2420239255 -22877933 -43221409 2420239237 2420239231
2374420022 -22877875 -43225405 2374420023 2374420054 2374420046
2420239231 -22877841 -43221379 2420239255 2420239243
2420239252 -22877805 -43222072 2420239245 2420239234
2420235050 -22877780 -43222978 2420236056 2420235044
2420239243 -22877718 -43221394 2420239231 2420239241
2210087975 -22877678 -43223916 2210087957 2210087972
2374420021 -22877653 -43226706 2374420046 2374420037 2374420049
2374420046 -22877648 -43226583 2374420021 2374420022
2420239241 -22877646 -43221441 2420239243 2420239251
2374420023 -22877629 -43225329 2374420027 2374420047 2374420022
2420239234 -22877627 -43222035 2420239252 2420239250
2420239251 -22877510 -43221586 2420239241 2420239249
2420239250 -22877469 -43222011 2420239234 2420239248
2374420047 -22877467 -43225280 2374420023 2374420026
2374420027 -22877378 -43226679 2374420032 2374420023 2374420037
2374420037 -22877346 -43226854 2374420027 2374420016 2374420021
2420239248 -22877326 -43222013 2420239250 2420239257
2420239249 -22877305 -43221784 2420239251 2420239244
2374420026 -22877299 -43225580 2374420017 2374420047
2210087957 -22877283 -43223777 2210087975 2374420039
2374420017 -22877210 -43225854 2374420028 2374420026
2420239257 -22877194 -43222083 2420239248 2420239256
2374420032 -22877175 -43226310 2374420027 2374420028
2374420028 -22877160 -43226176 2374420032 2374420017
2420236056 -22877130 -43222828 2420239230 2420235050
2420239244 -22877063 -43221975 2420239249 2420239239
2420239256 -22877036 -43222236 2420239235 2420239246 2420239257
2420239235 -22876925 -43222292 2420239256 2420239258
2374420016 -22876744 -43227028 2374420019 2374420037
2420239230 -22876741 -43222736 2420236071 2420236056
2420239239 -22876732 -43222254 2420239244 2420239238
2420239258 -22876716 -43222450 2420239235 2420239242 2420239236
2420239242 -22876633 -43222517 2420239254 2420239258
2374420039 -22876578 -43223688 2210087957 2374420045 2210087962
2420236071 -22876569 -43222713 2420236064 2420239230
2374420045 -22876527 -43223911 2374420039 2374420035
2420239238 -22876522 -43222452 2420239239 2420239259
2420239254 -22876504 -43222602 2420236059 2420239242
2420236064 -22876434 -43222719 2420236059 2420236071
2210087962 -22876433 -43223670 2210087974 2374420039
2420239259 -22876361 -43222589 2420239238 2420239247
2420239247 -22876314 -43222653 2420236059 2420239259
2420236059 -22876281 -43222736 2420236061 2420236064 2420239254 2420239247
2210087974 -22876221 -43223596 2420236069 2210087962
2420236069 -22876131 -43223533 2210087960 2210087974
2420236061 -22876113 -43222795 2420236059 2420236066
2210087960 -22876043 -43223404 2420236069 2210087961
2210087961 -22875920 -43223073 2420236066 2210087960
2420236066 -22875847 -43222873 2210087967 2420236061 2210087961
2374420035 -22875835 -43225156 2374420045 2374420051
2374420019 -22875795 -43227221 2374420029 2374420016
2374420051 -22875712 -43225569 2374420035 2374420041
2374420041 -22875543 -43225912 2374420051 2374420015
2210087976 -22875523 -43220590 2210087956 2210087964
2374420015 -22875419 -43226079 2374420034 2374420041
2374420029 -22875390 -43227430 2374420043 2374420019
2210087964 -22875357 -43220858 2210087976 2210087955
2374420034 -22875330 -43226121 2374420036 2374420015
2210087967 -22875306 -43221309 2210087954 2420236066
2210087955 -22875276 -43220998 2210087964 3166870322
3166870322 -22875270 -43221053 2210087955 2210087954
2210087954 -22875256 -43221170 3166870322 2210087967
2374420043 -22875232 -43227473 2374420029 2374420048
2374420036 -22875203 -43226122 2374420034 2374420020
2374420020 -22874995 -43226106 2374420036 2374420052
2374420052 -22874812 -43226149 2374420020 2374420042
2374420048 -22874807 -43227527 2374420043 2374420024
2374420024 -22874708 -43227522 2374420044 2374420048
2374420042 -22874663 -43226245 2374420052 2374420025
2374420044 -22874589 -43227463 2374420040 2374420024
2374420025 -22874546 -43226422 2374420042 2374420053
2374420040 -22874490 -43227361 2374420033 2374420044
2374420033 -22874406 -43227162 2374420040 2374420031
2374420053 -22874406 -43226695 2374420025 2374420031
2374420031 -22874352 -43226958 2374420053 2374420033
277538239 -22866865 -43224447 277538240 277538238
277538240 -22866842 -43224216 277538241 277538239
277538238 -22866794 -43227160 277538237 277538239
277538241 -22866786 -43224044 277538240 277536800
277538237 -22866755 -43227383 277538236 277538238
277538236 -22866628 -43227623 277538235 277538237
277538235 -22866383 -43227863 3014252875 277538236
277536800 -22866288 -43223289 277538241 277536799 277536807
277536807 -22866209 -43223126 277536800 277538242
3149015006 -22865727 -43220952 3149015008 277538252
3149015008 -22865678 -43220985 3149015015 3149015006
3149015015 -22865525 -43221090 3149015008 277538242
1678342783 -22865246 -43229976 3014252866
277538242 -22865154 -43221362 3149015015 277536807 3149015007
3014252866 -22865001 -43229580 3014252867
3014252875 -22864982 -43228873 277538235 3014252876
3014252867 -22864904 -43229471 3014252868
3014252876 -22864884 -43228976 277482375 3014252875
3014252868 -22864791 -43229389 3014252872 277482382
3014252874 -22864728 -43228972 277482375
277482375 -22864720 -43229104 277482382 3014252876
3149015007 -22864720 -43220641 277538242 3149015005
3014252873 -22864703 -43228887 3014252874
3014252872 -22864688 -43229358 3014252870
3149015005 -22864672 -43220563 3149015007 3149163533
277482382 -22864628 -43229163 3014252869 1942052110
277536799 -22864611 -43224568 744111192
1942052110 -22864580 -43229087 3149089064
3014252870 -22864571 -43229344 3014252871
277536806 -22864509 -43224405 277536807 277536799
3014252871 -22864418 -43229355 3014252869
3149163533 -22864401 -43220117 277538243 3149015005
3014252869 -22864289 -43229392 3014252877
3149089068 -22863583 -43227125 3014252873 3149089064
3149089064 -22863398 -43227255 744111160 3149089068 3149089065
1942052127 -22863367 -43229992 1942052110
3149089065 -22863361 -43227287 3149089064 3149089066
277538393 -22863235 -43220473 277538392 277538243
3149089066 -22863193 -43227468 3149089067 3149089065
744111188 -22863087 -43225817 3149147397 744111192
3149147397 -22863081 -43225945 744111188 744111185
744111192 -22863062 -43225692 744111188 3149147398
744111185 -22863049 -43226051 744022331 3149147397
3718044349 -22863048 -43229847 3718044150 3718079748
744022331 -22863044 -43226068 744111169 744111185
3149147398 -22863013 -43225585 744111192 744111195
744111169 -22862979 -43226175 744111164 744022331 3149089068
744111195 -22862941 -43225494 744111199 277536806 3149147398
744111164 -22862907 -43226247 744111160 744111169
744111199 -22862851 -43225428 744111195 744022355
744022355 -22862842 -43225421 744111199 3149147396
277538392 -22862821 -43220744 277538391 277538393
744111160 -22862794 -43226319 744111164 744111156
3149147396 -22862728 -43225378 744022355 744111202
744111156 -22862702 -43226338 744111151 744111160
744111202 -22862618 -43225370 3149147396 3014218512
3014218512 -22862608 -43225370 3014252865 744111202
744111151 -22862576 -43226338 744111149 744111156
3718079748 -22862559 -43229021 3718044349 3718079744
3014252865 -22862490 -43225396 3014218512 744111142
744111149 -22862454 -43226300 744111148 744111151
277538391 -22862441 -43221025 277538392 277538672 3014218757
744111142 -22862395 -43225449 3014252865 744022370
744022370 -22862382 -43225456 744111142 744111143
3718044207 -22862378 -43225291 3014252865
744111148 -22862362 -43226245 2334142121 744111149 744111147
744111143 -22862293 -43225545 3718044145 744022370 744111144
744111147 -22862256 -43226109 744111148 744111146
2334142121 -22862227 -43226289 3149042476
744111144 -22862223 -43225674 744111145 744111143
744111146 -22862202 -43225968 744111145 744111147
3149089067 -22862194 -43228140 3718079744 3149089066
744111145 -22862192 -43225819 744111144 744111146
3014218757 -22862185 -43221210 277538391 715720268
2334142122 -22862121 -43226076 744111146
3718079744 -22862061 -43228250 3149089067 3718079748
2507002087 -22861832 -43224417 3718044207
3718044156 -22861792 -43224348 2507002087
715720268 -22861771 -43221514 277537456 3014218757
3718044145 -22861733 -43224593 2507002093
2507002093 -22861707 -43224545 277537686
3149042476 -22861299 -43226954 3718044350
3718044350 -22861007 -43227164 2507002101
2507002101 -22860934 -43227215 3101297132
3718044144 -22860898 -43226969 2334142122
2507002098 -22860861 -43226994 3718044144
277537456 -22860560 -43222372 3718044156 715720268
277537457 -22860227 -43221715 277537686 277537456
277537686 -22860059 -43221837 277537457 277537684
3101297132 -22860039 -43227843 3149017328
