3759607852 -22.9575795 -43.2925671 2141095318
2141095318 -22.957267 -43.2926562 2141095314 3759607852
2141095314 -22.9571419 -43.2926091 2141095306 2141095318
2141095306 -22.9570036 -43.2925232 2141095307 2141095314
2141095307 -22.9567072 -43.2921799 2141095306 3077482850
3077482849 -22.9563685 -43.2907833 819809230
819808728 -22.9563537 -43.2906867 3077482849
819809230 -22.9563487 -43.2908289 819808631
819808631 -22.956329 -43.2908503 819808950
819808950 -22.9562524 -43.290963 819809472
819809472 -22.9562351 -43.2910086 819808847
819808847 -22.9562104 -43.2910515 819809357
819809357 -22.9561907 -43.2911319 3077482850
3077482850 -22.9561813 -43.2912892 819808569 2141095307
819808569 -22.9560993 -43.291427 819809063
819808459 -22.9560869 -43.2904641 819808728
819809049 -22.9560203 -43.2901315 3077482848
819809063 -22.956003 -43.2915638 819808470
3077482847 -22.9559733 -43.2903648 819808459
3077482852 -22.9559536 -43.2903219 3077482847
3077482848 -22.9559462 -43.2902522 3077482852
819808470 -22.9559042 -43.2916228 819809397
819809397 -22.9558079 -43.2916657 819808784
819808784 -22.9557461 -43.2916898 819809281
819809281 -22.9555683 -43.2917649 819808668
819808668 -22.9554226 -43.2918132 819808966
819808966 -22.9552274 -43.2917971 819809493
819809493 -22.9550373 -43.2917301 819808862
819808862 -22.9549163 -43.2916416 819809378
819809378 -22.9548249 -43.291486 819809186
819809186 -22.9547508 -43.2914216 3077482854
3077482854 -22.954652 -43.2914109 3077482853
3077482853 -22.9545557 -43.2914163 819808594
819808594 -22.9543927 -43.2914511 819809076
819809076 -22.9542548 -43.2914762 819808495
819808495 -22.9541827 -43.2914384 819809410
819809410 -22.9540666 -43.2913733 819808799
819809308 -22.9540197 -43.291089 819808686
819808799 -22.9540098 -43.2912258 819809308
819808686 -22.9540093 -43.2910388 819808538
819808538 -22.9539201 -43.291016 819809022
819809022 -22.95379 -43.2910703 819809531
819809531 -22.9536566 -43.2910649 819808913
819808913 -22.9535776 -43.2909791 819809199
819809199 -22.9535208 -43.2906787 819808601
819808601 -22.9534591 -43.2904828 819809095
819809095 -22.9533948 -43.2902683 819808513
819808513 -22.953338 -43.2901127 819809436
819809436 -22.953222 -43.2900456 3077482882
3077482882 -22.9531232 -43.2900376 819808817
3077549467 -22.9477208 -43.2901333 3077482864 3077482861
3077482861 -22.9476893 -43.2902935 3077549467 3077482863
3077482863 -22.9476226 -43.2906097 3077482861 3077482862
3077482862 -22.9475862 -43.2907845 3077482863 3077482859
3077482859 -22.9475267 -43.2909211 3077482862 3077482860
614482785 -22.9474211 -43.2914644 3077549469
3077482860 -22.9474198 -43.2910419 3077549468 3077482859
3077549468 -22.9473701 -43.2911231 3077482858 3077482860
3077549469 -22.9473627 -43.291343 3077482858 614482785
3077482858 -22.9473429 -43.2912089 3077549468 3077549469
