2374415735 -22.8745068 -43.2099762 2420479797
34580126 -22.8713946 -43.2042282 3442787388
145760584 -22.871286 -43.2042843 145760583
1798611198 -22.8710843 -43.2039404 34580126
145760583 -22.8710067 -43.2040254 1798611210
1798611210 -22.8708356 -43.2038492 1798611119
1798611036 -22.8707887 -43.2036316 1798611198
1798611119 -22.8706826 -43.2036892 1798611148
1798611269 -22.8706385 -43.2034588 1798611036
1798611148 -22.8705488 -43.2035437 1798611068
1798611011 -22.8704876 -43.2032943 1798611269
1798611068 -22.8703962 -43.2033692 1798611104
1798611131 -22.8703637 -43.2031435 1798611011
1798611104 -22.8702657 -43.2032199 1798611214
1798611273 -22.8702478 -43.2030016 1798611131
1798611090 -22.8701535 -43.2028748 1798611273
1798611214 -22.8701314 -43.2030483 1798611233
1798611087 -22.8700696 -43.2027629 1798611090
1798611233 -22.8699919 -43.2028683 145760582
34580127 -22.8699788 -43.202643 1798611087
145760582 -22.8699038 -43.2027433 1798611047
1798611220 -22.869868 -43.2024937 34580127
1798611047 -22.8697191 -43.2024924 1798611074
1798611084 -22.8697119 -43.2022751 1798611220
1798611074 -22.8695829 -43.2022941 1798611045
1798611043 -22.8695555 -43.2020369 1798611084
1798611045 -22.8694681 -43.2021167 1798611295
1798611271 -22.8694639 -43.2018903 1798611043
1798611295 -22.8693641 -43.2019586 1798611100
1798611161 -22.8693408 -43.2016982 1798611271
1798611100 -22.8692613 -43.2017914 1798611151
1798611169 -22.8692276 -43.2015091 1798611161
1798611151 -22.8691521 -43.2016036 1798611145
1798611136 -22.8691265 -43.2013263 1798611169
1798611145 -22.8690508 -43.2014149 145760581
145746244 -22.8690438 -43.201173 1798611136
145760581 -22.8689501 -43.2012292 1798611300
1798611167 -22.8689405 -43.2009698 145746244
1798611042 -22.8688532 -43.2007909 1798611167
1798611300 -22.8688318 -43.2009878 1798611056
1798611212 -22.8687766 -43.2006223 1798611042
1798611056 -22.8687385 -43.2008022 1798611218
1798611173 -22.8686961 -43.200445 1798611212
1798611218 -22.8686586 -43.2006221 1798611163
1798611016 -22.8685881 -43.200205 1798611173
1798611163 -22.8685619 -43.2004134 1798611127
1798611127 -22.8684705 -43.2002095 145760579
