2404327126 -22.9398786 -43.1908279 331107909
141968300 -22.9398205 -43.1962323 141968297 3903739600
3903739600 -22.9396961 -43.1961639 141968300 331107713
331107897 -22.9395141 -43.1938664 331107896
331107895 -22.9394238 -43.1945139 331107894
2404327116 -22.939355 -43.190763 2404327126
331107829 -22.9393286 -43.1983988 331107820
331107713 -22.9392672 -43.1960548 141968303 3903739600 331107714
331107820 -22.9390878 -43.1980968 331107819 331107829
331107819 -22.938984 -43.1980732 331107818 331107820
331107714 -22.9387681 -43.1972024 331107715 331107713
331107818 -22.9387528 -43.1981959 331107817 331107819
2404327110 -22.9386871 -43.1907592 2404327116
331107896 -22.9386269 -43.1937181 331107897 3709894903 144990611
144990611 -22.9386164 -43.1937833 331107896 2830340232 331107894
331107816 -22.9386159 -43.1985262 331107807 331107817
331107817 -22.9386064 -43.1984224 331107816 331107818
2404327117 -22.9385945 -43.1907261 2404327110
331107807 -22.9385876 -43.1986065 331107816 331107796
3709894903 -22.9385762 -43.1930362 38625856 331107896
141968303 -22.9385744 -43.195848 331107713 141968305
2404327141 -22.9385699 -43.1907667 2404327110
2404327124 -22.938565 -43.1906973 2404327117
38625856 -22.9385648 -43.1929469 331107905 3709894903
2404327137 -22.9385329 -43.1906474 2404327124
2404327098 -22.9385177 -43.1907832 2404327141
331107796 -22.938479 -43.1987764 331107789 331107807
3709894897 -22.9384697 -43.1915643 331107905
2404327130 -22.9384574 -43.1905049 2404327137
331107894 -22.9384409 -43.1943613 331107895 144990611 1578566157
331107905 -22.9384296 -43.1915631 1018080209 38625856
2404327113 -22.9384263 -43.1904674 2404327130
331107789 -22.9384035 -43.1988 331107782 331107796
331107715 -22.9383964 -43.1974089 331107716 331107714
141968305 -22.9383959 -43.1957633 141968303 141968306
1578566157 -22.9383884 -43.1945144 331107894 141968308 2830340230
1018080209 -22.9383881 -43.1912096 642160503 331107905
2404327138 -22.9383687 -43.1904324 2404327113
2404327101 -22.9383671 -43.1908795 2404327098
2404327128 -22.9383367 -43.1909163 2404327101
331107782 -22.9383327 -43.1988708 331107774 331107789
642160503 -22.9383304 -43.1909695 1018080209 38625854 2404327128
2404327131 -22.9382893 -43.1904057 2404327138
38625854 -22.9382414 -43.1907745 1018080251 642160503
141968306 -22.938225 -43.1956103 3903739602 141968305
1018080251 -22.938148 -43.1906305 2404327115 38625854
331107774 -22.9381392 -43.1989888 331107766 331107782
3903739602 -22.938135 -43.1954523 141968306 3903739601
141968308 -22.938132 -43.1951104 3903739601 1578566157
3903739601 -22.9381095 -43.1952765 3903739602 141968308
2404327096 -22.9380874 -43.1903694 2404327131
331107766 -22.9380542 -43.1989699 331107759 331107774
2404327115 -22.9380363 -43.1905261 331107913 1018080251
331107716 -22.9380247 -43.197928 331107715 331107732
2404327140 -22.9380028 -43.1903727 2404327096
331107759 -22.9379882 -43.1989085 331107752 331107766
2830340232 -22.9379726 -43.1936098 3071083410 144990611
3709894893 -22.9379611 -43.1903874 2404327140
331107752 -22.9379504 -43.1985923 331107732 331107759
2404327105 -22.9379378 -43.1903956 3709894893
3709894892 -22.9379146 -43.1903664 331107913
2830340230 -22.9379137 -43.1942976 2830340229 1578566157
331107913 -22.9379041 -43.1904292 38625853 2404327115 2404327105
38625853 -22.9378046 -43.1903891 331107913 419919467
331107732 -22.9376826 -43.1981935 331107716 331107752
331107706 -22.9376118 -43.1928867 3071083413
1578566158 -22.9375392 -43.1999864 1578566155
3071083413 -22.9375304 -43.1928217 3071083412 331107706
3071083412 -22.9374323 -43.1927775 331107705 3071083413
3071083410 -22.937385 -43.1933969 3071083411 2830340232
2830340229 -22.9373582 -43.1940428 2830340228 2830340230
3071083411 -22.9373462 -43.1933959 3071083410 331107707
2830340228 -22.9373247 -43.1941181 2830340229 2830340227
331107707 -22.9373223 -43.1934167 3071083411 331107703
331107705 -22.9373103 -43.1927983 3071083409 3071083412
331107703 -22.937229 -43.1936947 331107708 331107707
1578566155 -22.9370348 -43.1993664 1578566154 1578566158
331107830 -22.9369944 -43.1988507 1819813794
331107836 -22.936964 -43.1949487 331107835
1819813725 -22.9369609 -43.1971167 38663064 1819813799
1819813799 -22.9369562 -43.1971872 1819813725 1819813720
38663064 -22.9369533 -43.1970151 38663063 1819813725
331107708 -22.936949 -43.1935725 331107703 3071083408
1819813720 -22.9369357 -43.1972821 1819813925 1819813799
38663063 -22.9369254 -43.196871 38663062 38663064
1578566154 -22.9369068 -43.1993915 1578566155 1578566152
1819813925 -22.9369044 -43.1973535 1819813879 1819813720
1819813879 -22.9368598 -43.1974175 1819813925 1819813690
1578566153 -22.9368274 -43.1999919 1578566150 1578566151
1578566152 -22.9368249 -43.199511 1578566154 1578566151
1578566151 -22.9368095 -43.1997251 1578566153 1578566152
331107835 -22.9368035 -43.1944768 331107836 331107834
3071083409 -22.9367983 -43.1932166 331107705 331107704
1819813794 -22.9367943 -43.1990025 1819813843 331107830
3071083408 -22.9367768 -43.1933933 331107708 331107704
331107704 -22.9367696 -43.1932998 3071083409 3071083408
2830340227 -22.9367648 -43.193796 2830340228 1578566156
1819813843 -22.936739 -43.1990362 1819813706 1819813794
419919467 -22.9367051 -43.1901589 38670438 38625853
1819813690 -22.9366648 -43.1976351 1819813879 38663066
1819813706 -22.9366351 -43.1990664 1819813843 1819813674
1819813611 -22.9366257 -43.1900186 1819813681
38663066 -22.9366174 -43.1976984 1819813759 1819813690
1819813602 -22.936581 -43.1900401 1819813611
1819813759 -22.9365736 -43.1977794 38663066 1819813761
1819813674 -22.9365701 -43.1990761 344376519 1819813706
1819813761 -22.936552 -43.1978356 1819813759 38663067
329633573 -22.9365492 -43.1970751 468728618 3375612626
38663067 -22.9365368 -43.1979963 1819813657 1819813761
3375612626 -22.9365325 -43.1968968 329633573 468728633
1819813657 -22.9365312 -43.1989727 38663067 1819813904
1819813904 -22.9365272 -43.1990116 1819813657 344376519
468728618 -22.936509 -43.1972352 329633545 329633573
38663062 -22.9365005 -43.1952288 1819813707 38663063
344376519 -22.9364976 -43.1990784 1819813641 1819813904 1819813674
38670438 -22.9364837 -43.1900918 38660108 419919467 419919476
1819813707 -22.9364774 -43.1950515 1819813735 38663062
1819813641 -22.9364765 -43.1991046 344376519 344376529
1819813735 -22.9364765 -43.1948404 38663061 1819813707
419919476 -22.9364757 -43.1901719 419919468
419919468 -22.9364675 -43.1902545 1819813709
38663061 -22.9364664 -43.1947876 38663060 1819813735
344376529 -22.9364494 -43.1991397 1819813641 1819813808
38663060 -22.9364481 -43.1947398 38663061 1819813861
1578566156 -22.9364442 -43.1934193 3071082491 2830340227
331107901 -22.9364439 -43.1900358 1819813602
38660108 -22.9364426 -43.1900706 38670438 345973391
419919471 -22.9364419 -43.1902199 419919468
1819813638 -22.9364164 -43.1991231 1819813641
1819813613 -22.9364112 -43.190198 419919471
1819813861 -22.9364023 -43.1946701 38663060 1819813790
329633545 -22.9363984 -43.1974171 468728618 329633516
1819813808 -22.9363975 -43.1991805 344376529 1578566138
3071082491 -22.9363939 -43.1934063 1578566156
419919479 -22.9363898 -43.1901435 38660108
331107834 -22.9363835 -43.1940473 331107833 331107835
1819813635 -22.9363718 -43.1901954 1819813613
344376530 -22.9363701 -43.1991274 1819813638
1819813790 -22.9363701 -43.194637 1819813850 1819813861
345973391 -22.9363447 -43.1900399 3686241505 38660108 331107901
1819813709 -22.9363426 -43.1914784 38670381
419919472 -22.9363365 -43.1902171 1819813635 419919479
1578566141 -22.9363308 -43.1997918 1578566138 1578566142
38670381 -22.9363262 -43.1915379 38670380
1819813723 -22.9363023 -43.199119 344376530
1819813850 -22.9362755 -43.1945888 38663058 1819813790
1819813798 -22.9362635 -43.199101 1819813723
1819813752 -22.9362216 -43.1990625 1819813798
1578566138 -22.9362215 -43.199262 1819813808 344376406 1578566141 3375612630
3375612630 -22.9362139 -43.1992021 344376531 1578566138
331107833 -22.9361972 -43.193749 331107832 331107834
344376531 -22.9361893 -43.1990073 1819813752 329633347 3375612630
38663058 -22.9361811 -43.1945857 1819813850 1819813939
468728633 -22.9361806 -43.1959507 3375612626 3375612627
329633347 -22.9361615 -43.1987541 344376531 1819813806
1819813939 -22.9361331 -43.1945994 1819813944 38663058
3375612627 -22.9361169 -43.1958707 468728633 329633602
1819813806 -22.9360935 -43.1984869 329633347 329633365
1819813935 -22.9360886 -43.1905595 419919472
1819813944 -22.9360878 -43.1946315 1819813900 1819813939
344376406 -22.9360841 -43.1993051 344376404 1578566138
1819813900 -22.936046 -43.1946746 1819813944 1819813943
329633516 -22.9360432 -43.1977337 329633502 329633545
331107832 -22.9360177 -43.1932674 1819813896 331107833
329633602 -22.9360097 -43.1958707 3375612627 3375612628
329633365 -22.935993 -43.1982504 1819813806 329633473
1819813927 -22.9359856 -43.190724 1819813935
329633502 -22.9359695 -43.1978865 329633473 329633516
1819813896 -22.9359684 -43.1932112 1819813883 331107832
329633473 -22.9359561 -43.1980939 329633365 329633502
3375612628 -22.9359259 -43.1959144 329633602 329633618
1819813883 -22.9358939 -43.1931725 1819813896 331107831
1819813943 -22.9358931 -43.1948784 38663057 1819813900
38670380 -22.9358432 -43.1926579 38670377
38663057 -22.9358281 -43.1949414 1819813671 1819813943
38670377 -22.9358191 -43.1927266 38670374
1819813671 -22.9357845 -43.1949568 38663057 38663056
1819813767 -22.9357727 -43.1938874 38663023 1819813652
1819813652 -22.9357717 -43.1939534 1819813767 1819813793
329633618 -22.9357651 -43.196009 3375612628 3375612625
38670368 -22.9357641 -43.1936423 38663023
38663023 -22.935758 -43.1938116 1819813767 38663020
1819813793 -22.9357512 -43.1940068 1819813936 1819813652
38670374 -22.9357391 -43.1930343 331107831
38663056 -22.9357383 -43.1949616 1819813679 1819813671
1819813936 -22.9357307 -43.1940272 1819813793 38663025
38670373 -22.935726 -43.1933431 38670368
331107831 -22.9357244 -43.1931263 1819813887 1819813883
1819813887 -22.93572 -43.1932442 38670373
38660122 -22.9357116 -43.1926443 1819813609
38663025 -22.9356976 -43.1940376 1819813936 1819813901
38660123 -22.9356976 -43.1927632 38660122
1819813679 -22.9356937 -43.1949547 1819813653 38663056
38663020 -22.9356898 -43.1937486 1819813753
1819813609 -22.9356864 -43.1925655 38660121
1819813901 -22.935661 -43.1940301 38663025 38663026
38660121 -22.9356577 -43.1925404 1819813958
1819813653 -22.935639 -43.1949388 1819813679 1819813605
3375612625 -22.9356377 -43.196009 329633633 329633618
1819813958 -22.9356212 -43.1925283 1819813776
38663026 -22.9356173 -43.1940084 1819813901 1819813755
1819813605 -22.9355828 -43.1949018 1819813844 1819813653
1819813755 -22.935577 -43.1939659 38663030 38663026
1819813753 -22.9355755 -43.193606 1819813660
38663030 -22.9355444 -43.1939052 38663031 1819813755
1819813776 -22.9355332 -43.192529 1819813665
1819813660 -22.9355279 -43.1935213 38660126
1819813844 -22.9355232 -43.1948435 38663055 1819813605
1819813893 -22.9355145 -43.1933433 38660123
329633633 -22.9355104 -43.1959653 3375612625 3375612624
38660126 -22.935509 -43.1934597 1819813919
1819813919 -22.9355058 -43.1933899 1819813893
1819813665 -22.9355027 -43.1925403 1819813622
38663055 -22.9354714 -43.1947664 1819813857 1819813844
1819813714 -22.9354702 -43.1930072 1819813626
1819813626 -22.9354656 -43.1930377 1819813607
1819813622 -22.9354651 -43.1925808 1819813703
1819813607 -22.9354505 -43.193063 38660116
1819813703 -22.9354466 -43.1926215 38660117
38660117 -22.9354401 -43.1926781 1819813714
38660116 -22.9354335 -43.1930818 1819813839
38663031 -22.9354249 -43.1936134 38663030 1819813732
1819813839 -22.9353997 -43.1931013 38660115
3375612624 -22.9353864 -43.1959471 329633633 329633661
1819813941 -22.9353621 -43.1921849 1819813927
38660115 -22.9353561 -43.1931096 1819813758
1819813732 -22.9353384 -43.1934792 38663031 1819813937
1819813758 -22.9353165 -43.1931046 38660114
329634231 -22.9353026 -43.196824 329634211 329634260
38660114 -22.9352739 -43.1930869 1819813953
329634211 -22.9352691 -43.1967549 329634184 329634231
329634260 -22.9352591 -43.1969077 329634285 329634231
329633661 -22.935249 -43.1959871 3375612624 3375612623
1819813953 -22.9352458 -43.1930628 1819813711
38660111 -22.9352396 -43.1925627 1819813941
1819813937 -22.9352156 -43.193363 38663035 1819813732
1819813857 -22.9352146 -43.1942514 38663052 38663055
1819813711 -22.9351946 -43.1929808 1819813895
1819813601 -22.9351846 -43.1928255 38660111
1819813895 -22.9351791 -43.1929194 1819813601
329634184 -22.9351384 -43.1966967 329634163 329634211
3375612623 -22.9351116 -43.1959908 329633661 3375612622
38663052 -22.9350188 -43.1939063 38663051 1819813857
3375612622 -22.9350144 -43.1959144 329633684 3375612623
38663035 -22.9349941 -43.1932009 1819813937 1819813751
329633684 -22.934956 -43.1958511 3375612622 329633712
329634441 -22.9349106 -43.1992547 329634424 329635601
329634424 -22.9349039 -43.1988581 329634403 329634441
329634163 -22.9348603 -43.1965329 329634137 329634184
1819813751 -22.9348351 -43.1930561 38663035 1819813667
329635601 -22.9348301 -43.1995167 329634441 1823563012
1819813728 -22.9348245 -43.1917243 1819813923 38663039
1819813923 -22.9348211 -43.1915228 1819813728 1819813741
1823563183 -22.9348144 -43.1997702 1823563050 1823563177
329634403 -22.9348067 -43.1985924 329634424 329634382
38663039 -22.9348018 -43.191883 1819813728 1819813860
329634285 -22.9348007 -43.1971221 329634310 329634260
1823563050 -22.9347976 -43.1997297 1823563183 1823563012
1819813741 -22.9347951 -43.1912712 1819813923 1819813788
1819813788 -22.9347794 -43.1912178 1819813741 1819813765
329634382 -22.9347623 -43.1984218 329634365 329634403
1819813765 -22.9347617 -43.1911819 1819813788 1819813902
1823563012 -22.9347556 -43.1996734 1823563050 1823563255 329635601
1819813902 -22.9347431 -43.1911644 38663042 1819813765
1819813667 -22.9347389 -43.1929356 1819813751 1819813864
329634310 -22.9347343 -43.1971973 329634285 329634365
329634365 -22.9347303 -43.1978668 329634310 329634382
38663042 -22.9347086 -43.1911593 1819813902 1819813769
1819813864 -22.9347044 -43.1928762 1819813667 1819813730
1819813860 -22.9347043 -43.1922125 38663038 38663039
1819813774 -22.9346908 -43.1915888 1819813760 1819813940
1819813940 -22.9346904 -43.191673 1819813774 1819813836
329634137 -22.934686 -43.1963947 329634117 329634163
1819813769 -22.9346842 -43.1911738 38663042 1819813898
1819813836 -22.934679 -43.1917654 38663044 1819813940
1819813898 -22.9346689 -43.1911968 1819813645 1819813769
1819813730 -22.9346681 -43.1927837 1819813864 38663037
38663038 -22.9346606 -43.1924111 1819813684 1819813860
1819813760 -22.9346587 -43.1913161 1819813645 1819813774
1819813645 -22.9346571 -43.1912505 1819813898 1819813760
329633712 -22.9346558 -43.1954608 329633684 329633734
38663037 -22.9346522 -43.1926946 1819813684 1819813730
1819813684 -22.9346451 -43.1925761 38663037 38663038
38663044 -22.9346375 -43.1919488 1819813836 3393976272
3393976272 -22.9346134 -43.192035 38663044 1819813903
38663051 -22.9346008 -43.1933468 1819813802 38663052
1819813802 -22.9345186 -43.1931811 38663051 1819813617
329634117 -22.9345017 -43.1962309 329634104 329634137
1823563255 -22.9344901 -43.1994059 1823563173 1823563012
329633734 -22.9344783 -43.1952667 329633751 329633712
1819813617 -22.9344589 -43.1930046 38663049 1819813802
38663049 -22.9344369 -43.1929138 1819813763 1819813617
1819813903 -22.9344285 -43.192695 3393976272 1819813763
1819813763 -22.9344264 -43.1927956 1819813903 38663049
329634104 -22.9344247 -43.1961873 329634091 329634117
329634091 -22.934361 -43.1961145 329634082 329634104
329633751 -22.9343351 -43.1951347 329633734 329633767
329634082 -22.9343308 -43.1959507 329634091 329634069
329634069 -22.9342672 -43.1955541 329634055 329634082
329634055 -22.93418 -43.195354 329634038 329634069
329633767 -22.9341663 -43.1950095 329633751 329633779
1823563173 -22.9341074 -43.1991243 1823563255 1823563138
329634038 -22.9340896 -43.1952703 329634022 329634055
329633779 -22.934021 -43.1948788 329633798 329633767
329634022 -22.9340091 -43.1951903 329633996 329634038
329633798 -22.9339254 -43.1946881 329633779 329633808
329633996 -22.933896 -43.1950732 329634022 329633981
344376404 -22.933894 -43.1999672 344376406 1819813654
1819813654 -22.9338465 -43.1999829 344376404 1819813929 1819813620
329633808 -22.9338382 -43.1945426 329633798 329633829
329633981 -22.9338201 -43.1949569 329633967 329633996
329633829 -22.933788 -43.1944516 329633852 329633808
1819813620 -22.9337786 -43.1999968 1819813654 1819813792
329633967 -22.933741 -43.1948228 329633957 329633981
329633852 -22.9337377 -43.1944079 329633829 329633883
329633957 -22.9337042 -43.1947136 329633937 329633967
329633937 -22.9336673 -43.1945862 329633913 329633957
329633883 -22.933664 -43.194397 329633852 329633913
329633913 -22.9336437 -43.1944466 329633883 329633937
1823563138 -22.9335839 -43.1985156 1823563173 1823563266
480106066 -22.9335595 -43.1999935 1819813669 1819813792 480106056
1823563266 -22.9335166 -43.198446 1823563138 1823563216
1823563216 -22.9332627 -43.1982752 1823563009 1823563266
480106056 -22.9330721 -43.1996529 549242528 480106066
1823563009 -22.932892 -43.1980202 1823563126 1823563216
1823563126 -22.9327374 -43.1978601 1823563009 1823563190
549242528 -22.9325968 -43.1991249 480106051 549242550 480106056
1823563190 -22.9325513 -43.1976364 1823563126 1823563264
549242550 -22.9325083 -43.1991445 549242528 549242553
1071583915 -22.9325058 -43.1999488 1071583899 1071583893
1823563264 -22.9324594 -43.1975397 1823563190 1823563178
1071583899 -22.9324262 -43.1999232 549242531 1071583915
549242531 -22.9322039 -43.1999935 549242530 1071583899
1823563178 -22.9321672 -43.1973246 1823563264 1823563156
1823563156 -22.9321243 -43.1972821 1823563136 1823563178
1823563136 -22.9320839 -43.197228 1823563261 1823563156
480106051 -22.9320682 -43.1985371 480106048 549242528
1823563261 -22.9320487 -43.197157 1823563136 1823563170
480106048 -22.9320207 -43.198374 480106042 480106051
480106042 -22.9319496 -43.1982968 480106039 480106048
1823563170 -22.9318516 -43.1967302 1823563261 1823563129
480106039 -22.9317915 -43.1982281 480106036 480106042
1823563129 -22.9317381 -43.1965289 1823563170 1823563243
1823563243 -22.931668 -43.1964218 1823563129 1823563086
480106036 -22.9315306 -43.1979449 480106033 480106039
549242553 -22.9314349 -43.1984417 549242550 549242599
480106033 -22.9312777 -43.1973441 480106036 480106029
480106029 -22.9311591 -43.1968634 480106033 480106028
480106028 -22.9311591 -43.1965373 480106024 480106029
480106024 -22.9311512 -43.1964514 480106021 480106028
330967641 -22.931145 -43.1915199 1578392316
480106021 -22.9310563 -43.1963828 480106018 480106024
1823563086 -22.9310245 -43.1956642 1823563114 1823563243
1823563114 -22.9309807 -43.1956404 1823563086 1823563085
549242599 -22.9309734 -43.1984208 549242553
1823563085 -22.9309625 -43.1956395 1823563114 1823563054
480106018 -22.930922 -43.1963484 480106014 480106021
1823563054 -22.9309145 -43.1956637 1823563085 1823563024
480106014 -22.9308034 -43.1963742 480106006 480106018
1823563024 -22.9306411 -43.1959077 1823563054 1823563025
1823563025 -22.9305743 -43.1959539 1823563024 1823563188 548918910
1823563188 -22.9305194 -43.1959485 1823563025 1823563077
549242608 -22.930512 -43.1995342 549242607 549242543
1823563077 -22.9304775 -43.195931 1823563188 1823563061
1823563061 -22.9304239 -43.1958934 1823563097 1823563077
480106006 -22.9303133 -43.1967432 480106000 480106014
549242607 -22.9303101 -43.1993046 549242606 549242608
549242606 -22.9302717 -43.1991619 549242605 549242607
549242605 -22.9302525 -43.1990193 549242604 549242606
548918910 -22.9301833 -43.1966476 480105997
549242604 -22.9301723 -43.1990367 549242605 549242611 549242602
480106000 -22.930171 -43.1967776 480106006 480105997
549242598 -22.9301458 -43.1998429 549242596 549242589 549242600
549242600 -22.9301307 -43.1995064 549242598 549242601
549242602 -22.9301179 -43.1991341 549242601 549242604
549242601 -22.9301115 -43.199322 549242600 549242602
480105997 -22.9300445 -43.196769 480105993 480106000
549242611 -22.9300442 -43.1990923 549242610 549242604
549242610 -22.9299064 -43.1991793 549242611 3819077554
3819077554 -22.9298468 -43.1992568 549242610 549242614
480105934 -22.929839 -43.1961939 1823563097
549242613 -22.9298199 -43.1997325 3819077480 549242614
549242614 -22.9298167 -43.1993672 549242613 3819077554
1823563097 -22.9297863 -43.1953423 1823563061 1823563064
480105993 -22.9297362 -43.1966231 480105939
480105939 -22.9296967 -43.19646 548918912 480105934
548918912 -22.9295851 -43.19665 480105939 548918914
548918914 -22.9294819 -43.1967324 548918912 548918917
3819077542 -22.9294726 -43.1999176 3819077541 3819077548 3819077549
3819077549 -22.9294619 -43.1996537 3819077542 3819077550
3819077550 -22.9294447 -43.1995206 3819077551 3819077549
1823563064 -22.9294405 -43.1950199 1823563097 1823563095
3819077551 -22.9294103 -43.1994085 3819077550 3819077552
1823563095 -22.9293865 -43.1949584 1823563064 1823563063
3819077552 -22.9293651 -43.1992894 3819077551 3819077553
1823563063 -22.9293573 -43.1949088 1823563095 1823563071
1823563071 -22.9293227 -43.1948333 1823563063 1823563233
3819077541 -22.9293092 -43.1999456 3819077540 3819077542
1823563233 -22.9292934 -43.1947394 1823563254 1823563071
548918917 -22.929292 -43.1967737 548918921 548918914
3819077553 -22.9292511 -43.1990606 3819077552
1823563254 -22.9292146 -43.1944099 1823563233 1823563062
1823563062 -22.9291802 -43.1942966 1823563254 1823563057
3819077675 -22.9291057 -43.19557 3819077674
3819077555 -22.9290318 -43.1994903 3819077528 3819077556
3819077556 -22.9290232 -43.1993782 3819077555 3819077657
3819077528 -22.929021 -43.1995907 3819077527 3819077529 3819077555
1823563057 -22.9290132 -43.1939608 1823563062 1823563109
3819077529 -22.9290124 -43.1996817 3819077528 3819077530
3819077527 -22.928978 -43.1994973 3819077528 3819077526
1823563109 -22.9289753 -43.1939322 1823563057 1823563263
3819077530 -22.9289737 -43.1997494 3819077529 3819077531
3819077531 -22.9289221 -43.1998031 3819077530 3819077532
1823563263 -22.92892 -43.1939148 1823563047 1823563109
3819077674 -22.9289199 -43.1953364 3819077673 3819077675
3819077657 -22.9289156 -43.1988505 3819077556
330961116 -22.9289156 -43.1903172 330961109
1823563047 -22.9288703 -43.193912 1823563021 1823563263
3819077532 -22.9288468 -43.1998172 3819077531 3819077533
3819077526 -22.928806 -43.1992918 3819077525 3819077658 3819077527
3819077525 -22.9287629 -43.1992801 3819077524 3819077526
3819077673 -22.9287602 -43.1952514 3819077672 3819077674
548918921 -22.9287493 -43.1971272 548918917 548918924
3819077524 -22.9287221 -43.1992988 3819077525 3819077523
3819077672 -22.928708 -43.1951205 3819077671 3819077673
1823563021 -22.9286647 -43.1939725 1823563047 1823563104
3819077671 -22.9286461 -43.1946639 3819077672 3819077670
548918924 -22.9286137 -43.1971272 548918921 548918926
3819077670 -22.9286135 -43.1945507 3819077671 3819077669
3819077533 -22.9285974 -43.1997915 3819077532 3819077534
3819077523 -22.9285866 -43.1994412 3819077522 3819077524
1823563104 -22.9285787 -43.1939896 1823563021 1823563152
3819077534 -22.9285457 -43.1998031 3819077533 3819077535
3819077658 -22.9285393 -43.1988855 3819077526
3819077669 -22.9285385 -43.1945118 549225627 3819077670
3819077538 -22.928535 -43.1999783 3819077537 3819077539
1823563152 -22.9285222 -43.1939913 1823563104 1823563030
3819077522 -22.9285113 -43.1995019 3819077521 3819077523
3819077535 -22.928492 -43.1998312 3819077534 3819077536
3819077537 -22.9284855 -43.1999362 3819077538 3819077536
3819077536 -22.9284769 -43.1998615 3819077537 3819077535
1823563030 -22.9284653 -43.1939822 1823563152 1823563172
548918926 -22.9282881 -43.1969622 548918924 548918928
3819077659 -22.9282581 -43.1966276 548918933 548918935
549225627 -22.9282419 -43.1944976 549225660 3819077669
548918933 -22.9282337 -43.1966683 548918931 3819077659
548918935 -22.9282229 -43.1965557 3819077659 548918938
3819077503 -22.928163 -43.1988995 3819077502
548918931 -22.9281587 -43.1967267 548918933 3819077661
549225660 -22.9281331 -43.1944657 549225658 549225627
548918938 -22.9281198 -43.1964732 548918935 3819077676
3819077521 -22.9281113 -43.1995253 3819077520 3819077522
548918928 -22.9281098 -43.1968559 548918926 3819077660
3819077661 -22.9280935 -43.1967798 548918931 3819077660
3819077660 -22.928087 -43.1968134 548918928 3819077661
549225658 -22.9280208 -43.1943384 549225660 549225657
3819077520 -22.9280081 -43.1994716 3819077519 3819077521
1823563172 -22.9279852 -43.1938206 1823563030 1823563223
3819077502 -22.9279823 -43.1990816 3819077517 3819077503
3819077519 -22.9279522 -43.1994062 3819077518 3819077520
3819077517 -22.9279336 -43.1991063 3819077518 3819077501 3819077502
3819077518 -22.9279242 -43.1992871 3819077517 3819077519
549225657 -22.9278938 -43.1942376 549225658 549225677
549225662 -22.927884 -43.1950967 549225680
3819077676 -22.9278683 -43.1963685 548918938 548918950
1823563223 -22.9278679 -43.1937765 1823563172 1823563185
3819077507 -22.9278619 -43.1999736 3819077506 3819077510
1823563185 -22.9278079 -43.1937348 1823563223 1823563053
3819077501 -22.9277888 -43.1991797 1012961964 3819077517 3819077504
1823563053 -22.9277534 -43.1936821 1823563185 1823563119
549225680 -22.9277424 -43.1951816 549225679 549225662
3819077506 -22.9276597 -43.1998242 3819077505 3819077507
549225679 -22.9276496 -43.1951816 549225672 549225680
1823563119 -22.927609 -43.1935031 1823563053 1823563206
549225677 -22.9276056 -43.1941793 3321709366 549225657
3819077504 -22.9276038 -43.199656 3819077501 3819077505
3819077505 -22.9275952 -43.1997541 3819077504 3819077506
548918950 -22.9275392 -43.1962316 3819077676 548918952
549225672 -22.9274445 -43.1951233 549225670 549225674 549225679
548918952 -22.9274415 -43.1962257 548918950 548918954
3819077663 -22.9274125 -43.1980092 3819077662
1823563206 -22.9274106 -43.1933078 1823563119 1823563034
1823563034 -22.9273737 -43.1932595 1823563206 1823563122
549225670 -22.9273614 -43.1951498 549225668 549225672
1823563122 -22.9273539 -43.1932179 1823563034 1823563078
1823563127 -22.9273429 -43.1929123 1823563215 1823563078
1823563078 -22.9273405 -43.1931582 1823563122 1823563127
3321709366 -22.9273376 -43.1943539 549225695 549225677
1823563215 -22.9273185 -43.1926303 1823563127 1823563107
1823563107 -22.9272877 -43.1925156 1823563215 1823563075
548918954 -22.9272841 -43.1962905 548918952 548918956
1823563075 -22.9272626 -43.192453 1823563107 1823563217
549225668 -22.9272491 -43.1952346 549225666 549225670
549225674 -22.9272491 -43.1950702 549225684 549225672
1012961964 -22.927222 -43.199229 1071724896 3819077500 3819077501
548918956 -22.9271918 -43.1964319 548918954 548918958
1823563217 -22.9271886 -43.1923551 1823563231 1823563075
549225666 -22.927171 -43.1954096 549225628 549225668
1823563231 -22.9271401 -43.19231 1823563149 1823563217
548918958 -22.9271213 -43.1966794 548918960 548918956 548918991
549225684 -22.9270782 -43.1950967 549225674 549225685
548918963 -22.9270725 -43.1972333 548918962 548918965
549225628 -22.9270587 -43.1959027 548918993 549225666
548918960 -22.9270508 -43.196921 548918958 548918962
548918965 -22.9270453 -43.1973806 548918963 548918967
548918962 -22.927029 -43.1970742 548918960 548918963
548918991 -22.9270073 -43.1964732 548918993 548918958
548918967 -22.9269911 -43.1975043 548918965 548918969
548918970 -22.9269694 -43.1979227 3819077662 548918972
3819077662 -22.9269685 -43.1978983 3819077663 548918969 548918970
548918969 -22.9269585 -43.1976222 548918967 3819077662
548918993 -22.9269531 -43.1961609 1071580474 549225628 548918991
549225685 -22.9269365 -43.1951922 549225684 549225687
548918972 -22.9268875 -43.1979753 548918974 548918970
549225695 -22.9268486 -43.1946725 549225692 3321709366
549225687 -22.9267851 -43.1952293 549225685 549225688
548918974 -22.9267712 -43.1979907 548918972 3819077494
3819077499 -22.926692 -43.196826 3819077498
3819077494 -22.9266832 -43.1979599 548918974 548918976
1071580474 -22.9266765 -43.1963493 548918993 548918996
549225688 -22.9266337 -43.1952081 549225687 549225691
3819077500 -22.9266103 -43.1992964 1012961964
548918976 -22.9265924 -43.1979167 3819077494 548918978
1823563149 -22.926507 -43.1918291 1823563231 1823563031
3819077498 -22.9264425 -43.1970922 3819077497 3819077499
1823563031 -22.9264267 -43.1917587 1823563149 1823563147
548918978 -22.9263918 -43.1976823 548918976 548918980
1823563147 -22.9263874 -43.1917134 1823563031 1823563209
549225691 -22.9263797 -43.1951498 549225688 549225692
548918996 -22.9263561 -43.1965675 1071580474 548918998
1823563209 -22.9263513 -43.191636 1823563147 1823563038
1823563038 -22.9263057 -43.1914565 1823563209 1823563039
1823563039 -22.9262685 -43.1913668 1823563038 1823563040
548918980 -22.9262595 -43.1976015 548918981 548918978
549225692 -22.926243 -43.195102 549225691 549225695 549225696
549225698 -22.926199 -43.1949695 549225696
3819077497 -22.9261587 -43.1972697 3819077496 3819077498
548918981 -22.9261457 -43.1975763 548918980 548918984
3819077668 -22.9261242 -43.1980184 3819077667
548918998 -22.9261173 -43.1968385 548918996 548918989
549225696 -22.9261111 -43.1950384 549225698 1071580411 549225692
1823563040 -22.926055 -43.1909975 1823563039 1823563270
1071580411 -22.926022 -43.195079 1071580552 549225696
1071580565 -22.9260188 -43.1941253 1071580533
1071580573 -22.9260113 -43.1959868 1071580520
548918984 -22.9259951 -43.1976507 548918981 548918986
548918989 -22.9259817 -43.1970742 548918998 548919007
1823563270 -22.9259738 -43.1909043 1823563040 1823563069
1071580522 -22.9259565 -43.1954901 1071580430 1071580552
3819077496 -22.9259522 -43.1974098 3819077497 3819077495
1071580552 -22.9259455 -43.1952337 1071580411 1071580522
1071580533 -22.925921 -43.1940752 1071580549 1071580565
548918986 -22.9258566 -43.1977479 548918984 548919001
1071580554 -22.9258321 -43.1924942 1071580528
3819077495 -22.9258189 -43.1975872 3819077496 548919001
1071580520 -22.925777 -43.196241 1071580458 1071580573
1823563069 -22.9257702 -43.1908029 1823563270 1823563194
1823563194 -22.9257248 -43.1907716 1823563142 1823563069
3819077667 -22.9257127 -43.1982772 3819077668 3819077666
1071580430 -22.9257086 -43.1957724 1071580555 1071580522
548919001 -22.9256903 -43.1978515 548918986 3819077485 3819077495
548919007 -22.9256886 -43.1973629 498713942 548918989
1823563142 -22.9256772 -43.1907148 1823563213 1823563194
1071580549 -22.9256756 -43.1940636 1071580533 1071580476 1071580514
1071580476 -22.9256668 -43.1942006 1071580440 1071580549
1071580478 -22.9256436 -43.1916912 1071580447 1071580436
1823563213 -22.9256421 -43.1906554 1823563142 1823563226
3819077493 -22.9256296 -43.1994926 3819077492
1071580440 -22.9256028 -43.1942836 1071580421 1071580476
3819077666 -22.9255992 -43.1983789 3819077667 3819077665
1071580436 -22.9255873 -43.191881 1071580478 1071580472
3819077485 -22.925561 -43.1979053 3819077486 548919001 548919003
3819077492 -22.9255522 -43.1993852 3819077493 3819077491
1071580528 -22.9255476 -43.1926969 1071580554 3819077679
548919003 -22.9255179 -43.1979232 3819077485 548919005
3819077679 -22.9255076 -43.1927142 1071580545 1071580528
3819077665 -22.9255056 -43.1985483 3819077664 3819077666
1823563226 -22.9255043 -43.1903535 1823563213 1823563056
1071580447 -22.9254996 -43.1913689 1071580429 1071580478
1071580472 -22.9254979 -43.1920792 1071580436 1071580508
1071580508 -22.9254676 -43.192195 1071580472 1071580545
548919005 -22.9254662 -43.1978655 2283629412 498713942 548919003
1071580545 -22.9254605 -43.1926602 1071580508 3819077679
3819077491 -22.9254404 -43.1992404 3819077490 3819077492
1071580421 -22.925425 -43.1943975 1071580576 1071580440
1823563056 -22.9254208 -43.1901311 1823563226 1823563273
3819077486 -22.9254189 -43.1981103 3819077485 3819077487
1071580429 -22.9254179 -43.1912858 1071580578 1071580447
1823563273 -22.9253732 -43.1900254 1823563151 1823563056
3819077487 -22.9253543 -43.1982644 3819077486 3819077488
1071580493 -22.9253165 -43.193554 1071580500
3819077488 -22.9253113 -43.1984885 3819077487 3819077489
1071580546 -22.9253059 -43.1954341 1071580509 1071580569
498713942 -22.9253041 -43.1977733 498703556 548919005 548919009 548919007
1071580458 -22.9252934 -43.1968088 1071580555 1071580513 1071580520
1071580576 -22.9252934 -43.1945288 1071580413 1071580421
3819077490 -22.9252855 -43.1990022 3819077664 3819077491
3819077664 -22.9252834 -43.1989731 3819077489 3819077490 3819077665
3819077489 -22.9252726 -43.1988248 3819077488 3819077664
1071580509 -22.9252721 -43.1956696 1071580530 1071580546
1071580569 -22.9252543 -43.1952063 1071580546 1071580413
1071580578 -22.9252507 -43.1912955 1071580429 1071580416
2283629412 -22.9252495 -43.1981743 2283629413 548919005
1071580480 -22.9252098 -43.1973142 1071580449 1071580513
1071580413 -22.9252045 -43.1946736 1071580576 1071580569
1071580416 -22.9251957 -43.1912617 3819077685 1071580578
1071580555 -22.9251843 -43.1963695 1071580458 1071580494 1071580430
548919009 -22.9251839 -43.1976811 498713942 1071580449
1071580514 -22.9251636 -43.1942026 1071580482 1071580549
3819077685 -22.9251617 -43.1911878 1071580571 1071580416
498703560 -22.9251601 -43.1999745 1823567524 498703559
1071580571 -22.9251423 -43.1910214 3819077686 3819077685
1071580530 -22.9251352 -43.1958858 1071580494 1071580509
1071580494 -22.9251298 -43.1961502 1071580555 1071580530
3819077686 -22.9251134 -43.1909844 1071580547 1071580571
2283629413 -22.9251038 -43.1984022 2283629412 498703558
1071580484 -22.9250905 -43.1920426 3819077680 1071580418
3819077680 -22.9250734 -43.1918639 1071580453 1071580484
1071580418 -22.9250649 -43.1921689 1071580434 1071580484
1071580513 -22.925057 -43.1970864 1071580458 1071580480
1071580482 -22.9250303 -43.194162 1071580452 1071580514
1071580547 -22.9250054 -43.1909384 3819077686 1071580511
1071580434 -22.9249983 -43.1923244 1071580470 1071580418
1071580500 -22.9249858 -43.1929865 1071580470 1071580493
498703559 -22.9249699 -43.1993045 498703560 498703558
1071580449 -22.9249681 -43.1976699 548919009 548919012 1071580480
1071580470 -22.9249645 -43.1925406 1071580434 1071580500
1071580453 -22.9248827 -43.1917105 3819077681 3819077680
1071580511 -22.9248722 -43.1907749 1071580547 3819077682
498703558 -22.9248437 -43.1989627 2283629413 498703557 498703559
548919012 -22.924842 -43.1976634 1071580449 548919014
3819077682 -22.9248353 -43.1906393 3819077683 1071580511
3819077681 -22.9247982 -43.191602 1071580431 1071580453
1071580567 -22.9247761 -43.1919634 1071580536
3819077683 -22.9247615 -43.1904915 3819077684 3819077682
1071580431 -22.9247386 -43.1914479 1071580406 3819077681
1071580406 -22.9247014 -43.1914248 1071580417 1071580431
3819077684 -22.9246991 -43.1905161 1071580531 3819077683
498703557 -22.9246807 -43.198797 498703556 498703558
1071580531 -22.9246463 -43.1905774 3819077684 1071580496
548919014 -22.9245978 -43.1973865 498713861 548919012
1071580452 -22.9245823 -43.1937489 1071580482 1071580502
1071580417 -22.9245787 -43.1915117 1071580574 1071580406
498713891 -22.9245373 -43.1954988 498713890 498713893
498713890 -22.9245373 -43.1953529 498713891 498713887
1071580574 -22.9244987 -43.1916603 1071580551 1071580417
1071580536 -22.924488 -43.1924595 1071580499 1071580567
1071580551 -22.9244738 -43.1918649 1071580574 1071580517
1071580538 -22.9244578 -43.1933011 1071580499 1071580502
1071580499 -22.9244418 -43.1926351 1071580538 1071580536
498713893 -22.9244345 -43.1958335 498713891 498713894
1071580496 -22.9244027 -43.191031 1071580531 1071580461
1071580502 -22.9243819 -43.1936454 1071580538 1071580463 1071580452
498713895 -22.9243713 -43.1963914 498713894 498713896
1071580517 -22.9243654 -43.1919808 1071580535 1071580551
498713861 -22.9243555 -43.1971982 498703555 548919014 548919017
498713894 -22.9243555 -43.1961253 498713895 498713893
498713896 -22.9243476 -43.1965287 498713895 498713898
1071580463 -22.9242826 -43.1934569 498713882 498713883 1071580502
1071580535 -22.924264 -43.1920522 1071580498 1071580517
498713898 -22.9242606 -43.1965545 498713899 498713896
498713887 -22.924229 -43.1942714 498713890 498713886
498703556 -22.9242259 -43.198433 498713942 498703557 498703555
1071580461 -22.9241911 -43.1915001 1071580432 1071580496
498713882 -22.9241895 -43.1933444 498713881 1071580463
498713881 -22.9241816 -43.1930612 498713882 498713880
549225700 -22.9241733 -43.1903996 1823563176 549225701
498713899 -22.9241658 -43.1964687 498713900 498713898
498713904 -22.92415 -43.1951812 498713903 498713905
498713883 -22.9241341 -43.1936448 1071580463 498713886
1071580432 -22.92412 -43.1917144 1071580438 1071580461
498713886 -22.9241183 -43.1939538 498713883 498713887
498713900 -22.9241104 -43.1963399 498713899 498713903
498713905 -22.9241025 -43.195061 498713904 498713906
498713903 -22.9240946 -43.1962197 498713900 498713904
498713880 -22.9240946 -43.1927865 498713879 498713881
1071580438 -22.9240649 -43.1917607 1071580419 1071580432
1071580419 -22.9240098 -43.1917626 1071580438 549225707
498713879 -22.923976 -43.1925634 498713877 498713880
549225701 -22.9239438 -43.1905757 549225703 549225700
498703555 -22.9238667 -43.1981409 498713861 498703556 498703553
549225703 -22.9237618 -43.1906359 549225701 332237215
498713877 -22.9237547 -43.1923059 498713875 498713879
498713906 -22.9237161 -43.1951683 498703503 498713905 498713908
332237214 -22.9236542 -43.1903299 332237213 549225718
332237213 -22.9235892 -43.1900931 332237211 332237214
549225718 -22.9235838 -43.1905328 332237214 332237215
548919017 -22.9235775 -43.1968326 498713861 498713908
498713875 -22.9235571 -43.1921685 1071580498 498713877
498703553 -22.9235428 -43.1979097 498703555 498703552
549225707 -22.9235244 -43.1913317 549225705 1071580419
498703503 -22.9235096 -43.1952327 498713906 2135499565
332237215 -22.9234882 -43.1906904 549225703 332237216 549225718
1071580498 -22.9234535 -43.1921198 1071580535 498713875 498713870
3819077695 -22.9234278 -43.1928639 3819077694 3819077702
3819077702 -22.9234173 -43.1930422 3819077703 3819077695 3819077696
3819077696 -22.9234136 -43.1931042 3819077697 3819077702
332237216 -22.9233775 -43.190699 332237215 332237217
3819077694 -22.9233569 -43.1926605 3819077693 3819077695
498713908 -22.9233359 -43.1967757 548919017 498713906 498703552
3819077697 -22.9233313 -43.1934061 3819077696
549225705 -22.9233266 -43.1911986 549225709 549225707 549225710
3819077703 -22.9232945 -43.1930333 3819077701 3819077702
549225710 -22.9232633 -43.19122 549225705 549225714
549225725 -22.9232424 -43.1901304 549225723 549225747
549225747 -22.923228 -43.190002 549225749 549225725
549225709 -22.923204 -43.1911041 549225705 549225708
549225723 -22.9231992 -43.1901867 549225721 549225725
3819077693 -22.9231724 -43.1924079 3819077692 3819077694
549225721 -22.923153 -43.1901773 549225720 549225723
549225714 -22.9231209 -43.1911814 549225710 498713863
3819077701 -22.9230845 -43.1932952 3819077703 3819077700 3819077704
549225720 -22.9230607 -43.1900928 549225920 549225721
549225708 -22.9230536 -43.191031 549225854 549225709
3819077692 -22.9230532 -43.1922846 3819077693 3819077691
498703552 -22.9229949 -43.1975777 498703502 498703553 498713908
3819077700 -22.9229795 -43.1931134 3819077699 3819077701
3819077691 -22.9229795 -43.1922292 3819077690 3819077692
498713863 -22.9229642 -43.1911128 549225714 498713865
498713870 -22.9229637 -43.191903 1071580498 218184429 498713868
3819077704 -22.9229227 -43.1934647 3819077701 3819077705
498703519 -22.9229167 -43.1956103 498703516
549225854 -22.9229152 -43.191001 549225852 549225708
2135499565 -22.9228421 -43.1968559 498703502 498703503
549225852 -22.9228202 -43.1910182 549225854 549225851
3819077699 -22.9228064 -43.1925588 3819077698 3819077700
498713868 -22.9228061 -43.1918767 498713867 498713870
3819077690 -22.9227922 -43.1921552 3819077689 3819077691
3819077705 -22.9227695 -43.1934893 3819077704 3819077706
549225851 -22.9227411 -43.1910654 549225849 549225852
549225849 -22.9226738 -43.1910955 549225848 549225851
3819077706 -22.9226531 -43.193477 3819077705
3819077689 -22.9226503 -43.1919734 3819077690 3819077688
498713867 -22.9226401 -43.1918595 3819077688 498713868
3819077698 -22.9226304 -43.1920659 3819077699 3819077688
498703502 -22.922612 -43.1974154 498703552 2135499565 498703516
498713865 -22.9226005 -43.1916364 498713863 3819077687
3819077688 -22.9225964 -43.1918379 3819077698 498713867 3819077689 498713866
549225848 -22.9225828 -43.1911127 549225849 549225846
3819077687 -22.9225737 -43.1917054 498713865 498713866
498713866 -22.9225689 -43.1917823 3819077687 3819077688
549225846 -22.9224919 -43.1910783 549225843 549225848
549225843 -22.9223929 -43.1909795 549225841 549225846
549225841 -22.9223138 -43.190885 549225855 549225843
498703516 -22.9223066 -43.1973207 498703519 498703502 498703525
549225828 -22.9222901 -43.1920662 549225840 3819077707
3819077707 -22.9222218 -43.1926266 549225828
549225840 -22.9222189 -43.191787 549225838 549225828
549225855 -22.9222189 -43.1906659 332237217 549225841
332237217 -22.922168 -43.1905188 332237216 549225855 332237218
549225838 -22.9221397 -43.1916668 549225837 549225840
498703529 -22.9221341 -43.1965631 498703525
549225837 -22.9220448 -43.1916496 549225835 549225838
498703525 -22.9219205 -43.1971775 498703551 498703529 498703516
549225835 -22.9219182 -43.191684 549225833 549225837
332237218 -22.9217886 -43.1903814 332237217 332237219
549225833 -22.9217402 -43.1917827 549225830 549225835
332237219 -22.9216621 -43.1902269 332237220 332237218
3819077716 -22.9216088 -43.1943366 3819077715 3819077717
549225830 -22.9216017 -43.19183 549225833 549225876 549225872
3819077722 -22.921589 -43.1935386 3819077721
549225876 -22.9215028 -43.1914848 549225830 549225900
3819077717 -22.9214755 -43.1941918 3819077716 3819077718
549225872 -22.9214711 -43.1917183 549225870 549225830
3819077721 -22.9214669 -43.1937512 3819077720 3819077722
3819077718 -22.92143 -43.1940932 3819077719 3819077717
3819077715 -22.9214244 -43.1944321 3819077716 3819077714
3819077720 -22.9214159 -43.193856 3819077719 3819077721
549225870 -22.9214078 -43.1916195 549225897 549225872
3377366122 -22.9214021 -43.1923569 549225863 549225867
3819077719 -22.9213988 -43.1939854 3819077718 3819077720
549225867 -22.921388 -43.1926333 3377366122 549225776
3819077714 -22.9213619 -43.1944383 3819077713 3819077715
549225776 -22.9213604 -43.1928094 549225779 549225867
549225863 -22.9213502 -43.1920781 549225861 3377366122
3819077713 -22.9213165 -43.194426 3819077712 3819077714
549225900 -22.9213129 -43.1906745 549225876 549225902
549225861 -22.9212614 -43.1917999 549225863 549225894
549225902 -22.9212456 -43.1903867 549225900 549225903
3819077712 -22.9212342 -43.1943397 3819077713 3819077711
549225779 -22.9212338 -43.1930456 549225776 549225781
498703551 -22.9212268 -43.196961 498703498 498703525
549225897 -22.9212061 -43.1912587 549225870 549225896
549225781 -22.9211823 -43.1931702 549225779 3819077708
549225903 -22.9211608 -43.1900746 549225902 549225936
549225896 -22.9211151 -43.19119 549225894 549225897
3819077711 -22.921081 -43.1940408 3819077712 3819077710
3819077708 -22.921081 -43.1934647 549225781 3819077709
549225894 -22.9210597 -43.1912114 3377366120 549225861 549225896
3819077709 -22.9210413 -43.1936896 3819077708 3819077710
3819077710 -22.9210384 -43.1938097 3819077709 3819077711
549225859 -22.9209725 -43.1921512 549225858 3377366121
3377366121 -22.9209597 -43.1920834 549225859 549225860
549225858 -22.9209528 -43.1921895 549225887 549225859
549225860 -22.9209273 -43.1919527 549225888 3377366121
498703498 -22.9209224 -43.1968537 498703550 498703551
549225887 -22.9208913 -43.1921826 549225858 3377366119
549225888 -22.9208882 -43.1918477 549225860 549225890
2135499564 -22.9208544 -43.1967222 498703498
3377366120 -22.9208307 -43.1905424 549225917 549225894
549225890 -22.920817 -43.191715 549225888 549225891
3377366119 -22.9208122 -43.1921001 549225885 549225887
549225907 -22.9208025 -43.1910697 549225906 549225908
549225906 -22.9207933 -43.1912233 549225907 549225904
549225904 -22.9207827 -43.1913145 549225892 549225906
549225908 -22.9207761 -43.1909452 549225907 549225909
549225891 -22.9207709 -43.1916109 549225892 549225890
549225917 -22.9207702 -43.1904865 549225915 3377366120 549225911
3819077730 -22.9207688 -43.1925712 3819077729
549225892 -22.9207525 -43.1914391 549225891 549225904
549225885 -22.9207467 -43.192042 549225884 3377366119
549225909 -22.9207432 -43.1907776 549225908 549225911
549225911 -22.9207392 -43.1906401 549225909 549225917
549225915 -22.9207291 -43.1902779 549225913 549225917
549225913 -22.9206569 -43.1901715 549225915 549225912
3026245111 -22.9206477 -43.1936058 498713870
549225884 -22.9206359 -43.1919938 549225883 549225885
1796563978 -22.9206187 -43.1940648 1796564001
1796564001 -22.9206126 -43.1941451 1796564028
1796564022 -22.9206101 -43.1939789 1796563978
3819077729 -22.9205986 -43.1927529 3819077728 3819077730
1796564028 -22.9205964 -43.1942138 1796563979
498703550 -22.9205731 -43.1966952 498703549
1796563988 -22.9205726 -43.193876 1796564022
1796563979 -22.9205558 -43.1942776 1796564046
549225883 -22.9205295 -43.1919322 549225878 549225884
549225912 -22.9205113 -43.1901058 3377366116 549225913
1796564046 -22.9204901 -43.1943235 1796563980
153830611 -22.9204682 -43.19385 1796563985
3819077728 -22.9204652 -43.1930518 3819077727 3819077729
1796564024 -22.9204611 -43.193705 1796563988
147443975 -22.9204501 -43.1937572 3026245111
549225878 -22.920405 -43.1916857 549225883 549225877
1796564055 -22.9203872 -43.1936291 1796564024
1796563980 -22.9203854 -43.1943442 525160647
153834344 -22.9203787 -43.193805 147443975
3819077727 -22.9203625 -43.1936137 3819077728 1796564055
549225877 -22.9203405 -43.1914679 549225947 549225878
1796564049 -22.9203383 -43.1935986 3819077727
1796563985 -22.9203225 -43.1939547 3487887803
525160647 -22.920318 -43.1943458 1796564050
3377366116 -22.92029 -43.1900354 1071737611 549225912
525160655 -22.9202757 -43.1935748 1796564049
1796564050 -22.9202731 -43.1943422 1796564040
549225947 -22.9202624 -43.1914124 549225946 549225877
1796563993 -22.9202001 -43.1935629 525160655
549225940 -22.9201932 -43.1922896 549225939 549225941
1071737611 -22.9201857 -43.1900602 3377366115 3377366116
549225941 -22.9201814 -43.1921522 549225945 549225940
3487887803 -22.9201796 -43.1940665 153837674
549225939 -22.9201765 -43.192431 549225791 549225940
2013516322 -22.9201696 -43.1953968 2135499564 2013516334
549225946 -22.9201458 -43.1916453 549225945 549225947
1796564020 -22.9201337 -43.1939909 153834344
549225945 -22.9201299 -43.1918214 549225941 549225946
3377366115 -22.9201241 -43.1901255 1071737611 3377366113
1796564004 -22.9201205 -43.1935704 1796563993
498703549 -22.9201126 -43.1964431 498703548
1796564040 -22.9200821 -43.1942827 1796563983
549229564 -22.920063 -43.1951905 2013516322
525160658 -22.9200572 -43.1935896 1796564004
525160638 -22.9200297 -43.1939404 153834344
3377366113 -22.9200073 -43.1903456 1071737609 3377366115
1796563983 -22.9200058 -43.1942758 153837674
