1779472482 -22.8199681 -43.3480148 1844101595 1844101447
1844101754 -22.8198514 -43.3472621 1844100984 1844101793
1844100984 -22.8198119 -43.3472272 1844101342 1844101754
1779472480 -22.8197698 -43.3454916 3884113638 1779472476 1779472473
1844101342 -22.8197008 -43.3470255 1844100895 1844101283 1844101417 1844100984
1844101764 -22.8196042 -43.3489063 1844101700
1844101417 -22.8195747 -43.3466347 3884113639 1844101342
1779472476 -22.8194645 -43.3450057 1779472480 1779472467 1779472457
1844101595 -22.8194234 -43.3477377 1779472482 1844100937 1844101479
3884113639 -22.8193796 -43.3463237 3884113638 1844101417 3884113640
1844101026 -22.8193394 -43.3483119 1844101588
1779472473 -22.819339 -43.3457782 1779472469 1779472480
1844101398 -22.819305 -43.346841 1844101652
1844100937 -22.8192739 -43.3476784 1844101595 1844101808 1844100933
1844100933 -22.8192694 -43.3475756 1844101283 1844100937
1779472469 -22.819219 -43.345783 1779472460 1779472473
1844101652 -22.8191864 -43.3469429 1844101646 1844101398
3884113640 -22.8191619 -43.3464507 1779472444 3884113639
1779472467 -22.8191613 -43.3445367 1779472476 1779472455 1779472447
1844101283 -22.8191518 -43.3474718 1844100933 1844101410 1844101342
1779472460 -22.8191214 -43.3457195 1779472457 1779472469
1844101410 -22.8190338 -43.3473563 1844101589 1844101283
1844101700 -22.8190133 -43.3492389 1844101764 1844101420
1844101646 -22.8190133 -43.347077 1844101055 1844101652
1844101055 -22.8189886 -43.3471467 1844101589 1844101646
1779488834 -22.8189867 -43.3499933 1779488804 1779488828 1844101831
1844101588 -22.8189784 -43.3485533 1844101026 1844101706
1844101589 -22.818939 -43.3473563 1844101055 1844101465 1844101410
1844101479 -22.8189367 -43.34782 1844101595 1844101051
1844101808 -22.8189348 -43.3475188 1844100937 1779472458 1844101465
1779472457 -22.8189283 -43.3453498 1779472476 1779472454 1779472460
1779472455 -22.8189156 -43.3443088 1779472467 3884113637
1779472458 -22.8188729 -43.3474941 1844101808 1779472448
1844101465 -22.8188188 -43.3473879 1844101838 1844101808 1844101589
1844101051 -22.8187708 -43.3478559 1844101479 1844101592
1779488828 -22.8187687 -43.3495152 1844101420 1779488834
1779472454 -22.8187224 -43.3455 1779472457 1779472447 1779472446
1844101420 -22.8187205 -43.3494294 1779488828 1844101378 1844101700
1844101706 -22.8186919 -43.3487453 1844101588 1844101378
3884113637 -22.8186869 -43.3441309 1779472455 1779472445
1844101838 -22.8186036 -43.3471916 1779472444 1844101465
1844101592 -22.8185779 -43.3479954 1844101051 1844101344
1779472448 -22.8185521 -43.3473854 1779472458 1779472440
1779472447 -22.8184618 -43.3450226 1779472454 1779472439 1779472467
1844101378 -22.8184329 -43.3489182 1844101420 1844101478 1844101706
1779472446 -22.8183716 -43.3457353 1779472454 1779472443
1779472444 -22.8183679 -43.3469359 1844101209 1844101838 1844101230 3884113640
1779472445 -22.8183454 -43.3443549 1779472437 3884113637 3884113635
1779472443 -22.8182149 -43.3456978 1779472441 1779472446
1844101478 -22.8181913 -43.3484886 1779488815 1844101264 1844101378
1779488815 -22.8181668 -43.3484451 1844101344 1844101478
1779472441 -22.818133 -43.3455972 1779472439 1779472443
1844101344 -22.8181311 -43.3483616 1779488815 1844101625 1844101592
1844101264 -22.8181305 -43.3485291 1844101226 1844101478
1779472440 -22.8181038 -43.3472579 1844101339 1779472448
1844101209 -22.8181008 -43.3465142 3884113641 1779472444
1844101226 -22.8179799 -43.3487158 1844101264 1844101584
1779472439 -22.8179792 -43.3453531 1779472437 3884113641 1779472447 1779472441
1844101625 -22.8179086 -43.3478412 1779488801 1844101344 1844101507
1844101339 -22.8178168 -43.3472035 1844101205 1779472440
1844101584 -22.817767 -43.3488778 1844101226
3884113635 -22.8177465 -43.3438273 1779472414 1779472445 1779472407
1779488801 -22.8177434 -43.3474548 1844101230 1844101625 1844101785
1844101230 -22.817725 -43.3473436 1779488801 1844101643 1779472444
1844101643 -22.8177151 -43.3471666 1844101705 1844101230
1844101705 -22.8177015 -43.346892 1779472435 1844101804 1844101643
1779472437 -22.817673 -43.3448352 1779472439 1779472445 1779472434
1779472435 -22.817668 -43.3464218 1844101795 1844101705
1844101507 -22.8176387 -43.3479648 1844101514 1844101625
1844101785 -22.8176322 -43.3475298 1779488801 1844101834 1844101184
1844101795 -22.8176252 -43.3461715 1779472435 1779472432
3884113636 -22.8175844 -43.3444379 1779472434
1779472434 -22.8175529 -43.3445568 1779472437 3884113636
1779472432 -22.8175499 -43.3459361 1844101795 1779472430
1844101514 -22.8175373 -43.3479541 1844101517 1844101507
3884113641 -22.8174727 -43.3456494 1844101209 1779472439 1779472430
1844101517 -22.817458 -43.3479364 1844101556 1844101514
1844101205 -22.8174514 -43.3471481 1844101339 1779472415
1779472430 -22.8174224 -43.3456788 1844100916 1779472432 3884113641
1844101556 -22.8172874 -43.3480034 1844101517 1844101654
1844101184 -22.8172775 -43.347754 1844101785 1844101628
1844100916 -22.8171976 -43.3453782 1844101059 1844101118 1779472430
1779472415 -22.8171753 -43.3471155 1844101205 1844101581
1779472414 -22.8171734 -43.3433031 1779472410 3884113635
1844101834 -22.8171292 -43.3475501 1844101386 1844101785
1844101654 -22.8170822 -43.3480598 1844101254 1844101556
1779472410 -22.8170774 -43.3432949 1779472402 1779472400 1779472414
1844101059 -22.8170439 -43.3450392 1779472407 1844100916
3884113634 -22.8169963 -43.3418034 1779472400
1844101254 -22.816966 -43.3480732 1844101299 1844101654
1844101581 -22.8169502 -43.3470977 1844101291 1779472415
1844101749 -22.816939 -43.3466237 1844101102
1844101299 -22.816877 -43.3481188 1844101076 1844101254
1779472407 -22.8168717 -43.3443713 1779472397 1844101059 3884113635
1844101628 -22.8168275 -43.3478559 1844101434 1844101184
1779472402 -22.8168087 -43.3436792 1779472397 1779472410
1779472400 -22.816804 -43.3422374 3884113634 1779472410
1844101076 -22.8168028 -43.3482234 1844101299
1844101804 -22.8167544 -43.3468659 1844101444 1844101705 1844101826
1844101434 -22.8167413 -43.3479004 1844101628 1844101688
1779472398 -22.816729 -43.3408294 1779472394 1779472371
1844101386 -22.8167215 -43.3475625 1844101179 1844101834
1844101444 -22.8167199 -43.346721 1844100855 1844101804
1779472397 -22.8166976 -43.3437183 1779472402 1779472380 1779472407
1779472394 -22.816663 -43.3407304 1779472373 1779472398
1844101688 -22.8166545 -43.3480061 1844101434 1844101832
1844100855 -22.8165923 -43.3466643 1844101311 1844101444 1844101768
1844101832 -22.8165286 -43.3483189 1844100924 1844101688
1844101118 -22.8165136 -43.345678 1844101524 1844100916
1844101102 -22.8164841 -43.3457761 1844100980 1844101749
1844101524 -22.8164839 -43.3457075 1844101118 1844100980
1844100980 -22.8164789 -43.3457316 1844101524 1844101102
1844101756 -22.8164666 -43.348623 1844100924 1844101703
1844101768 -22.8164572 -43.3462914 1844100855 1844100904
1844100924 -22.8164545 -43.3485495 1844101832 1844101756
1844100904 -22.8164452 -43.3461872 1844101757 1844101768
1844101757 -22.8163732 -43.3461481 1844101316 1844100904
1779472380 -22.8162952 -43.3420429 1779472371 1779472397
1779472373 -22.8162929 -43.3404614 1779472359 1779472394 1779472390 1779472363
1844101316 -22.8162651 -43.3461497 1844101692 1844101591 1844101757
1844101692 -22.8162576 -43.3460618 1844101316 1844101791
1844101791 -22.8162006 -43.3459283 1844101596 1844101692
1779472371 -22.8161976 -43.3417905 1779472398 1779472368 1779472380
1844101179 -22.8161825 -43.3474927 1844101456 1844101386
1844101596 -22.8161375 -43.3458973 1844101108 1844101791
1779472368 -22.816007 -43.3415886 1779472371 1779472363
1844101826 -22.8159589 -43.3470339 1844101804 1844101291
1779472359 -22.8158179 -43.3401394 3884103961 1779472373 1779472351 1779472366
1779472363 -22.8157504 -43.3414323 1779472340 1779472373 1779472368
1779472351 -22.8157233 -43.3403452 1779472359 1779472349
1844101382 -22.8156606 -43.3487303 1844101307
1844101591 -22.8156587 -43.3462035 1844101316 1844101081
1844101594 -22.8156458 -43.347931 1844101744 1844101536
1844101744 -22.8156408 -43.3480759 1844101594 1844101825
1779472349 -22.8156123 -43.340495 1779472351 1779472334
1844101825 -22.815604 -43.3481955 1844101187 1844101744
1844101307 -22.8155716 -43.3484245 1844101187 1844101382
1844101536 -22.8155667 -43.3477969 1844101594 1844101167
1844101187 -22.8155617 -43.3483012 1844101307 1844101825
1844101081 -22.8155266 -43.346179 1844101127 1844101591
1844101291 -22.8155086 -43.3471723 1844101581 1844101840 1844101826
1844101108 -22.8155026 -43.3460879 1844101127 1844101596
1844101456 -22.8154655 -43.3474123 1844101373 1844101179
1844101167 -22.8154282 -43.3476628 1844101799 1844101536
1844101127 -22.8153991 -43.3461269 1844101108 1844101569 1844101081
1844101151 -22.8152527 -43.3466087 1844101098
1844101098 -22.8152279 -43.346429 1844101151 1844101569
1844101799 -22.8151909 -43.3474911 1844101167 1844101373
1844101569 -22.8151889 -43.34614 1844101098 1844101127 1844101698
1844101394 -22.8151562 -43.3493204 1844101593
1844101311 -22.8151049 -43.3467506 1844100855 1844101407
1844101698 -22.8150944 -43.3461758 1844101007 1844101569
1844101373 -22.8150478 -43.3473384 1844101799 1844101840 1779472335 1844101456
1779472340 -22.8150239 -43.3412352 1779472336 1779472363
1844101407 -22.8150208 -43.3467164 1844101311 1844101043
1844101840 -22.8149788 -43.3472 1779472335 1844101291 1844101373
1844101043 -22.8149308 -43.3466301 1844101020 1844101407 1844101533
1844101533 -22.8149278 -43.3465145 1844101020 1844101043 1844101007
1844101007 -22.8149022 -43.3462914 1844101533 1844101698
1844101020 -22.8148017 -43.3465536 1844101043 1844101416 1844101533
1779472336 -22.814571 -43.3410299 1779472340 1779472334
1779472335 -22.8144827 -43.3472528 1844101840 3867057154 1844101373
1779472334 -22.8144174 -43.3408396 1779472316 1779472336 1779472349
1844101263 -22.8143577 -43.3469145 1844101416
1844101416 -22.8143394 -43.3466334 1844101020 1844101263 1844101221
1844101221 -22.8143199 -43.346565 1844101416
1779472321 -22.8143046 -43.3414863 1779472319
1779472319 -22.8141979 -43.3414914 1779472312 1779472321
1779472316 -22.8141893 -43.3404997 1779472311 1779472334
1779472312 -22.8140839 -43.3413919 1779472319 1779472295
1779472311 -22.8139353 -43.3400827 3884093582 1779472316 3884093584
1779472309 -22.8139154 -43.3422108 1779472299 1779472306
1779472306 -22.8138991 -43.3420368 1779472293 1779472309
3884093584 -22.8138348 -43.3400631 1779472296 1779472311
1779472299 -22.8138089 -43.3424033 1779472291 1779472309
1779472296 -22.8137712 -43.3401064 3884093583 3884093584 1779472295
1779472295 -22.8136952 -43.3409017 1779472312 1779472296 1779472293
1779472293 -22.8136303 -43.3417948 1779472306 1779472281 1779472295
1779472291 -22.8136111 -43.3426949 1779472289 1779472299
3867057154 -22.8135699 -43.3472875 1779472335 3867064261
1779472289 -22.8132613 -43.3431984 1779472291 1779472263 1779472286
3867064261 -22.8132456 -43.3472998 3867057154 3867057156
3867057156 -22.8131902 -43.3473019 3867064261 1779472265
1779472286 -22.8131902 -43.3431131 1779472275 1779472289
1779472281 -22.813108 -43.3417728 1779472293 1779472271 1779472279
1779472279 -22.8131073 -43.3418477 1779472251 1779472275 1779472281
1779472277 -22.813104 -43.3415561 1779472271 1779472288
1779472275 -22.8130989 -43.3427444 1779472286 1779472279
1779472271 -22.8130786 -43.3416661 1779472277 1779472252 1779472281
1779472265 -22.812911 -43.3473126 3867057156 1779472245
1779472263 -22.8127807 -43.3438899 1779472249 1779472259 1779472289
1779472259 -22.8126222 -43.3437733 1779472263 1779472250
1779472252 -22.8125309 -43.3416221 1779472271 1779472251 1779472261 1779472243
1779472251 -22.8125117 -43.3418148 1779472252 1779472242 1779472279 1779472250
1779472250 -22.8124751 -43.3421833 1779472259 1779472251
1779472249 -22.8123686 -43.344483 1779472263 1779472248
1779472248 -22.8122342 -43.3444759 1779472249 1779472247
1779472245 -22.8121203 -43.3473546 1779472265 3867064262
1779472247 -22.812115 -43.3442574 1779472241 1779472248
1779472243 -22.8119578 -43.3415726 1779472252 1779472246 1779472242
1779472242 -22.8119414 -43.341781 1779472251 1779472241 1779472243
1779472241 -22.8119122 -43.3421503 1779472247 1779472242
3867064262 -22.811721 -43.3473334 1779472245 1779472238
1779472238 -22.8113428 -43.347252 3867064262 3867064264
3867064264 -22.8109982 -43.3471488 1779472238 1779472233
1779472235 -22.810777 -43.3405099 1779472237 3884093581
1779472233 -22.810674 -43.3470104 3867064264 1838592259
3884093581 -22.8106159 -43.3407553 1779472235 1779472231
1779472231 -22.8104565 -43.3408873 1779472220 3884093581
1838592259 -22.810204 -43.3467596 1779472207 1779472233
1779472220 -22.8098521 -43.3411492 1779472231 1779472217
2916889356 -22.8096989 -43.3411358 1779472220
2916889355 -22.8096074 -43.3411171 2916889356
1779472215 -22.8094461 -43.341174 1779472217
1779472212 -22.8094244 -43.3410285 2916889355 1779472215
1779472217 -22.8093997 -43.3413236 2916889354
1779472207 -22.8092561 -43.34615 2218790927 1838592259
2916889354 -22.8092044 -43.3414201 1779472210
3797009547 -22.8090807 -43.3459249 1779472207
1779472208 -22.8090733 -43.3407737 1779472212
1779472210 -22.8090041 -43.3415784 2916889351 2916889350
3797009551 -22.8089701 -43.3457936 3797009547
2218790927 -22.80891 -43.3458511 2218790926
1779472203 -22.8089003 -43.3406611 1779472208
2916889351 -22.8088953 -43.3415999 2916889352
2916889350 -22.8088829 -43.3417474 1779472201
2916889352 -22.8088459 -43.3415677 2916889353
2218790221 -22.8088453 -43.3455234 3797009547
2916889359 -22.8088236 -43.3406718 1779472203
2218790926 -22.8088184 -43.3457859 2218790929
1779472201 -22.8087868 -43.3419718 1779472197
2218788389 -22.8087854 -43.3455931 3797009551
1779472200 -22.8087838 -43.3411103 1779472195
2916889358 -22.8087816 -43.3407201 2916889359
2916889353 -22.8087654 -43.341438 1779472200
1779472195 -22.8087643 -43.3409025 2916889357 2916889360
2916889357 -22.8087568 -43.3407898 2916889358
1779472198 -22.8087381 -43.3419245 2916889353
2218790929 -22.8087278 -43.3457528 2218790931
2218790222 -22.8087232 -43.3452395 2218790221
1779472197 -22.8087099 -43.3421899 1779472194 1779472198
2218788392 -22.8086998 -43.3454803 2218788389
2218788386 -22.8086495 -43.3453966 2218788392
2916889360 -22.8086456 -43.3406611 2916889361
1779472194 -22.8086418 -43.3430249 3797009549 1779472197
2218790232 -22.8086356 -43.3449258 2218790222
2218790931 -22.808628 -43.3457472 3797009550
3797009548 -22.8085894 -43.3447159 2218790232
1779472192 -22.8085867 -43.3454091 1779472191 1779472193
1779472193 -22.8085762 -43.3452622 2218788386 1779472192 3797018759
1779472191 -22.8085673 -43.3455548 1779472192 1779472187
3797009550 -22.8085659 -43.3457561 2218791222
2218790230 -22.8085533 -43.3444825 3797009548
3797009549 -22.8085526 -43.3438837 1779472194 2218784059 2218790230
3797018759 -22.8085404 -43.3451325 1779472193 1779472186
2916889361 -22.8085269 -43.3404921 1779472185
1779472187 -22.8085187 -43.3456924 2218791222 1779472191
2218784059 -22.8085078 -43.3443103 2218784057
1779472186 -22.8084812 -43.3450132 3797018759 1779472179
2218784060 -22.8084671 -43.344857 1779472186
2218784057 -22.8084671 -43.3447013 2218784060
2218791222 -22.8084434 -43.3458149 1779472181 1779472187
1779472179 -22.8083924 -43.3449008 1779472186 3797009543
1779472185 -22.8083761 -43.3403446 2007231957 1779472203
1779472182 -22.8083628 -43.3443086 3797009549
1779472181 -22.8083216 -43.345935 2218791222 1779472176 1779472173
3797009545 -22.8082973 -43.3444651 1779472182
3797009553 -22.8082919 -43.3465108 3797009556
3797018757 -22.8082903 -43.3463471 3797009553
1779472176 -22.8082852 -43.3460596 3797009554
3797009543 -22.808283 -43.3448123 2633546753 1779472179
3797009554 -22.8082768 -43.346156 3797018757
3797009556 -22.8082601 -43.3466673 1779472174
1779472177 -22.8082537 -43.3444232 1779472182
3797009544 -22.8082303 -43.3445797 3797009545
1779472174 -22.8082181 -43.3467946 3797009555
3797009552 -22.8081947 -43.3464253 2218785418
2218785418 -22.808188 -43.3462961 2218785405
2218785414 -22.8081742 -43.3465845 3797009552
1779472173 -22.8081644 -43.3460194 1779472181 1779472149
2633546753 -22.8081582 -43.3447524 1779472165 3797009543
2218785405 -22.8081511 -43.3461943 2218785723
1779472154 -22.8081498 -43.3445342 1779472177
1779472171 -22.8081414 -43.3446634 3797009544
3797009555 -22.8081242 -43.3469766 1779472152
2218785409 -22.8081035 -43.3468403 2218785414
2218785723 -22.8080957 -43.3461269 1779472149
2007231957 -22.8080374 -43.340122 1779472185 2007231956
3797009546 -22.8080273 -43.3446088 1779472154
1779472165 -22.8080242 -43.3447239 1779472171 2633546753 1779472151
1779472152 -22.8080018 -43.3471421 1779472147
1779472149 -22.8079917 -43.3460521 2633546751 1779472173
1779472146 -22.8079234 -43.3446379 3797009546
1779472151 -22.8078986 -43.3447266 1779472165 1779472143
1779472147 -22.8078945 -43.3472349 2218785409 1779472119
1779472144 -22.8078365 -43.3401117 146866884
2633546751 -22.8078319 -43.3460344 1779472139 1779472149
1779472141 -22.8077858 -43.3446416 1779472146
1779472143 -22.8077761 -43.3447571 1779472151 1779472138
1779472139 -22.8076819 -43.3459722 1779472135 2633546751
2625827213 -22.8076735 -43.3447434 1779472143
1779472138 -22.8076704 -43.3448086 1779472143 2633546754
1779472132 -22.8076299 -43.3446015 1779472141
2625827215 -22.8075879 -43.3446943 2625827213
2633546754 -22.8075756 -43.3448808 1779472138 1779472133
1779472135 -22.8075518 -43.34587 3797018758 1779472139
1779472136 -22.8074974 -43.3448981 3797009541
1779472133 -22.807495 -43.344971 3797009542 1779472136 2633546754
3797009541 -22.807494 -43.3448435 2625827211
2625827211 -22.8074689 -43.3447198 1779472134
3797018758 -22.8074507 -43.3457346 1779472128 1779472135
3797009542 -22.8074193 -43.3451023 1779472133 1779472129
1779472134 -22.807405 -43.3446034 1779472124
1779472128 -22.8073855 -43.3455754 3797018758 2218781387
1779472129 -22.8073737 -43.3452491 3797009542 2218781387
1779472122 -22.8073666 -43.3444487 1779472132 2625827215
2218781387 -22.8073605 -43.3454033 1779472128 1779472129
2218779000 -22.8072877 -43.3454876 2218781387
1779472124 -22.8072708 -43.3444287 3797018765
2218779004 -22.807162 -43.345564 2218779000
146866884 -22.8071321 -43.3413533 1779472107
2916898927 -22.8071085 -43.3409746 1779472140 146853541
146862481 -22.8070837 -43.3446348 3797009530
3797009529 -22.8070804 -43.3448895 146862481
1779472121 -22.8070076 -43.3408735 1779472137
3797009530 -22.8070032 -43.3443892 3797009532
146862479 -22.8070015 -43.3451533 3797009529
2218779007 -22.8069875 -43.345624 2218779004
3797009532 -22.8069026 -43.3442163 146862482
146862478 -22.8068631 -43.3454388 146862479
2916889348 -22.8068552 -43.3409621 1779472121
2218779013 -22.8068416 -43.3456859 2218779007
2218779020 -22.8067293 -43.3457677 2218779013
1779472119 -22.8067281 -43.348531 1779472147 2218791779
2916898926 -22.8067217 -43.3413926 1779472121 2916898925
2916898925 -22.8067177 -43.3412469 2916898924
2916889349 -22.8067177 -43.3409731 2916889348
146862482 -22.8067081 -43.344038 146862483 3797009533
2916898924 -22.8066538 -43.3410566 2916889347
2218779010 -22.8066169 -43.3458787 2218779020
146862477 -22.80658 -43.3458169 146862478
1779472107 -22.8065702 -43.3423524 1779472090 3797018762
146862483 -22.8065554 -43.3439635 3797009531
2916889347 -22.8065542 -43.3409255 2916889349 3773304879
3797018765 -22.8065312 -43.3436537 1779472115
2218779016 -22.8064861 -43.345977 2218779010
3797009533 -22.8064733 -43.3439962 146864745
146862476 -22.8064358 -43.3459479 146862477
3797009531 -22.806433 -43.3439362 146862484
1779472114 -22.8064105 -43.3434317 1779472122
1779472115 -22.8064054 -43.3435645 1779472112
146864745 -22.8063525 -43.3440017 3797009534
1779472110 -22.8063384 -43.3433189 1779472114
3797018762 -22.8063182 -43.3429714 3797018761
1779472112 -22.8063166 -43.34353 3797018764
3797018760 -22.8063031 -43.3431916 1779472110
3797018761 -22.8062947 -43.3430915 3797018760
146862484 -22.8062837 -43.3439271 3797009536
146862475 -22.8062496 -43.3460716 146862476 2218779016
3797018764 -22.8062142 -43.3435209 1779472103
2218791779 -22.8062037 -43.3490796 1779472119 2218792135
3797009534 -22.8061949 -43.344038 146864744
3797009536 -22.8061328 -43.3439507 146862486
1779472103 -22.8061304 -43.3435336 1779472102
146864744 -22.8060877 -43.3440913 3797009535
1779472102 -22.80606 -43.34357 1779472098
3797009538 -22.8060534 -43.3461298 146862475
146862486 -22.8060053 -43.3439998 3797009537
1779472098 -22.8059845 -43.3436282 1779472090
3797009535 -22.8059651 -43.3441818 146864743
3773304879 -22.805951 -43.340496 2916889347 2916889362
3797009539 -22.8058505 -43.3461589 3797009538
3797009537 -22.8058494 -43.3441126 146862488
146864743 -22.805841 -43.3443237 146864741
146853543 -22.805795 -43.343027 2916898926
2916889362 -22.805774 -43.3403207 1779472089 3773304879 2916889363
146862488 -22.8057353 -43.3442345 146866890
2914930862 -22.8057235 -43.3434596 2916898927
2916889363 -22.8056968 -43.3401583 2916889362 2916889364
2218792133 -22.8056889 -43.3495665 2218792135
2916889364 -22.8056796 -43.3400488 3773304872 2916889363
1779472090 -22.8056715 -43.3439934 146862491
2218792140 -22.8056709 -43.3494264 2218792133
146862473 -22.8056274 -43.3461516 3797009539
2218792135 -22.8056243 -43.349726 2218794830
1779472089 -22.8056235 -43.3401517 3773304869 2916889362
2218792138 -22.8056063 -43.3493369 2218792140
146864741 -22.8055734 -43.3447007 146864740
3773304869 -22.8055535 -43.3400104 1779472089 1779472086
146858559 -22.8055181 -43.3435677 146853543
2218792134 -22.8054682 -43.3492848 2218791779 2218792138
3797009540 -22.8054647 -43.3461243 146862473
2218794830 -22.8054517 -43.34991 2218794828
146864740 -22.8052965 -43.3451298 146864739
146862471 -22.8052769 -43.3460534 3797009540
146853544 -22.8052095 -43.3441428 146858559
2914930863 -22.805135 -43.3443877 2914930862
146862470 -22.805102 -43.3459508 146862471
146866890 -22.8050829 -43.3451899 146862491
146860291 -22.8050829 -43.3442715 146858559
146864739 -22.8050433 -43.3454903 146864738
146848488 -22.8049167 -43.3451641 146855600
146860292 -22.8048534 -43.3445719 146860291
146853546 -22.8048086 -43.3448436 2914930863 146853544
146862491 -22.8047888 -43.3456054 535974861
3011795549 -22.8047324 -43.3493581 2218793995 1779488503 2218792134
146864738 -22.804711 -43.3460654 146864737
535975363 -22.8046766 -43.3447131 146860292
1366221052 -22.8045793 -43.3479468 3011795549
146864737 -22.8045132 -43.3464516 1366220885
1366220885 -22.8044814 -43.3467347 1366221052
146860293 -22.8042366 -43.3450388 535975363
146860294 -22.8040635 -43.3450817 146860293
122364364 -22.8040289 -43.3452534 146862470
1779488503 -22.8039625 -43.3494698 1779488504 1779488502 3011795549
146853557 -22.8039545 -43.3467082 2914930862
2917691941 -22.8039455 -43.3464685 146853546
1779488502 -22.803866 -43.3475852 1779488503
535974738 -22.8038044 -43.3469631 146853557
535974861 -22.8038019 -43.3474724 535974268
146855600 -22.8037999 -43.3471929 535974228
146860295 -22.8037953 -43.3450373 122364364 146860294
146853548 -22.8037841 -43.3467724 2917691941
2889282434 -22.8036241 -43.3489579 2889282435
122364365 -22.8035888 -43.3448189 146860295
535974268 -22.8035651 -43.3479019 2368505410
535974720 -22.8035532 -43.3474143 535974738
535974228 -22.8035459 -43.3476353 2625827204
535974753 -22.8035132 -43.3472538 146853548
2368505410 -22.8034935 -43.3480318 2625827206
2507088967 -22.8034145 -43.347427 535974753
122364366 -22.803297 -43.3444702 122364365
122369417 -22.8032877 -43.3474284 122369416
122369416 -22.8032798 -43.3471108 2368509846
2368509846 -22.8032527 -43.3468361 122369415
122369420 -22.8032007 -43.3477117 122369417
828869532 -22.8031677 -43.3472994 828869529 828869533
828869533 -22.8031578 -43.3470956 828869535 828869532
122364368 -22.8031338 -43.3441751 122364366
828869529 -22.8031282 -43.347514 828869532
828869535 -22.8030787 -43.3464519 828869533 828869540
122369415 -22.8030326 -43.3446019 2201078363
828869540 -22.8029897 -43.3448747 828869535 828869546
122364370 -22.8029706 -43.3437138 122364368
828869546 -22.80296 -43.3446923 828869327 828869540 828869805
2201078363 -22.8029476 -43.344184 122369413
2933659694 -22.8028837 -43.3483633 2507088967 122369420
827615584 -22.8028833 -43.3415016 122364370
827615586 -22.8028732 -43.3413185 827615584
3891553060 -22.8028592 -43.3410663 827615586
122369413 -22.8028288 -43.343669 827615478
828869327 -22.8028216 -43.3442739 828869330 828869546 828872002
828872002 -22.8027919 -43.3440593 828869327 828872003
828872003 -22.8027523 -43.3437375 828872006 828872002
827615478 -22.8027274 -43.3416196 827615476
827615476 -22.8027163 -43.3413949 3251265161
828872006 -22.8027029 -43.343083 828872003 827615396
3251265161 -22.8027001 -43.3410699 828570425
827615396 -22.8026285 -43.3416314 828872006 827615397
827615397 -22.8026167 -43.3414357 827615396
828869330 -22.8026139 -43.3442739 828869327 828869332
828869805 -22.8024358 -43.3447567 828869546 828869818 828869332
828869332 -22.802426 -43.3443168 828869330 828869190 828869805
828869815 -22.8024161 -43.3472351 828869812 828869818
828869812 -22.8023963 -43.3475891 828869815
828869818 -22.8023963 -43.3463017 828869815 828869805
828869189 -22.8020798 -43.34451 828868913 828869190
828869190 -22.8020798 -43.3443597 828869332 828869189 828868829
828869186 -22.8020205 -43.3475033 828868738
828868738 -22.8019611 -43.3472029 828868985 828869186 828869188
828868913 -22.8019117 -43.3461729 828868984 828869188 828869189
828869188 -22.801882 -43.3463231 828868913 828868738
828868985 -22.8017125 -43.3472323 828868984 828868738 828869045
828869045 -22.8016647 -43.347238 828868985 828868833 828869044
828869044 -22.8016644 -43.3476857 828869045
828868984 -22.8016247 -43.346204 828868913 828868832 828868985 828868981
828868981 -22.8015457 -43.3455614 828868984
828870272 -22.8013875 -43.3410338 828870273
828870273 -22.8013677 -43.3412806 828870272 828870274
828870274 -22.8012886 -43.3414522 828870273 828870278
828870278 -22.8010809 -43.341581 828870280 828870274
828868832 -22.8009226 -43.3462802 828868833 828868984 828868829
828868833 -22.8008845 -43.3472949 828868741 828868832 828869045
828870280 -22.8008237 -43.3416346 828870278 828870283
828868829 -22.8007149 -43.344628 828868832 828869190
618233242 -22.8005284 -43.3489955 618233238 3085068922
618232845 -22.8004965 -43.3400309 618232841 618232851 827616211
618233238 -22.8004443 -43.348577 618233234 618233242
828871455 -22.8004182 -43.3433834 618233208
618233234 -22.8003998 -43.3481264 828868741 618233238
618233228 -22.8003877 -43.3463502 618233230 618233227
618233227 -22.8003877 -43.3459854 618233226 618233228
828868741 -22.8003405 -43.3473271 618233230 618233234 828868833
618233230 -22.8003355 -43.3471018 618233228 828868741
618232851 -22.8002195 -43.3404171 618232845 618232854
618233226 -22.8001899 -43.3446765 618233223 618233227
618233223 -22.800091 -43.3444512 618233226 618233219
