2693749524 -22979925 -43492704 2693749530
1941341151 -22979869 -43491363 2693566294 1941341049 2693749528
2693566294 -22979477 -43491630 1194568801 1941341151 2693749437
1194568801 -22979253 -43491817 1941341028 2693566294
2693749437 -22978722 -43491134 2693566294 2693749392
1941341028 -22978277 -43492582 1194568801 1194568811 2988244578
2693749392 -22978064 -43490702 2693749387 2693749437
2693749387 -22977942 -43490656 2693749352 2693749392 2693749274
2693749369 -22977449 -43498524 2693749350 1194568616 1194568815
1194568815 -22977324 -43497536 2693749369 1194568593
1194568593 -22977241 -43496933 1194568815 2692045887
2692045887 -22977172 -43496586 1194568593 2693729781
2693749352 -22976978 -43490293 2693749431 2693749330 2693749387
2693749350 -22976956 -43498616 2693749369 2693749344
2693729781 -22976848 -43495947 2693729780 2692045887
2693749344 -22976743 -43499054 2693749341 2693749350
2693729780 -22976742 -43495736 3361729478 2693729781
3361729478 -22976716 -43495678 3361729479 2693729780 2692045886
2692045886 -22976698 -43495636 3361729478 1194568561
2693749341 -22976577 -43499173 2693749344 2693749329
2693749330 -22976475 -43490104 2693749324 2693749352 2693749212
2693749329 -22976468 -43499136 2693749341 2693749323
1194568811 -22976462 -43493993 1194568693 1941341028
1194568561 -22976397 -43494511 2692045886 3361730985
3361730985 -22976388 -43494269 1194568693 1194568561 2693749298
1194568693 -22976386 -43494204 3361730985 1194568811
2693749325 -22976351 -43499846 2693749311 2693749291 1194568616
2693749323 -22976335 -43498857 2693749321 2693749329
2693749322 -22976329 -43497733 2693749315 2693749319
2693749321 -22976318 -43498493 2693749316 2693749323
3361729479 -22976301 -43496021 3361729486 3361729478
2693749319 -22976285 -43497465 2693749322
2693749316 -22976240 -43498366 2693749321 2693749314
2693749311 -22976229 -43499974 2693749325 3840459914
2693749315 -22976221 -43497773 2693749314 2693749322
2693749314 -22976208 -43497834 2693749316 2693749315
3361729486 -22976040 -43496198 3361729479 3361729485 3361729480
3840459912 -22976003 -43497007 3840459907
2693749298 -22975966 -43494304 2693749091 3361730985
2693749291 -22975959 -43499749 2693749259 2693749288 2693749325 2693749295
2693749295 -22975959 -43499557 2693749291 2693749284
3361729480 -22975914 -43496284 3361729486 3361729481
2693749288 -22975885 -43499923 2693749270 2693749291
3361729481 -22975877 -43496187 3361729482 3361729480
2693749284 -22975868 -43499160 2693749277 2693749188 2693749295
3361729485 -22975825 -43495750 3361729486 3361729484
3840459907 -22975806 -43497462 2693749268 3840459912
2693749277 -22975801 -43498812 2693749284 2693749253
2693749274 -22975799 -43492389 2693749244 2693749387
3361729484 -22975765 -43495699 3361729483 3361729485
2693749268 -22975763 -43497538 2693749226 3840459904 3840459907
3361729483 -22975726 -43495702 3361729482 3361729484
3361729482 -22975716 -43495753 3361729483 3361729481
3840459904 -22975660 -43497635 2693749268 2693749255
2693749259 -22975640 -43499706 2693749291 2693749194
2693749253 -22975622 -43498381 2693749277 2693749243
2693749244 -22975579 -43492500 2693749274 2693749232
2693749255 -22975574 -43497801 2693749246 3840459904
2693749243 -22975547 -43498111 2693749253 2693749246 2693749205
2693749246 -22975539 -43497990 2693749243 2693749255
2693749232 -22975485 -43492512 2693749153 2693749244 2693749201
2693749226 -22975319 -43497143 2693749268 2693749215
2693749215 -22975148 -43497227 2693749226 2693749210
2693749212 -22975017 -43491303 2693749201 2693749330
2693749210 -22975001 -43497353 2693749215 2693749205
2693749205 -22974856 -43497523 2693749210 2693749243 2693749188
2693749201 -22974825 -43491537 2693749212 2693749153 2693749232
2693749198 -22974768 -43490288 2693749256 2693749183
2693749194 -22974708 -43498908 2693749171 2693749259
2693749188 -22974553 -43498013 2693749284 2693749205
2693749183 -22974511 -43490356 2693749198 2693749121
2693749178 -22974442 -43499444 2693749219
2693749171 -22974409 -43498664 2693749122 2693749194
2693749153 -22974190 -43492678 2693749106 2693749201 2693749232
2693749133 -22973985 -43496780 2693749085
2693749122 -22973917 -43498694 2693749171 2693749092
2693749112 -22973826 -43498211 2693749085
2693749106 -22973638 -43493085 2693749153 2693749091
2693749095 -22973469 -43490021 2693749037 2693749104
2693749092 -22973433 -43498616 2693749122 2693749052
2693749091 -22973426 -43494125 2693749055 2693749106 2693749298
2693749085 -22973329 -43497070 2693749054 2693749133 2693749112
2693749076 -22973204 -43496304 2693749066
2693749066 -22972975 -43495324 2693749055 2693749076
2693749057 -22972786 -43495755 2693749049
2693749055 -22972780 -43494094 2693749066 2693749041 2693749091
2693749054 -22972748 -43497326 2693749085 2693749031
2693749052 -22972681 -43498775 2693749048 2693749092
2693749049 -22972640 -43495369 2693749047 2693749057
2693749048 -22972515 -43498937 2693749028 2693749052
2693749047 -22972506 -43494629 2693749041 2693749049
2693749041 -22972440 -43494078 2693749055 2693749047 2693749012
2693749037 -22972180 -43491727 2693749019 2693749095
2693749031 -22972107 -43497766 2693748987 2693749054
2693749028 -22972070 -43499092 2693748967 2693749048
2693749019 -22972005 -43491753 2693748999 2693749037
2693749012 -22971882 -43494051 2693748993 2693749003 2693749041
2693749003 -22971806 -43496482 2693749012
2693748999 -22971627 -43491421 2693748984 2693749019
2693748994 -22971575 -43493084 2693748993
2693748993 -22971570 -43494038 2693748903 2693748994 2693749012
2693748987 -22971378 -43498032 2693748907 2693749031
2693748984 -22971278 -43491371 2693748923 2693748999
2693748923 -22970383 -43491727 2693748885 2693748984
2693748909 -22970187 -43495828 2693748904
2693748907 -22970159 -43498096 2693748987 2693748857
2693748904 -22970081 -43495547 2693748903 2693748909
2693748903 -22970081 -43493972 2693748864 2693748993 2693748904
2693748885 -22969902 -43491461 2693748834 2693748923
2693748867 -22969533 -43495358 2693748864
2693748864 -22969466 -43493945 2693748903 2693748852 2693748867
2693748857 -22969150 -43497408 2693748907 2693748798
2693748856 -22969130 -43497210 2693748855 2693748853
2693748855 -22969113 -43497310 2693748794 2693748856
2693748853 -22969088 -43497108 2693748850 2693748856 2693748771
2693748852 -22969069 -43493996 2693748753 2693748864 2693748848
2693748851 -22969023 -43499691 2693748874 2693748830
2693748850 -22968979 -43496847 2693748853 2693748843 2693748828
2693748848 -22968940 -43492360 2693748852
2693748843 -22968897 -43496430 2693748850 2693748816
2693748834 -22968696 -43491421 2693748788 2693748885
2693748830 -22968678 -43499046 2693748812 2693748851
2693748828 -22968645 -43496919 2693748850 2693748769 2693748816
2693748818 -22968556 -43498040 2693748802 2693748812
2693748816 -22968536 -43496532 2693748843 2693748755 2693748809 2693748828
2693748812 -22968518 -43498381 2693748818 2693748830
2693748809 -22968453 -43496235 2693748816
2693748804 -22968427 -43495936 2693748680
2693748802 -22968407 -43497659 2693748818 2693748798
2693748798 -22968381 -43497367 2693748779 2693748802 2693748794 2693748857
2693748794 -22968373 -43497277 2693748855 2693748775 2693748798
2693748790 -22968265 -43495503 2693748697
2693748788 -22968259 -43491545 2693748719 2693748834
2693748779 -22968247 -43497362 2693748713 2693748798 2693748775
2693748775 -22968230 -43497271 2693748794 2693748779 2693748714 2693748771
2693748771 -22968217 -43497203 2693748769 2693748853 2693748775
2693748769 -22968183 -43497020 2693748766 2693748771 2693748828
2693748766 -22968169 -43496948 2693748755 2693748769 2693748730
2693748755 -22968114 -43496652 2693748725 2693748747 2693748816 2693748766
2693748753 -22968105 -43494120 2693748723 2693748852 2693748737
2693748747 -22968052 -43496323 2693748755 2693748717
2693748739 -22967921 -43493969 2693748712
2693748737 -22967872 -43492106 2693748753 2693748719
2693748735 -22967859 -43496966 2693748725 2693748730
2693748730 -22967820 -43497036 2693748714 2693748735 2693748766 2693748703
2693748725 -22967810 -43496738 2693748755 2693748735 2693748718
2693748723 -22967805 -43494143 2693748753 2693748708
2693748719 -22967793 -43491431 2693748788 2693748737 2693748688
2693748718 -22967791 -43496648 2693748725 2693748699 2693748717
2693748717 -22967741 -43496418 2693748747 2693748718
2693748714 -22967702 -43497248 2693748713 2693748775 2693748730
2693748713 -22967649 -43497343 2693748695 2693748779 2693748714
2693748712 -22967640 -43493710 2693748704 2693748739 2693748654
2693748711 -22967617 -43499066 2693748678
2693748708 -22967499 -43494288 2693748723 2693748701
2693748704 -22967406 -43493958 2693748712 2693748676
2693748703 -22967381 -43497107 2693748730
2693748701 -22967348 -43494497 2693748686 2693748708 2693748684
2693748699 -22967297 -43496813 2693748718
2693748697 -22967291 -43495813 2693748790 2693748692 2693748689
2693748695 -22967279 -43497237 2693748713 2693748693
2693748693 -22967258 -43497181 2693748695 2693748683 2693748685
2693748692 -22967257 -43495926 2693748608 2693748680 2693748697
2693748689 -22967219 -43495199 2693748697 2693748684
2693748688 -22967218 -43491044 2693748719 2693748658 2693748640
2693748686 -22967208 -43494478 2693748701 2693748675
2693748685 -22967203 -43497305 2693748693 2693748678
2693748684 -22967201 -43494700 2693748689 2693748701
2693748683 -22967196 -43497014 2693748693 2693748680
2693748680 -22967138 -43496359 2693748683 2693748692 2693748804
2693748678 -22967079 -43498031 2693748711 2693748685 2693748655
2693748676 -22967000 -43493477 2693748627 2693748704
2693748675 -22966970 -43494022 2693748660 2693748670 2693748686
2693748673 -22966914 -43492466 2693748654 2693748671
2693748671 -22966897 -43492363 2693748673 2693748638
2693748670 -22966840 -43493772 2693748675 2693748634
2693748660 -22966733 -43493887 2693748618 2693748675
2693748658 -22966707 -43490699 2693748688 2693748636 2693748611
2693748655 -22966696 -43498094 2693748632 2693748678
2693748654 -22966683 -43492825 2693748712 2693748626 2693748673
2693748640 -22966530 -43491883 2693748688
2693748638 -22966525 -43492020 2693748626 2693748671 2693748621
2693748636 -22966511 -43490567 2693748633 2693748658
2693748634 -22966406 -43493760 2693748670 2693748597
2693748633 -22966394 -43490425 2693748607 2693748625 2693748636
2693748632 -22966288 -43498390 2693748616 2693748655
2693748627 -22966261 -43492848 2693748676
2693748626 -22966223 -43492398 2693748654 2693748613 2693748624 2693748638
2693748625 -22966223 -43490216 2693748633 2693748620
2693748624 -22966130 -43492478 2693748626
2693748621 -22966092 -43491650 2693748638 2693748609
2693748620 -22966091 -43490055 2693748625 3081847228
2693748618 -22965975 -43494010 2693748660 2693748594
2693748616 -22965965 -43499184 2693748632 2693748604
2693748613 -22965960 -43492100 2693748626
2693748611 -22965918 -43491307 2693748658 2693748609
2693748609 -22965870 -43491391 2693748611 2693748621
2693748608 -22965798 -43496254 2693748692 2693748605
2693748607 -22965716 -43490938 2693748633 2693748571
2693748605 -22965696 -43496056 2693748608
2693748604 -22965665 -43499379 2693748616 2693748587
2693748597 -22965530 -43493223 2693748634 2693748569
2693748594 -22965509 -43494406 2693748618 2693748573
2693748588 -22965403 -43499783 2693748586 2693748592
2693748587 -22965314 -43499036 2693748604 2693748577
2693748586 -22965268 -43499257 2693748570 2693748588
2693748577 -22965160 -43499021 2693748570 2693748587
2693748573 -22965041 -43494591 2693748552 2693748559 2693748594
2693748571 -22965018 -43491184 2693748607 2693748556
2693748570 -22965016 -43499081 2693748577 2693748586
2693748569 -22965011 -43494224 2693748597
2693748559 -22964806 -43494552 2693748573 2693748549
2693748556 -22964715 -43491144 2693748571 2693748558 2693748553
2693748553 -22964644 -43491275 2693748556 2693748551
2693748552 -22964523 -43494687 2693748573
2693748551 -22964510 -43491407 2693748548 2693748553
2693748549 -22964416 -43494320 2693748559 2693748546
2693748548 -22964362 -43491517 2693748547 2693748551
2693748547 -22964258 -43491529 2693748548 2693748544
2693748546 -22964221 -43494289 2693748540 2693748549
2693748544 -22964006 -43491174 2693748547 2693748541
2693748543 -22963983 -43494896 2693748542 2693748538
2693748542 -22963973 -43494749 2693748539 2693748543
2693748541 -22963943 -43491186 2693748533 2693748544
2693748540 -22963919 -43494382 2693748546 2693748539
2693748539 -22963898 -43494480 2693748540 2693748542
2693748538 -22963826 -43495044 2693748532 2693748543
2693748533 -22963559 -43491656 2693748541 2693748504
2693748532 -22963543 -43495121 2693748538
2693748504 -22962863 -43492076 2693748533 2693748497
2693748497 -22962751 -43492086 2693748504 2693748483
2693748483 -22962288 -43491853 2693748497 2693748465
2693748465 -22961722 -43491675 2693748483 2693748460
2693748460 -22961603 -43491557 2693748465 2693748459
2693748459 -22961602 -43491383 2693748460 2693748433
2693748447 -22961169 -43490036 2693748453 2693748436
2693748436 -22960946 -43490056 2693748447 2693748425
2693748433 -22960815 -43490978 2693748459
