1655083401 -22.8196641 -43.6931414 1655083403 1655083399 1655083381
1655083400 -22.8196602 -43.6913922 1655083383 1655083404 1655083402
1655083399 -22.819293 -43.6934208 1655083375 1655083401 1655083379
1655083383 -22.8192556 -43.6917044 1655083403 1655083400 1655083381
1655083381 -22.8188807 -43.6919936 1655083401 1655083375 1655083383
1655083379 -22.8185538 -43.6939771 1655083399 1655083373 1655083372
1655083375 -22.818539 -43.6922572 1655083399 1655083372 1655083381
1655083373 -22.8181685 -43.6942672 1655083369 1655083379 1655083371
1655083372 -22.8178083 -43.692821 1655083369 1655083375 1655083379
1655083371 -22.817777 -43.6945619 1655083370 1655083373 1655083366
1655083370 -22.8174238 -43.6948277 1655083371 1655083368 1655083363
1655083369 -22.8173898 -43.6931438 1655083373 1655083366 1655083372
1655083368 -22.8170335 -43.6951215 1655083353 1655083370 1655083359
1655083366 -22.817025 -43.6934253 1655083369 1655083371 1655083363
1655083363 -22.8166792 -43.6936921 1655083353 1655083370 1655083366
1655083359 -22.8166744 -43.6953919 1655083368 1655083357 1655083350
1655083357 -22.8163737 -43.6956182 1655083359
1655083353 -22.8162905 -43.6939919 1655083368 1655083350 1655083363
1655083350 -22.8159247 -43.6942741 1655083339 1655083353 1655083359
1655083339 -22.815795 -43.6943742 1655083350
