2422412028 -22.9637436 -43.1614783 400645757 2422412000
400645757 -22.9637309 -43.1615849 2422412028 1573458743
2422412000 -22.9637053 -43.1612947 2422412028 400645755
1105622649 -22.9637006 -43.1697218 153790221
2422406693 -22.9636631 -43.1696869 1105622649
2422406706 -22.9636043 -43.1696615 2422406693
2122083656 -22.9636036 -43.1694728 1105622649
1573458743 -22.9635992 -43.1619084 1573458726 400645757
400645758 -22.9635785 -43.1623024 1573458726 1573458732
365741781 -22.9635702 -43.169398 2122083656
1573458726 -22.9635702 -43.1620812 400645758 1573458743
1573458732 -22.9635355 -43.1625299 2422412025 400645758
1105680010 -22.9635334 -43.1696735 2422406706
2422412025 -22.9634822 -43.162715 400645759 1573458732
400645755 -22.9634574 -43.1607683 1573458746 2422412000
153791880 -22.9634538 -43.1697075 1105680035 365741757 1105680010
400645759 -22.9634191 -43.1628619 2422412025 400645760
1573458746 -22.9633694 -43.160465 400645755 400645754
365741757 -22.9633596 -43.1695005 2122083660
1105680035 -22.963357 -43.1697536 153791880 468169919
400645760 -22.9633524 -43.1629563 400645761 400645759
2122083660 -22.9633404 -43.1694585 153791878
400645754 -22.9633003 -43.1603657 1573458746 2422412006
2422412006 -22.9632269 -43.1603131 400645754 400645753
400645761 -22.9631145 -43.1631815 400645760
400645753 -22.963113 -43.1602989 400645752 2422412006
153790224 -22.9630978 -43.1682641 365741781
400645752 -22.9629569 -43.1603524 400645753 2422411992
2422406701 -22.9628953 -43.1677259 153790224
153791878 -22.9628892 -43.1683462 468169849
2422411992 -22.96287 -43.1604149 400645752 400645751
468169919 -22.9628638 -43.1699883 2422406716 468169885 1105680035
400645751 -22.9628219 -43.160484 2422412027 2422411992
468169849 -22.9627883 -43.1680768 153791877 468169835
2422412027 -22.9627798 -43.1605734 400645751 2422412008
2422406683 -22.9627789 -43.1673704 2422406701
2422406715 -22.9627331 -43.1672088 2422406683
2422412008 -22.9627307 -43.1607329 2422412027 2422411993
153791877 -22.9627207 -43.1678976 2422406685
2422411993 -22.9627036 -43.1608643 2422412008 2422412011
2422412011 -22.9626635 -43.1609845 1573458755 2422411993
1105680059 -22.9626011 -43.1666241 1105680087 2422406715
1573458755 -22.9625989 -43.1611427 2422412012 2422412011
2422406685 -22.9625822 -43.1674851 2422406702
1105680087 -22.962572 -43.1666675 2422406684
2422406720 -22.9625717 -43.1664915 1105680059
365740836 -22.9625587 -43.1664328 2422406720
2422412012 -22.962538 -43.161243 1573458755 400645750
2422406702 -22.9625135 -43.1672404 1105680040
2422406684 -22.9625101 -43.1667092 2422406687
153790228 -22.962493 -43.1659358 365740836
400645750 -22.9624812 -43.1613009 2422412012 2422412004
2422406687 -22.9624617 -43.1667271 153791875
153790230 -22.9624546 -43.1654296 153790228
153790231 -22.9624431 -43.1653806 153790230
1105680040 -22.9624355 -43.1669072 153791875
2422406695 -22.9624228 -43.1653465 153790231
153791875 -22.9623961 -43.1667422 468169953 365740843
1105680078 -22.9623943 -43.165324 2422406695
2422412004 -22.9623596 -43.1613576 400645750 400645749
365740843 -22.9623437 -43.1664678 2422406694
2422406703 -22.9623395 -43.1653123 1105680078
2422406694 -22.9623326 -43.1664065 153791873
400645749 -22.962286 -43.1613736 2422412004 400645748
153791873 -22.9622709 -43.1659734 153791872
153791872 -22.9622349 -43.1654959 153790232
153790232 -22.9622251 -43.1653233 2422406703
468169835 -22.962171 -43.1682718 2422406698 468169849 468169919 2422410184
2422410184 -22.9621191 -43.1680784 468169953 468169835
2422408468 -22.9621151 -43.1642962 2422408147
2422408147 -22.9620457 -43.1644402 2422408472 2422408468
400645748 -22.9620432 -43.1613946 400645749 2422411994
2422408472 -22.9619667 -43.1645286 2422408147 2422408120
527726642 -22.961944 -43.1688829 2422404936 2422406692 2422406696
2422411994 -22.9619339 -43.1614289 400645748 2422411999
2422408120 -22.9619265 -43.1645511 2422408472 2422408128
2422406698 -22.9618945 -43.1683458 468169835 2422406700
468169953 -22.961879 -43.1668345 468169965 2422410184
2422406700 -22.9618743 -43.1683584 468169828 2422406698
2422412019 -22.9618725 -43.1621699 400645741 400645740
400645741 -22.9618642 -43.162113 400645742 2422412019
468169828 -22.9618555 -43.1683844 2422406700 2422406696
2422406696 -22.9618509 -43.1684286 468169828 527726642
400645740 -22.9618429 -43.1622077 2422412019 400645739
400645742 -22.9618302 -43.1620848 400645741 400645744
2422411999 -22.9618106 -43.161475 2422411994 2422412010
2097098715 -22.9617979 -43.1653929 153790232
400645739 -22.9617952 -43.1622371 400645740 400645736
2422408144 -22.9617782 -43.164572 2097111129
2097111129 -22.9617724 -43.1645443 2422408145
468169996 -22.9617658 -43.1653995 2097098715 2097098719
2422408128 -22.9617627 -43.1646131 2422408144 2422408120
2422408145 -22.9617559 -43.1645229 2422408126
2422408132 -22.9617471 -43.1646255 2422408128
2097098719 -22.961733 -43.1653209 2422408470 468169996
2422408126 -22.9617218 -43.1645109 2422408149 2422408134
2422408130 -22.9617132 -43.1646307 2422408143 2422408132
400645729 -22.9617116 -43.1626123 400645732
2422408138 -22.9617004 -43.1654269 468169996
2422412010 -22.9616904 -43.1615833 2422411999 400645746
2422411996 -22.9616902 -43.1627367 2422412002
2422408143 -22.9616898 -43.1646855 2422408471 2422408130
2422408135 -22.9616883 -43.1646186 2422408130
2422408470 -22.9616827 -43.1651002 2097098719 2422408469
2422408149 -22.9616821 -43.16453 2422408148
2422408141 -22.9616755 -43.164603 2422408135
2422408140 -22.9616746 -43.1654545 2422408138
2422408471 -22.9616691 -43.1648123 2422408143 2422408469
2422408148 -22.9616689 -43.1645561 2422408141
2422408469 -22.961668 -43.1649343 2422408471 2422408470
2422408117 -22.9616557 -43.1654924 2422408140
468169965 -22.9616514 -43.1655304 2422408117
400645744 -22.9616258 -43.1621096 2422412001 400645742
400645746 -22.9616023 -43.1617815 2422411998 2422412010
2422412001 -22.9615619 -43.1621048 2422412026 400645744
2422412026 -22.961521 -43.1620877 2422412007 2422412001
2422411998 -22.9615203 -43.1618961 400645746 400645745
2422404936 -22.9615108 -43.1690163 2422404917 527726642
2422408134 -22.9614916 -43.1644814 2097111130
2422412007 -22.9614843 -43.1620463 400645745 2422412026
2422408142 -22.961482 -43.164594 2422408130
400645745 -22.9614787 -43.1619995 2422411998 2422412007
2422404917 -22.9614673 -43.1690625 2422404936 1535222246
400645736 -22.9614331 -43.1623651 400645734 400645739
1535222246 -22.9613622 -43.169286 2422404917 2422404905
2097111127 -22.9613437 -43.1653622 2097111125
2422404905 -22.9613312 -43.1693217 2422404908 1535222246
2422404908 -22.9613 -43.1693452 857630443 2422404905
2097111130 -22.961265 -43.1644524 2097111119 2097111121
2097111121 -22.9612503 -43.1645572 2422408115 2097111130 2422408142
2097111125 -22.9612381 -43.1647622 2097111127 2422408115
2422408115 -22.9612379 -43.1646502 2097111125 2097111121
400645732 -22.9612296 -43.1626009 400645729 2422411991
400645734 -22.9611928 -43.1624722 400645736 400645733
2422411991 -22.9611777 -43.1625777 400645732 400645733
400645733 -22.9611658 -43.1625371 400645734 2422411991
2422404930 -22.9610868 -43.1698627 857630437 1535222217
857630443 -22.9610844 -43.1694297 2422404945 2422404908
857630437 -22.9610831 -43.1699397 2422404911 2422404930
2097111119 -22.9610764 -43.1644322 2422412032 2097111130
1535222217 -22.9610756 -43.1697999 2422404934 2422404930
2422404911 -22.9610751 -43.1699898 857630435 857630437
2422404945 -22.9610579 -43.169447 857630443 2422404931
2422404931 -22.9610377 -43.1694724 2422404945 857630440
2422404934 -22.9610354 -43.1696843 1535222217 857630440
2422412032 -22.9610342 -43.1644178 2097111119 2422412034
857630440 -22.9610178 -43.1695776 2422404934 2422404931
2422412034 -22.9608967 -43.1642805 2422412018 2422412032
2422412018 -22.9608281 -43.1641955 2422412033 2422412034
2422404918 -22.9608076 -43.1699741 2422404926 2422404932
2422404932 -22.960797 -43.1698561 2422404941 2422404918
2422404941 -22.9607741 -43.1697718 2422404935 2422404932
2422412033 -22.9607632 -43.1640942 2422412022 2422412018
2422405437 -22.9607444 -43.1687942 2422405436
2422405436 -22.9607392 -43.1688256 2422405437 2422405434
2422412002 -22.9607298 -43.1634862 2422411996 2422412009
2422412022 -22.9607268 -43.1640179 2422412033 2422412003
2422405434 -22.9607148 -43.1688828 2422405436 2784727263
2422412003 -22.9607073 -43.1639498 2422411990 2422412022
2422412009 -22.9606945 -43.1635492 2422412002 2422412031
2422404935 -22.9606924 -43.1696288 2422404941 2422404912
2422411990 -22.9606749 -43.1638021 2422412024 2422412003
2422412031 -22.9606738 -43.1636203 2422412009 2422412024
2422412024 -22.9606672 -43.163709 2422411990 2422412031
2422404912 -22.9606645 -43.1695996 2422404920 2422404935
2422404920 -22.9606009 -43.1695705 857630421 2422404912
857630421 -22.9605559 -43.1695635 2422404942 2422404920
2784727263 -22.9604488 -43.1691083 2422405434 2422405439
2422404942 -22.9604201 -43.169588 2422404910 857630421
2422404910 -22.9603875 -43.1696057 2422404942 2422404923
2422404923 -22.9603684 -43.1696316 857630415 2422404910
857630415 -22.9603583 -43.1696894 2422404938 2422405443 2422404923
2422405439 -22.960332 -43.1692073 2422405440 2784727263
2422405440 -22.9602969 -43.1692519 2422405439 2422405438
2422405443 -22.9602896 -43.1693519 857630415 2422405438
2422405438 -22.9602855 -43.1693095 2422405440 2422405443
