1845331040 -22.899972 -43.4267706 1845331215 1845331531
1845331215 -22.8998583 -43.4267365 1845332050 1845331040
1845332050 -22.8997498 -43.4266767 1845331215 1845331011
1845331011 -22.8995278 -43.4264352 1845331578 1845332050
1845331578 -22.8994876 -43.4263572 1845330965 1845331011
1845330965 -22.8994686 -43.4262669 1845331082 1845331578
1845331082 -22.8994252 -43.4260607 1845331304 1845330965
1845331304 -22.8993939 -43.4259791 1845331144 1845331082
1845331144 -22.8992773 -43.4257807 772971433 1845331304
3779269166 -22.8990313 -43.4244574 1845331054
1845331054 -22.8988552 -43.4246515 1845331856 3779269162 3779269166
772971433 -22.8988466 -43.4251995 1845331814 1845331144
3779269162 -22.8987818 -43.4247195 1845331814 1845331054
1845331856 -22.8987076 -43.4245459 1845331054
1845331814 -22.8985899 -43.4248684 772971433 3779269162 1845331192
1845331192 -22.8984101 -43.4246615 1845331814 1845331716
1845331716 -22.898163 -43.4244297 1845331459 1845331192
1845331459 -22.8979177 -43.4242366 1845330998 1845331716
1779579445 -22.8977432 -43.4219322 1779579440
1845330998 -22.8977081 -43.4241523 1845331068 1845331459
3819339125 -22.8976847 -43.4209762 3819339124
1845331068 -22.897657 -43.4241108 1845331542 1845330998
1779579444 -22.8976317 -43.4236705 1779579443
3819339124 -22.8974858 -43.4206076 3819339123 3819339125
1779579443 -22.8974773 -43.4234607 1845331269 1779579444
1845331542 -22.897472 -43.4238879 1845331376 1845331068
1845331376 -22.8974014 -43.4238237 1845331356 1845331542
1845331269 -22.8972579 -43.4227669 1779579441 1779579443 3779268751
3819339123 -22.8972141 -43.4203179 3819339124 3819339122
1845331356 -22.8972096 -43.4237092 1845331146 1845331376
3779268751 -22.8971964 -43.4228432 1845331252 1845331269
1779579441 -22.8971746 -43.4224799 1845331269 1779579438
1845331146 -22.8971461 -43.4236387 1845331356 1845331371
1779579440 -22.8970708 -43.4209779 1779579445 3819339122
1845331252 -22.8970172 -43.4230849 1845332046 3779268751
1845331371 -22.8970104 -43.4234311 772971965 1845331146 1845331724
1845331724 -22.8969898 -43.4233143 1845331550 1845331371
1845332046 -22.8969865 -43.4231361 1845331252 1845331550
1845331550 -22.8969715 -43.4232013 3779268749 1845331724 1845332046
772971965 -22.8969146 -43.4233804 1779579439 1845331371
3779268749 -22.8968984 -43.4230468 1845331257 1845331550
1845331257 -22.8968523 -43.4228911 1845331051 3779268749
3819339122 -22.8968186 -43.4205929 1779579440 1779579434 3819339123
1779579439 -22.8968172 -43.4233553 772971965 1779579435
1845331051 -22.8967999 -43.4226119 1845331257 1779579437
1779579438 -22.8967726 -43.4218997 1779579433 1779579441
1779579437 -22.8966705 -43.4222299 772971282 1845331051 1779579436
1779579435 -22.8965151 -43.4232268 1779579439 3779268737
1779579436 -22.8965132 -43.4218971 1779579432 1779579437
1779579432 -22.8964146 -43.421737 1779579414 1779579428 1779579436
1779579433 -22.8963927 -43.4213914 1779579424 1779579438
1779579428 -22.8961448 -43.4213609 1779579432 1779579427
1779579429 -22.8961082 -43.420365 1779579424 1779579434 1779579415
3779268737 -22.8961066 -43.4230736 1779579435 772971282
1779579427 -22.8960404 -43.4212468 1779579407 1779579421 1779579428
772971282 -22.8959143 -43.4230399 3779268737 3779268731 1779579437
3779268731 -22.8958335 -43.4230435 772971282 1779579417
1779579424 -22.895797 -43.4207955 1779579433 1779579429 1779579409
1779579421 -22.8956182 -43.4208522 1779579404 1779579412 1779579427
1779579417 -22.8954044 -43.4229264 3779268731 1779579414
1779579414 -22.895292 -43.4228223 1779579417 1779579432 1779579407
1779579412 -22.8952001 -43.4204567 1779579395 1779579405 1779579421
1779579409 -22.8950059 -43.4201116 1779579415 1779579402 1779579424
1779579407 -22.8949096 -43.4224683 1779579414 1779579404 1779579427
1779579405 -22.8947297 -43.4200981 2939328994 1779579396 1779579412
1779579404 -22.8945127 -43.4220196 1779579395 1779579407 1779579421
1779579396 -22.894149 -43.4207179 1779579394 1779579386 1779579405
1779579395 -22.8941299 -43.4215869 1779579404 1779579394 1779579412
560444574 -22.8938197 -43.4299068 560444118 560444576
1779579394 -22.8937517 -43.4211594 1779579395 1779579379 1779579396
1779579379 -22.8929741 -43.4202804 1779579394 565459588
560444915 -22.8924123 -43.4235038 560444917 560444975
560444917 -22.8924123 -43.4233836 560444915 560445088
560444975 -22.8923727 -43.4236068 560444872 560444915
560444872 -22.8920327 -43.4238729 560444977 560444813 560444975
560444683 -22.8920169 -43.4259585 560444685
560444600 -22.8919537 -43.4294776 560444125 560444601
559981458 -22.8919361 -43.4200823 559981044 565459588
560444576 -22.891922 -43.4275292 560444574 560444577
565459588 -22.8918247 -43.4202237 559981458 559981459 565459586 1779579379
560445088 -22.8917729 -43.4225659 560444917 560445460 560445033
560444813 -22.8917006 -43.4234437 560445460 560444872 560445002
559981459 -22.8916984 -43.4203713 565459588 560444919
560444685 -22.8914081 -43.4250831 560444688 560444683
560444577 -22.8913448 -43.426731 560444576 560444578
560445460 -22.8913346 -43.4229637 560444869 560444813 560445088
560445002 -22.8912716 -43.4238206 560445024 560444813 560444746
560445033 -22.8911164 -43.421764 560445088 560444919 560444869
565459754 -22.8910267 -43.4201621 565459586 565459814 565459804
560444688 -22.8909099 -43.4251861 560444685 559981480
559981480 -22.8908479 -43.425223 559981479 559981481 560444688
559981481 -22.8908318 -43.4253615 559981480 560444578
560444746 -22.8908309 -43.4242076 560445068 559981473 560445002
559981479 -22.8908128 -43.4251606 560444977 559981480
560444977 -22.8907539 -43.4250794 559981473 559981479 560444872
560444919 -22.8907537 -43.4212862 559981459 565459868 560445033
560444869 -22.8907123 -43.4221477 560445460 560445024 560445033
565459814 -22.8906047 -43.4205429 565459754 565459756 565459855
560442467 -22.8905462 -43.4297523 560442548 560442643 560442546
565459868 -22.890536 -43.4214747 560444747 560444919 565459756
560444601 -22.8905304 -43.4278726 560444600 560444612
560444578 -22.8905136 -43.4256632 559981481 559981482 560444577
559981473 -22.8904038 -43.4246196 559981464 560444977 560444746
560444610 -22.8903485 -43.426731 560444609 560444612
560445024 -22.8902615 -43.4225425 560445068 560445002 560444869
560444609 -22.8902141 -43.4266109 560444610
565459756 -22.8901547 -43.4209489 565459814 565459868 565459933 565459416
559981482 -22.8899564 -43.4261602 560444602 559981488 560444578
560444612 -22.8899022 -43.4271725 560444602 560444610 560444601
560445068 -22.889843 -43.4229009 560444747 560445024 560444746
565459933 -22.889701 -43.4213502 565460011 565459756 565460004
560444747 -22.8894727 -43.4224537 565459868 560445068 559981461
560444602 -22.8894287 -43.4266411 560444612 559981482 566206391
560442548 -22.8893206 -43.4283875 560442619 560442467 560442551
559981464 -22.8893015 -43.4232044 559981473 565458984 559981488
559981461 -22.8892934 -43.4226342 560444747 2939304561 565459196
565460011 -22.8892606 -43.4217397 565459412 565459933 565459196
2939304561 -22.8892485 -43.4227838 559981462 559981461
565458984 -22.8892367 -43.4230951 559981462 559981464 565458988
559981462 -22.8892265 -43.4229421 2939304561 565458990 565458984
565458990 -22.8890268 -43.4229563 559981462 565458991
560442619 -22.8889091 -43.4288167 560442548 560442690 560442614 560442643
565458993 -22.8888817 -43.4226484 565458994
565459196 -22.8888738 -43.4220819 565460011 559981461 565459198
566206391 -22.8887909 -43.4272255 560444602 566206691 560442551
565458988 -22.8886998 -43.4235753 565458984 565458989
559981488 -22.8886936 -43.4246628 559981464 559981482 566206759 566206702
560442551 -22.8885331 -43.4274821 560442548 566206391 566207115
560442690 -22.8885139 -43.4292289 560442619 560442599 560442687 560442691
566206759 -22.8884972 -43.4244301 566206816 559981488 566206743
565458997 -22.8883835 -43.4220647 565458998
566207115 -22.8883331 -43.4276599 560442551 560442614 566207113
566206816 -22.8882551 -43.4241431 566206813 566206759 565458989
565458995 -22.8882491 -43.4228544 565458996
566206691 -22.8882284 -43.426412 566206391 566206698
565458989 -22.8881685 -43.4240404 566206816 565458991 565458988
565458998 -22.8881463 -43.4222707 565458997 565458999
565459012 -22.8881147 -43.4219274 565459015
560442599 -22.8881108 -43.4296493 560442690 560442601 560442696 560442746
560442614 -22.8881008 -43.4278799 566207165 560442619 566207115
566206698 -22.8880307 -43.4261717 566206691 566206702
565459015 -22.8880261 -43.4218019 565459018 565459012 565459013
565458991 -22.8880097 -43.4238522 565458994 565458990 565458989 566206797
565459412 -22.8879328 -43.4200219 565460011 565459198 565459413
566207165 -22.8879021 -43.4280606 560442691 560442614 566207375
566207113 -22.8878647 -43.4269699 566207111 566207115
565458994 -22.8878473 -43.4236373 565458993 565458991 566206866
565459013 -22.88783 -43.421524 565457058 565459015
565458999 -22.8877984 -43.422554 565458998 565459000
2939606547 -22.8877686 -43.4213995 565457020
566206866 -22.8877546 -43.4235222 565458994 565458996 566206905
565458996 -22.8876673 -43.4234158 566206866 566206954 565458995
560442691 -22.8876671 -43.4282866 566207165 566208147 560442690
566207111 -22.8876354 -43.4266094 566207109 566207113
566206813 -22.8876037 -43.4247125 566206816 566206797
566206702 -22.8875715 -43.4256913 566206698 566206743 559981488
565459198 -22.8875295 -43.4203996 565459201 565459412 565459196
566206954 -22.887514 -43.423213 566206950 565458996 565459000
566208147 -22.8873999 -43.4285212 560442691 560442696 566207411
566206743 -22.8873665 -43.4254768 566206702 566206392 566206759
566206797 -22.8873665 -43.4244207 566206853 566206813 565458991
565459000 -22.8873478 -43.4229931 439822941 566206954 565458999
566206853 -22.8872954 -43.4243091 566206797
565457803 -22.8872923 -43.4211463 565457802 565457804
566207453 -22.8872795 -43.4271072 566207449 566207375
565457802 -22.8872607 -43.4210176 565457801 565457803
439822941 -22.8872578 -43.422878 566206705 565459018 565459000
560442696 -22.8872401 -43.4286757 566208340 560442599 566208147
566207375 -22.8872242 -43.4271501 566207165 566208164 566207453
565457804 -22.8872211 -43.4212579 565457805 565457803
566206392 -22.8871609 -43.4252619 566209207 566206743 566209161
565459018 -22.8871048 -43.4226783 439822941 565457083 565459015
565457083 -22.8870739 -43.4226384 565459018 565457058 565457082
566207109 -22.8870581 -43.4258283 566207111
565457801 -22.8869897 -43.420669 565457809 565457802 565457806
566206905 -22.8869791 -43.4242147 566206866
565457058 -22.8868846 -43.4224175 565457020 565457057 565457083 565459013
566208164 -22.8868715 -43.4274633 566210003 566207411 566207375
566208340 -22.8868534 -43.42904 566208337 560442696 566208460
565457020 -22.8867731 -43.4222834 565457058 565457805 565457019 2939606547
566209161 -22.8867474 -43.4247232 566206705 566209370 566206392
566207411 -22.8867023 -43.4276136 566208164 566208143 566208147
566206950 -22.8867023 -43.4239143 566206954
566210003 -22.886683 -43.4271833 566208164 566208194 566208143
565457809 -22.886643 -43.4202229 565457801 559981031 565457833
566207449 -22.8866311 -43.4262146 566207453
565457082 -22.8865332 -43.4230689 565457081 565457083
566208143 -22.8865125 -43.4273647 566208246 566210003 566207411
565457805 -22.8865113 -43.4219423 565457020 565456970 565457804
565456970 -22.8864495 -43.4218666 565457805 565457092 565457000
566208460 -22.8863553 -43.4294991 566208340 559981483 566206374
565457092 -22.8863005 -43.4216698 565456970 565457091 565457806
566209207 -22.8862902 -43.426018 566206378 566209370 566206392
566208194 -22.8862761 -43.426579 566210003 566208196 566208232
566208246 -22.8862516 -43.427605 566208143 566208232
566208196 -22.8862041 -43.4264721 566208194
565457806 -22.8861649 -43.4214905 565457086 565457801 565457092
565457057 -22.8861299 -43.4230346 565457056 565457058
566208337 -22.8861251 -43.42812 566208340 566208334
566206705 -22.8861041 -43.4239289 439822941 565454884 566209161
559981483 -22.8860733 -43.4297658 2939482731 560442439 566208460
565457086 -22.8860239 -43.4212982 565457085 565457806 565457094
565457056 -22.8860192 -43.4231462 565457057 565457055
565457091 -22.8859955 -43.4219446 565457090 565457092
565457081 -22.8859876 -43.4235324 565457082
565457090 -22.8859718 -43.4220733 565457091
2939482731 -22.88589 -43.4299362 559981483 2939482732 566208503
566209370 -22.8858894 -43.4254974 566209412 566209207 566209161 566209374
565454884 -22.885841 -43.4241606 566206705 566209374 565454873
565457094 -22.8858346 -43.4210635 565457086 565457093 565457833
565457019 -22.8858294 -43.4230604 565457020 565457018
566208232 -22.8858167 -43.4270042 566208194 566208246
565457833 -22.8858091 -43.4210271 565457107 565457809 565457094
565457018 -22.8857978 -43.423129 565457017 565457019
565457055 -22.8857424 -43.4233608 565457056
565457017 -22.8856713 -43.4232663 565457018
565457107 -22.8856412 -43.420823 565457106 565457833 559981019
566208334 -22.8855636 -43.4274076 566208337
559981019 -22.8855217 -43.42067 565457107 559981022 2939606546
559981022 -22.8854492 -43.4205738 565457117 559981030 565457191 559981019
565457106 -22.8853708 -43.4210176 565457107 565457105
2939482732 -22.8853694 -43.4292864 2939482731
565457000 -22.8853629 -43.42282 565456970
566209412 -22.8853592 -43.4259758 566209002 566209370 566209573
565457105 -22.8853471 -43.4211206 565457106 565457104
566209374 -22.8852891 -43.4246722 566209370 565455224 565454884
565457191 -22.8852321 -43.4207726 565457163 565457190 559981022
566206378 -22.8852236 -43.4269441 566209207 566209002 566206374
565455224 -22.8851992 -43.4247494 566209573 566209374 565454955
565457117 -22.8851691 -43.420233 565457190 559981022 565457861
2939606546 -22.8851323 -43.4210008 2939606545 559981019
565457085 -22.8850861 -43.4221162 565457086
565457163 -22.8850772 -43.4209239 565457162 565457191 565457186
2939606545 -22.8850439 -43.4211696 2939606546 565457104
565454873 -22.8849731 -43.4230722 559981012 565454884 565454955
565457190 -22.8849534 -43.4204107 565457186 565457117 565457191 565457189
565457162 -22.8849509 -43.4211177 565457161 565457163 565457167
565457093 -22.8848647 -43.4219188 565457094
565457161 -22.8848514 -43.4213557 565457162 565457160
565457104 -22.8848465 -43.4216123 2939606545 559981012 565457105
566209002 -22.884832 -43.4264514 566206378 566208934 566209412
566208522 -22.8848282 -43.4293989 566208503
565457189 -22.8848094 -43.4202451 565457190
565457186 -22.8848036 -43.4205341 565457190 565457163 565457187 565457167
565457160 -22.8847666 -43.4215185 2939606542 565457161
566209573 -22.8847588 -43.4251721 565455915 566209412 565455224
566206374 -22.8847334 -43.4274162 566206378 566208457 566206370 566208460
2939606542 -22.8846998 -43.4216327 565457159 565457160
565457118 -22.8846908 -43.4211206 565457119
565457167 -22.8846397 -43.4206691 565457186 565457162 565457182 565457119
565457114 -22.8846038 -43.4213867 565457116
565455915 -22.8845681 -43.4253295 566208934 566209573 565455880
565457119 -22.8844621 -43.4208153 565457116 565457118 565457120 565457167
565457109 -22.8844456 -43.4215497 565457110
565457187 -22.8843745 -43.4200048 565457186
565457182 -22.8843586 -43.4203224 565457167 565457183
565454955 -22.884327 -43.4236698 559981033 565454873 565455880 565455224
565457116 -22.8842871 -43.4209595 565457114 565457115 565457119
559981012 -22.884262 -43.4221733 559981033 565457159 565454873 565457104
566208934 -22.8842163 -43.4256691 565455915 566209002 565455373
565457159 -22.8842074 -43.4220989 565453126 2939606542 559981012 559981006
565457183 -22.8841203 -43.4200118 565457120 565457182 565457111
566208457 -22.8841166 -43.4266266 566206374 566208771
565457120 -22.8839591 -43.4201537 565457115 565457183 565457119
565457115 -22.8837962 -43.4202972 565457110 565457120 565457116
566208771 -22.8837765 -43.4268841 566208457 566208817 566208636
565455880 -22.883701 -43.4242432 565455363 565455915 565454955
559981033 -22.883642 -43.4227551 565454955 559981012 559981004
565457110 -22.8836311 -43.4204425 565457115 565457109
565455373 -22.8836027 -43.4261879 566208817 566208934 565455363
566205520 -22.8835937 -43.4299109 566205518 566205521
565453126 -22.8835442 -43.4212322 565453596 565453931 565457159
566206370 -22.8835393 -43.4285063 2939472235 566208636 566208640 566206374
565457112 -22.8834651 -43.420185 565457113
566205521 -22.8834519 -43.429833 2939472233 566205520
566208817 -22.8834214 -43.4263788 565455651 565455373 566208771
565455363 -22.8833575 -43.4245579 565455647 565455880 559981004 565455373
2939472233 -22.8833492 -43.429749 566205521 566205522
566205522 -22.8832705 -43.4296736 2939472233 2939472232
566208640 -22.8832701 -43.4287561 566208720 566205903 566206370
559981004 -22.8831801 -43.4232171 565455363 559981033 559980998 559981006
559981006 -22.8831559 -43.423064 565453596 559980999 559981004 565457159
560440970 -22.8831449 -43.4298381 560440969 560440972
2939472232 -22.8830337 -43.4294066 566205522 566205524
565453931 -22.8829827 -43.4205455 565453613 565453126 565455820
560440969 -22.8829808 -43.4296679 560440970
565453596 -22.8829619 -43.4217863 565453126 565453327 565453603 559981006
565455651 -22.8829582 -43.426784 565452323 566208817 565455649
566205524 -22.8829498 -43.4293526 2939472232 566205903
566208636 -22.8829383 -43.4276823 566208720 566206370 566208771
565455820 -22.8829037 -43.4205455 565453931 565455821
565455649 -22.8828924 -43.4265056 565455647 565455651
565455821 -22.8828325 -43.4205798 565455820 565453603
566205903 -22.8828071 -43.4292809 566205524 566205527 566208640
565453603 -22.882785 -43.4206571 565453596 565453613 565455821
2939296949 -22.8827825 -43.4297465 2939296948 2939296950
565455647 -22.8826883 -43.425171 565455363 559980998 565452322 565455649
565453613 -22.8826781 -43.4200612 554815114 565453603 565453931 554816018
559980998 -22.8825233 -43.4238176 565455647 559980997 559981004
559980999 -22.8824993 -43.4236747 565453327 559980996 559981006
565452323 -22.8823637 -43.4273233 565451852 565455651 565452322
554815114 -22.8822938 -43.4204056 554816649 565453613 554815475
565453327 -22.8822885 -43.4224272 565453596 565453144 559980999 554816649
566208720 -22.8821397 -43.4283604 566208722 566208640 566208636
565452322 -22.8820971 -43.4257125 565452323 565455647 565451853 565452313
559980997 -22.8820239 -43.4242482 559980996 559980998 559980921
554816649 -22.8820205 -43.4206505 554814815 554815114 554816641 565453327
2939296950 -22.8819554 -43.4292 2939296949
565452313 -22.8819391 -43.4245109 559980921 565452322
559980996 -22.8819328 -43.4241564 559980997 565451858 559980999
559980921 -22.881891 -43.4244083 559980912 559980997 565452313 565451854
559980912 -22.8818038 -43.4242667 565451858 559980921
565451858 -22.8817964 -43.4241163 565451857 559980996 559980912 565453144
565451854 -22.8817288 -43.4245826 565451853 559980921
565451857 -22.8817051 -43.4241429 565451858 565451856
554814815 -22.8817005 -43.4209374 554816649 565452004 554815464
565453144 -22.881697 -43.4229902 565453327 565451858 565452004
565451853 -22.8816938 -43.4260043 565451852 565451854 565452322
565451856 -22.8816399 -43.4242004 565451857 565451855
565451852 -22.8816241 -43.4280076 566208722 565452323 565451853
559980826 -22.8816081 -43.424487 565451752 2939606540
565451855 -22.8816 -43.4242818 2939606540 565451856
2939606540 -22.8815845 -43.4243747 559980826 565451855
565452004 -22.8815687 -43.4210556 554814815 565453144 439820271
566208722 -22.8814464 -43.428168 565451852 566208720 566205531
566205527 -22.8814043 -43.4288153 566205903 566205528
2939606537 -22.8813304 -43.4249022 2939606536
565451752 -22.8813291 -43.4247069 559980826 565451751
566205528 -22.8812936 -43.4287294 566205529 566205527
565451751 -22.881227 -43.4247448 565451752 565451531
566205529 -22.8812224 -43.4285921 566205528 566205531
566205531 -22.881145 -43.4284401 566208722 566205529 559981664
565451847 -22.8810691 -43.4275321 565451846 565451849
565451804 -22.881055 -43.4280555 565451850
565451531 -22.8810498 -43.4247593 565451534 565451654 565451751
559981664 -22.8810415 -43.4285249 560439818 566205531
565451845 -22.8810374 -43.4256439 565451844 565451846
565451849 -22.8810295 -43.4276008 565451850 565451847
565451846 -22.8810295 -43.4260988 565451845 565451851 565451847
560439818 -22.8810123 -43.4285592 559981674 559981664 560439817
565451534 -22.880996 -43.4231373 565451531 565451532 565451655
565451532 -22.8809794 -43.4223394 565451534 565451533 439820271
565451844 -22.8809742 -43.4255409 565451845 565451843
439820271 -22.8809639 -43.4215975 554814056 439820269 565452004 565451532
565451850 -22.8809291 -43.4275831 565451803 565451804 565451849
565451803 -22.880903 -43.4274463 565451802 565451850
565451843 -22.8808635 -43.4254979 565451800 565451844
560439817 -22.8808201 -43.4281472 560439818 560439853 560439816
565451802 -22.8807211 -43.4267597 565451851 565451803
560439816 -22.8807094 -43.4275378 560439815 560439722 560439817
559981674 -22.8806517 -43.428817 559981635 560439818
559981635 -22.8805885 -43.4289028 559981674 559981613
560439815 -22.8805591 -43.4269198 560439734 560439816 560439723
565451851 -22.8805421 -43.4261039 565451802 565451846 565451801
565451801 -22.8805314 -43.4260644 565451800 565451851
559981613 -22.8805118 -43.4291951 560440464 559981635
565451654 -22.8805033 -43.4247768 559980733 565451655 565451531
565451655 -22.8804381 -43.4236793 565451534 565451536 565451654
554814056 -22.8804245 -43.4201269 554814088 439820271 554814796
560439704 -22.8804168 -43.428748 559981674 560439718
560439734 -22.8803772 -43.4262933 560439724 560439814 560439815
560439718 -22.8803614 -43.4284991 560439704 560439719
565451800 -22.8803416 -43.4255065 565451843 2939606536 565451801
560439853 -22.8802428 -43.4281129 560439817 560439854
560439719 -22.8802112 -43.4283189 560439718 560439854
439820269 -22.8801731 -43.4223528 554814267 439820271
560439814 -22.8801558 -43.4256324 560439813 560439858 560439734
554814267 -22.8801147 -43.4224019 565451648 439820269 554814088
560439854 -22.8801112 -43.4282375 560439720 560439853 560439719
2939606536 -22.8801067 -43.4249272 559980733 565451800 2939606537
559980733 -22.8800535 -43.4247958 565451536 565451654 2939606536
560439889 -22.880029 -43.4286901 560439704 560439888
