551722395 -22.8545112 -43.2979879 551722424 551722370
551722424 -22.8544716 -43.2983141 551720997 551722395 551722549
551722370 -22.85444 -43.2977476 551722349 551722395
551722549 -22.8544084 -43.2986316 551722424 551722576
551722576 -22.8543451 -43.2988891 551722549 551722613
551722349 -22.8543214 -43.2975502 551722318 551722370
551722613 -22.8541711 -43.299138 551722576 551722656
551722318 -22.8541553 -43.2974214 551722296 551722349
551722296 -22.8539575 -43.2973528 551722262 551722318
551722656 -22.8539101 -43.2993269 551721019 551722613
551722262 -22.8537398 -43.2973291 551722239 551722296
551722239 -22.8535148 -43.2973141 551720949 551722262
551720997 -22.8534014 -43.2980818 551721019 551722424 551720981
551720981 -22.853396 -43.2977819 551720963 551720997
551720963 -22.8533485 -43.2975588 551720949 551720981
551720949 -22.8532479 -43.2973632 3327228441 551720963 551722239
551721019 -22.8531429 -43.2997732 551720997 551722656 551721034
3327228441 -22.8531416 -43.2971765 551719283 551720949
551721034 -22.8531325 -43.2999729 551721019 3327228440 551721048
3327228442 -22.8530668 -43.2971581 3327228441
3327228443 -22.853017 -43.2971701 3327228442
551719283 -22.8530137 -43.2969517 3327228444 3327228441 551720928
3327228444 -22.8529717 -43.2972212 551719283 3327228443 551719267
551720928 -22.8528666 -43.2965964 551720912 551719283
551720912 -22.852809 -43.2962927 551720893 551720928
551719267 -22.8528028 -43.2983055 3327228444 551719255
551720893 -22.8527632 -43.296091 551720912
551719255 -22.8527553 -43.2985286 551719249 551719267
551719249 -22.8526288 -43.2986488 551719242 551719255
551719242 -22.8522729 -43.2987604 551719232 551719249
551719232 -22.8519644 -43.2989235 551719224 551719242
551719224 -22.851735 -43.2990265 551717701 551719232
551717701 -22.8511181 -43.2993612 549258750 551719224 551717622
549258750 -22.8509766 -43.2993969 551717701 551701705 2323803791
2323803791 -22.8507748 -43.2992953 549258747 549258750
549258747 -22.8505956 -43.2991644 549258745 2323803791
551705354 -22.8500266 -43.2998247 551705344 551705368
549258745 -22.8500248 -43.2984395 549258747 549258739
551705344 -22.8499949 -43.2996273 551705354 551705337
551705337 -22.8499238 -43.2994213 551705344 2323803806
3819280559 -22.8499095 -43.2905453 3819280558 3819280563
549258739 -22.8498777 -43.2983242 549258738 549258745
3819280558 -22.8498176 -43.2903018 3819280559 3819280557
551815538 -22.8497735 -43.2917909 1776371836
549258738 -22.8496952 -43.2982486 549258736 549258739
3819280557 -22.8496741 -43.2900064 3819280156 3819280558
2323803806 -22.849573 -43.2989349 551704365 551705337
551704365 -22.8494956 -43.29891 551704347 2323803798 2323803806
549258736 -22.8493656 -43.298209 549258738 551705748 2323803798
551704347 -22.8493641 -43.2999987 549255883 551705736 551704365
2323803798 -22.8493621 -43.2983822 549258736 551704365
551768747 -22.8493151 -43.2934895 551768792
1776371836 -22.8492711 -43.2913108 551815538 551815534
551765802 -22.849255 -43.2925076 1776371791 3819280565
551815534 -22.8492435 -43.2912845 3819280563 1776371836
3819280563 -22.8492294 -43.2912716 3819280562 3819280559 551815527 551815534
3819280565 -22.8489444 -43.2928512 551765802 3884583268 551768792
551768792 -22.8488904 -43.2930678 3884583268 3819280565 3819280566 551768747
3884583268 -22.8488152 -43.2929861 551768792 3819280565 3819280564
1776371791 -22.8487305 -43.2919397 3819280562 551765802
3819280562 -22.8487035 -43.2919167 551816048 1776371791 3819280561 3819280563
3819280566 -22.8486884 -43.2940975 551768792
551815527 -22.8486345 -43.2907266 551816048 551816524 3819280563 551783521
3819280564 -22.84849 -43.2933257 3884583268
551705748 -22.8483294 -43.2981153 549258732 549258736 551705736
551705736 -22.8482046 -43.2993059 551706253 551705748 551704347
551816048 -22.8480819 -43.2913862 551816041 551765771 3819280562 551815527
549258732 -22.8480473 -43.298101 549258730 551705748
3819280561 -22.8480374 -43.2927005 3819280562
551816524 -22.8479959 -43.2901679 551765771 551816528 551815521 551815527
549258730 -22.8479122 -43.2981421 549258732 551706258
551706258 -22.8478041 -43.2982091 551706253 549258726 549258730
551706253 -22.8477046 -43.2989907 551705736 551706258 549258726
549258355 -22.8476616 -43.299653 549255883 549258353 549258725
551692482 -22.8475983 -43.2970523 551728888 551731523
551731523 -22.8474797 -43.2968206 551731539 551734269 551692482
551765771 -22.8474797 -43.2907867 551816520 551816891 551816048 551816524
551731539 -22.847369 -43.296709 551731552 551731523
551734269 -22.847369 -43.2965374 551731523 551734439
551734439 -22.8473215 -43.2964172 551734269 551734465
551734465 -22.8472899 -43.2963142 551734439 551734502
551734502 -22.8472819 -43.2961597 551734465 551734525
549258726 -22.8472525 -43.2987094 551706253 549258725 551706258
551734525 -22.8472424 -43.295988 551734555 551734502
551731552 -22.8472345 -43.2966919 551731539 551731581
551816041 -22.8471 -43.292572 551816048
551734555 -22.8470763 -43.2958936 551734525 551734593
551731581 -22.8469577 -43.2967519 551731552 551731612
551816891 -22.8468783 -43.2902109 551816886 551765771 551815521 551817495
549258725 -22.8468425 -43.2991128 549258724 549258726 549258355
551731612 -22.8466887 -43.2968464 551731581 551731657
3819280585 -22.8466397 -43.2931276 3819280586 3819280584
3819280586 -22.8466323 -43.2930518 3819280585 3819280587
3819280584 -22.8466066 -43.2931755 3819280583 3819280585
551734593 -22.8465463 -43.2957821 551734555 551734631
3819280587 -22.8465404 -43.292968 3819280586 3819280588
551816520 -22.8465226 -43.2919283 551765771 3819280567 551820246
3819280583 -22.8465146 -43.2932234 3819280582 3819280584
3819280567 -22.8464447 -43.2921178 551816520 3819280568
551731657 -22.8464356 -43.2970352 551731612 551731681
551736933 -22.8464356 -43.2951898 551736977
3819280568 -22.8463528 -43.2922655 3819280567 3819280569
551734631 -22.8462616 -43.2957992 551734661 551737025 551734593
551731681 -22.8462537 -43.2971811 551731711 551731657
551736977 -22.8462458 -43.2954387 551736933 551737025
551737025 -22.8462141 -43.2955846 551736977 551734631
549258724 -22.8461885 -43.2996288 2990683871 549258351 549258725 551692510
3819280569 -22.8461615 -43.2923972 3819280570 3819280568
551731711 -22.8461192 -43.2974128 551731681 551728868
3819280582 -22.84611 -43.2932074 3819280583 3819280581
551734661 -22.8461034 -43.2958078 551734694 551734631
551816886 -22.8460718 -43.2911987 551816891
3819280588 -22.8459408 -43.2927404 3819280587 3819280589
551734694 -22.8459373 -43.2957906 551734661 551734766
3819280581 -22.8459188 -43.2932513 3819280580 3819280582
3819280570 -22.8458746 -43.292481 3819280569 3819280571
551728888 -22.8458583 -43.2980896 551692482 551692500 551728868
3819280589 -22.8458121 -43.2927404 3819280588 3819280590
551734980 -22.8458028 -43.2951812 551734930 551735014
551820246 -22.8457949 -43.2910785 551816520
551734766 -22.845787 -43.2956962 551734694 551734830
3819280580 -22.845768 -43.2933711 3819280579 3819280581
551692500 -22.8457554 -43.298151 551728888 551692503
551734930 -22.8457475 -43.2952928 551734830 551734980
551735014 -22.8457316 -43.2950954 551734980 551735059
551734830 -22.8457237 -43.2955074 551734766 551734930
3819280579 -22.8456907 -43.2935666 3819280580 3819280578
551692503 -22.8456763 -43.2982797 551692500 551692506
551692510 -22.8456723 -43.2986391 549258724 551692506
551692506 -22.8456446 -43.29846 551692503 551692510
3819280571 -22.8455988 -43.2925808 3819280570 3819280572
3819280578 -22.8455914 -43.2936465 3819280577 3819280579
551735059 -22.8455734 -43.2950697 551735014 551735520 551735552 551735780
551735552 -22.8455655 -43.2949409 551735059
551735520 -22.8455181 -43.2953615 551735059
551728868 -22.8455023 -43.2978506 551728888 551731711 551731746
3819280577 -22.8454737 -43.2936904 3819280576 3819280578
3819280576 -22.8453192 -43.2936624 3819280577 3819280575
551735780 -22.8452966 -43.2950353 551735059
3819280572 -22.8452898 -43.2925928 3819280571 3819280573
551817503 -22.8452096 -43.2909069 551817495
3819280590 -22.8451464 -43.2927205 3819280589 3819280591
3819280591 -22.8450765 -43.2926886 3819280574 3819280590
3819280573 -22.8450654 -43.2925808 3819280572 3819280574
551690802 -22.8450277 -43.2974643 551731782
3819280574 -22.8450103 -43.2926127 3819280573 3819280591 3819280592
3819280594 -22.8449551 -43.2917466 3819280593 3819280595
3819280595 -22.8449514 -43.2916069 3819280594 3819280596
3819280575 -22.8449073 -43.2935547 3819280576
3819280596 -22.8449073 -43.2915111 3819280595 3819280597
3819280592 -22.8448962 -43.2924012 3819280574 3819280593
3819280593 -22.8448889 -43.2922815 3819280594 3819280592
3819280597 -22.8448227 -43.2914313 3819280596 3819280598
3819280598 -22.844727 -43.2914193 3819280599 3819280597
551818173 -22.844648 -43.2901258 551818163
3819280599 -22.8445468 -43.2913994 3819280598 3819280600
2990683872 -22.8445026 -43.299916 2990683871
551731746 -22.8444423 -43.2987861 551731766 551731782 551728868
3819280600 -22.8444254 -43.2913834 3819280599 3819280601
3819280601 -22.84419 -43.2913156 3819280600 3819280602
551685999 -22.8441734 -43.2963142 551685993 551686010
551685993 -22.8441418 -43.2962455 551685988 551685999
551686010 -22.844126 -43.2963571 551686017 551685999
3819280602 -22.8441238 -43.2912597 3819280601 3819280603
551678776 -22.8440992 -43.2975661 551678811
551685988 -22.8440469 -43.2960996 551685984 551685993
3819280603 -22.8440466 -43.2911559 3819280602 3819280604
551731782 -22.8440225 -43.2983992 551690802 551690818 551731746
551686017 -22.8439915 -43.2963056 551686024 551686010
551678811 -22.8439891 -43.2974145 551683219 551679579 551678776
551686024 -22.8438887 -43.2963056 551686017 551686030
3819280604 -22.8438774 -43.2910761 3819280603 3819280605
551685984 -22.8438175 -43.2959709 551685979 551685988
551685979 -22.8438096 -43.2959022 551685984 551685974
3819280605 -22.8437597 -43.2909843 3819280606 3819280604
551685974 -22.8437226 -43.2958679 551685979
551686030 -22.8435881 -43.296606 551686024 551683219
551683219 -22.8434939 -43.2966339 551686030 551678811 551680781 551683863
3819280606 -22.8434102 -43.2908446 3819280605 3819280607
3819280607 -22.8433036 -43.2907408 3819280606 3819280608
551679579 -22.8432242 -43.298048 551678811 551679595 551683863
3819280608 -22.8431307 -43.2905492 3819280607
551680781 -22.8429206 -43.2957381 551683219 551678913 551680749
551683863 -22.8427325 -43.2972765 551679579 551683219 551680749 551683874
551752166 -22.8424649 -43.2905378 551752191 551752153
551752153 -22.8424253 -43.2900743 551752166
551690818 -22.8424194 -43.2998902 551731766 551731782
551752191 -22.8424174 -43.290615 551752206 551752166
551679595 -22.8423561 -43.29868 551679579 551679615 551683874
483623872 -22.8423389 -43.2999612 483623878
551678913 -22.8423225 -43.2948036 551682079 551680781 551678937
551752206 -22.8422988 -43.2906494 551752191 551752222
551680749 -22.8421247 -43.2963228 551682079 551681206 551683863 551680781
483618487 -22.842091 -43.2995745 551690818
551752222 -22.8420219 -43.2905979 551752206 551752236
483623878 -22.8420004 -43.2996586 2323800592
551759230 -22.8419349 -43.2901086 551759216 551759245
551678937 -22.841927 -43.2942457 551678913 551678958
2323800592 -22.8418888 -43.2995291 483623880 551660674
551683874 -22.8418873 -43.297939 551681206 551679595 551683863 551683892
551759245 -22.8418321 -43.2902116 551752236 551759230
551679615 -22.8417654 -43.2991328 483618487 551679595
2323800603 -22.8417265 -43.2924818 2323800613
551752236 -22.8417213 -43.2904777 551752222 551752256 551759245
551660674 -22.8417013 -43.2995925 551664185 2323800592 551660665 551665887
551678958 -22.8416818 -43.2938938 551686908 551678937
2323800613 -22.8416622 -43.2920795 2323800603 2323800591
483623880 -22.8416428 -43.299187 2323800617
551660665 -22.8416185 -43.2997903 551660657 551660674
551752256 -22.8416185 -43.2903919 551752236 551752269
2323800591 -22.8416153 -43.2920149 2323800613 2323800551
551686908 -22.8415408 -43.293999 551680163 551678958 551687132
551682079 -22.8415292 -43.2954002 551680163 551678913 551682099 551680749
2323800551 -22.8415114 -43.2919749 551688292 2323800591
551687610 -22.8413891 -43.2933874 551687600 551687618
551687618 -22.8413812 -43.2930183 551687647 551687610
551687600 -22.8413733 -43.2935934 551687132 551687610
551665887 -22.8413615 -43.2992714 551660674 2323800588 551672307
551687132 -22.8413244 -43.2936545 551686908 551687600
551687647 -22.8413021 -43.2929325 2323800607 551687618 551688277
551681206 -22.8412899 -43.296938 551682099 551680749 551665931 551683874
551683892 -22.8412734 -43.2983539 551679615 551683874
551688277 -22.8412705 -43.2927608 551687647 551688287
551688287 -22.8412309 -43.2925033 551688292 551688277
551664191 -22.8412053 -43.299762 551664197 551664185
551664185 -22.8412051 -43.2996971 551664191 551660674 551664178
551752269 -22.8411914 -43.2903404 551752256 551752280
551664178 -22.8411816 -43.2996381 551664185 551672307
2323800617 -22.8411763 -43.2983962 2993858361
551664197 -22.8411657 -43.299861 551664203 551664191 551660657
551672307 -22.8411533 -43.2996073 551664178 551664172 551665887
551688292 -22.8410857 -43.2919529 551688287 2323800589 2323800551
551664172 -22.8410784 -43.2995804 551664163 551672307
2323800588 -22.8410711 -43.2989898 551665897 551665887
2323800607 -22.8410689 -43.2929194 551687647 551689345
551664203 -22.8410675 -43.299924 551664213 551664197
551664163 -22.840987 -43.2996081 551664172 551670409
2323800604 -22.8409739 -43.2979374 551683892
551664213 -22.840958 -43.2999193 551662341 551664203 551661363
551752280 -22.8409303 -43.2903061 551749241 551752269
551680163 -22.8409224 -43.2944603 551686908 551682079 551680179 551680732
551670409 -22.8409199 -43.2996423 551664163 551670241 551664151
551664151 -22.8408899 -43.2997171 551662341 551670409
2993858361 -22.8408866 -43.297975 2789854187
551662341 -22.8408844 -43.2998069 551661370 551664213 551664151
2323800589 -22.8408461 -43.2919797 551688292 551742138
551749241 -22.8408433 -43.2902546 551749172 551752346 551752280
551752346 -22.8408354 -43.2901344 551749241 551752363
551689345 -22.8408038 -43.2928638 2323800607 551689350 551742138
2323800553 -22.8407844 -43.2976595 2323800604
483618501 -22.8407446 -43.297609 2323800553
551682099 -22.8406616 -43.2960394 551681206 551682079 551682113 551680179
551665897 -22.8406262 -43.2983294 551667426 2323800588 551665903
551665931 -22.8406096 -43.2974449 551681206 483618501
3327279904 -22.8405653 -43.2974901 551665931
551742138 -22.8405388 -43.291964 551689345 551742170 2323800589
2789854187 -22.8405278 -43.297537 3327279904 2789854204
551670241 -22.8405089 -43.2993257 551670197 551670409 551670280
551665911 -22.8404721 -43.2976327 2789854187
551670197 -22.8404691 -43.29904 551667426 551670241
551670280 -22.8404351 -43.2996503 551670241 551661370
551749172 -22.8404162 -43.2902374 551749134 551749241
551665907 -22.8404088 -43.2978312 551665911
551665903 -22.8404081 -43.2979594 551665897 551665907
551667426 -22.8403322 -43.29853 551667407 551665897 551670197
551680732 -22.8403292 -43.2934904 551680163 551686386
551661370 -22.8403127 -43.2999404 551661363 551662341 551661378 551670280
2789854204 -22.8403101 -43.2973364 2789854202
2323800565 -22.8402738 -43.2981795 551665903
551742170 -22.8402343 -43.2912073 551742138 551742199
551667407 -22.8402113 -43.2984644 551667025
551667016 -22.840165 -43.2983143 2323800565
551661378 -22.8401421 -43.2999885 551661370 549248473
551667025 -22.8401341 -43.2983821 551667032 551667016
551749134 -22.8401235 -43.2901344 551749100 551749172
551742199 -22.8400998 -43.2911644 551742170 551742226
551680179 -22.8400602 -43.2950954 551680163 551682099 551680192 551681666
549248228 -22.8400139 -43.2993752 551661378 549248218
