2296544789 -22.8999934 -43.1938836 2296544747 451131978
2296508774 -22.8999836 -43.1921775 2296508766 2296508822
2296508766 -22.8999638 -43.1922318 2296508758 2296508774
451131983 -22.8999495 -43.1947017 2296540758 2296540749 2296544765
2296508758 -22.8999415 -43.1924434 2296508766
2202198733 -22.8998496 -43.199845 2202198811
2296540743 -22.8998377 -43.1903488 305084805
2296544749 -22.8998226 -43.1934226 2296547106 451131976
2296508795 -22.8998179 -43.1914081 305084805
451131972 -22.8997657 -43.193297 451131974 2296544780
2296544780 -22.8997392 -43.1932775 451131971 451131972
451131971 -22.8997134 -43.1932445 2296544791 2296544780
2296544742 -22.8997066 -43.1926253 2296544740 2296544791
2296544740 -22.8997 -43.1924686 451131965 2296544742
2296544747 -22.8996993 -43.1938518 2296544789 2296544763
2296544791 -22.8996975 -43.193207 451131971 2296544742
2296544763 -22.8996597 -43.193836 2296544747 2296544784
451131965 -22.8996546 -43.1918183 2296544757 2296544740
2296547106 -22.8996424 -43.1933149 2296544749 2296547107
2296544757 -22.8996424 -43.1917198 451131965 2296540762
2296547109 -22.89964 -43.1927196 2296547108
2296547107 -22.8996269 -43.1932821 2296547106 2296547108
2296547108 -22.8996229 -43.1932251 2296547107 2296547109
2296540762 -22.8996197 -43.1916443 2296544757 451131993 2296540753
2296540749 -22.8996183 -43.1944132 451131983 2296540742
451131993 -22.8995197 -43.1916862 2296540736 2296540762
2296544784 -22.899509 -43.1936948 451131981 2296544763
2296540736 -22.8995056 -43.191686 2296540738 451131993
305084805 -22.8995022 -43.1905261 2296540747 2296508795 2296508813
2296540738 -22.8994929 -43.1916754 2296540768 2296540736
2296540747 -22.8994527 -43.1905759 305084805 2296540771
451131981 -22.8994473 -43.1936676 2296544784 2296544769
2296544774 -22.899439 -43.1937627 2296544746 2296544778
2296544769 -22.8994209 -43.1936799 451131981 2296544776 2296544788
2296544778 -22.8994204 -43.1937299 2296544776 2296544774
2296544776 -22.8994145 -43.1936985 2296544769 2296544778
2296544788 -22.899399 -43.193572 2296544759 2296544769
2296540768 -22.8993718 -43.1914996 451131992 2296540738
2296540771 -22.8993512 -43.1906388 451131964 2296540747
2296544759 -22.8993455 -43.1931604 2296544788 2296544755
451131964 -22.8993253 -43.1906701 2296540771 2296540753
2296540753 -22.8993242 -43.1907164 451131964 2296540762
2296544755 -22.8992941 -43.1929529 2296544759
451131992 -22.8991921 -43.1910919 2296540768 2296540778
2296540742 -22.8991843 -43.1939361 2296540749 2296540761
2296540761 -22.8991403 -43.1938859 2296540741 2296540742
2296540778 -22.899132 -43.1909977 2296540757 451131992
2296540741 -22.8991214 -43.1938529 2296540761 2296540776
2296540776 -22.8989588 -43.1932127 2296540741 451131986
2296540740 -22.8989203 -43.1916051 2296540737 2296540769
2296540737 -22.898913 -43.1915677 2296540740 2296540754
2296540769 -22.8989 -43.1916362 451131986 2296540740
2296540754 -22.8987907 -43.1914042 2296540737 2296540755
451131986 -22.898722 -43.1917251 2296540776 2296540759 2296540769
2296540755 -22.8986901 -43.1912814 2296540760 2296540754
2296540757 -22.8986867 -43.1906289 2296540750 2296540778
2296540750 -22.8986797 -43.190591 2296540757 2296515942
2296540759 -22.8986512 -43.1913794 451131986 2296540775
2296540760 -22.8986353 -43.1912374 2296540755 2296540744
2296540775 -22.898626 -43.1913134 2296540759 2296540744
2296540744 -22.8985755 -43.1912156 451131989 2296540760 2296540775
451131989 -22.8984855 -43.1910581 2296540744 2296540756 451205083
2296540756 -22.8984659 -43.1909992 451131989 2296540774
2296540763 -22.8984225 -43.1906669 2296540774 2296515941
2296540774 -22.8984222 -43.1907255 2296540756 2296540763
1842292644 -22.8983793 -43.1999836 1842292638
1842292638 -22.8983266 -43.1999425 498681115
344372322 -22.8982974 -43.195166 344372323
2296522795 -22.898223 -43.1900148 2296522789 451205079
2296522789 -22.8982214 -43.1900677 2296522795 2296522820
451205083 -22.898201 -43.1910846 2296522801 451131989
2296522801 -22.8981476 -43.1910808 2296522819 451205083
2296522819 -22.8981358 -43.191066 2296522801 2296522788
2296522788 -22.8981294 -43.1910311 2296522806 2296522819
2296522806 -22.8981267 -43.1907913 2296522804 2296522788
2296522804 -22.8981141 -43.1906784 2296522806 2296522807
2296522820 -22.8980844 -43.1904613 2296522789 2296522807
2296522807 -22.8980828 -43.1905105 2296522820 2296522804
2296522813 -22.8980262 -43.1919363 451205102
2296522826 -22.8980076 -43.1942804 451205099
451205095 -22.8979958 -43.194297 2296522826
2296522827 -22.8979824 -43.1943057 451205095
451205102 -22.8979414 -43.1921942 2296522794 2296522813
451132009 -22.8978885 -43.1975456 451132011
2296522794 -22.8978609 -43.1924383 2296522796 451205102
2296522791 -22.8978567 -43.1921024 2296522822
451205099 -22.8978446 -43.1929707 1343775078 2296522814
2296522822 -22.8978438 -43.1919571 2296522791 2296522816
2202190421 -22.8978429 -43.1975515 451132009
2296522796 -22.8978388 -43.1925612 2296522794 2296522814
2296522816 -22.8978379 -43.1918898 2296522822 451205113 2296522825
2296522814 -22.8978305 -43.1927916 2296522796 451205099
2202190440 -22.8977947 -43.1975673 2202190421
2296522829 -22.8977856 -43.1905591 2296522800 451131957
2202190429 -22.8977572 -43.1976023 2202190440
451205113 -22.8977522 -43.1910746 2296522800 2296522816
2296522800 -22.897748 -43.1907945 451205113 2296522829
498681115 -22.8977316 -43.1993475 2966810205 498681114
2202190436 -22.8977267 -43.1976728 2202190429
2202190423 -22.8977136 -43.1974346 2202190427
2202190427 -22.8977106 -43.1973584 2202190457
2202190447 -22.8976917 -43.1975576 2202190423
2202190457 -22.8976876 -43.1972708 2202190441
498681114 -22.8976588 -43.1994228 2202190455 498681115
451204875 -22.8976175 -43.1957689 1343775023 344372322
1343775023 -22.897461 -43.1943802 451204985 2296522827 451204903
2966810205 -22.8974405 -43.1990452 451131994 2202190436
451131994 -22.8973807 -43.1989872 2202190447 2202190459
2202190441 -22.8973396 -43.1963889 2202190431
451204985 -22.8973218 -43.1931489 1343775078 451204907
451131938 -22.897316 -43.1960428 451204875 451132009
1343775078 -22.8973114 -43.1930652 2296522825
2202190431 -22.8972801 -43.1962662 2202190426
451205027 -22.8972308 -43.1902593 2296532725
2202478205 -22.8972065 -43.190361 451205027
2202190426 -22.8971928 -43.1961388 451131938
2296522825 -22.8971911 -43.1919792 2202478186 2296522816
2202478186 -22.8970699 -43.1909897 2202478192
451205023 -22.8970693 -43.1907124 2202478205
451132007 -22.8970501 -43.1956411 451131938
2202478192 -22.8970491 -43.1909309 451204995
451204995 -22.8969803 -43.1908713 451205023 2202478199
2202190435 -22.8969737 -43.1955509 451132007
2202190459 -22.896919 -43.199303 2202190452
2202190446 -22.896881 -43.1954818 2202190435
2202190452 -22.8968261 -43.1993287 2202190430
2202190430 -22.8967569 -43.1993198 2202190424
2202478208 -22.8967101 -43.1911982 451204995
2202190424 -22.8967004 -43.1992871 2202190444
344372490 -22.8966268 -43.1966024 2202190426
1842385389 -22.8965398 -43.196651 344372490
2202190428 -22.8964816 -43.1952793 2202190446
1842385363 -22.8964309 -43.1966778 1842385389
451132006 -22.8963669 -43.195245 2202190428 344372491 451204903
451204903 -22.8963392 -43.1945404 1343775023 451132006 451204907
344372491 -22.896312 -43.1966813 1842385363 451132006
2202478199 -22.8962518 -43.1904021 451204995
2202190444 -22.8962387 -43.1987266 2966810204
2202190445 -22.8962277 -43.1952346 451132006
2966810204 -22.8961968 -43.1987009 2202190437
2202190437 -22.8961549 -43.198696 2202190438
451204907 -22.8961269 -43.1933148 451204912 451204903 451204963
451204922 -22.896117 -43.1922946 451204912 2202478188
451204912 -22.896107 -43.1930099 451204922 451204907
2202478188 -22.8961048 -43.1920473 451204922 2202478198
2202478198 -22.8960871 -43.19189 2202478188 451204927
451204927 -22.8960321 -43.1917486 2202478198 2202478208 1999505159
2202478200 -22.8960172 -43.1952338 2202190445
2979204567 -22.895994 -43.1964866 2979204568
2979204568 -22.8959725 -43.1966048 344372491
451132004 -22.8959489 -43.1952462 2202478200
2202478206 -22.895893 -43.1952652 451132004
2202478196 -22.8958702 -43.191888 451204927
2202190432 -22.8958359 -43.1952962 2202478206
451132002 -22.8957917 -43.1953359 2202190432 2979204567 2202190434
1999505159 -22.8957358 -43.1912741 451204927 451204930
2384730186 -22.895659 -43.1920114 2202478196
2202190434 -22.8956519 -43.1955495 451132002 2202190420
2202190438 -22.8956513 -43.1988205 2966810202
2202190420 -22.8956139 -43.1955873 2202190434 451132001
451132001 -22.8955753 -43.1956079 2202190443 2202190420
2966810202 -22.8955539 -43.1988561 2202190439
2202190439 -22.8954564 -43.1989135 2966810203
451204963 -22.8954424 -43.1934565 451204956 451132002
2966810203 -22.8953818 -43.1989836 2202190454
2202190454 -22.8953198 -43.1990677 2595816105
2202190443 -22.8952742 -43.1956327 451131999 451132001
451204956 -22.8952162 -43.1921865 2384730186 451132022
451131999 -22.895209 -43.1956245 2202190443 2202190453 451131939 451132024
451132024 -22.895192 -43.1944411 451131999 2202478190
2202478190 -22.8951745 -43.1942767 2202478195 451132024
451204930 -22.8951719 -43.1905665 1999505159 451204935
2966860420 -22.8951551 -43.199817 1869400044
2202190453 -22.8951466 -43.1955849 451131999 451131997
2202190433 -22.8951206 -43.1996199 2966860420
2202478195 -22.8951147 -43.1940106 451132023 2202478190
2595816105 -22.8951086 -43.1994685 2202190433
2202478203 -22.8951032 -43.1913197 451204956 451204935
3369477048 -22.8951 -43.1992183 2595816105
2966860421 -22.8950937 -43.1990326 3369477048
2966860411 -22.8950738 -43.1999902 2202190448
451131939 -22.8950496 -43.1963967 451131999 2979204568
2202190448 -22.8950003 -43.1996238 2581566715 2595816102
2595816102 -22.8949913 -43.1994544 2498077364
451132023 -22.8949763 -43.1935626 2202478195 451204963
451204935 -22.8949732 -43.1903839 451204930 2202478203
1842385411 -22.8949722 -43.1986646 2966860421
2498077364 -22.8949463 -43.1990653 1869400049
1869400049 -22.8948878 -43.1989057 1869400056
2202478207 -22.8948767 -43.1931244 451132023 2202478193
2202478922 -22.8948389 -43.190285 451204935
451131997 -22.8947213 -43.1952105 2202190453
451132022 -22.8947002 -43.1923476 2202478207 2202478184
2202478193 -22.8946592 -43.1928127 2202478207 2202478191
2581566715 -22.8946567 -43.1997866 2202190448
2202478184 -22.8946478 -43.1921274 451132021
574771762 -22.8945732 -43.1901549 2202478922 574771759
2966860422 -22.8944291 -43.1973961 1842385411
451132021 -22.8944266 -43.1915261 2202478194
2202478194 -22.8944017 -43.1914738 2202478203 2202478209
574771759 -22.8943962 -43.1906477 1842385402
2202478209 -22.8943505 -43.1914222 574771751
1842385402 -22.8942775 -43.190791 574771756
574771756 -22.8942132 -43.1908429 574771751
2202478191 -22.8941378 -43.1920403 2202478193
1842385377 -22.8939131 -43.1961423 2966860422 3369479563 451131939
3369479563 -22.893819 -43.196121 1842385377 1869400056
574771751 -22.8937647 -43.1910774 1842385431 2966860408
1869400056 -22.8937256 -43.1960999 2265819778 344372492 3369479563
1842385431 -22.8936387 -43.1911506 1842385383
2966860408 -22.8935816 -43.1909954 1842385371
2265819789 -22.8935632 -43.1951541 1842385377
1842385383 -22.8935539 -43.1912392 1842385410
1842385433 -22.89353 -43.1919607 1842385390
2265819788 -22.8935262 -43.1950553 2265819789
1842385390 -22.8935224 -43.1932753 1842385366
2966860423 -22.8935089 -43.1918275 1842385433
1842385410 -22.8935079 -43.1913075 1842385444
2265819796 -22.8935017 -43.1948616 2265819788
1842385366 -22.8935013 -43.1939828 2265819796
1842385375 -22.8934979 -43.1911049 2966860408
1842385444 -22.8934757 -43.1913976 2966860410
2966860409 -22.8934664 -43.191623 2966860423
2966860410 -22.8934615 -43.1914995 2966860409
2265819783 -22.8934177 -43.1912997 1842385375
2265819778 -22.8934069 -43.1951697 2265819800
1842385406 -22.8933858 -43.1920802 1842385367
1842385445 -22.8933782 -43.1934528 1842385406
1842385384 -22.8933707 -43.1938873 1842385445
2966860403 -22.8933565 -43.1915005 2265819783
2265819800 -22.8933557 -43.1949432 2265819808
1842385367 -22.8933426 -43.1916651 2966860403
2265819808 -22.8933328 -43.1946642 1842385384
344372492 -22.8931587 -43.1959704 1869400056
