1663027956 -22.9399576 -43.596104 1663028141 1663027950 1663027961
1663027953 -22.9399008 -43.5977304 1663027972 1663027893
1663027950 -22.9398683 -43.5960158 1663027956 1663027873
1663027912 -22.9398272 -43.5908995 1663027867 1663027817 1663028079
1663027893 -22.9397182 -43.5972808 1663027864 1663027953
1663027891 -22.9396621 -43.5900461 1663027829 1663027966
1663027889 -22.939637 -43.5985811 1663027958 1663027853
1663027873 -22.9394015 -43.5959453 1663027950 1663027827
1663027867 -22.9393008 -43.5914785 1663027912
1663027864 -22.9392757 -43.5975276 1663027893 1663027853
1663027853 -22.9392339 -43.5975418 1663027864 1663027822 1663027889
1663027827 -22.9389063 -43.5960246 1663027873 1663027814
1663027822 -22.9388211 -43.5976819 1663027811 1663027853
1663027814 -22.938606 -43.5964213 1663027786 1663027827
1663027811 -22.9385979 -43.5973513 1663027786 1663027822
1663027786 -22.9385207 -43.5967695 1663027811 1663027814
1623026850 -22.9231056 -43.5999486 1623026835 1623026853
1623026835 -22.9229004 -43.5998925 1623026850 1623026833
1623026833 -22.9228228 -43.5998298 1623026827 1623026835
1623026827 -22.9226869 -43.5996718 1623026811 1623026833
1623026811 -22.9223157 -43.5990011 1623026792 1623026827
1623026797 -22.9220152 -43.5993343 1623026789
1623026792 -22.9218615 -43.5985494 1623026773 1623026811 1623026782
1623026789 -22.9217659 -43.5994895 1623026797 1623026786
1623026788 -22.9216836 -43.5999995 1623026771 1623026798 1623026785 1623026779
1623026786 -22.9216655 -43.5997933 1623026785 1623026789
1623026785 -22.9216542 -43.5999415 1623026786 1623026788
1623026782 -22.9215719 -43.5988143 1623026792 1623026780 1623026778
1623026780 -22.9215233 -43.5990686 1623026776 1623026782
1623026778 -22.9214685 -43.5988044 1623026775 1623026782
1623026776 -22.9214429 -43.5994901 1623026766 1623026774 1623026780
1623026775 -22.9214381 -43.5985303 1623026778 1623026772
1623026774 -22.921426 -43.5995969 1623026757 1623026776
1623026773 -22.9213744 -43.5980023 1623026752 1623026768 1623026792
1623026772 -22.9213651 -43.598428 1623026775 1623026768
1623026771 -22.9213275 -43.5999692 1623026763 1623026755 1623026788
1623026769 -22.9212895 -43.598467 1623026762 1623026767
1623026768 -22.9212556 -43.5983322 1623026767 1623026773 1623026772
1623026767 -22.9212207 -43.5984273 1623026769 1623026768
1623026766 -22.9212164 -43.5994639 1623026760 1623026776
1623026765 -22.9211863 -43.5989806 1623026760 1623026762
1623026762 -22.9211175 -43.5989269 1623026769 1623026750 1623026765
1623026760 -22.9210852 -43.5994639 1623026766 1623026765 1623026758
1623026759 -22.9210573 -43.5983806 1623026749 1623026750
1623026758 -22.9210347 -43.5994639 1623026757 1623026760 1623026745
1623026757 -22.9210244 -43.5995701 1623026755 1623026758 1623026774
1623026755 -22.9209896 -43.5999314 1623026727 1623026771 1623026757 1623064731
1623026752 -22.9209605 -43.598 1623026746 1623026773 1623026751
1623026751 -22.9209454 -43.5981821 1623026749 1623026752
1623026750 -22.9209304 -43.5988499 1623026762 1623026731 1623026759
1623026749 -22.9209239 -43.5983245 1623026747 1623026759 1623026751
1623026747 -22.9208465 -43.5985066 1623026749 1623026743
1623026746 -22.9208422 -43.5980047 1623026752 1623026741
1623026745 -22.9208229 -43.5994476 1623026726 1623026740 1623026758
1623026743 -22.9207669 -43.5984576 1623026747 1623026729
1623026741 -22.9207282 -43.5980677 1623026746 1623026729
1623026740 -22.920728 -43.599154 1623026714 1623026745 1623026738
1623026738 -22.9207037 -43.5989625 1623026728 1623026740
1623026731 -22.9206379 -43.5986304 1623026728 1623026750 1623026724
1623026729 -22.9205755 -43.5981681 1623026741 1623026724 1623026743
1623026728 -22.920509 -43.5987512 1623026731 1623026720 1623026738
1623026727 -22.9204778 -43.5998566 1623026721 1623026755
1623026726 -22.9204637 -43.5994733 1623026717 1623026745
1623026724 -22.9203411 -43.5983292 1623026720 1623026731 1623026729
1623026723 -22.9203326 -43.5988271 1623026710
1623026721 -22.920181 -43.5998286 1623026715 1623026727
1623026720 -22.9201531 -43.5984411 1623026728 1623026724 1623026702
1623026717 -22.9200422 -43.5995223 1623026726 1623026706
1623026715 -22.9200219 -43.599824 1623026709 1623026721
1623026714 -22.9200072 -43.5992003 1623026740 1623026703
