277596882 -22819977 -43235418 277596574
2334141989 -22819901 -43235463 277596882
277596743 -22819863 -43235085 277596744 2334141994
277596963 -22819848 -43235482 2334141989
2334141991 -22819803 -43235477 277596963
2334141994 -22819796 -43235284 3772044457
277834495 -22819769 -43235454 2334141991
3772044457 -22819766 -43235359 3415663513
3415663513 -22819757 -43235413 277834495
769383548 -22819702 -43232130 769383307 2472965465 2472965485
2472965465 -22819657 -43232081 2472965478 769383548 2472965473 769383549
3338217853 -22819617 -43231686 3338217854 3338188933
3338217854 -22819545 -43231618 769383722 3338217853
769383549 -22819449 -43231868 3338217853 2472965465 769383722
769383722 -22819374 -43231802 2472965464 769383549 769383724
769383525 -22819251 -43233380 2463478003
2472965485 -22818994 -43233103 769383548 2463478003
2463478003 -22818993 -43233178 769383525 2472965485 2463478001 769383309
769383309 -22818959 -43233141 2472965478 2463478003
2472965478 -22818917 -43233104 2472965465 769383526 769383309
769383724 -22818862 -43231625 769383722 769383721 769383723
2463478001 -22818781 -43233493 2463478003 2463478002
769383526 -22818672 -43232857 2472965478 769383549 2472965464
2463478002 -22818639 -43233588 2463478001 2463477999
2472965464 -22818595 -43232785 769383526 769383719
769383721 -22818536 -43231539 2472965466 769383724
277596744 -22818484 -43237220 3774248031
2472965466 -22818424 -43231550 769383721 2472965474
2472965470 -22818076 -43233661 769383526 769383719
769383719 -22817992 -43233567 769383838 2472965470 769383723
2472965484 -22817905 -43233869 2472965470 2472965479
2472965479 -22817849 -43233821 769383838 2472965484
769383838 -22817794 -43233800 2472965479 769382973 2472965469
2620450714 -22817780 -43237353 2620450715
769383723 -22817728 -43233140 769383720 769383719 769383724
2463477999 -22817638 -43234830 2463478000 2472965477 2463478002
2620450715 -22817624 -43237573 2620450713 2620450714
2472965474 -22817594 -43232698 2472965466 2472965482
769383720 -22817587 -43232867 2472965482 769383723
2472965482 -22817572 -43232770 769383720 2472965474
2472965477 -22817526 -43234989 2463477999 2472965476
3774248037 -22817429 -43239191 3774248036
2334374042 -22817427 -43239220 3774248037
3774248036 -22817425 -43239157 2334374044
3774248035 -22817418 -43239257 2334374042
2472965476 -22817418 -43235106 2472965477 769383310
2334374044 -22817412 -43239120 2334374046
3774248034 -22817401 -43239288 3774248035
2334374046 -22817378 -43239093 2334374048
769382973 -22817370 -43234369 2472965471
2463478000 -22817354 -43234585 2472965471 2463477999 2472965484
2334374048 -22817337 -43239088 2334374052
3774248031 -22817312 -43238976 2334374050
2334374052 -22817304 -43239097 2334374050
769383310 -22817282 -43235194 2472965476 769383523
2472965471 -22817270 -43234485 2463478000 769382972
2334374040 -22817260 -43239558 277596882 3774248034
2472965469 -22817245 -43233766 769383837 769383838
2334374050 -22817145 -43239228 2334374054
769383837 -22817069 -43233713 769383836 2472965469
769383836 -22816980 -43233616 769383837 769383835
769383835 -22816931 -43233520 769383834 769383836
769383833 -22816901 -43233155 769383832 769383834
769383834 -22816891 -43233359 769383833 769383835
769383832 -22816783 -43231996 769383833 769384644
769383009 -22816710 -43235057 2463478000
769384644 -22816652 -43231425 769383831 769383832 769384643
769382972 -22816637 -43234940 769384747
769383831 -22816588 -43231075 769384633 769384644
769384643 -22816575 -43231589 769384642 769384644
2620450713 -22816491 -43239253 2620450715 2334374059
769384642 -22816427 -43231707 769384641 769384643
769384633 -22816391 -43230951 769383831 769385210
769385207 -22816379 -43230710 769385204
769384157 -22816338 -43233380 769384146
769385210 -22816323 -43230946 769384633 769384634
769384634 -22816208 -43230956 769385210 769384635
769385204 -22816199 -43230344 769385201 769385207
769384641 -22816189 -43231717 769384640 769384642
769384146 -22816179 -43233359 769384165 769384157
2334374059 -22816172 -43239726 2334374058 2620450713
769384635 -22816110 -43230988 769384634 769384636
769384165 -22816031 -43233359 769384121 769384146 769384164
769384747 -22816018 -43235197 2472965467 2620466229
769384164 -22816001 -43233552 769384165 769384163
769384640 -22815991 -43231717 769384639 769384641
769384636 -22815991 -43231116 769384637 769384635
769383523 -22815920 -43235858 769383310 3338188944 769383524
769384163 -22815912 -43233713 769384162 769384164
769385201 -22815912 -43230205 769385199 769385204
769384639 -22815873 -43231707 769384640 769384638
769384637 -22815853 -43231417 769384636 769384638
769384638 -22815813 -43231621 769384637 769384639
769384121 -22815804 -43233359 769384165 769384100
2620466229 -22815789 -43235015 769384747
769383524 -22815770 -43235474 769383009 2472965467 769383523
769385035 -22815715 -43230666 769385034 769385036
769385034 -22815715 -43230473 769385033 769385035
2472965467 -22815712 -43235321 3338188943 769383524
769384162 -22815695 -43233981 769384161 769384163
769385036 -22815665 -43230966 769385035 769385038
769385033 -22815596 -43230312 769385032 769385034
769385038 -22815586 -43231235 769385039 769385036
2620466230 -22815577 -43234841 769384158
769384100 -22815517 -43233209 769384080 769384121
769383510 -22815507 -43236889 769383511 769383509
769384832 -22815507 -43231760 769385012
769385039 -22815448 -43231385 769385040 769385038
769385012 -22815437 -43231781 769384832 769384833 769385040
769384161 -22815408 -43234024 769384160 769384162
769385040 -22815342 -43231582 769385039 769385011 769385012
769384080 -22815339 -43233176 769384074 769384100
769385011 -22815309 -43231513 769385010 769385040
769385032 -22815230 -43230011 769385033 769386202 769385199
769384833 -22815220 -43231846 745960673 769385012
3338188944 -22815165 -43236184 769383523
769384160 -22815141 -43234003 769384159 769384161
769383511 -22815105 -43236553 2463477997 769383510
801716006 -22815099 -43230835 769385007
769384074 -22815092 -43233155 769384072 769384080
769386202 -22815032 -43230162 769385032 769386201
2463477997 -22815011 -43236238 769383312 769383511
769384159 -22814993 -43234153 769384160 769384158
769384158 -22814923 -43234314 769384159 769384746 2620466230
769385010 -22814904 -43231245 769385009 769385011
745960673 -22814862 -43231956 769384833 745959444
769386201 -22814795 -43230323 769385007 769386202
769384072 -22814775 -43233080 769384063 769384074
769385007 -22814666 -43230483 769385008 769386200 801716006 801716007 769386201
769386200 -22814577 -43230494 769386199 769385007
801716007 -22814545 -43230373 769385007 801722526
769385008 -22814538 -43230730 769385007 769385009
769384063 -22814528 -43232994 769384041 769384072
745959444 -22814469 -43232071 745960673 745959837
769385009 -22814439 -43231009 769385008 769385010
769386199 -22814409 -43230623 769386200 769386198
801722523 -22814407 -43230105 801722520 801722526
801722526 -22814355 -43230293 801716009 801722523 801716007
745959837 -22814271 -43232120 745959444 745960026
801716009 -22814239 -43230244 801721285 801722526
769386198 -22814201 -43230805 769386199 769386197
769384785 -22814132 -43231460 769384786
769384786 -22814083 -43231932 769384785 745960026
745960026 -22814059 -43232116 769384787 745959837 769384786
769384787 -22814043 -43232329 769384041 745960026
769386197 -22813974 -43230827 769386196 769386198
769384041 -22813964 -43232565 769384063 769384787 769384788
769383509 -22813940 -43238677 769383311 769383510
801721285 -22813864 -43230085 801716009 801716011 801721284
769383312 -22813833 -43236752 2463477997 2472965475 769383313
769386196 -22813826 -43230762 801715322 769386197
769384788 -22813776 -43232930 769384041 769384746
801715322 -22813740 -43230709 769386195 769386196 801715321
801716011 -22813685 -43230008 801721285 801716013
769383313 -22813682 -43236336 769383312 769383524 3338188943
769384746 -22813680 -43233075 769384788 769384745 769384158
769386195 -22813638 -43230644 801715322 801715501
3338188943 -22813637 -43236206 769382971 3357511824 769383313
801715321 -22813576 -43230942 801715320 801715322
769384745 -22813519 -43232919 769384744 769384746
3357511824 -22813508 -43235847 3338188943
801715501 -22813503 -43230599 801715499 769386194 769386195
801715309 -22813487 -43231639 801715312
801715320 -22813457 -43231103 801715317 801715321
801715312 -22813408 -43231596 801715309 801715314
769384744 -22813381 -43232694 769384743 769384745
769386194 -22813381 -43230559 769386193 801715501
801715499 -22813348 -43230802 801715497 801715501
801715314 -22813339 -43231457 801715316 801715312
801715317 -22813339 -43231221 801715316 801715320
801715316 -22813319 -43231339 801715314 801715317
769386193 -22813123 -43230473 769386192 769386194
801715497 -22813121 -43230963 801715495 801715499
769384743 -22813025 -43232318 769384742 769384744
769386192 -22812985 -43230451 769386191 769386193
801715495 -22812953 -43231071 801715497 801715494
769386191 -22812866 -43230473 769386192 769386190
801715494 -22812814 -43231167 801715495
769386190 -22812698 -43230473 769386189 769386191
769383008 -22812646 -43236788 769383313
769384742 -22812639 -43231846 769384741 769384743
769383311 -22812638 -43237376 2472965486 769383509
2472965475 -22812610 -43237220 769383312 2472965486
769382971 -22812594 -43236674 769382970
2472965486 -22812585 -43237296 769383311 2472965475
769386189 -22812491 -43230408 801716375 769386190
801716850 -22812458 -43230073 801716375 801716843
769383007 -22812400 -43236945 769383008
801716375 -22812353 -43230322 769386189 769386188 801716377 801716850
769382970 -22812332 -43236856 769382969
769384741 -22812303 -43231513 769384742 769384740
769386188 -22812303 -43230290 801718402 801716375
801716377 -22812270 -43230459 801716375 801716378
769384740 -22812184 -43231449 769384741 769384739
801718402 -22812172 -43230266 801718398 769386188
801716378 -22812152 -43230631 801716377 801716381
769383006 -22812109 -43237208 769383007
801718398 -22812073 -43230266 801718393 801718402
769384739 -22812046 -43231385 769384738 769384740
769382969 -22812036 -43237125 769382968
801716381 -22811974 -43230706 801716378 801716383
801718393 -22811954 -43230309 801718389 801718398
769384738 -22811947 -43231245 769384737 769384739
769384737 -22811927 -43231149 769384736 769384738
769383004 -22811881 -43237476 769383006
801716383 -22811855 -43230802 769384736 801716381
801718389 -22811835 -43230309 801718385 801718393
769382968 -22811798 -43237404 769382967
769384736 -22811769 -43230988 769384735 769384737 801716383
801718385 -22811727 -43230352 801718389 801718382
769383003 -22811648 -43237844 769383004
801718382 -22811598 -43230309 801718385 801718379
769384735 -22811591 -43230795 769384736
769382967 -22811561 -43237779 769383003
801742545 -22811499 -43237690 801742546 801742544
801742546 -22811489 -43237422 801742549 801742545
801718379 -22811479 -43230202 801718373 801718382
801742544 -22811440 -43237948 801742542 801742545
801718373 -22811400 -43230094 801718367 801718379
801742549 -22811291 -43237122 801742546 801742552
801742542 -22811212 -43238302 801742544
801742552 -22810985 -43236703 801742549 801742555
801742555 -22810777 -43236328 801742552 801742560
801742560 -22810589 -43235716 801742555 801742564
801742564 -22810373 -43235023 801742560 801742567
801742567 -22810075 -43234504 801742564 801742569
801742569 -22809818 -43233764 801742567 801742571
801742571 -22809679 -43233184 801742569 801742575
801742575 -22809491 -43232873 801742577 801742571
801742577 -22809274 -43232605 801742580 801742575
801742601 -22809165 -43230491 801742599 801742604
801742604 -22809155 -43230287 801742601 801742607
801742599 -22809145 -43230749 801742597 801742601
801742580 -22809142 -43232385 801742577 801742582
801742597 -22809076 -43231253 801742599 801742596
801742582 -22809056 -43232143 801742580 801742594
801742607 -22809037 -43230019 801742604 801742611
801742596 -22809027 -43231693 801742597 801742594
801742594 -22809017 -43231929 801742582 801742596
801725436 -22807757 -43230406 801742611
801745359 -22807721 -43238320 801745361 801745354
801745354 -22807712 -43238547 801745351 801745359
801745361 -22807634 -43238152 801745359 801745363
801745351 -22807632 -43238806 801745350 801745354
801728137 -22807605 -43230268 1486053265
1486052983 -22807581 -43230527 801725436
801745350 -22807484 -43239085 801745347 801745351
801745363 -22807479 -43237990 801745361 801745369
1486053265 -22807396 -43230400 801728138
801745347 -22807345 -43239225 801745350 801745346
801725435 -22807339 -43230611 1486052983
801745369 -22807225 -43237871 801745363 801745372
801737372 -22807197 -43234939 801737370 2334428314
2334428314 -22807190 -43235102 801737375 801737372
801745346 -22807187 -43239321 801745347
801728138 -22807172 -43230487 801728139
801737370 -22807158 -43234780 801737367 801737372 2334428312
801737375 -22807143 -43235290 801737376 2334428314
801737343 -22807117 -43233139 3732918227
2334428312 -22807103 -43234930 801737370 3732918233
801737367 -22807096 -43234590 801737362 801737370
801737056 -22807046 -43235906 801737376
3732918233 -22807036 -43235028 801737478 2334428312
801737376 -22807035 -43235643 801737061 801737375 801737056
801737061 -22806990 -43235497 801737376 801737064
801737478 -22806963 -43235095 3732918233 801737480
801745372 -22806960 -43237840 801745369 801745374
801737064 -22806911 -43235343 801737061 801737483
801737480 -22806854 -43235139 801737478 801737483
3732918227 -22806839 -43233454 801737343 801737351
801737362 -22806790 -43234061 801737367 801737359
801737351 -22806773 -43233573 801737355 3732918227
801737483 -22806745 -43235156 801737064 801737065 801737480
801737359 -22806741 -43233929 801737358 801737362
801737355 -22806734 -43233684 801737351 801737358
801737358 -22806725 -43233797 801737355 801737359
801745374 -22806584 -43237819 801745372 801745378
801737065 -22806353 -43234929 801737483 801737067
801745378 -22806307 -43237733 801745374 801745382
801745382 -22806060 -43237595 801745384 801745378
801737067 -22805859 -43234670 801737069 801737065
801745384 -22805855 -43237555 801745382 801745387
801745387 -22805723 -43237600 801745384 801744728
801737069 -22805561 -43234582 801737067 801737070
801737070 -22805338 -43234557 801737069 801737082
801737082 -22805140 -43234557 801737070 2334428310
2334428310 -22804843 -43234602 801737082 801737085
801744728 -22804667 -43238538 801745389 801745387
801737085 -22804560 -43234736 801737088 2334428310
801730357 -22804542 -43232483 801730341 801730360
801730360 -22804517 -43232570 801730357 2334428306
801730341 -22804468 -43232130 2334428293 801727722 801730357
2334428293 -22804464 -43232309 801730341 1486053188
2334428306 -22804458 -43232635 801730360 801730366
1486053188 -22804444 -43232446 2334428293 1486053006
1486053006 -22804368 -43232566 1486053115 1486053188
801730366 -22804349 -43232683 2334428306 1486052956
801727722 -22804299 -43231511 801725435 801728139 801730341
1486053115 -22804266 -43232659 1486053006 1486052956
801728139 -22804252 -43231369 801730333 801727722
1486052956 -22804208 -43232716 1486053115 801730373 801730366
801745389 -22803580 -43239385 801730486 801730509 801744728
801730373 -22803497 -43232953 2334428308 1486052956
801730486 -22803349 -43238615 801730475 801745389
2334428308 -22803301 -43233055 801730373 801730379
801730379 -22803129 -43233179 2334428308 801730381
801730475 -22803075 -43237556 3732918184 801730486
801730381 -22802967 -43233334 801730379 801730384
3732918184 -22802955 -43237068 801730475 801730458
801730458 -22802896 -43236656 801730432 3732918184
801730432 -22802851 -43236453 801737088 801730458
801730384 -22802814 -43233573 801730381 801730388
801730388 -22802665 -43233913 801730392 801730384
801737088 -22802635 -43235924 801730415 801730432 801737085
801730392 -22802551 -43234257 801730399 801730388
801730415 -22802520 -43235450 801730407 801737088
801730407 -22802489 -43235276 801730415 801730404
801730399 -22802484 -43234559 801730392 801730404
801730404 -22802464 -43234890 801730399 801730407
