1314167812 -22799997 -43553175 1314167135 1314167623
1314167135 -22799814 -43552800 1314167664 1314167812
1314167664 -22799586 -43552081 1314167135 1314167357
1314167357 -22799472 -43551850 1314167527 1314167664
1314167527 -22799314 -43551641 1314167570 1314167357
1314167186 -22798962 -43554156 1314167254
1314167254 -22798907 -43554097 1314167186 1314167998
1314167998 -22798863 -43553995 1314167445 1314167254
1314167445 -22798838 -43551554 1314167570 1314167998
1314167570 -22798790 -43551319 1314167527 1314167445 1314167979
1314167979 -22798409 -43551024 1314167570 1314167628 1314167730
1314167730 -22798354 -43550841 1314167187 1314167979
1314167628 -22798265 -43551055 1314167979 1314167662
590224533 -22798188 -43558796 590224531 590224534
590224534 -22798188 -43558399 590224533 590224536
1314167323 -22798171 -43552289 1314167663
1314167662 -22798171 -43551077 1314167628 1314167663 1314167301
1314167663 -22798166 -43551779 1314167323 1314167662 1314167243
1314167187 -22798148 -43550386 1314167820 1314167744 1314167730
590224536 -22798109 -43558142 590224534 590224543
590224531 -22798040 -43559708 590224529 590224533
590224543 -22797793 -43557605 590224536 590224545
590224545 -22797555 -43557208 590224543 590224547
590224547 -22797130 -43556372 590224545 590224550
590224550 -22796547 -43555427 590224547 590224552
1314167707 -22796415 -43552895 1314167641
590224552 -22796322 -43555153 590224550 590224553
590224553 -22796089 -43554896 590224552 590224554
1314167301 -22795742 -43551114 1314167820 1314167662 1314167190
590224554 -22795545 -43554488 590224553 590224555
1314167820 -22795545 -43550422 1314167187 1314167301 1314167526
1314167243 -22795238 -43551854 1314167663 1314167149
590224555 -22795199 -43554174 590224554 1314167209
1314167209 -22795071 -43553957 590224555 590224557 1314167192
1314167190 -22795045 -43551173 1314167305 1314167301
1314167192 -22794976 -43553990 1314167547 1314167209
590224557 -22794961 -43553701 1314167209 590224560
1314167641 -22794902 -43552927 1314167707 1314167619
1314167305 -22794852 -43551130 1314167284 1314167190
1314167547 -22794793 -43554075 1314167359 1314167192
1314167150 -22794788 -43550095 1314167433 1314167557 1314167771
590224560 -22794771 -43553059 590224557 1314167619
1314167557 -22794729 -43550921 1314167284 1314167150
1314167284 -22794704 -43551044 1314167305 1314167350 1314167557 1314167873
1314167619 -22794652 -43552875 590224562 1314167641 590224560
1307840885 -22794649 -43553383 1307841453
590224562 -22794523 -43552633 1314167619 590224565
590224565 -22794252 -43552370 590224562 590224567
1314167873 -22794085 -43551487 1314167284 1314167799 1314167149
590224567 -22793995 -43552144 1314167753 590224565
1314167359 -22793912 -43554135 1314167601 1314167547 1307841453
1307841453 -22793823 -43553426 1314167359 1307840885 1307840745 1314167811
1314167811 -22793720 -43552664 1314167415 1314167224 1307841453
1314167753 -22793675 -43552001 1314167224 590224567 1314167149
1314167224 -22793670 -43552203 1314167753 1314167811
1314167149 -22793486 -43551916 1314167753 590224573 1314167873 1314167243
1314167350 -22793072 -43550170 1314167284 1314167321
1314167799 -22792597 -43550739 1314167620 1314167873
590224573 -22792561 -43551501 1314167149 590224574
1314167620 -22792454 -43550626 1314167524 1314167799
1314167835 -22792394 -43550084 1314167451 1314167539
1314167539 -22792367 -43550251 1314167588 1314167835 1314167321 1314167950
1314167524 -22792360 -43550476 1314167950 1314167620
1314167950 -22792325 -43550347 1314167524 1314167539
1314167646 -22792048 -43552166 1314167281
590224574 -22792036 -43551297 590224573 590224575
1314167588 -22791908 -43550528 1314167539 1314167518 1314167742
590224575 -22791670 -43551029 590224574 1314167518
1314167601 -22791618 -43554188 1314167633 1314167359 1307840745
1307840745 -22791558 -43553522 1314167415 1314167601 1307841453 1307841047
1314167313 -22791509 -43559960 1314167822 1314167590
1314167415 -22791465 -43552824 1314167392 1307840745 1314167281 1314167811
1314167518 -22791429 -43550815 1314167588 590224575 1314167725
1314167281 -22791317 -43551725 1314167415 1314167646 1314167520 1314167499
1314167520 -22791314 -43551706 1314167538 1314167281
1314167538 -22791306 -43551645 1314167706 1314167520 1314167134
1314167725 -22791205 -43550618 1314167677 1314167518 590224578
1314167822 -22791198 -43559820 1314167313 1314167760
1314167134 -22791173 -43551007 1314167538 1314167677
1314167677 -22791173 -43550798 1314167134 1314167725
1314167706 -22791168 -43551576 1314167538 1314167996
1314167499 -22791084 -43551978 1314167325 1314167281
1314167760 -22791029 -43559879 1314167822 1314167343
1314167325 -22790940 -43552058 1314167503 1314167499
1314167996 -22790832 -43551254 1314167706 1314167232
1314167503 -22790757 -43552101 1314167981 1314167325
1314167392 -22790688 -43552858 1314167415 1314167821
1314167343 -22790644 -43559912 1314167631 1314167760
1314167981 -22790574 -43552085 1314167342 1314167503
1314167232 -22790436 -43550921 1314167996 1314167784
1314167342 -22790377 -43552005 1314167981 1314167814
1314167633 -22790347 -43554204 1314167793 1314167601
1314167821 -22790347 -43552847 1314167392 1314167167
1314167631 -22790307 -43559971 1314167343 1314167755
1314167814 -22790233 -43551854 1314167342 1314167565
1307841047 -22790233 -43553608 1307840745 1307840815
1314167784 -22790169 -43550664 1314167232 1314167594
1314167565 -22790154 -43551748 1314167561 1314167814 1314167722
1314167167 -22790080 -43552783 1314167821 1314167238
1307840815 -22790045 -43553565 1307841047 1307841065
1314167793 -22790011 -43554172 1314167876 1314167633
1314167594 -22789946 -43550540 1314167784 1314167137
1314167561 -22789941 -43551463 1314167565
1314167722 -22789842 -43551999 1314167816 1314167565
1314167876 -22789744 -43554054 1314167789 1314167793
1314167583 -22789654 -43558270 1314167446
1314167816 -22789630 -43552128 1314167223 1314167722
1314167446 -22789575 -43558538 1314167583 1314167845
1314167137 -22789570 -43550261 1314167594 1314167859
1307841065 -22789461 -43553319 1307840815 1307840988
1314167223 -22789447 -43552192 1314167816 1314167673
1314167845 -22789432 -43558694 1314167446 1314167618
1314167789 -22789432 -43553888 1314167876 1314167188
1314167859 -22789274 -43550218 1314167137 1314167694
1314167673 -22789160 -43552209 1314167621 1314167223 1314167944
1314167505 -22789110 -43559917 1314167679 1314167477 1314167921
1314167921 -22789096 -43559997 1314167505 1314168006
1314167188 -22789091 -43553850 1314167476 1314167789
1314167944 -22789086 -43552316 1314167238 1314167673
1314167238 -22789021 -43552418 1314167167 1314167944 1314167478
1314167621 -22789016 -43551758 1314167673
1314167694 -22789012 -43550245 1314167645 1314167859
1314167478 -22788982 -43552437 1314167355 1314167238 1314167608
1314167477 -22788898 -43559767 1314167505 1314167653
1314167608 -22788868 -43552493 1314167478 1314167579
1314167645 -22788814 -43550331 1314167694 1314167581
1314167680 -22788774 -43551291 1314167447
1314167618 -22788715 -43559375 1314167845 1314167592
1314167355 -22788690 -43551694 1314167447 1314167478
1314167581 -22788670 -43550336 1314167645 1307874692
1314167653 -22788655 -43559659 1314167592 1314167477
1314167447 -22788601 -43551519 1314167680 1314167355 1314167650
1307874692 -22788576 -43550309 1314167581 1307874725 1307874697 1307874763
1314167579 -22788557 -43552541 1314167608 1314167669
1307874697 -22788556 -43550416 1307841592 1307874692
1314167650 -22788542 -43551404 1314167447
1314167592 -22788537 -43559563 1314167653 1314167624 1314167618
1314167476 -22788512 -43553855 1314167485 1314167188
1314167624 -22788438 -43559364 1314167592 1314167486
1307840988 -22788413 -43552664 1307841065 1314167669 1314167878
1314167486 -22788324 -43559220 1314167582 1314167624
1314167669 -22788289 -43552573 1307840988 1307841592 1314167579
1314167485 -22788161 -43553888 1314167476 1314167569
1314167582 -22788146 -43559091 1314167486 1314167317
1314167569 -22787909 -43553973 1314167878 1314167485
1314167317 -22787874 -43558946 1314167582 1314167715
1314167878 -22787708 -43554060 1314167607 1314167569 1307840988
1307841592 -22787706 -43552144 1307841489 1307874727 1314167669 1307874697
1314167715 -22787691 -43558780 1314167317 1314167560
1314167607 -22787572 -43554118 1314167716 1314167878
1307874727 -22787510 -43552576 1307874699 1307874761 1307841592
1314167560 -22787483 -43558688 1314167796 1314167715
1307874699 -22787346 -43552993 1307840943 1307874750 1307874727
1307874739 -22787222 -43550545 1307841489 1307874758 1307874725
1314167796 -22787211 -43558495 1314167560 1314167869
1314167716 -22787107 -43554279 1314167607 1307874722
1314167138 -22787053 -43556704 1314167536
1314167568 -22787053 -43555803 1314167161
1314167893 -22787048 -43557155 1314167444
1314167695 -22787013 -43556248 1314168000
1314167564 -22786994 -43555374 1307841313
1314167847 -22786944 -43557611 1314167855
1314167869 -22786929 -43558286 1314167796 1314167162
1307874750 -22786890 -43553946 1307874699 1307841311 1307874722
1314167162 -22786766 -43558114 1314167869 1314167470
1307841489 -22786722 -43551479 1307874761 1307874739 1307841592 1307841077
1307874722 -22786707 -43554338 1307874750 1314167767 1314167716
1314167470 -22786687 -43558045 1307841120 1314167162
1314167464 -22786568 -43554912 1314167495
1307874761 -22786498 -43551855 1307840943 1307841489 1307874727
1307840943 -22786262 -43552251 1307841311 1307874761 1307874699 1307841216
1314167767 -22786197 -43554306 1314167962 1307874722
1307841120 -22786197 -43558018 1768707843 1307841101 1314167855 1314167470
1314167855 -22786191 -43557617 1307841120 1314167444 1314167745 1314167847
1314167444 -22786185 -43557187 1314167536 1314167855 1314167893 1314167774
1314167536 -22786178 -43556715 1314167444 1314167670 1314168000 1314167138
1314168000 -22786171 -43556265 1314167536 1314167695 1314167161 1314167548
1314167161 -22786165 -43555825 1314167351 1314167568 1314168000 1307841313
1307841313 -22786158 -43555373 1314167564 1314167161 1314167495 1314167691
1307841101 -22786138 -43558324 1307841098 1307841120
1314167495 -22786106 -43554912 1307840981 1314167464 1314167634 1307841313
1307841098 -22786079 -43558586 1307841101
1307840981 -22786079 -43554670 1307841066 1314167495
1307841311 -22785985 -43552777 1307840943 1307874750 1307840744 1307841578
1307841066 -22785910 -43554381 1307840981 1314167962
1314167962 -22785899 -43554366 1307841066 1307841228 1314167767 1314167642
1307841578 -22785648 -43553324 1307841311 1307840932
1307841077 -22785495 -43550583 1307874758 1307841489 1307840931 1307841216
1307840932 -22785490 -43553571 1307841228 1307841578
1314167642 -22785421 -43554327 1314167148 1314167962
1307841228 -22785386 -43553681 1307840932 1314167962 1307874751 1314167682
1768707843 -22785291 -43558070 1307841120 1314167710
1307840931 -22785268 -43550341 1307841408 1307841077
1307841216 -22785119 -43551425 1307840744 1307840943 1307841077 1307874740
1307840744 -22785070 -43551543 1307841258 1307841311 1307841216 1307874740
1307874751 -22784991 -43553117 1307874721 1307841228 1307874769
1314167148 -22784991 -43554365 1314167642 1314167806
1307874740 -22784936 -43551372 1307840744 1307874711 1307841216
1314167806 -22784743 -43554424 1314167148 1314167682
1307874769 -22784606 -43552568 1307841258 1307874751 1307874744
1307841258 -22784580 -43552530 1307840744 1307874769 1307874729
1314167682 -22784534 -43554408 1307841228 1314167517 1314167806
1314167345 -22784422 -43559075 1768707760 1768707927
1768707760 -22784417 -43558585 1314167345 1314167710 1768708022
1314167710 -22784412 -43558120 1768707843 1768707760 1314167745 1314167723
1314167745 -22784402 -43557676 1314167193 1314167855 1314167710 1314167774
1314167774 -22784392 -43557241 1314167444 1314167670 1314167927 1314167745
1314167634 -22784387 -43554987 1314167298 1314167495 1314167691
1314167670 -22784382 -43556784 1314167536 1314167460 1314167774 1314167548
1314167691 -22784343 -43555411 1314167514 1314167351 1314167634 1307841313
1314167351 -22784340 -43555862 1314167534 1314167161 1314167548 1314167691
1314167548 -22784338 -43556296 1314167670 1314167351 1314168000 1314167261
1307874711 -22784333 -43550599 1307874765 1307841408 1307874740 1307874701
1314167517 -22784328 -43554392 1314167682 1307841043
1307874729 -22784188 -43552007 1307841258 1307874767 1307874713
1307874765 -22783977 -43551269 1307874711 1307874767
1307874767 -22783808 -43551502 1307874753 1307874765 1307874729
1307841043 -22783777 -43554417 1307874721 1314167517 1314167556
1307874753 -22783773 -43551454 1307840960 1307874709 1307874767
1307874721 -22783655 -43554245 1307874744 1307841043 1307874751
1768707927 -22783458 -43559043 1768707428 1314167345
1307840960 -22783349 -43550888 1307874753 1307874732 1307874736
1307874713 -22783264 -43552793 1307841495 1307874729
1307874744 -22783255 -43553683 1307874721 1307841495 1768707507 1307874769
1307874732 -22783181 -43550660 1307840960 1307840992 1307874701
1307874709 -22783047 -43552047 1307874753 1307874719
1307874719 -22782908 -43552230 1307874709 1307874734
1307841495 -22782869 -43553142 1307874734 1307874744 1307874715 1307874713
1307840992 -22782858 -43550217 1307874732 1307841009 1307841285
1314167556 -22782721 -43554445 1307841043
1768707507 -22782671 -43554193 1307874744
1314167723 -22782646 -43558141 1314167710 1314167331
1768707428 -22782582 -43559064 1768708022 1768707927
1314167331 -22782533 -43558077 1314167193 1314167723 1768708022
1314167193 -22782522 -43557719 1314167745 1314167927 1314167331
1768708022 -22782512 -43558628 1314167331 1768707428 1768707760
1314167927 -22782508 -43557273 1768707671 1314167193 1314167774
1768707671 -22782504 -43556949 1768707477 1314167460 1314167927
1314167460 -22782503 -43556822 1314167670 1768707671 1314167261
1307874734 -22782467 -43552600 1307874736 1307874719 1307874720 1307841495
1314167261 -22782437 -43556375 1314167534 1314167548 1314167460
1307841285 -22782434 -43550647 1307840992 1307841208
1314167298 -22782429 -43554998 1314167634 1314167514
1314167534 -22782422 -43555916 1314167351 1314167514 1314167261
1314167514 -22782404 -43555443 1314167298 1314167534 1314167691
1307874715 -22782186 -43553726 1307874760 1307841495
1768707477 -22782087 -43556959 1768707894 1768707671
1307874736 -22782031 -43552014 1307841208 1307840960 1307874734 1307841186
1307841074 -22781686 -43554438 1307874760 1307874707
1307841208 -22781558 -43551377 1307840999 1307874736 1307841285 1307840869
1307840869 -22781543 -43551357 1307841208 1307840833
1307874760 -22781509 -43554194 1307874720 1307841074 1307874715
1768707894 -22781389 -43556976 1768707477 1768707982 1768707730
1768707982 -22781326 -43556779 1768707894 1768707940
1768707940 -22781221 -43555576 1768707367 1768707982
1307874720 -22781149 -43553696 1307874760 1307841186 1307874734 1307874707
1307840833 -22781055 -43550699 1307841308 1307841009 1307840869 1307841568
1768707730 -22780880 -43556988 1768707367 1768707904 1768707894
1768707367 -22780756 -43555592 1768707940 1768707917 1768707730
1307841186 -22780717 -43553093 1307841232 1307874720 1307874736 1307874757
1768707685 -22780682 -43559073 1768707362
1768707362 -22780614 -43558367 1768707447 1768707685 1768707293
1307841232 -22780594 -43552986 1307840999 1307841186
1307841308 -22780554 -43550025 1307840666 1307841287 1307841358 1307840833
1768707447 -22780530 -43557689 1768707332 1768707904 1768707362
1768707904 -22780446 -43556999 1768707522 1768707447 1768707276 1768707730
1768707522 -22780307 -43555728 1768707917 1768707904
1768707917 -22780277 -43555610 1768707367 1768707522 1768707923
1307840999 -22780267 -43552471 1307841208 1307841113 1307841232 1307841568
1768707356 -22780261 -43559127 1768707293
1307874707 -22780238 -43554477 1307874720 1307841074 1768707279
1768707293 -22780172 -43558413 1768707356 1768707332 1768707362
1307841287 -22780168 -43550406 1307841308 1307841254
1768707332 -22780082 -43557705 1768707447 1768707293 1768707276
