3600294202 -22.9248415 -43.2900507 490919241
490919241 -22.9247899 -43.2901486 490919244
490919244 -22.9247481 -43.2902527 3637787311
490929185 -22.9247162 -43.2900905 490929179
3637787311 -22.9247158 -43.2903966 490919253
3637787310 -22.9246823 -43.2901777 490929185
490929193 -22.9246507 -43.2902886 3637787310
490929203 -22.9246217 -43.2904276 490929193
490919253 -22.9246155 -43.2911226 490919257
490919257 -22.924597 -43.2913594 490919263
490929207 -22.9245461 -43.2910553 490929203
490929218 -22.92451 -43.2914301 490929207
490919263 -22.9245087 -43.2927641 2203455236
2203455236 -22.9245013 -43.2928736 3600294201
3600294201 -22.9244725 -43.292973 490919274
3600294200 -22.924448 -43.2924596 490929218
490919274 -22.9244394 -43.2930387 3600294199
490929234 -22.9244283 -43.2925567 3600294200
3600294199 -22.9244136 -43.293077 490919281
2203455204 -22.9243945 -43.2926545 490929234
490919281 -22.9243703 -43.2931267 3637787300 3637787299
3637787302 -22.9243534 -43.2927414 2203455204
3637787300 -22.92432 -43.2931515 3637787296
3637787299 -22.9243044 -43.2931803 3600294198
490929253 -22.9242939 -43.2928313 3637787302
3637787296 -22.9242799 -43.2931579 3600294197
3600294197 -22.9242521 -43.2931582 2203455208
3600294198 -22.9242327 -43.2932181 490919285
2203455208 -22.9242119 -43.2931502 2203455243
2203455215 -22.9242051 -43.2929236 490929253
2203455243 -22.9241841 -43.2931356 3637787092
2203455235 -22.9241771 -43.2929667 2203455215
3637787092 -22.924166 -43.2931193 2203455242
3637787090 -22.9241582 -43.2930058 2203455235
2203455242 -22.9241514 -43.293092 2203455219
2203455228 -22.9241503 -43.2930375 3637787090
2203455219 -22.9241478 -43.2930631 2203455228
490919285 -22.9241064 -43.2932675 3600294195
490929267 -22.9240117 -43.293095 2203455215
490929273 -22.9239171 -43.2931672 490929267
3600294195 -22.9236846 -43.2934157 3637787071
490929292 -22.923599 -43.2933657 490929273
3637787071 -22.9233452 -43.2935799 3600294194
3600294194 -22.9231962 -43.2936683 3637787067
2203455211 -22.9230999 -43.2936381 490929292
3637787067 -22.923083 -43.2937514 490919293
490919293 -22.9229894 -43.2938422 490919301
490929300 -22.9229588 -43.293751 2203455211
490919301 -22.9229104 -43.293934 3600294193
490919369 -22.9228819 -43.296832 490919384
490919384 -22.922874 -43.2971125 490919390
490919363 -22.9228614 -43.2965544 490919369
3600294193 -22.9228569 -43.2940289 490919308
490929302 -22.9228562 -43.293859 490929300
490919308 -22.9228185 -43.2941433 490919313
490929323 -22.9228082 -43.2967945 2203455192
490929329 -22.9227976 -43.2970437 490929323
490929304 -22.9227897 -43.2939673 490929302
490919313 -22.922788 -43.2943026 490919321
2203455192 -22.922779 -43.2965085 490929315
2203455194 -22.9227495 -43.2940804 490929304
2203455203 -22.9227187 -43.2942326 2203455194
490919353 -22.9227145 -43.2956955 490919363
490919344 -22.9227015 -43.2955536 490919353
490919321 -22.9226998 -43.2953781 490919344
3637787047 -22.9226525 -43.2948828 2203455203
490929315 -22.9226385 -43.2957503 2203455227
2203455227 -22.922622 -43.2956152 490929311
490929307 -22.9226208 -43.295336 3637787047
490929311 -22.9226158 -43.2954698 490929307
3637787043 -22.922581 -43.2987874 490929329
