1760703301 -22859227 -43593847 1760703324
1760703261 -22858111 -43599516 1760703372 1760703304 1760703202
1760703259 -22857961 -43592951 1760703315 1760703376 1760703324
1760703202 -22857942 -43598845 1760703415 1760703409 1760703261
1760703324 -22857898 -43593713 1760703197 1760703301 1760703259 1760703199
1760703199 -22857841 -43594388 1760703385 1760703298 1760703324
1760703298 -22857783 -43595086 1760703198 1760703199 1760703340
1760703415 -22857755 -43598100 1760703406 1760703202 1760703412
1760703340 -22857729 -43595526 1760703298 1760703329
1760703329 -22857656 -43595772 1760703340 1760703403
1760703412 -22857586 -43597398 1760703309 1760703415 1760703410
1760703403 -22857511 -43595971 1760703399 1760703329
1760703410 -22857501 -43596701 1760703320 1760703412
1760703315 -22856211 -43592774 1760703349 1760703197 1760703259
1760703372 -22856183 -43599661 1760703395 1760703356 1760703409 1760703261
1760703197 -22856158 -43593524 1760703315 1760703385 1760703220 1760703324
1760703409 -22856137 -43598949 1760703372 1760703302 1760703406 1760703202
1760703385 -22856108 -43594223 1760703198 1760703197 1760703199 1760703268
1760703406 -22856089 -43598213 1760703309 1760703387 1760703415 1760703409
1760703198 -22856044 -43594898 1760703385 1760703243 1760703298 1760703203
1760703309 -22856043 -43597522 1760703320 1760703406 1760703412 1760703244
1760703320 -22856002 -43596813 1760703309 1760703399 1760703410 1760703291
1760703243 -22855975 -43595638 1760703198 1760703399 1760703262
1760703399 -22855959 -43596068 1760703243 1760703320 1760703403 1760703234
1760703356 -22854166 -43599811 1760703302 1760703358 1760703372 1760703269
1760703302 -22854117 -43599114 1760703397 1760703387 1760703356 1760703409
1760703387 -22854075 -43598358 1760703302 1760703244 1760703383 1760703406
1760703349 -22854051 -43592517 1760703315 1760703220
1760703244 -22854036 -43597654 1760703387 1760703309 1760703270 1760703291
1760703291 -22853998 -43596963 1760703320 1760703337 1760703234 1760703244
1760703220 -22853967 -43593284 1760703349 1760703197 1760703268
1760703234 -22853942 -43596207 1760703399 1760703393 1760703291
1760703268 -22853858 -43593965 1760703385 1760703220 1760703203
1760703203 -22853697 -43594628 1760703198 1760703268 1760703262
1760703262 -22853527 -43595328 1760703243 1760703203 1760703393
3053807391 -22853513 -43592161 1760703288
1760703288 -22853473 -43592678 3053807391 1760703402
1760703402 -22853433 -43592951 1760703288 1760703335
1760703393 -22853310 -43596263 1760703234 1760703278 1760703262 1760703337
1760703335 -22853240 -43593810 1760703222 1760703402
1760703222 -22853142 -43594158 1760703335 1760703278
1760703337 -22853133 -43597027 1760703270 1760703291 1760703393
1760703270 -22852983 -43597731 1760703337 1760703383 1760703244
1760703383 -22852762 -43598444 1760703270 1760703397 1760703387
1760703278 -22852687 -43596143 1760703222 1760703407 1760703393
1760703407 -22852509 -43597066 1760703278 1760703232
1760703397 -22852415 -43599228 1760703302 1760703383 1760703369
1760703232 -22852326 -43597559 1760703407 1760703260
1760703369 -22852242 -43599566 1760703397 1760703396
1760703396 -22852213 -43599758 1760703358 1760703369
1760703358 -22852212 -43599957 1760703258 1760703356 1760703364 1760703396
1760703260 -22852113 -43598235 1760703232 1760703266
1760703266 -22851901 -43598874 1760703400 1760703260
1760703258 -22851851 -43599979 1760703307 1760703358 1760703254
1760703362 -22851812 -43598466 1760703331
1760703307 -22851772 -43599887 1760703258 1760703400
1760703331 -22851653 -43598818 1760703283 1760703394 1760703362
1760703400 -22851513 -43599754 1760703307 1760703237 1760703266
1760703321 -22851510 -43597811 1760703275 1760703363
1760703363 -22851505 -43597999 1760703321 1760703348
1760703275 -22851461 -43597253 1760703321
1760703283 -22851442 -43599283 1760703352 1760703331 1760703237
1760703348 -22851441 -43598123 1760703363 1760703332
1760703332 -22851329 -43598197 1760703348 1760703257
1760703237 -22851283 -43599635 1760703400 1760703283 1760703265
1760703265 -22851236 -43599740 1760703237 1760703193 1760703417
1760703257 -22851235 -43598256 1760703332 1760703194
1760703194 -22851164 -43598364 1760703257 1760703418
1760703394 -22851149 -43598552 1760703331 1760703418
1760703418 -22851135 -43598471 1760703394 1760703194
1760703352 -22850892 -43599002 1760703283
1760703417 -22850769 -43599496 1760703265
1760703411 -22850522 -43599936 1760703193
3053753421 -22849951 -43598426 3053753405
3053753405 -22849786 -43598927 3053753421 3053753406
