807734620 -22.7999987 -43.3628331 807734601 807733994 807734619 807734621
807734603 -22.7999195 -43.3662551 807733933 807734557
769175156 -22.7998859 -43.3685591 769175159 769175135 769174764 769175157
807734619 -22.7996822 -43.3618246 807734618 807734600 807733995 807734620
807734557 -22.7996328 -43.3652257 807734602 807734603 807734624 807734569
807817952 -22.7994067 -43.3606102 807733996 807817956
769175135 -22.7994051 -43.3676343 769175048 2889282444 769175156 769174763
807734618 -22.7993954 -43.3607947 807734617 807734619
807734602 -22.7993361 -43.3641635 807734601 807734557 807734568 807734623
807734617 -22.7993064 -43.3606874 807734618 807817956
807817956 -22.7992485 -43.3606424 807817952 807734617 807736797
807734601 -22.7990196 -43.3631657 807818212 807734602 807734620 807734946
769175159 -22.7989862 -43.3690538 769175048 769175156 769175177 769175160
2889282444 -22.798983 -43.3665197 807734603 2328547782 2889282445 769175135 807734569 2328547784
2889282445 -22.7989348 -43.3666377 2889282444 769175155
807818212 -22.7988806 -43.3626034 807734600 807734601 807818229
807734600 -22.7987624 -43.362125 807818212 807734567 807734599 807734619
807734569 -22.798662 -43.3655421 2889282444 807734568 807734557 807734558
807736797 -22.7986536 -43.3604942 807734598 807736795 807817956 807817963
807734599 -22.7986042 -43.3615671 807734598 807734600
769175048 -22.7985544 -43.3680846 769175159 769175176 769175135 769175155
807734598 -22.7984756 -43.3613311 807734599 807734626 807736797
807734568 -22.7983668 -43.3645068 807734569 807734602 807734946 807734690
769175177 -22.7980985 -43.3695418 769175159 769175237 769175176 769175178
807734946 -22.7980952 -43.3634966 807734601 807734948 807818229 807734568
769175155 -22.7980885 -43.3671382 769175048 769175165 2889282445
2328547782 -22.7980854 -43.366285 2889282444 2328547781
807817963 -22.7980319 -43.3603634 807736797 807817964
807734626 -22.7979811 -43.3612453 807734598 807734625 807734649
807818229 -22.7979335 -43.3628953 807734567 807818212 807734946
807817964 -22.797844 -43.3603634 807817963 2889282442
807734567 -22.7978129 -43.3624469 807734570 807734600 807734566 807818229
807734558 -22.7977195 -43.3658029 807734569 807734559 807734690
807734566 -22.7976448 -43.3620285 807734567
769175176 -22.7976431 -43.3685861 769175048 769175165 769175177 769175238
2889282442 -22.7976401 -43.3604531 807817967 2889282443 807817964
807817967 -22.7974781 -43.3605243 2889282442 807734649
2889282443 -22.7974376 -43.3601534 807816985 2889282442
807734690 -22.7974283 -43.3648176 807734948 807734652 807734558 807734568
2328547781 -22.797262 -43.3661167 2328547782 807734559
769175165 -22.7971855 -43.3676362 769175176 769175239 769175155
807734948 -22.7971392 -43.3638098 807734570 807734946 807734956 807734690
807734570 -22.7968436 -43.3627795 807734948 807734651 807734567
807734559 -22.7968268 -43.3660282 769172964 2328547781 807734558
769172964 -22.7967675 -43.3660174 807734559 807734652 2328547785
769175238 -22.7967477 -43.369041 769175047 769175176 769175237 769175239
807734649 -22.7965865 -43.360977 807817967 807734626 807816984
807734652 -22.7964876 -43.3651184 769172964 807734956 807734690
3802908401 -22.7963501 -43.3600843 3802908402
769175239 -22.7963142 -43.3681167 769166706 769175165 769175238
807816984 -22.7962417 -43.3611466 807816982 807816985 807734649
807734956 -22.7962016 -43.364131 807734948 807734651 807734652
146873035 -22.7959916 -43.3613518 2367461241
3437020448 -22.7959586 -43.3609903 2917710918 3802908402
807734651 -22.7958941 -43.3630692 807734650 807734570 807734956
752334557 -22.7958871 -43.3606754 3802908401
769175047 -22.7958748 -43.3695211 769166706 769175046 769170413 769175238
2328547785 -22.7957957 -43.3658136 769172964 769172963
752338205 -22.7957897 -43.3606142 752338225
807816982 -22.7957571 -43.3619298 807816981 807816984
807734650 -22.7956963 -43.3624469 807734651 807734625
807816981 -22.7956878 -43.3621122 807816982 807734625
807734625 -22.7956567 -43.3622538 807734650 807816981 807734626
769166706 -22.7954415 -43.3685423 769175047 807732942 807733850 769175239
752333685 -22.7953977 -43.3615994 752333684
752333684 -22.7953822 -43.3614956 752332554 752333605
146855597 -22.7953665 -43.3622702 146855595
752333605 -22.7952906 -43.3614093 3437135351
807732942 -22.7952708 -43.3679147 769166706 807733745 807733845
769172963 -22.7952493 -43.3657117 807733412 2328547785
752332554 -22.7952433 -43.3612698 752336123 752334557 752332544
3437135351 -22.7951995 -43.3613776 752332544
752333686 -22.7951737 -43.362189 752333685 3802908401
807733845 -22.7951151 -43.3672495 807732942 2889282447 807733843
752332544 -22.7950455 -43.3614646 752331291 752332554
146878814 -22.7950341 -43.3624333 752333686
2889282447 -22.7949889 -43.367279 807733844 807733845
752336123 -22.7949436 -43.3604384 752332554 3437135389
807733843 -22.794848 -43.366123 807733845 807733468 807733842
3437135389 -22.794831 -43.3600952 752338225 752336123 752337592 752337133
807733412 -22.7948017 -43.3658136 1279260855 807733468
807733745 -22.794801 -43.3681722 807733851 807732942 807733844
807733468 -22.7947989 -43.3659303 807733412 807733472 807733843
807733850 -22.7947844 -43.3689176 769174119 769166706 807733851
807733413 -22.7947176 -43.3656285 807733412 769172963
752331290 -22.7947011 -43.3619772 752331291 752331289
752331289 -22.7946929 -43.3621709 752331229 752331290
752331291 -22.7946588 -43.3617511 752337610 752331290 752332544
2918134526 -22.7945548 -43.3634933 3437020448
769174119 -22.7945544 -43.3690329 769175046 769164449 807733850
807733842 -22.7945489 -43.3666955 807733827 807733843
807733472 -22.7945489 -43.3660625 807733471 807733468
807733844 -22.7945414 -43.3679871 2889282447 807733827 807733745
807733851 -22.7944647 -43.3683412 807733822 807733745 807733850
752337610 -22.7944202 -43.361075 752331291 752337609
807733471 -22.7943907 -43.3661269 807733749 807733472
769171588 -22.7943591 -43.3655373 807733413
1279260855 -22.7943269 -43.3659531 807733104 807733416
2367461241 -22.7943146 -43.3643006 807733168
2889282446 -22.7942429 -43.365591 769171588
752331229 -22.7942344 -43.3636479 3437135355 752331289
807733416 -22.7942082 -43.3658672 807733390
807733415 -22.7941909 -43.3656553 2889282446
3437135355 -22.7941615 -43.3637655 752331229 752331215
807733390 -22.7941588 -43.3657492 807733389 807733415
807733389 -22.7941335 -43.3656763 807733388
807733822 -22.7941309 -43.3685504 807733851 807733849 807733848
752337592 -22.7940967 -43.3603257 3437135389 752318953
807733395 -22.7940742 -43.3659445 807733390
807733388 -22.7940544 -43.3655583 752325769
807733749 -22.7940423 -43.3661866 807732893 807733465 807733471
2367380302 -22.7940408 -43.3641533 146878814
752337609 -22.7940383 -43.3604947 752337610 752318953
752318953 -22.7940274 -43.3603969 752337592 752337609 752318947
752331215 -22.7940194 -43.3638644 3437135355 752331200
807733827 -22.7940172 -43.3676143 807732893 807733844 807733842
807733465 -22.7938269 -43.3662234 807733104 807733749 807733470
752319604 -22.793826 -43.3622623 752319596
752325769 -22.7938062 -43.3654488 769171588 752324632
807733104 -22.7937577 -43.3661054 807733103 807733465 807733395
752318947 -22.7937527 -43.3603291 752318940 752318953
807733848 -22.7936774 -43.3682362 807733791 807733822 807733849
752331200 -22.7936712 -43.3640235 3437135356 752331215
752322583 -22.793638 -43.363539 752322579
752318940 -22.7936169 -43.360339 752318935 752318947
3437135356 -22.79357 -43.3641184 752331183 752331200
807733470 -22.7935697 -43.3662664 807733465 1279258690
807733163 -22.7935697 -43.3660625 807733104
807733168 -22.7935476 -43.3656492 146873033 807733165
807733164 -22.7935005 -43.3659338 807733163
752322579 -22.7934996 -43.363185 3005126063 752322583
752331183 -22.7934917 -43.3642331 3437135356 752331162
807733165 -22.7934906 -43.3658479 807733164
752319596 -22.7934897 -43.3617581 752247164 752319604 752319448
807732893 -22.7934639 -43.3672627 807733791 807733749 807732892 807733827
3005126063 -22.793434 -43.3630945 752322579 752321698
1279258690 -22.7933878 -43.366272 1279258689 807733470
807733103 -22.7933719 -43.3662127 807733102
752247164 -22.7933017 -43.3614791 752318935 1271841942 752319596
807733849 -22.7932456 -43.3690393 769168182 807733822 807733848
752324632 -22.7932305 -43.365305 579444624 752325769 752329670
807733102 -22.7932236 -43.3662985 146873033
1279258689 -22.7932196 -43.3664383 1279258680 1279258690
2367380304 -22.7932196 -43.3655753 2367380302
752331292 -22.7931822 -43.3652427 752324632
752331162 -22.7931686 -43.3649382 752331183 3437135352
3437135352 -22.7931403 -43.3651102 752331292
807733791 -22.7931263 -43.3678553 807733752 807732893 807733848
752331474 -22.7930674 -43.3651082 752331162
1279258680 -22.793007 -43.3667226 807732892 1279258689
752329670 -22.7929918 -43.3653109 3437135353
146873033 -22.7929847 -43.366639 2367461242
752331484 -22.7929836 -43.3651616 752331474
752318935 -22.7929516 -43.3607354 752247164 752319306 752318940
752322107 -22.7929457 -43.3638609 752322110
146878815 -22.7928977 -43.3661326 2367380304
807732892 -22.7928967 -43.3669538 807732898 1279258680 807732893
3437135353 -22.7928742 -43.3653376 752329664
752322110 -22.7928566 -43.3634961 752322107 752321698
3437135367 -22.7927927 -43.3651786 752331484
752321698 -22.7927874 -43.3633674 752322112 752321702 752322110 3005126063
769168182 -22.7927592 -43.3692851 807733752 807733737 807733849
752329664 -22.7927548 -43.3654196 751265558
579444624 -22.7927056 -43.3651863 752329166 3437135367 752324632
752329648 -22.7926773 -43.3654068 3437135354
3437135354 -22.7926773 -43.3653129 752329339
752329339 -22.7926345 -43.3652298 752329166
752327712 -22.7924876 -43.3668694 146878815
807733752 -22.7924353 -43.3690598 807732898 769168182 807733737 807733791
752329166 -22.7924267 -43.3651201 579444622 579444624
751265558 -22.7923814 -43.365942 752328429 752329648 751218056
752322112 -22.792372 -43.3627451 752321698 752319448
752319448 -22.7923522 -43.3626485 752319447 752322112 752319596 752319290 752320457
752328397 -22.7923423 -43.3670152 752327712
752328399 -22.7922632 -43.3670366 752328397
751218056 -22.7922331 -43.3658669 751229112 751265558 751218043
752328406 -22.7921742 -43.3669937 752328399
752328429 -22.7921643 -43.3662856 752328423
752329211 -22.7921445 -43.3672727 752329210
752329210 -22.7921445 -43.367101 752329209
752329040 -22.7921247 -43.3662964 751265558
752328415 -22.7921049 -43.3667255 752328406
752328423 -22.7921049 -43.3665109 752328415
752329209 -22.792095 -43.3669615 752329208
146855595 -22.7920827 -43.3679951 146855593
752321259 -22.7920752 -43.3645261 752321702
752329208 -22.7920654 -43.366704 752329207
752329207 -22.7920654 -43.3664787 752329040
807733737 -22.7920569 -43.3696659 807733752 769168182 769165021
752319447 -22.7920453 -43.3619503 1271841942 752319448
1271841942 -22.7920443 -43.3619477 752319280 752247164 752319447 752319306
146878817 -22.7920191 -43.367711 752329211 752327712
807732898 -22.7918987 -43.368695 807733752 807732892 807732890
752321702 -22.7917842 -43.3641545 752321259 579444622 752321266 752321698
752319306 -22.7917607 -43.3612066 752318935 752318930 1271841942
807732890 -22.7916509 -43.3691202 1279260852
2367405437 -22.7915499 -43.3685136 146878817
1279260852 -22.7915483 -43.3693005 807732889
751229112 -22.7915011 -43.3655987 3134368534 751218056 751266569
751266553 -22.7914733 -43.3683785 751218043
752319290 -22.7913334 -43.3634961 752320457 752319448 752321266
752321266 -22.7912945 -43.3635292 752319290 752247452 752321702
146878818 -22.7912476 -43.3690306 2367405437
807732889 -22.7912098 -43.3698957 807732878
752320457 -22.7911973 -43.3631303 752319280 752320458 752319290 752319448
579444622 -22.7911089 -43.3646556 3134368534 752329166 752321702
751218043 -22.7909541 -43.3680513 751218039 751218056 751266569 751266553
752319280 -22.7909159 -43.3623738 752247152 1271841942 752318930 752320457
3134368534 -22.7907406 -43.3653056 3134368536 751229112
752318930 -22.7906509 -43.3616078 752319265 752319280 752249004 752319306
751267514 -22.790607 -43.3698038 751268486
752319265 -22.790552 -43.361286 752318930
3134368533 -22.7904995 -43.3651984 3134368534
751268486 -22.7904426 -43.3696948 751267514 751218039
752247452 -22.7904135 -43.3642793 751263969 752247456 752321266
751263969 -22.7903824 -43.3644331 579444622 752247452
751266569 -22.790318 -43.367676 751229107 3134368536 751229112 751218043
752247456 -22.7903047 -43.3642471 751263439 752320458 752247452
579444619 -22.7902682 -43.3643981 751263969
751263962 -22.7902548 -43.3644721 751263969
751263190 -22.7901856 -43.3645472 751263422 751263962
751218039 -22.7901559 -43.3695147 751218031 751229107 751218043 751268486
751263422 -22.7901559 -43.36444 751263439
751263439 -22.7901371 -43.3643603 579444617 579444619 752247456
751263187 -22.7901361 -43.3650515 751263190 3134368533
752320458 -22.7900905 -43.36357 752320460 752247456 752247152 752320457
752247152 -22.7898398 -43.3627773 752320458 752319280 752249004 752318329
3134368536 -22.7896536 -43.3672243 751263182 751267525 751266569
751261966 -22.7896515 -43.365824 751261975 751263187
752249004 -22.7896123 -43.3619941 752249007 752318331 752247152 752318930
751229107 -22.7895031 -43.369107 751266569 751218039 751267525 751229104
752249048 -22.7894244 -43.3602775 752249044 752249055 752340022
752249007 -22.789375 -43.3613933 752249004 752249011
752249044 -22.7893255 -43.3605993 752249048 752339261 752249036
752249011 -22.7893057 -43.3611251 752249007 752249036
752249036 -22.7892859 -43.3608997 752249044 752249011
752320460 -22.7892671 -43.3638428 752320458 752320459 752320485
579444617 -22.7892593 -43.3641299 751263439 752320485
752339261 -22.7892464 -43.3608676 752339260 752249044
751261975 -22.7892063 -43.3655772 751261966 751261985
752320485 -22.7891866 -43.3641243 579444617 752320460 579444615
752339260 -22.7891771 -43.3611251 752339259 752339261
751263182 -22.789112 -43.3668416 751261966
751261985 -22.7890283 -43.3655558 751261975 751261995
752339259 -22.7890189 -43.3613182 752339260 752339258
579444615 -22.7889823 -43.3641084 752318319 752320485
752318329 -22.7889305 -43.3630905 752318331 752247147 752247152
751267525 -22.7888444 -43.3686525 3134368536 751229107 751247970 750743241
752339258 -22.788821 -43.3614576 752339137 752339259
751261995 -22.7888008 -43.3656416 751261985 751262002
752320459 -22.7887914 -43.3640004 752320460 752318319
752318331 -22.7886925 -43.3623267 752318918 752318329 752249004
751262002 -22.788692 -43.3657918 751261995 751247990
752318319 -22.7886528 -43.3641382 579444614 579444615 752247147 752320459
751247970 -22.788603 -43.3685491 751267525 751247959 751247977
807828013 -22.7885959 -43.3607389 807828006 807828017
807828017 -22.7885959 -43.3605351 807828013 807828022
751247977 -22.7885931 -43.3683238 751247970 751247983
750743241 -22.7885572 -43.3691594 751267525 751245495
751247959 -22.7885535 -43.3689783 751245495 751247970
807828006 -22.7885267 -43.3608355 807828003 807828013
751245495 -22.7885217 -43.3692197 750741980 750743241 751247959
751247983 -22.788514 -43.3678946 751263182 751247977 751247990
579444614 -22.7885075 -43.3641513 579443437 752318319
807828022 -22.7884871 -43.3603312 807828017 807828025
752247147 -22.7883759 -43.3632815 752318918 752246629 752318329 752318319
807828003 -22.7883684 -43.3608248 807827999 807828006
807828025 -22.7882794 -43.3601274 807828022 752340022
751247990 -22.7882469 -43.3666072 751247983 751247998 751262002
807827999 -22.7882003 -43.3608033 807827752 807828003
752318918 -22.7881535 -43.362543 752339137 752245592 752318331 752247147
751247998 -22.7881381 -43.3663282 751247990 751248007
751248007 -22.7880392 -43.3660922 751247998 751248011
752339137 -22.7879282 -43.3617949 752318918 752339258 752245414
751248011 -22.7879106 -43.3659205 751248007 751248017
752245414 -22.7878913 -43.3616722 807827752 752339137 752245403
751240652 -22.787871 -43.3683345 751240645 751240659
751240645 -22.7878611 -43.3686242 751240652 751240639
751240639 -22.7878216 -43.3688602 751240645 751237914
751240659 -22.7878216 -43.3680019 751240652 751240667
579443437 -22.7878053 -43.3641835 579444614 752246641
751248017 -22.7877523 -43.3658991 751248011 751248024
751237914 -22.7877226 -43.3690426 751241917 751229617 751240639
751240667 -22.7877226 -43.3677122 751240659 751240676
751248024 -22.7877226 -43.3658347 751248028 751248017
751240676 -22.7876831 -43.3675084 751240667 751240683
751240683 -22.7876435 -43.3673475 751240676 751240688
807827752 -22.7875744 -43.3605722 752318314 807827999 752245414
751240688 -22.7875644 -43.3669505 751240683 751240695
751240695 -22.7875347 -43.3667359 751240688 751240699
751248028 -22.7875149 -43.3657381 751248024 751248035
752246621 -22.7874956 -43.3635176 752246615 752246629
752246629 -22.7874897 -43.3636137 752246635 752246621 752247147
752246635 -22.7874857 -43.3636785 752246638 752246629
752245593 -22.7874659 -43.3625842 752245592 752245594
752245403 -22.787456 -43.3613074 752245394 752245414
752245592 -22.7874461 -43.3627773 752245593 752318918 752246610
752246615 -22.7874362 -43.3633674 752245876 752246621
752245594 -22.7874362 -43.3624125 752245593 752245595
751240699 -22.7874358 -43.3664677 751240695 751240705
751229617 -22.7873945 -43.3696467 750741980 751205443 751230619 751237914
752246638 -22.787386 -43.3641248 579443437 752246635 752246641
752245876 -22.7873769 -43.363185 752246615 752245889 752246610
752246641 -22.7873669 -43.3642132 579443669 752246638
752246610 -22.7873472 -43.3629168 752245592 752245876
752245595 -22.7873373 -43.3621979 752245594 752245596
579443669 -22.7873305 -43.3642157 579443666
751248035 -22.7872973 -43.3655772 751248028 751248039
751241917 -22.7872697 -43.3687598 751237905 751243631 751237914
751240705 -22.7872577 -43.3662102 751240699 751240710
751230619 -22.787238 -43.3698473 751230625 751229617
751243631 -22.7872281 -43.3684204 751241917 751243638
579443436 -22.787192 -43.3640977 752246638
752245596 -22.787189 -43.3619404 752245595 752245598
751243638 -22.7871391 -43.3678732 751243631 751243643
751243643 -22.7870995 -43.367723 751259931 751243638
751259931 -22.7870938 -43.367678 751243643 751243648 751259926
751240710 -22.7870797 -43.3659098 751240705 751240714
751243648 -22.7870698 -43.3674869 751259931 751243654
752245598 -22.7870307 -43.361801 752245604 752245596
751243654 -22.7870006 -43.3672616 751243648 751243660
579443666 -22.7869744 -43.364162 579443660
751248039 -22.7869709 -43.3654485 751248035 751240714
579443435 -22.7868952 -43.3640118 579443436
751243660 -22.7868819 -43.3669934 751243654 751243666
752245394 -22.7868329 -43.360653 752245383 752245403
751205443 -22.7868198 -43.3692837 751205439 751229617 750741983
752245604 -22.7867735 -43.3615649 752245609 752245598
751205439 -22.7867731 -43.3693859 751205443 751205433
752245383 -22.7867241 -43.3605242 752240605 752245394
752244838 -22.7866746 -43.3600093 752244845
751241777 -22.7866544 -43.36606 751241787
751205433 -22.7866445 -43.3694932 751202506 751205439
751243666 -22.7866445 -43.3666286 751243669 751243660
752240605 -22.786635 -43.3605135 752245383 752245615 752244845
752244845 -22.786635 -43.3603097 752244838 752240605
751240714 -22.7865851 -43.3654485 751240719 751240710 751248039 751248043
579443660 -22.7865589 -43.3639904 752245890
751241787 -22.7865258 -43.3658562 751241795 751241777
751243669 -22.7864862 -43.3663497 751243672 751243666
579443434 -22.7864106 -43.3637865 579443435
752244690 -22.7863779 -43.3624983 752244678 752244697
751259926 -22.7863774 -43.3672938 751259919 751259931
751241795 -22.7863675 -43.3656738 751241787 751241800
752244678 -22.7863581 -43.3623481 752244650 752244690
752244697 -22.7863284 -43.3626164 752244705 752244690
751248043 -22.7863181 -43.365427 751240714 751241800
751243672 -22.7862884 -43.3660278 751243669 751243676
752244650 -22.7862592 -43.3621765 752244678 752244644
752244705 -22.7862295 -43.3627129 752244697 752244712
751202506 -22.7861499 -43.3697722 751202513 751205427 751205433
751243676 -22.7861202 -43.365824 751243672 751243685
751241800 -22.7861004 -43.3654592 751241795 751248046 751241813 751248043
752244712 -22.786091 -43.3627129 752244705 752244717
752245889 -22.7860251 -43.3636262 752245890 752245876 579443434
752340604 -22.786002 -43.3600093 752340591 752340618
752244717 -22.7859921 -43.3625734 752244712 752244725
752244644 -22.7859822 -43.3619083 752244650 752244732 752244635
752245609 -22.7859624 -43.3609319 752245604 752245615
752244725 -22.7859426 -43.3624232 752244717 752244732
752245890 -22.7859234 -43.3636985 579443657 752245889
752244635 -22.7859229 -43.3618332 752244628 752244644
751241813 -22.7859224 -43.365309 751241821 751241800
752244732 -22.785913 -43.3622516 752244725 752244644
751259919 -22.7858729 -43.3669934 751259915 751259926
751202513 -22.7858608 -43.3691351 751202506 750741983 751201740
751248054 -22.7858532 -43.3656738 751248049 751248057
751243685 -22.7858532 -43.3655987 751243676 751248049
751248046 -22.7858532 -43.3654914 751241800 751248049
752340618 -22.7858437 -43.3601595 752340604 752340625
751248057 -22.7858136 -43.3658025 751248054 751248085
751248049 -22.7858009 -43.3655603 751243685 751243695 751248046 751248054
751240719 -22.7857938 -43.3647833 751240723 751240714
752244628 -22.7857844 -43.3617044 752244621 752244635
751237905 -22.7857641 -43.3678195 751237898 751241917
751241821 -22.7857147 -43.3651373 751241813 751241827
751259915 -22.7856949 -43.3668754 751249910 751259919
752245615 -22.785686 -43.360816 752240602 752245609 752240605
752244621 -22.7856459 -43.3616508 752244620 752244628
752340625 -22.785636 -43.3602667 752340618 752340637
751237898 -22.785596 -43.3677981 751237893 751237905
750741983 -22.78557 -43.3684942 751205443 751202519 751192689 751202513
751249910 -22.7855465 -43.3666394 751259915 751249923 751258222
751243695 -22.7855465 -43.3653734 751248049 751243745
751249923 -22.7855366 -43.3664141 751249910 751249934
751171329 -22.785512 -43.3634129 579443657 752245889
751240723 -22.785507 -43.3645043 751240719 751171422
752244620 -22.7854975 -43.3616615 752244607 752244621
751249934 -22.7854872 -43.3661888 751249923 751248085
579443657 -22.785461 -43.3634861 579443431 751171329 751171425
751237893 -22.7854476 -43.3678088 751202519 751237898
751248085 -22.785442 -43.3661229 751249945 751249934 751248057
752340637 -22.7853986 -43.3602989 752340647 752340625
751241827 -22.7853487 -43.3647725 751241821 751241832
752244607 -22.7853392 -43.3617044 752244601 752244620
751243745 -22.7853091 -43.3651695 751243695 751243755
751258950 -22.7852902 -43.3670133 751258804
751202519 -22.7852597 -43.3678946 751254105 751237893 750741983
751171425 -22.7852498 -43.3639357 579443657 751171422
579443433 -22.7852236 -43.363293 751171329
751258222 -22.7852108 -43.366707 751258642 751249910 751258209
752340647 -22.7851909 -43.3602775 752340658 752340637
752244601 -22.785181 -43.3618117 752244595 752244607
751258209 -22.7851509 -43.366296 751258222
751171422 -22.7850915 -43.364161 751240723 751171419 751171425
579443431 -22.7850851 -43.3632823 752240619 579443433 752244567
752244595 -22.7850425 -43.3619404 752244601 752244589
752244567 -22.7850227 -43.3630992 579443431 752244573
751243755 -22.7850025 -43.3649013 751245352 751243745
751249945 -22.7849832 -43.3657114 751248085 751245342
752244573 -22.7849832 -43.3628953 752244580 752244567
752244589 -22.7849832 -43.3621443 752244580 752244595
751258804 -22.7849798 -43.3671068 751258642 751258941 751258950
752340658 -22.7849733 -43.3601702 752340647 752242879
751241832 -22.7849728 -43.3647833 751245352 751241827
751245352 -22.784968 -43.3648805 751243762 751243755 751245348 751241832
752244580 -22.7849634 -43.3623911 752244573 752244589
751258642 -22.7849211 -43.3668 751245325 751258222 751258804
751245348 -22.7849135 -43.3652339 751245352 751245342
751245325 -22.7848522 -43.3668187 751245330 751257652 751258642
751245342 -22.7848522 -43.3656515 751249945 751249950 751245335 751245348
752243768 -22.7848447 -43.3618761 752240914
751245330 -22.7848343 -43.3663819 751245335 751245325
751245335 -22.7848343 -43.3659956 751245330 751245342
751243762 -22.7848244 -43.364794 751245352 751171419
751254105 -22.7847581 -43.3681796 751202519 751250010 751255095
751249950 -22.784728 -43.3656702 751249957 751245342
751201740 -22.7847156 -43.3697615 751203343 751205427 751202513
751258941 -22.7847108 -43.3671853 751258804
752242879 -22.7847062 -43.36002 752242875 752340658 752243334
751255095 -22.7846365 -43.3679054 751254105 751252794
751171419 -22.7845969 -43.364676 751255133 751243762 751171422 751191180
752243334 -22.7845677 -43.3602453 752243330 752242879
751257652 -22.784528 -43.3668973 751253973 751257638 751245325
751252794 -22.7844624 -43.3674734 751253973 751251224 751255095
752243330 -22.7844292 -43.360374 752243327 752243334
751257638 -22.7844288 -43.3663175 751257652
751255133 -22.7844125 -43.364873 751171417 751171419 751255121
752243938 -22.7843995 -43.3624662 752240913
751255121 -22.7843397 -43.3651159 751255111 751255133
751253973 -22.7842796 -43.3669646 751257652 751255102 751252955 751252794
752243327 -22.7842314 -43.3604706 752243323 752243330
751255111 -22.784221 -43.3657167 751249957 751255121
751255102 -22.7841934 -43.3664147 751253973 751249957
751249957 -22.7841658 -43.3661491 751249950 751249970 751255102 751255111
751191180 -22.7840826 -43.3640859 751191174 751171419
752243323 -22.7840237 -43.3604921 752243319 752243327
752240913 -22.7839841 -43.3624554 752240619 752240914 752243938
752240619 -22.7839651 -43.3629886 752240913 579443431 752235476
752240914 -22.7839643 -43.3621765 752240913 752240602 752243768
751171417 -22.7839342 -43.3653841 751171414 751255133
751191174 -22.7839243 -43.3640108 751191170 751191180
752240602 -22.7838753 -43.3613933 752240600 752239903 752245615 752240914
752243319 -22.7838456 -43.3604277 752243323 752243315
752235476 -22.7837668 -43.3629366 579443430 752240619 752235474
751191170 -22.783766 -43.3640323 1271832892 751191174
751250010 -22.7837624 -43.3687454 751254105 751251204 751236758
751256614 -22.7837363 -43.3648798 751256596 751256628
1271832892 -22.7837164 -43.3640505 751257219 751256665 751191170
751256596 -22.7836869 -43.3651481 751256577 751256614
751171414 -22.7836572 -43.3656523 751171417 751255920
751256577 -22.7836572 -43.3654485 751256596 751255920
751256628 -22.7836572 -43.3646438 751256614 751256640
752243315 -22.7836181 -43.3602667 752242893 752243319
751257219 -22.7835979 -43.3641932 1271832892 751257207
752239903 -22.7835884 -43.3605886 752240602 752239902 752242893
751251204 -22.7835829 -43.3683563 751250010 751251224
751255920 -22.7835733 -43.3657238 751171414 751171408 751256577
751256640 -22.7835668 -43.3644815 751256628 751256665 751257207
751257207 -22.7835484 -43.3643327 751257219 751256640
752239902 -22.7835192 -43.3609212 752239903 752239901
751192689 -22.7834594 -43.3696542 751194895 751236758 750741983
751251224 -22.7834415 -43.3679074 751251204 751252955 751252794
752239901 -22.7834203 -43.3610392 752239428 752239902
752242893 -22.7833936 -43.3601472 752239903 752240915 752243315
751256665 -22.7833927 -43.3641692 751255276 1271832892 751256640
751171408 -22.7833802 -43.3658883 751171403 751255276 751255920
751252955 -22.7833104 -43.3675744 751249970 751253973 751251224
752235474 -22.7832323 -43.3635069 752235471 752235476
751236758 -22.7831865 -43.3690725 751192689 751192695 751250010
752240600 -22.7831532 -43.3616508 752240602 752240596
752235471 -22.7831334 -43.3636141 751255816 752235474
751249970 -22.7831035 -43.3669571 751249957 751171403 751251591 751252955
751252028 -22.7830538 -43.3674011 751251591
752240596 -22.7830048 -43.3617473 752240600 752240593
752240593 -22.7829257 -43.3618868 752240589 752240596
752238889 -22.7829158 -43.3603418 752238883 752238895
751251591 -22.7828989 -43.3669818 751249970 751192701 751252028
752238895 -22.782896 -43.3605564 752238889 752238900
751192695 -22.7828857 -43.3684311 751236758 750893815
751194895 -22.7828758 -43.369976 751206834 751203343 751192689 751232548
751255276 -22.7828296 -43.3643758 751251349 751171408 751255816 751256665
752240589 -22.7828268 -43.3621121 579443430 752240593
752238883 -22.7828169 -43.3601595 752238889 752238878
752238900 -22.782807 -43.3607603 752238895 752238904
751171403 -22.7827966 -43.3662317 751171399 751249970 751251270 751171408
751251270 -22.7827274 -43.3659742 751171403 751251286
751171399 -22.7826779 -43.366296 751171403 751171395
579443430 -22.7826715 -43.3626493 752235712 752235468 752240589 752235476
752238878 -22.7826685 -43.3600307 752238877 752238883
750893815 -22.7826677 -43.3678552 751235359 751192695 751192701
752238904 -22.7826388 -43.3609105 752238900 752238908
751255816 -22.7826186 -43.3637748 751255276 751251391 752235471
751251286 -22.7825394 -43.3655236 751251270 751251349
751232548 -22.7825127 -43.3692722 751201014 751194895 751232542
751192701 -22.7824702 -43.3671544 751251591 750893815 751171395
752238908 -22.782441 -43.3609748 752239059 752239405 752238904
751201014 -22.7824109 -43.3690748 751201008 751232548
752239428 -22.7823322 -43.3621228 752239424 752239699 752239901
752239405 -22.7822629 -43.3611572 752238908 752239411
751201008 -22.7822625 -43.3689353 751201014 751201000
752239424 -22.782253 -43.361801 752239419 752239428
752235712 -22.7822356 -43.3625212 579443430 752239699 752235169
751171395 -22.782213 -43.3665106 751171399 751235899 751192701 751192709
751251349 -22.7822103 -43.3646029 751251286 751251391 751255276 751192709
752239419 -22.7821838 -43.3615757 752239424 752239411
752239411 -22.7821838 -43.361404 752239419 752239405
751201000 -22.7821141 -43.3688602 751200993 751201008
751235359 -22.7820967 -43.3680944 751233786 751235899 750893815
752238875 -22.782075 -43.3600522 752241001 752238876
752241001 -22.7820351 -43.3600614 752241000 752238874 752238875 752242220
751251391 -22.7820152 -43.3639893 751251349 752235468 751255816
752239699 -22.7819969 -43.362451 752239428 752233660 752235712
751200993 -22.7819558 -43.3688388 751200986 751201000
752238874 -22.7819365 -43.3600844 752238873 752241001
752239059 -22.7818178 -43.3610714 752233664 752238908
751200986 -22.7816888 -43.3689353 751200993 751233786 751200976
752238873 -22.7816694 -43.3601916 752238872 752238874
751235899 -22.7816142 -43.3667697 751235359 751235904 751233790 751171395
751192709 -22.781594 -43.364829 751235904 751251349 751171395
751233786 -22.7814918 -43.3683478 751200986 751235359 751233790 751234675
752233664 -22.7814716 -43.3610285 752233660 752239059 752239064
752238872 -22.7814221 -43.3601916 752238873 752238871
752238871 -22.7811946 -43.3601273 752236246 752238872
752233660 -22.7811629 -43.3622059 752236247 752233664 752239699 752233657
752233657 -22.7810561 -43.3625413 752233660 752233654
752236246 -22.7810067 -43.3600414 752239064 752238870 752238871
751233790 -22.780988 -43.3670406 751171391 751233786 751191165 751235899
751235904 -22.7809865 -43.3650518 751191165 751235899 751192709
752233654 -22.7809671 -43.3627773 752233651 752233657
752235468 -22.7808715 -43.3643872 751251391 579443430 752235173
751234675 -22.7808664 -43.3686098 751171391 751233786 751234552
752233651 -22.7808385 -43.3629597 752233648 752233654 752233948
752239064 -22.7808103 -43.3608251 752236246 752236247 752233664
751200976 -22.7806897 -43.3694611 751234557 751200986 751232542
751234557 -22.7805412 -43.3695252 751200544 751200976 751234552
752236247 -22.7805123 -43.3620147 752233660 752236960 752239064
752235173 -22.7804725 -43.3645261 752235468 752235169 752235176
752233648 -22.7804329 -43.3633352 752233651 752233645
752235169 -22.7804033 -43.3642579 752232309 752235712 752235173
751171391 -22.7804028 -43.3672938 751235226 751234549 751233790 751234675
751191165 -22.7803731 -43.3652768 751235226 751235904 751233790 752232302
751234552 -22.7802907 -43.368851 751234557 751188475 751234549 751234675
752232302 -22.780245 -43.3649231 751191165 752235176
752233645 -22.7801757 -43.3634961 752232318 752233648 752230847
752235176 -22.780168 -43.3646541 752232305 752232305 752232302 752235173
752232305 -22.780156 -43.3646119 752232309 752232309 752235176 752235176
752234457 -22.780156 -43.3641613 752232309 752232314
752232309 -22.7801263 -43.3643222 752232305 752234457 752232305 752235169
752232314 -22.7800867 -43.3638931 752234457 752232318
752230847 -22.7800274 -43.3634961 752233645 752230844 752232318
752232318 -22.7800076 -43.3635927 752231703 752232314 752233645 752230847
