1871250878 -22.9399966 -43.5207518 1871250927 3077561303
1871250927 -22.9397595 -43.5206016 1871251104 1871250878
1871251104 -22.9394038 -43.5205802 1871251074 1871250927
1871251074 -22.9392259 -43.5205158 1871251162 1871251104
3077561254 -22.9389629 -43.5252777 3077561245
3077561245 -22.9387657 -43.5252378 3077561254 3077561237
3077561237 -22.9385216 -43.5251325 3077561245 3077561233
3077561233 -22.9384146 -43.525118 3077561222 3077561237
1871251162 -22.9383565 -43.5204729 1871250906 1871251074
3077561222 -22.9383177 -43.5251507 3077561213 3077561233
3077561213 -22.9381739 -43.5251579 3077561198 3077561222
3077561198 -22.9379232 -43.5250527 3077561213 3077561189
3077561189 -22.9377727 -43.5249546 3077561171 3077561198
1871250906 -22.9373684 -43.5209664 1871250910 1871251162
3077561171 -22.937171 -43.5249982 3077561161 3077561189
3077561161 -22.9370305 -43.5249619 3077561157 3077561171
3077561157 -22.936957 -43.5248457 3077561161 3077561156
3077561156 -22.9369202 -43.5247187 3077561155 3077561157
3077561155 -22.9368935 -43.5244972 3077561145 3077561156
1871250910 -22.9368744 -43.5209449 1871250908 1871250906
3077561145 -22.9367798 -43.5242286 3077561116 3077561155
3077561135 -22.9366762 -43.5245916 3077561130 3077561132
3077561132 -22.9366695 -43.5244174 3077561127 3077561135
3077561130 -22.9366294 -43.5246315 3077561126 3077561135
3077561127 -22.9365926 -43.524225 3077561110 3077561132
3077561126 -22.9365892 -43.524617 3077561130 3077561117
3077561117 -22.9365424 -43.5245589 3077561126 3077561113
3077561116 -22.9365391 -43.5239962 3077561104 3077561145
3077561113 -22.9364321 -43.5244936 3077561117 3077561103
3077561110 -22.9364221 -43.5240471 3077561104 3077561127
3077561104 -22.9363318 -43.5239273 3077561116 3077561110 3077561102
3077561103 -22.9363285 -43.5245117 3077561113 3077561096
3077561102 -22.9363017 -43.5234481 3077561097 3077561104
3077561097 -22.9362148 -43.5231976 3077561090 3077561102
3077561096 -22.9361981 -43.524588 3077561074 3077561103
3077561090 -22.9361178 -43.5231395 3077561097 3077561084
1871250908 -22.9360049 -43.5207518 1871250910 1871250965
3077561084 -22.935964 -43.5230742 3077561082 3077561090
3077561082 -22.9359206 -43.5230306 3077561075 3077561084
3077561075 -22.9358537 -43.5226712 3077561071 3077561082
3077561074 -22.935847 -43.5247985 3077561072 3077561096
1871250965 -22.9358073 -43.520902 1871251037 1871250908
3077561072 -22.9357233 -43.5248203 3077561074 3077561064
3077561071 -22.93572 -43.5223336 3077561075 3077561053
3077561064 -22.9356097 -43.5248602 3077561072 3077561060
3077561060 -22.935516 -43.5249583 3077561059 3077561064
3077561059 -22.9354793 -43.5250527 3077561060 3077561054
1871251037 -22.9354318 -43.5209235 1871251145 1871250965
3077561054 -22.9354191 -43.5251362 3077561059 3077561050
3077561053 -22.935379 -43.521858 3077561037 3077561071
3077561050 -22.9353389 -43.5251688 3077561045 3077561054
3077561045 -22.9352218 -43.5251761 3077561050 3077561040
1871251145 -22.9351947 -43.5209235 1871251143 1871251037 3077561035
1871251143 -22.9351749 -43.5203012 1871250807 1871251145
3077561040 -22.9351449 -43.5251253 3077561045 3077561039
3077561039 -22.9351416 -43.5250454 3077561040 3077561038
3077561038 -22.9351249 -43.5249474 3077561039 3077561033
3077561037 -22.9350914 -43.5215494 3077561034 3077561053
3077561035 -22.9350848 -43.5211755 1871251145 3077561034
3077561034 -22.9350446 -43.5214333 3077561037 3077561035
3077561033 -22.9350212 -43.5247949 3077561038 3077561023
3077561023 -22.9348775 -43.524617 3077561033 3077561016
3077561016 -22.9347638 -43.5245952 3077561023 3077561012
3077561012 -22.9346702 -43.5246715 3077561016 3077561008
3077561008 -22.93462 -43.5247949 3077561012 3077561001
3077561001 -22.9345632 -43.5248675 3077561008 3077560999
3077560999 -22.9344897 -43.5249183 3077561001
1871251213 -22.9326454 -43.5201725 1871251214 1871250816
1871251214 -22.9324083 -43.5202583 1871251209 1871251213
1871251209 -22.9319933 -43.5200652 1871250961 1871251214
1871872868 -22.9287869 -43.5251657 1871872859
1871872859 -22.9284912 -43.5249138 1871872868 1871872872
1871872708 -22.9283324 -43.5297469 1871872737 1871872743
1871872872 -22.9283126 -43.524758 1871872859 1871872876
1871872876 -22.9281644 -43.5246936 1871872872 1871872915
1871872915 -22.9280416 -43.524651 1871872876 1871872913
1871872913 -22.9279421 -43.52464 1871872910 1871872915
1871872910 -22.927863 -43.5246453 1871872913 1871872798
1871872798 -22.9277988 -43.5247633 1871872910 1871872782
1871872782 -22.9276908 -43.5250426 1871872798 1871872721
1871872721 -22.9276012 -43.5251228 1871872790 1871872782
1871872790 -22.9274982 -43.5251928 1871872813 1871872721
1871872813 -22.9273895 -43.5252196 1871872790 1871872717
1871872717 -22.9272751 -43.5252193 1871872813 1871872796
1871872771 -22.9271671 -43.5299885 1871872737 1871872952
1871872796 -22.9271523 -43.5251498 1871251222 1871872717
1871872743 -22.9270733 -43.5295326 1871872708 1871872774
1871251222 -22.9270436 -43.5250586 1871872796 1871251225
1871872774 -22.9270239 -43.5295701 1871872743 1871872730
1871251225 -22.9267909 -43.524876 1871251222 1871250985
1871250985 -22.9266533 -43.5247529 1871250972 1871251225
1871250972 -22.9265594 -43.5245973 1871250985 1871250996
1871250996 -22.9264945 -43.5244147 1871250972 1871250742
1871250742 -22.9264063 -43.5242754 1871250996 1871250820
1871872741 -22.9263701 -43.529924 1870122908 1777246048 1871872730
1777246048 -22.9263245 -43.5297542 1870122837 1871872741 1777246040
1871250820 -22.9263018 -43.5241411 1871250742 1871250970
1870122837 -22.9261485 -43.5291383 2866731609 1777246048
1871250970 -22.9261444 -43.5241413 1871250820 1871251258
2866731609 -22.92608 -43.5289012 1777246046 1870122837
1777246046 -22.9260083 -43.5286676 2866731610 2866731609
1871251258 -22.9259658 -43.524184 1871250970 1871250960
2866731610 -22.9259007 -43.5284907 1777246046 1870122790
1870783698 -22.9258727 -43.5227897 1870783746 1870783691
1870783691 -22.9258677 -43.5229882 1870783713 1870783698
1870783713 -22.9257837 -43.5230258 1870783695 1870783691
1870122790 -22.9257703 -43.5283456 1777246042 2866731610
1871250960 -22.9257492 -43.524195 1871251258 1871250840
1870783746 -22.9257343 -43.5218778 1870783695 1870783698
1777246042 -22.9255884 -43.5282456 1777246034 1870122790
1777246040 -22.925465 -43.5297964 1777246039 1777246009 1777246048
1777246034 -22.9254441 -43.5281934 1777246033 1777246042
1871250840 -22.9254132 -43.5242272 1871250874 1871250960
1871250874 -22.9252996 -43.5242057 1871250840 1871250969
1870783695 -22.9252847 -43.5230475 1870783746 1870783713 1870783754
1870783727 -22.9252296 -43.5217308 1870783703
1871250969 -22.9251859 -43.5241842 1871250874 1871250967
1777246033 -22.9251256 -43.5282586 1870122796 1777246034
1870783766 -22.9251044 -43.521655 1870783690
1870122796 -22.9249585 -43.5282239 1777246028 1777246033
1871790808 -22.9249069 -43.5236252 1871790875 1871790829
1871790829 -22.9249033 -43.5235999 1871790808 1871790734
1871790875 -22.9249023 -43.5236503 1871790849 1871790808
1871790734 -22.9248865 -43.5235709 1871790770 1871790829
1871790849 -22.9248848 -43.523678 1871790745 1871790875
1777246028 -22.9248731 -43.5281216 1777246025 1870122796
1871790770 -22.924867 -43.5235565 1871790734 1871790817
1871790745 -22.9248649 -43.5236917 1871790756 1871790849
1871790817 -22.9248442 -43.5235502 1871790770 1871790861
1871790756 -22.9248419 -43.5236972 1871790745 1871790772
1870783754 -22.9248351 -43.5230418 1870783695 1870783703
1871790772 -22.9248186 -43.5236938 1871790756 1871790791
1871790861 -22.9248148 -43.5235549 1871790787 1871790817
1871790791 -22.924807 -43.5236885 1871790768 1871790772
1871790787 -22.9247946 -43.5235681 1871790861 1871790731
1871790768 -22.9247885 -43.5236726 1871790832 1871790791
1871790731 -22.9247798 -43.523588 1871790787 1871790851
1871790832 -22.9247761 -43.5236509 1871790768 1871790783
1871790783 -22.9247726 -43.5236377 1871790851 1871790832
1871790851 -22.9247721 -43.5236122 1871790783 1871790731 1871790764
1870122925 -22.9247692 -43.5201138 1870122913 1870122772
1870783703 -22.9247649 -43.5230249 1870783754 1870783727 1870783690 1871790764
1870122772 -22.9247007 -43.5205314 1870122925 1871251264 1870122797
1777246025 -22.9246386 -43.5276647 1777246022 1777246028
1870783690 -22.9246051 -43.5229862 1870783716 1870783703 1870783688 1870783766
1871790764 -22.9245676 -43.5236154 1870783718 1870783703 1871790851
1870122797 -22.9245644 -43.5214557 1870122772 1870122830
1870783688 -22.9245602 -43.5229753 1870783756 1870783690
1870122830 -22.9245128 -43.5217126 1871250964 1870122797
1870783718 -22.9244399 -43.5239429 1871790764
1871251264 -22.9242855 -43.5205145 1871250966 1870122772 1871250779 1871251231
1777246022 -22.924272 -43.5275342 1777246008 1777246025
1870783716 -22.9242373 -43.5239429 1870783690
1871250964 -22.9242203 -43.5223851 1870783756 1870122830 1871250898
1871251231 -22.9241632 -43.5211426 1871251264 1871251234
1871251234 -22.9241046 -43.5212287 1871251231 1871251215
1870783756 -22.9240846 -43.5227221 1871250964 1870783688 1870122888
1871251215 -22.9240594 -43.5212499 1871251234 1871250740
1871250898 -22.9239945 -43.5223172 1871250964 1871250850
1777246009 -22.9238765 -43.5298037 1777246004 1777246040 1777246010
1777246008 -22.9238133 -43.52743 1777246022 1777246002
1870122888 -22.923775 -43.52343 1870783756 1871251237
1777246002 -22.9236676 -43.5273439 1777245998 1777246008
1871250967 -22.9236642 -43.5241896 1871251217 1871250969
1777246004 -22.9236124 -43.5298108 1777246009
1871250850 -22.9235745 -43.5223386 1871251169 1871250898
1871251217 -22.9235555 -43.5241789 1871250967 1871251237
1777246003 -22.9235206 -43.5291104 1777246001
1871251237 -22.9234718 -43.5241555 1870122833 1871251217 1870122888
1777246001 -22.9234695 -43.5290255 1777245994 1777246003
1870122833 -22.9233838 -43.5243112 1871251237 1870122846
1777245998 -22.9233808 -43.5271846 1777246002 1776520666 1777245994
1870122846 -22.9232828 -43.5244422 1870122833 1870122808
1777245994 -22.9232699 -43.5290002 1777245998 1777245973 1777246001
1777245990 -22.9231436 -43.5292501 1777245988
1777245988 -22.9231308 -43.529587 1777245990 1777245984 1777245925
1870122808 -22.9231165 -43.524651 1870122768 1870122846
1777245973 -22.9229194 -43.5289798 1777245994
1870122768 -22.9228951 -43.5249054 1870122808 1871251190
1871250966 -22.9228729 -43.5205148 1871251176 1871251264 1871250740
1871250740 -22.9228583 -43.5211971 1871250966 1871251123 1871251215
1871251169 -22.9228391 -43.5223872 1871251146 1871250850
1871251190 -22.9227902 -43.5250358 1870122768 1870122939 1871250730
1870122939 -22.9227549 -43.5250964 1871251190 1873679399
1871250730 -22.9227 -43.5249672 1871250732 1871251190
1871251146 -22.9226852 -43.5223762 1871251131 1871251169
1873679399 -22.9226739 -43.5253126 1870122939 1870122843 1871790804
1870122843 -22.9226571 -43.5254363 1873679399 1870122792
1870122792 -22.9226506 -43.525723 1870122843 2626219369
2626219369 -22.9226473 -43.5258858 1870122792 1870122909
1871250732 -22.9226365 -43.5249406 1871250760 1871250730
1870122909 -22.922631 -43.5260273 2626219370 2626219369
2626219370 -22.9225984 -43.5262078 1870122904 1870122909
1870122904 -22.9225523 -43.5263571 2626219370 1776520666
1776520666 -22.9224648 -43.5266679 1870122904 1776520665 1777245998
1871790804 -22.9224576 -43.5251626 1871790819 1873679399
1871251131 -22.9224092 -43.5222316 1871250768 1871251146
1871250768 -22.9223195 -43.5221938 1871250774 1871251131
1871251176 -22.9222953 -43.520512 1871250966 1871251123 1871251058
1871251123 -22.9222815 -43.5211643 1871251176 1871250740
1776520665 -22.9222722 -43.5268689 1776520666 1871790872
1871250774 -22.9222207 -43.522226 1871250768 1871250858
1871250858 -22.922014 -43.5223979 1871250774 1871250955
1871250760 -22.9218509 -43.5247314 1871250732 1871790763
1871790872 -22.9217278 -43.5273826 1776520665 1871790781 1871790775
1871250955 -22.9217224 -43.5223979 1871250858
1871790763 -22.9215991 -43.5246729 1871250861 1871250760
1871250861 -22.921505 -43.524651 1871251127 1871790763
1871790775 -22.921397 -43.5276948 1871790872 1871790779 1871790810
1777245927 -22.9213774 -43.5292455 1777245925
1777245925 -22.9213718 -43.5295709 1777245988 1777245927 1777245923
1777245923 -22.9213671 -43.5298476 1777245917 1777245925 1777245921
1777245917 -22.9213273 -43.5298479 1777245923 1777245887
1871790779 -22.9212671 -43.5278168 1777245889 1871790774 1871790775
1871790781 -22.9212629 -43.5266626 1871790872
1871790810 -22.9210752 -43.5269737 1871790852 1871790775
1777245895 -22.9210733 -43.5283953 1777245889 2626205641
1777245889 -22.9210378 -43.5280363 2057913316 1777245895 1871790779
2626205641 -22.9209909 -43.5287063 1777245895 1777245887
1871790852 -22.9209566 -43.5267592 1871790774 1871790810
2057913316 -22.9209275 -43.5281433 1777245889 1776520664
1871790774 -22.9208669 -43.5267321 1871790814 1871790779 1871790852
1777245887 -22.9208449 -43.5298521 1777245917 2626205641 3613763030
1776520664 -22.9208188 -43.5282529 2057913316 1777079208
1871790814 -22.9207145 -43.5263515 1871790774
1871251127 -22.9205712 -43.5243935 1871250861
1871790819 -22.9205564 -43.5258097 1871790804
1777079235 -22.920554 -43.5293188 1777079231 1777079208
1777079231 -22.9205059 -43.5294559 1777079235 1777079213
1777079213 -22.9203315 -43.5298736 1777079202 1777079231
1871790864 -22.9202847 -43.5273332 1871790801
1777245872 -22.9202538 -43.5258347 1871790801
1777079208 -22.9202406 -43.5289356 1776520664 1777245853 1777079235
1777245869 -22.9202061 -43.5283364 1777245867
1777245867 -22.920145 -43.5282494 1777245869 1777245863 1777245861
1777245865 -22.9201331 -43.5278388 1777245852 1777245863
