3866963362 -22.8199376 -43.3328065 1779515948 1779515956
1779503374 -22.8199302 -43.3376666 1779503400
3866963361 -22.8198923 -43.3333468 1779515955 1779515930
1779503373 -22.8198406 -43.3373573 1779503399
1779515948 -22.819475 -43.3327475 1779515936 3866963362 1779515946
1779515946 -22.8193402 -43.332113 1779515938 1779515958 1779515948
1779515938 -22.8192424 -43.3315055 1779515950 1779515937 1779515946
1779515937 -22.8192138 -43.3312946 1779515938 1779515933 1779515951
1779515936 -22.8190055 -43.3326907 1779515933 1779515928 1779515948
1779515933 -22.8187638 -43.3314006 1779515936 1779515925 1779515937
1779515932 -22.8185472 -43.3343523 1779515931 1779515929 1779515953
1779515931 -22.8184656 -43.3337743 1779515932 1779515954 1779515930
1779515930 -22.8183469 -43.3331332 1779515931 3866963361 1779515927 3866948127
3866948127 -22.818321 -43.3329911 3866948126 1779515930
1779515929 -22.8182999 -43.3343349 1779515932
3866948126 -22.8182876 -43.3327617 3866948127 1779515928
1779515928 -22.818269 -43.3326115 1779515936 1779515925 3866948126 1779515922
1779515927 -22.8181306 -43.333093 1779515930
1779515925 -22.8180858 -43.3315221 1779515933 1779515924 1779515928
1779515924 -22.8179867 -43.3309427 1779515925 1779515952
1779472396 -22.816719 -43.337714 1779472392 1779472395
1779472395 -22.8166965 -43.3374632 1779472396 1779472391
1779472391 -22.8166199 -43.3372092 1779472386 1779472395
1779472392 -22.8166019 -43.3380738 1779472396 1779472382
1779472390 -22.8165701 -43.3399813 1779472375 1779472373
1779472386 -22.8165179 -43.3370577 1779472348 1779472370 1779472391
1779472382 -22.8163558 -43.3385558 1779472392 1779472379
1779472379 -22.8163119 -43.3388648 1779472382 1779472377
1779472377 -22.8163062 -43.3390557 1779472375 1779472348 1779472379
1779472375 -22.8163048 -43.3392966 1779472390 1779472377 1779472366
1779472370 -22.8161561 -43.336605 1779472341 1779472350 1779472386
1779472366 -22.8161084 -43.3396162 1779472359 1779472375 1779472346
1779515922 -22.8158161 -43.3323806 1779515928
1779472350 -22.8157436 -43.3361413 1779472337 1779472345 1779472370
1779472348 -22.8156266 -43.3386376 1779472386 1779472341 1779472346 1779472377
1779472346 -22.8153624 -43.3391635 1779472348 1779472307 1779472366 1779472343
3884103961 -22.8153623 -43.3398533 1779472359 1779472339
1779472345 -22.8153066 -43.3357632 1779472350 1779472338 3884098656
1779472343 -22.8152723 -43.339315 1779472339 1779472346
1779472341 -22.8151568 -43.3383135 1779472337 1779472348 1779472370
3884098656 -22.8148741 -43.3354092 1779472333 1779472345 3884098655
1779472338 -22.8147866 -43.3366345 1779472345 3884098655 1779472317
1779472339 -22.8147477 -43.3394529 1779472292 3884103961 3884093582 1779472343
1779472337 -22.8146855 -43.3380041 1779472350 1779472341 1779472317
1779472333 -22.814433 -43.3350483 3884093585 1779472332 3884098656
3884098655 -22.8143645 -43.3363224 1779472304 1779472338 3884098656
1779472332 -22.814352 -43.3349783 1779472333 1779472314
3884093585 -22.8142244 -43.3354014 1779472333 1779472304 3884093586
1779472317 -22.8142038 -43.337707 1779472307 1779472337 1779472338
1779472314 -22.8140893 -43.3346999 1779472298 1779472332
1779472307 -22.8139065 -43.3382125 1779472292 1779472269 1779472317 1779472346
1779472304 -22.8139046 -43.3359824 3884093585 1779472269 1779472285 3884098655
1779472298 -22.8138296 -43.334283 3884093586 1779472294 1779472314
3884093583 -22.8137867 -43.3399394 3884093582 1779472296
3884093582 -22.8137376 -43.3397665 1779472290 3884093583 1779472311 1779472339
1779472294 -22.8136961 -43.3340241 1779472298
1779472292 -22.8136154 -43.3387584 1779472307 1779472339 1779472288
3884093586 -22.8135097 -43.3349231 1779472285 3884093585 1779472298
1779472290 -22.8134494 -43.3395939 3884093582 1779472288
1779472288 -22.8132273 -43.3395514 1779472292 1779472290 1779472277 1779472261
1779472285 -22.813195 -43.3355639 3884093586 1779472240 1779472267 1779472304
535965727 -22.813005 -43.3308273 146869848
1779472269 -22.8129923 -43.3376105 1779472307 1779472304 1779472244
1779472267 -22.8129305 -43.3353815 1779472285
146848493 -22.8128682 -43.3307617 535965736
146853535 -22.8128603 -43.3302296 1779453375
146869848 -22.8128116 -43.3311683 146869844
535965713 -22.8127704 -43.3307346 535965723
146869844 -22.8126862 -43.3313025 146869841
535965736 -22.8126545 -43.33114 146867150
1779472261 -22.8126438 -43.3394897 1779472252 1779472246 1779472288
2099666397 -22.8126369 -43.3306364 2099666374 146853535
535965716 -22.8126177 -43.3306714 2099666397
535965540 -22.8125762 -43.3310889 535965713
146869841 -22.8125201 -43.3315085 146867150
535965714 -22.8124324 -43.3310091 535965716
146811985 -22.8121957 -43.3317831 535965540
146867150 -22.8121799 -43.3319805 146848491
1779472246 -22.8121097 -43.3394578 1779472244 1779472243 1779472261
2099666374 -22.8120436 -43.3303812 1012993077 2099666397 1779453367
1779472244 -22.8120203 -43.339449 1779472269 1779472237 1779472246
1779472240 -22.8116805 -43.3383541 1779472285 1779472237
1012993077 -22.8115029 -43.3301447 2099666374 1779453359 1779453340 1779453345
146848491 -22.8114441 -43.3333281 146866889
1779453345 -22.8113763 -43.3301462 1012993077 1779453343
146866889 -22.8113096 -43.3335684 146848490 146866888
1779453343 -22.8112122 -43.3301978 1779453334 1779453345
1779472237 -22.8110688 -43.3393512 1779472240 1779472235 1779472244 1779472234
146853536 -22.8109377 -43.3337315 535965714
1779453334 -22.8107922 -43.3304917 1779453327 1779453343
2368475202 -22.8107473 -43.3340712 146853536
3773304898 -22.8107365 -43.3340905 2368475202 3773304897
1779472234 -22.8106883 -43.3392411 1779472205 1779472237
146866888 -22.8106766 -43.3350619 2368475163
3773304897 -22.8105399 -43.333966 3773304896 3773304898
2368475163 -22.810453 -43.3354599 146866887
535975407 -22.8103192 -43.3351851 146811985
1779453327 -22.81031 -43.3307991 1779453321 1779453334
146853540 -22.8099804 -43.3354395 3773304898
1779453321 -22.8097851 -43.3311319 2099666393 1779453327
535975385 -22.8097361 -43.3358819 146853540 535975407
2099666393 -22.8096054 -43.3311817 1779453330 1779453310 1779453321
1779453310 -22.8094148 -43.3311352 1779453289 2099666393
146866887 -22.8093316 -43.3374565 1779472205
146848490 -22.8091655 -43.3374909 146848489
1779453289 -22.8090632 -43.330958 1779453325 1779453310 1779453274
3773304896 -22.8090209 -43.3330038 3773304895 3773304897
1779472205 -22.8089373 -43.3381344 146866886 1779472234
3773304895 -22.8088213 -43.3329486 3773304896 1779453192
146811987 -22.8086117 -43.3382805 535975407
146866886 -22.8085958 -43.3387268 2368484656
1779453274 -22.8085417 -43.3307723 1779453315 1779453272 1779453289
2368484656 -22.8085057 -43.3388922 2368484646
1779472188 -22.8084996 -43.3370096 1779472145
146848489 -22.8084218 -43.3387612 3062410335
1779453272 -22.8082695 -43.3306877 1779453264 1779453274
3062410335 -22.8081472 -43.3392706 146848488
3409792507 -22.8081215 -43.3391584 146811987
2368484646 -22.8081164 -43.3396065 146866885
1779453264 -22.8080181 -43.3305559 1779453291 1779453272 1779453241
2368484648 -22.8079581 -43.3391012 535975385
146866885 -22.807955 -43.3399027 1779472144
1779453259 -22.8079176 -43.3313512 1779453244
1779472145 -22.8078762 -43.3381417 1779472188
146853541 -22.8077572 -43.339465 2368484648
1779472140 -22.8076541 -43.3399956 3409792507
1779453244 -22.8075482 -43.3312928 1779453239 1779453259
1779453241 -22.807527 -43.3302311 1779453234 1779453264 1779453281
1779472137 -22.8075088 -43.3399158 146853541
1779453239 -22.8074248 -43.3312539 1779453236 1779453244
2007231956 -22.8074217 -43.3397357 2007231957 2916889373
1779453236 -22.8072706 -43.3311644 1779453227 1779453239
1779453227 -22.8068151 -43.3307248 1779453213 1779453236
2916889373 -22.8067388 -43.3392717 2007231956 1779472108 2916889372
1779472108 -22.8065419 -43.3391444 3773304893 2916889373 1779472100
2916889372 -22.8065121 -43.3392317 2916889371 2916889373
1779453213 -22.8064996 -43.3304369 1779453227 1779453210
3773304893 -22.8063544 -43.3391179 3773304889 1779472108
1779472100 -22.8063206 -43.3390028 1779472108 3773304881
2916889371 -22.8063041 -43.3392182 2916889370 2916889372
3773304889 -22.8062264 -43.3391151 3773304885 3773304893
1779453210 -22.8061696 -43.3302035 1779453208 1779453213
2916889370 -22.8061198 -43.3392581 2916889369 2916889371
3773304885 -22.8061112 -43.3391446 3773304889 3773304880
1779453208 -22.8060664 -43.3301921 1779453199 1779453211 1779453210
3773304881 -22.8060395 -43.3387867 1779472100 3773304877
2916889369 -22.8059927 -43.3393283 2916889370 2916889368
3773304880 -22.8059922 -43.3392021 3773304878 3773304885
3773304877 -22.8058913 -43.3386451 3773304881 1779472087
2916889368 -22.8058795 -43.3394226 2916889369 2916889367
3773304878 -22.8058758 -43.3393018 3773304874 3773304880
2916889367 -22.8058005 -43.3395113 2916889366 2916889368
3773304874 -22.8057593 -43.3394702 2916889366 3773304878
2916889366 -22.8057054 -43.3396585 3773304874 2916889365 2916889367
2916889365 -22.8056821 -43.3397705 3773304872 2916889366
3773304872 -22.8056719 -43.3399035 2916889364 2916889365
1779472087 -22.8056677 -43.3383594 3773304877 3884093580
1779453199 -22.8056425 -43.3301452 1779453208 1779453196
1779472086 -22.8054584 -43.3397085 3773304860 3773304869 1779472083
3884093580 -22.8054544 -43.3379613 1779472087 1779472084
1779472083 -22.8053985 -43.3393325 1779472082 1779472086
1779453198 -22.8053626 -43.3302762 1779453196 1779453195
1779472082 -22.8053618 -43.3387043 1779472084 1779472083
1779453196 -22.8053448 -43.3301376 1779453194 1779453199 1779453198
1779472084 -22.8053196 -43.337558 1779472082 3884093580 1779472081
1779472081 -22.8052651 -43.3364065 1779472084 1779472080
1779453195 -22.8052637 -43.3305788 1779453193 1779453198
1779472080 -22.8052488 -43.3361503 1779472079 1779472081
1779453194 -22.8051834 -43.3301335 1779453173 1779453196
1779453193 -22.8051521 -43.3308704 1779453195
1779472079 -22.8051348 -43.3338288 1779472080 3773304864
3773304864 -22.8051182 -43.3335243 1779453188 1779472079 3005089331
3005089331 -22.8050827 -43.3328713 1779453185 3773304864 1779453192
1779453192 -22.8050612 -43.3324995 3773304895 3005089331 1779453191
1779453191 -22.805011 -43.3317565 3005089330 1779453192
3005089330 -22.8049453 -43.3314878 1779453191 1779453187 3773304863
1779453188 -22.8048342 -43.333458 1779453109 1779453186 3773304864
1779453187 -22.8048285 -43.3310097 3005089330 1779453183
1779453186 -22.8048049 -43.3331273 1779453090 1779453185 1779453188
1779453185 -22.8047804 -43.3328512 1779453184 1779453186 1779453093 3005089331
1779453184 -22.8047589 -43.3321859 1779453185
1779453183 -22.8046672 -43.3307063 1779453187 1779453175
3773304863 -22.8046155 -43.3314574 3773304862 3005089330 1779453155
3773304862 -22.804522 -43.3311119 1779453177 3773304863
1779453177 -22.8045158 -43.3309181 3773304862 1779453080 1779453169
1779453175 -22.8044663 -43.3302433 1779453183 1779453173
1779453173 -22.8044353 -43.330138 1779453194 1779453175 1779453162
1779453169 -22.8044246 -43.3307393 1779453158 1779453177
1779453158 -22.8043077 -43.3306533 1779453156 1779453169 1779453136
1779453156 -22.8042323 -43.3305794 1779453138 1779453158
1779453155 -22.804216 -43.3314206 1779453151 1779453070 3773304863
1779453151 -22.8041961 -43.3320447 1779453155 1779453132
1779453138 -22.8041032 -43.3303109 1779453156 1779453134
1779453136 -22.8040423 -43.3304938 1779453158 3773304861
1779453132 -22.8039704 -43.3320695 1779453119 1779453151
3773304861 -22.8038265 -43.3302794 1779453116 1779453136
1779453119 -22.8037168 -43.3320777 1779453106 1779453132
1779453116 -22.8036648 -43.3300457 1779453112 3773304861
3773304860 -22.8036433 -43.3398192 1779472086
1779453109 -22.803455 -43.3336077 1779453188 1779453098
1779453106 -22.8034429 -43.3320255 1779453088 1779453119
1779453098 -22.803384 -43.3335637 1779453096 1779453109
1779453096 -22.8033586 -43.3334536 1779453090 1779453098
1779453093 -22.8033459 -43.332715 1779453185 1779453089
1779453090 -22.8033434 -43.3330355 1779453186 1779453096 1779453089
1779453089 -22.8033358 -43.3328237 1779453090 1779453093
1779453088 -22.8033187 -43.3320447 1779453085 1779453106
1779453085 -22.8032451 -43.3320447 1779453074 1779453088
1779453083 -22.8032329 -43.3306603 1779453078 1779453080
1779453080 -22.8032135 -43.3307898 1779453177 1779453083
1779453078 -22.8032126 -43.3304567 3773304858 1779453083
1779453074 -22.8031538 -43.3316981 1779453070 1779453085
3773304858 -22.8031455 -43.3302738 1779453072 1779453078
1779453072 -22.8031238 -43.3302147 3773304858 1779453066
1779453070 -22.8031231 -43.3313087 1779453074 1779453155
828570323 -22.8024879 -43.3343352 3891553060
828570325 -22.8024749 -43.3340993 828570323
618242230 -22.8023757 -43.3386898 828567313 618242228
828570425 -22.8023696 -43.3343895 828570464
828570464 -22.8023584 -43.3341642 122369412
618242228 -22.8023064 -43.3383679 618242230 618242225
618242225 -22.8022669 -43.3374667 828567181 828575495 618242228
828567313 -22.8022562 -43.3387671 618242230 828567311
828575495 -22.8022526 -43.3370181 618242219 618242225 828575157
618242219 -22.8022471 -43.3368444 618242216 828575495
122369412 -22.8022354 -43.3316785 122369409
618242211 -22.8022273 -43.3357072 618242214 835197204 618242209
828567311 -22.8022067 -43.3387778 828567308 828567313
618242209 -22.8021877 -43.3347845 828568174 618242211
122369409 -22.80218 -43.3304511 122369408
618242214 -22.8021778 -43.3359432 618242211 835197148
618242204 -22.8021778 -43.3342481 828572656 618242201
835197148 -22.8021764 -43.3359856 618242214 828575195 835197157
828575195 -22.8021725 -43.3361066 618242216 835197148 835197159
618242216 -22.802168 -43.3362436 828575195 618242219
618242201 -22.802168 -43.3334648 618242197 618242204
828572656 -22.8021612 -43.3342948 618242206 618242204 828572653
828568174 -22.8021524 -43.3345481 618242206 835197199 618242209
618242206 -22.8021284 -43.3343875 828572656 828568174
618242197 -22.8021086 -43.3327246 618242196 618242201
835197204 -22.8020728 -43.3359425 618242211 835197203
618242196 -22.8020394 -43.3320808 618242197 828576200 618242195
835197157 -22.8020332 -43.3360605 835197148 835197203
828567308 -22.8020287 -43.3387778 828567306 828567311
618242195 -22.8020196 -43.3316946 331675896 618242196
331675896 -22.802018 -43.3312153 618242194 618242195
618242192 -22.8019998 -43.3304715 618242191 618242194
835197203 -22.8019946 -43.3360745 835197157 835197158 835197204
618242194 -22.8019899 -43.3308685 331675896 618241122 618242192
618242191 -22.80198 -43.3300316 618242184 618242192
835197199 -22.8019541 -43.3348267 828568174 835197164
828574399 -22.8018803 -43.3336494 828574403 828574395
828574395 -22.8018111 -43.3340571 828574392 828574399
835197159 -22.8017997 -43.3363836 828575431 828575195 835197158
835197158 -22.8017958 -43.3361463 835197203 835197159 835197162
828574403 -22.8017814 -43.3333169 828574399 828574404
835197162 -22.8017563 -43.3359318 835197158 835197163
835197163 -22.8017365 -43.3356421 835197162 835197164
835197164 -22.8017068 -43.3349984 835197163 835197199 835197200
828575431 -22.8016937 -43.3364624 828575430 828575217 835197159
828572653 -22.8016825 -43.3345936 828572656 828572652
828575430 -22.8016529 -43.3360849 828575431 828575429
828576453 -22.8016331 -43.3311174 828576454 618241122
828574404 -22.8016232 -43.3330701 828574403 828574408
618241122 -22.8016141 -43.330847 618242194 618241117 828576453
828576454 -22.8015935 -43.3313857 828576200 828576341 828576453
828574392 -22.8015836 -43.3343254 828574390 828574395
828576200 -22.8015836 -43.3320723 618242196 828576454 828576201
835197200 -22.8015783 -43.3350413 835197164 835197201
828575429 -22.8015737 -43.3358489 828575430 828575427
828575217 -22.8015646 -43.3365582 828575431 828575305 828575189
618241117 -22.8015548 -43.3306968 828581306 828581323 618241122
828581306 -22.801554 -43.3305595 828581305 618241117
828581305 -22.8015441 -43.3303021 828581302 828581306
828581302 -22.8015144 -43.3300875 828581298 828581305
828567306 -22.8014946 -43.3387135 828567305 828567308
828575427 -22.8014452 -43.3356021 828575426 828575429
835197201 -22.8014299 -43.3351915 835197200 835197202
835197202 -22.8014002 -43.3352773 828575426 835197201
828575157 -22.8013957 -43.3374904 828567141 828575495
828567141 -22.8013957 -43.3374153 828567142 828575157 828575189
828579566 -22.8013265 -43.3335529 828579567 828580172
828580172 -22.8013067 -43.3337675 828580171 828579566
828575426 -22.8012968 -43.3353982 835197202 828575427
828574390 -22.8012869 -43.3344756 828573314 828574392
828574408 -22.8012869 -43.3328448 828574404 828574411
828581323 -22.8012771 -43.3306943 828580826 618241117 828581321
828567305 -22.801277 -43.3386813 828567221 828567306
828576201 -22.8012572 -43.3320616 828576200 828580707 828576341
828580171 -22.8012276 -43.3340142 828580170 828580172
828576341 -22.8011979 -43.3313749 828576454 828576201
828572652 -22.8011781 -43.3349155 828573077 828572653
828580170 -22.8011485 -43.3342288 828580169 828580171
828575189 -22.8011188 -43.3368896 828567141 828575139 828575192 828575217
828567223 -22.801099 -43.3385096 828567221 828567181
828567221 -22.8010792 -43.3385954 828567210 828567305 828567223
828579567 -22.8010792 -43.3334134 828580001 828579566 828580099
828580826 -22.8010595 -43.3306924 828580824 618240829 828581323
828567181 -22.8010495 -43.3384023 828567183 618242225 828567223
828575305 -22.8010495 -43.3355592 828575217
828573077 -22.8010455 -43.3349953 828572857 828572652
828567210 -22.8010001 -43.3386598 828567183 828567221
828572857 -22.8009862 -43.3350146 828572650 828573077
828580707 -22.8009807 -43.3320793 828580618 828580704 828576201
828580824 -22.8009605 -43.3300016 828580826
828580169 -22.8009408 -43.3344863 828573314 828580170 828580218
828580704 -22.8009111 -43.3317397 828580615 828580707
828575192 -22.8008814 -43.3364819 828575189 828575194
828573314 -22.8008814 -43.3346365 828574386 828574390 828580169
828580148 -22.8008814 -43.3337245 828580001
828567142 -22.8008517 -43.3378337 828567141 828567143
828574411 -22.8008418 -43.3326517 828574408 828574412
828580001 -22.800832 -43.3334563 828579567 828580033 828580099 828580148
828580615 -22.8008122 -43.3314715 828580704 828580616
828567183 -22.8007627 -43.3386384 828567184 828567210 828567181
828572650 -22.8007627 -43.33513 828572646 828572857
828580618 -22.8007424 -43.3320945 828580707 828576202 828580616
828580616 -22.8007232 -43.3317612 828580615 828580618
828580099 -22.8006863 -43.3332856 828579567 828580080 828580001
618232841 -22.8006745 -43.3396447 618232845 618232840
828575194 -22.8006737 -43.3360634 828575192 828568115
618232840 -22.8006646 -43.3393979 618232836 618232841
828580077 -22.8006243 -43.3334027 828580033 828580079
828580079 -22.8006243 -43.3333169 828580077 828580080
828580033 -22.8005848 -43.3334787 828580001 828580077 828580000
828568115 -22.8005847 -43.3359561 828568121 828575194
828580080 -22.8005729 -43.3332486 828579568 828580099 828580079
618232836 -22.800536 -43.3390117 828567184 618232840
828568121 -22.8005155 -43.3358596 828568115 828572646
828574412 -22.8005056 -43.3325551 828574411 618240838
828567184 -22.8004606 -43.3388399 618232831 618232836 828567183
828580218 -22.8004561 -43.3343576 828580169 828580026
618232831 -22.8004371 -43.3387864 827618146 828567184
618240830 -22.8003778 -43.3308577 618240833 618240829
618240829 -22.800358 -43.3306861 618240830 828580826
618240833 -22.8003481 -43.3310509 618240746 618240830
828567143 -22.8003473 -43.3382414 828567142 828567144
828571719 -22.8003473 -43.336793 828571717
618240838 -22.8003283 -43.3325422 828576202 828574412 828574413
828571717 -22.8002979 -43.3366857 828571714 828571719 828571898
828572646 -22.8002979 -43.335409 828572650 828574386 828568121 828572643
828576202 -22.8002626 -43.3321252 618240836 828580618 828580404 618240838
618240746 -22.8002096 -43.3314478 618240833 618240836 618240743
827618146 -22.8001998 -43.338505 618232831 827618145 828567144
618240836 -22.8001998 -43.3317268 618240746 828576202
828571898 -22.8001396 -43.3368145 828571717 828571902
828571714 -22.8001396 -43.3363424 828571717
828567144 -22.800131 -43.3384234 827618146 828567143 618232827
828574386 -22.8001297 -43.3350657 828573314 828574383 828572646 828579824
828580026 -22.8001297 -43.3343254 828580219 828580000 828580218
828580000 -22.8001198 -43.3335207 828579618 828580026 828579568 828580033
828579568 -22.8000902 -43.3330915 828580080 828579569 828580000
828573289 -22.8000803 -43.3362673 828572643
618232827 -22.8000118 -43.3382821 828575139 828567144
