621209180 -22.7999738 -43.3796357 748804103 621209181
748804148 -22.7999325 -43.3775598 748804390 748804133 748804150
769174943 -22.7998896 -43.3710029 769175163 769174942 769175160 769175179
748804103 -22.7998887 -43.3797107 621209180 621209179 748804128
621209179 -22.7998155 -43.3797751 621209178 748804103 748803570
748804337 -22.7997742 -43.3762294 748804336 748804150
748804228 -22.7996753 -43.3727855 748804227 748804229 748804367
748804128 -22.7995764 -43.3791048 748804103 748804129
748804366 -22.7995152 -43.3745521 748804155 748804367 748804229
769173963 -22.7994841 -43.3724727 769173962 769175163 769175179
748804150 -22.7994577 -43.3766371 748804152 748804130 748804148 748804337
769175160 -22.799407 -43.3700201 769175159 769174943 769175178 769175157
621209178 -22.7994001 -43.3799146 621209177 621209179
748804152 -22.7992995 -43.3763582 748804150 748804153
748804129 -22.799161 -43.3781928 748804130 748804128
748804153 -22.7991215 -43.375929 748804152 748804155
769175179 -22.7990052 -43.371455 769173963 769174943 769175180 769175178
769173962 -22.7988816 -43.3729516 769173963 769173961
748804229 -22.7987951 -43.3733326 748804228 748804156 748804366
748804155 -22.7986665 -43.3750814 748804131 748804153 748804156 748804366
748804094 -22.7986269 -43.3795017 748804095 748804070
748804130 -22.7985973 -43.3771843 748804131 748804097 748804129 748804150
769175178 -22.7985277 -43.3704943 769175177 769174986 769175160 769175179
748804095 -22.7983797 -43.3789009 748804094 748804096
769173961 -22.798308 -43.373295 769173959 769173962
769175180 -22.7981176 -43.3719217 621119762 769175179 769174986
748804096 -22.7981126 -43.378343 748804095 748804097
748804156 -22.7979247 -43.3737833 621119723 748804155 748804229
621119723 -22.797824 -43.3738125 748804156 621119724
748804131 -22.7977961 -43.3756501 748804130 2889282451 748804098 748804155
769173959 -22.7977689 -43.373523 769173957 769173961
748804097 -22.7977565 -43.3776993 748804098 748804130 748804068 748804096
769174986 -22.7976642 -43.3709599 769175237 1279194841 769175178 769175180
621119759 -22.7976502 -43.3736061 2889282448 621119758
2889282448 -22.7976453 -43.3734586 621119759 621119760
621119758 -22.797628 -43.37381 621119759 621119754
621119760 -22.7976205 -43.3733191 2889282448 2889282449
769173957 -22.7975686 -43.3736061 769173952 769173959
2889282449 -22.7975637 -43.3731394 621119761 621119760
621119724 -22.7975471 -43.3739305 621119723 621119725
621119754 -22.7975464 -43.3740567 621119753 621119758
621119761 -22.7974961 -43.3729555 2889282449 2889282450
621119725 -22.7974481 -43.3740807 2889282451 621119724
621119753 -22.7974178 -43.3742659 621119752 621119754
2889282450 -22.7973115 -43.3725654 621119762 621119761
621119752 -22.797304 -43.3743927 621119751 621119753
621119762 -22.7972422 -43.3723964 2889282450 1279194841 769175180 769174944
769175237 -22.7972148 -43.3700276 769175177 769170413 769174986 769175238
2889282451 -22.797168 -43.3744248 621119725 748804131 621119727
748804067 -22.7971235 -43.3786542 748803759 748804068
621119751 -22.7969875 -43.3746877 621119752 621119689
748804098 -22.7969455 -43.3761972 748804097 748804102 748804131 748804365
748804068 -22.7968961 -43.3782143 748804067 748804097 748804365 748804020
769173952 -22.7968095 -43.3738743 769174122 769173957 769174944
621119727 -22.796807 -43.3747387 2889282451 621119728
1279194841 -22.796779 -43.3714653 621119762 769170413 769174984 769174986
748804015 -22.7964905 -43.3796627 748804016 748803880 748804020
621119728 -22.7964591 -43.3749497 993783061 621119727
621119689 -22.7963898 -43.3750677 748804102 621119751
769174944 -22.7963545 -43.37289 769173952 621119762 769174984 769174945
769170413 -22.7963397 -43.370484 769175047 769175237 769175008 1279194841
748804102 -22.7963319 -43.3750909 621119688 748804098 621119689
993783061 -22.7962069 -43.3750358 621119728 621119729
748804365 -22.7960834 -43.3767025 748804068 748804069 748804098 748804339
748804020 -22.7960059 -43.37874 748804068 748804015 748804021 748804012
769174122 -22.795991 -43.3742659 769164450 769173952 769174945
621119729 -22.795925 -43.3751321 993783061 621119730
769174984 -22.7958971 -43.371919 769175008 769174983 769174944 1279194841
748804016 -22.7958575 -43.3799738 748804017 748804015
621119688 -22.7957469 -43.3753252 748804069 748804102
769174945 -22.795546 -43.3733057 769174983 769174122 769174946 769174944
748804339 -22.7955015 -43.3770341 748804340 748804021 748804365
769175008 -22.7954446 -43.3709427 769175046 769174984 769170413 769174121
748804069 -22.7954106 -43.375451 621119687 621119688 748804340 748804365
621119730 -22.7952524 -43.375336 621119729 621119731
748804021 -22.7951948 -43.3772058 748804022 748804020 748804339
621119687 -22.7951733 -43.3755398 748804069 621119686
769174983 -22.7950959 -43.3723589 769174949 769174121 769174945 769174984
769164450 -22.7950811 -43.3746763 769174122 769164491
769175046 -22.7949896 -43.3700039 769174119 769175008 769175047 769174120
621119731 -22.7949458 -43.3755183 621119730 621119733
769164491 -22.7949352 -43.374443 769164479 769164450 769164533
748804340 -22.7948882 -43.3758432 748804069 748804022 748804339
748804012 -22.7948487 -43.3794374 748804011 621119683 748804338 748804020
621119686 -22.7948172 -43.3757866 621119687 621119685
621119733 -22.7947677 -43.3756793 621119731 621119735
769164479 -22.79473 -43.3740218 769174946 769164491 769164535
621119685 -22.7946589 -43.3759904 748804023 621119686
769174946 -22.7946583 -43.3738207 769164479 769162343 769174945
748804022 -22.7946508 -43.376208 748804023 748804340 748804359 748804021
769174121 -22.794636 -43.3714013 769174983 769175008 769175009 769174120
621119735 -22.7946194 -43.3758617 621119733 621119646
748804023 -22.7946021 -43.3761273 621119684 748804022 621119685
621119684 -22.7945699 -43.376205 748804359 748804023
621119646 -22.7945007 -43.3760977 621119647 621119735
748804359 -22.7944044 -43.3766207 621119683 621119684 748804022
769162343 -22.7943492 -43.3731957 769162342 769174949 769174946
748804338 -22.794309 -43.379672 748803160 748803159 748804012
769174949 -22.7941983 -43.3728605 769174983 769164540 769162343
621119683 -22.7941941 -43.3771491 621119682 748804359 748804012
621119647 -22.7941887 -43.3769263 621119648 621119646
769174120 -22.7941736 -43.3704438 769175011 769175046 769174121
769164540 -22.7939783 -43.3723911 769175009 769174949 769164598
621119682 -22.7939369 -43.3777392 621119683 621119573
621119648 -22.7939369 -43.3775139 621119647 621119573
748803160 -22.7938596 -43.3780212 748804338 621119573
621119573 -22.7937885 -43.3779967 621119572 621119648 621119682 748803160
769175009 -22.793731 -43.3718788 769164765 769164540 769174121
621119572 -22.7936204 -43.3782649 621119571 621119573
769164765 -22.7935826 -43.3715864 769175011 769175009 769164764
621119571 -22.7934819 -43.3784044 621119572 1279194914
1279194914 -22.7933134 -43.3785486 621119570 621119571
769164530 -22.7933032 -43.3755266 769164533
621119570 -22.793294 -43.3785653 621119569 1279194914
769175011 -22.7932834 -43.3709373 769164767 769164765 769174120
769164533 -22.7932389 -43.3753522 769164482 769164530 769164491 769164535
769164767 -22.7932092 -43.3708032 769175011 769164766 769164449
769164535 -22.7930312 -43.3749284 769162086 769164479 769164533 769162342
769164449 -22.7928581 -43.3700254 769164767 769174119 769164537
769162342 -22.7926603 -43.3741238 769162339 769162343 769164535 769164598
769162081 -22.7925111 -43.3761634 769162085 769162080
769162085 -22.7924814 -43.3760025 769162081 769164482
769164482 -22.7924147 -43.3758403 769162085 769162086 769164533
769162080 -22.7924023 -43.376496 769160945 769162081
769160945 -22.7923627 -43.3768179 769162079 769160946 769162080
769162079 -22.792333 -43.3770325 769162078 769160945
621119569 -22.792295 -43.3792305 621119568 621119570 748799815
769162078 -22.7922935 -43.3776118 769162079 769162077
769164598 -22.7922795 -43.3733245 769162342 769164764 769164540 769165215
769162077 -22.7922737 -43.3779551 769162076 769162078
769162076 -22.7922638 -43.3781697 769162075 769162077
769162086 -22.792225 -43.375373 769164482 769162011 769164535
769162075 -22.7921352 -43.3785774 769162074 769162076
769162007 -22.7921154 -43.3763136 769162006 769162009
769162006 -22.7920957 -43.3764531 769162007 769162005
769162074 -22.7920462 -43.3787276 769162073 769162075 769162117
769162005 -22.7919967 -43.3765282 769165092 769162006
769162117 -22.791977 -43.3786632 769162074 769162118
769162009 -22.7919671 -43.3759703 769162007 769162011
769164764 -22.7918937 -43.3725279 769164766 769165221 769164598 769164765
769162073 -22.7918187 -43.3789315 769162074 769162071
769162118 -22.7917989 -43.378277 769160542 769162117
769165092 -22.7917405 -43.376659 769165211 769160553 769162005
769160946 -22.7917198 -43.3772363 769160945 769160550
769162011 -22.7916909 -43.375668 769165211 769162086 769162009
769160542 -22.7916506 -43.3780732 769160540 769160545 769162118
769160545 -22.7916407 -43.3779122 769160542 769160547
769160540 -22.791611 -43.3782341 769160542
769160547 -22.7916011 -43.377762 769160545 769160550
769162071 -22.7915912 -43.3791246 769160200 769162073
769164766 -22.7915203 -43.3717178 769164764 769164767 769164810 769164537
769160550 -22.7914231 -43.3774616 769160547 769160211 769160553 769160946
621119568 -22.7914147 -43.3797777 621119567 621119569 748799893
769165211 -22.7913496 -43.3758504 769164478 769162011 769165092 769162339
769160200 -22.7912055 -43.3793821 769162069 769160204 769162071
769160553 -22.7911608 -43.3769679 769165092 769160550 769160214
769164537 -22.791142 -43.3709588 769164766 769165023 769164449
769162069 -22.7910769 -43.3795323 769162068 769160200
769165021 -22.7910769 -43.3702518 769165022 807733737
769160204 -22.7910274 -43.3789958 769160200 769160208
2367461242 -22.790976 -43.3702003 807732878
769162339 -22.7909681 -43.3750905 769162338 769162342 769165211 769165215
769162068 -22.7908692 -43.3797254 769162069
769160208 -22.7908098 -43.378556 769160211 769160204
769165022 -22.7908098 -43.370681 769165023 769165021
807732878 -22.7907083 -43.3706749 1279260853
146878820 -22.7906245 -43.3700928 146878818 750740954
769165215 -22.7905732 -43.3742518 769164599 769162339 769165221 769164598
1279260853 -22.7905124 -43.3709888 146873031
769160211 -22.7905032 -43.3780088 769159753 769160208 769160214 769160550
769165023 -22.7903746 -43.3714105 769165022 1279259210 769164537
750740954 -22.7903079 -43.3706078 146878820 750739113
769160214 -22.7902133 -43.3774727 769160211 769164685 769160553
769165221 -22.7902085 -43.3734964 769164764 769164810 769164822 769165215
769164685 -22.7899831 -43.3776002 769164478 769159757 769160214
750739113 -22.7898925 -43.3713159 751218031 750740954 750734063
769164810 -22.7898207 -43.3727087 769164766 769164811 769165221 1279259210
1279259210 -22.7897358 -43.3725142 769165023 769164811 769164810
146878821 -22.7896376 -43.3720978 2918134526
769159753 -22.7896327 -43.378556 769159757 769160211 769159267 769164657
769164478 -22.7896327 -43.3768286 769164477 769165211 769162338 769164685
750734063 -22.7895463 -43.3718738 750739113 750739117 750744623
769164811 -22.7895239 -43.3728804 769164810 1279259210 769164813
751218031 -22.7893442 -43.3709426 751218039 750739113 751229104 751218024
769159757 -22.789306 -43.3779751 769159753 769164624 769164685
750739117 -22.7892891 -43.3723566 750739120 750734063
769162338 -22.7892569 -43.3760239 769162339 769164478 769164599 769162337
146855593 -22.7892419 -43.3729819 535974212
751218024 -22.7892063 -43.3712313 751218001 751218031
751218001 -22.7890877 -43.3713279 751217988 751218024
750739120 -22.789032 -43.372775 750739124 750739117
769164822 -22.7889851 -43.3741683 769165221 769164763 769164813
769164599 -22.7888909 -43.3752407 769162338 769164703 769165215 769164600
769164813 -22.788881 -43.3739962 769164811 769164822 769164763
769164657 -22.7887581 -43.3790926 769159753 769160947 769164624 769159264
751217988 -22.7887513 -43.3715103 751218001 751217980
750739124 -22.7887253 -43.3733329 750739120 750739127 750746472
751229104 -22.788719 -43.370517 751218031 750741980 751229101 751229107
769164763 -22.7886733 -43.3743395 769164703 769164822 769164813
769164703 -22.7885744 -43.3745326 769164599 769164763
751229101 -22.7885733 -43.3707163 751229097 751229104
751229097 -22.7884447 -43.3708558 751229101 751229091
769164624 -22.7884316 -43.3784594 769162004 769159757 769164657
769162004 -22.7883331 -43.3785139 769164477 769164624 769164611
750739127 -22.7883297 -43.3740195 750739124 750739130 750746472
751229091 -22.7882766 -43.3709845 751229084 751229097
2201067996 -22.7882599 -43.3742985 146878820
750746472 -22.788144 -43.3736476 750739124 750746475 750744623 750739127
750741980 -22.7880329 -43.3700499 751245495 750743243 751229104 751229617
751217980 -22.7880293 -43.371918 751201737 751217988
769164477 -22.7879512 -43.3777406 769164478 769162004 750733198 769162337
769160947 -22.7879018 -43.3796181 769164657 769160949 769164611 769159260
750739130 -22.7878648 -43.374792 750739133 750739127 750746037
769164600 -22.7878325 -43.3758201 769164599 769164602
750743243 -22.7877659 -43.3703932 750741980 750743248
750744623 -22.7877502 -43.372859 750744255 750734063 750746472
769164602 -22.7876248 -43.3761956 769164600 769164603
769162337 -22.7875655 -43.3769574 769162335 769162338 769164477 769164603
769164611 -22.7875497 -43.3789477 769160947 769162004 769162003
750743248 -22.7875285 -43.3705863 750743243 750743251
769164603 -22.7873973 -43.3766248 769164602 769164604 769162337
146873031 -22.7873744 -43.3764494 535974242
750739133 -22.7872515 -43.3758756 750739130 750744559
2201067991 -22.7872288 -43.3760982 2201067996
769164604 -22.7872193 -43.3769252 769164603
750744559 -22.7871612 -43.3760249 750739133 750738215 750746037
751230625 -22.7870698 -43.3700082 751230631 751230619
750738215 -22.7870438 -43.3762189 750744559 750739135 2633561543
769162335 -22.7870412 -43.3772363 769162334 769162337
750739135 -22.7869548 -43.3764764 750739138 750738215
751230631 -22.7868522 -43.3701692 751230625 751230636
750746037 -22.7868299 -43.3753478 750746475 750744559 750739130 750746041
750739138 -22.7867965 -43.3766588 750739135 750739142
769162334 -22.7867939 -43.3776655 769162335
769162003 -22.7866556 -43.3794428 769160949 750733198 748791825 769164611
2201067992 -22.7866105 -43.3771711 2201067991
750746475 -22.7864401 -43.3745511 750746478 750744255 750746037 750746472
750739142 -22.7863712 -43.377442 750739138 750739144
535974242 -22.7862926 -43.3783379 535974240
750733198 -22.7862706 -43.3786419 769164477 769162003 750733200
535974212 -22.7862315 -43.3782707 535974233
750739144 -22.7862129 -43.3776781 750739142 750733200
751201737 -22.7862093 -43.3729157 751229084 751201022 751217980
535974684 -22.7861659 -43.3781887 146878821
535974240 -22.7861114 -43.3787276 146873030
2201067997 -22.7860984 -43.3780352 2201067992
750744255 -22.7860646 -43.3737836 751220762 750746475 750744623
535974233 -22.7860169 -43.3786478 146855590
535974373 -22.785974 -43.3785254 535974684
535974274 -22.785915 -43.377131 535974314
751229084 -22.7859145 -43.3723031 751201737 750743251 751229073 751229091
2201067993 -22.7859132 -43.3783298 2201067997
535974314 -22.7859118 -43.3769937 2633561543
750733200 -22.785898 -43.3778629 750739144 750733198 2633561540 750736825
535974277 -22.7858782 -43.3772624 535974274
2633561543 -22.785869 -43.3768644 535974312 750738215
535974312 -22.7858087 -43.3767753 535974311
2633561547 -22.7858053 -43.3773747 535974277
748791825 -22.785799 -43.3799171 769160950 769162001 769162003
535974311 -22.7857296 -43.3767057 535974309
2633561540 -22.7857035 -43.3774564 2633561547 750733200
769162000 -22.7856465 -43.3796396 769162001
535974309 -22.7856368 -43.3766602 535974306
750743251 -22.7855996 -43.3716485 751229084 1271841785 750743248 750743255
535974281 -22.7855818 -43.3774995 2633561540
146873030 -22.7855476 -43.3796718 769161928
535974306 -22.7855363 -43.3766418 535974304
146855590 -22.7854752 -43.3795994 146873027
750736563 -22.785475 -43.3790792 2201067993
535974287 -22.7854537 -43.3774985 535974281
146811990 -22.785439 -43.3794627 535974373
535974304 -22.7854349 -43.3766516 750733334
750733334 -22.785339 -43.3766891 750746041 535974301
535974289 -22.7853326 -43.3774534 535974287
2201068003 -22.7853197 -43.3792525 750736569
751230636 -22.7853047 -43.371019 751230631 1271841785
1271841785 -22.7852995 -43.3710219 751230636 751230643 750743251 751205427
2201067995 -22.7852895 -43.3794281 2201068003 750736563
535974301 -22.7852409 -43.3767662 535974299
2633561545 -22.785231 -43.3773689 535974289
750736726 -22.7852309 -43.3798108 146811990
750736569 -22.7852275 -43.3789682 750736563
535974299 -22.7851687 -43.3768718 535974297
535974292 -22.7851594 -43.3772538 750738072 2633561545
750746041 -22.7851403 -43.3762792 750733334 750746478 750745268 750746037
535974297 -22.7851292 -43.376996 535974295
535974295 -22.785126 -43.3771274 535974292
750737776 -22.7851051 -43.3793196 750737784
751205427 -22.7850082 -43.370386 1271841785 751205422 751202506 751201740
750736983 -22.784927 -43.3786973 750736569
750736825 -22.784865 -43.3784125 750733292 750736985 750733200
750736985 -22.7848578 -43.37859 750736983
750746478 -22.7847511 -43.3754655 750746041 750746475 750746481 750733432
751220762 -22.7846914 -43.3745368 751219982 750733432 750744255
750728444 -22.7846896 -43.3799097 750728584 750737784
751201022 -22.7846662 -43.3737526 751219982 751201737 751229073
750737784 -22.7845571 -43.3796062 750728444 750728110 750737776
750728110 -22.7844225 -43.3792981 750728106 750733292 750737784
750733432 -22.7843824 -43.3746948 750731347 750746478 751220762
751219982 -22.7843817 -43.3739079 751201022 751220762 751206846
751229073 -22.7843636 -43.3731336 751201022 751229068 751229084 750743255
750733292 -22.7841623 -43.3787849 750729759 750736825 750728110
750729759 -22.7840961 -43.3786544 750733292 750738072 750729755
750743255 -22.7840467 -43.3724853 1271841787 750743251 751206842 751229073
750738072 -22.7837792 -43.3780109 750729759 535974292 750722565
751230643 -22.7837628 -43.3718768 1271841785 1271841787
1271841787 -22.7837583 -43.3718792 751205422 751230643 751230346 750743255
750722565 -22.7836312 -43.3777102 750738072 750745268 750556596 750730223
751205422 -22.783467 -43.3712431 751203343 1271841787 751206838 751205427
750729755 -22.7834037 -43.3786651 750729752 750729759 750730223
750745268 -22.7833929 -43.3772065 750746481 750746041 750722565 750746045
751203343 -22.7831634 -43.3705924 751194895 751205422 751201740 751203350
750728106 -22.7831564 -43.3792767 750728103 750728110
751206846 -22.783133 -43.3745894 751229068 751217957 751219982
750746045 -22.7831267 -43.3773347 750745268 750556599
750556599 -22.7831168 -43.3774098 750746045
750730223 -22.7830797 -43.3779878 750730047 750729755 750722565
750556596 -22.7830773 -43.3775279 750722565 750730052
750746481 -22.7830131 -43.3764037 750745268 750731347 750746478 750556547
750730052 -22.7829401 -43.3774805 750556596 750556546 750730047
750728103 -22.7828597 -43.3793088 750728099 750728106
750730047 -22.7828587 -43.3775259 750729876 750730052 750730223
751229068 -22.7828369 -43.3739932 751229057 751206842 751206846 751229073
750729752 -22.7827904 -43.3786651 750729749 750729876 750729755
750731347 -22.7826618 -43.375661 750733701 750746481 750733432
750728099 -22.782553 -43.3793625 750728103 750728096
751206842 -22.7825134 -43.3733417 751230346 751229068 750743255 750743258
750729749 -22.7825036 -43.3786866 750729752 750729747
750729876 -22.782375 -43.3777961 750729752 750720639 750730047
751230346 -22.7822171 -43.3727151 1271841787 751230362 751206838 751206842
750729747 -22.782187 -43.3788046 750729749 750729744
750720639 -22.7821474 -43.3778926 750720636 750726955 750729876
750720636 -22.7820386 -43.3781394 750720634 750720639
750556547 -22.7819793 -43.37697 750746481 750915544
750733701 -22.7819694 -43.376058 750731347 751217957 750549710
750556546 -22.7819595 -43.3771416 750549708 750730052
750720634 -22.7819298 -43.378354 750720631 750720636
751206838 -22.7819195 -43.3720858 751205422 751230346 751203675 751203350
750729744 -22.7817617 -43.3789763 750729740 750729747
750726955 -22.7817548 -43.3777736 750725318 750724694 750720639
750720631 -22.7817419 -43.3784827 750720628 750720634
751217957 -22.7816749 -43.3754283 750733701 751229057 751224578 751206846
751203350 -22.7816294 -43.3714459 751203343 751206834 751203678 751206838
750915544 -22.7816291 -43.3768781 750556547 750549710
750728096 -22.7814352 -43.3798131 750728094 750728099
751229057 -22.7813707 -43.3747779 751217957 751229048 751229068 750743258
750729740 -22.781366 -43.3791586 750729736 750729744
751206834 -22.7813329 -43.3708242 751194895 751232542 750735151 751203350
750728094 -22.7812275 -43.3798775 750728092 750728096
750743258 -22.7810748 -43.3741452 751229057 751230362 751230418 751206842
750728092 -22.7810593 -43.3798882 750728094 750729001
751232542 -22.7810021 -43.3701231 751206834 751200976 751231902 751232548
750729736 -22.7809901 -43.3792445 750729740 750729734
751203675 -22.7809469 -43.3726153 751203678 751203747 751206838
750549710 -22.7808615 -43.3766481 750549708 750733701 750549573 750915544
750729734 -22.7808417 -43.379223 750720628 750729736
750725318 -22.7808022 -43.3774849 750726955 1271842502 750725476
751230362 -22.7807804 -43.3735156 751230346 750743258 751203747
750549708 -22.7807131 -43.3767232 750549572 750549710 750556546 750725476
750720628 -22.7806736 -43.3790943 750720631 750720626 750729734
751203678 -22.7806469 -43.371986 751203350 751203354 751203675
750729001 -22.7805744 -43.379837 750720621 750728092 750728999
751203747 -22.7804922 -43.3728994 751230362 751203354 751203675
751230418 -22.7803867 -43.3745222 750743258 751224573 751230699
751224578 -22.7803379 -43.3761332 750549573 751217957 751229048
751203354 -22.780184 -43.3722405 751203747 750735151 751203678
750720626 -22.7800504 -43.3794161 750720623 750720628
751229048 -22.7800368 -43.3755121 751229057 751224573 751224578 751224662
