1661220103 -22.9799708 -43.6974742 1661220100 1099089823 1661220122
2981571020 -22.9799425 -43.6904246 1660968145 3017375512 2981571021
1099089753 -22.9799203 -43.6985486 1099089750 2981742524 2981742527 2981742525
1660968145 -22.9798997 -43.690353 1660968035 2981571020 1099090089
1099089818 -22.9798794 -43.6999145 1661220105 1099089762 1099089819 1099089873
1661220100 -22.9798511 -43.6964679 2981181959 1661220103
1099090089 -22.9798402 -43.6901938 2981571013 2981571021 1660968145
1660968137 -22.9797904 -43.6934226 1660968149 1660968099 1660968081
2981742529 -22.9797828 -43.6979468 2981742524
2981742525 -22.9797419 -43.6988236 1099089753 1099089762 2981742526
2981742527 -22.9796958 -43.6982689 1099089753 2981742526 1099089755
1099089794 -22.9795876 -43.6948321 1660968093 1660968099 1099090098
1099089823 -22.9795538 -43.6972265 1099089797 1661220103 1099089755
2981742526 -22.9794736 -43.698596 2981742525 2981742527 2981742528
1660968099 -22.9794559 -43.6942671 1660968137 1099089794
1660968093 -22.9794344 -43.6951613 1661220107 1099089794 1099089796 1660968005
1099089762 -22.9793429 -43.6994458 1099089818 2981742525 1099089763 1099089826
2981742528 -22.9793045 -43.6988517 2981742526
1099089755 -22.9792877 -43.6977262 1099089823 1099089678 2981742527
2981181959 -22.9792467 -43.6964926 1661220100 1661220086
1661220086 -22.9790746 -43.6964561 1661220081 2981181959
1660968081 -22.9790687 -43.6930043 1660968137 1660968041 1660968005
1099089796 -22.9790385 -43.6956975 1660968093 1661220081 1660968004 1661220115
1660968055 -22.9789491 -43.6918255 1660968051 1660968069
1660968069 -22.9789419 -43.69138 1660968035 1660968055 1660968148
1099089678 -22.9788901 -43.6984913 2981181956 1099089755 1099089826
1660968051 -22.9788404 -43.6921195 1660968032 1660968055 1660967960 1660968149
1660968041 -22.9787036 -43.6928104 1660968032 1660968081 1660967971
1099089826 -22.9786863 -43.6988714 1099089678 1099089827 1099089762 1099089799
1661220081 -22.978677 -43.6962068 1099089797 1099089796 1661220086
1660968032 -22.9786122 -43.6927519 1660968051 1660967998 1660968041
2981181956 -22.9786057 -43.6982556 1099089678 1099089680
1660968035 -22.9786044 -43.6913157 1660968069 1660968145 1660967938
2981181958 -22.9785722 -43.6973499 2981181957
1660968004 -22.978558 -43.6952808 1660967962 1099089796
1660968005 -22.9785291 -43.6946152 1660968093 1660967971 1660968081
2981181957 -22.9784747 -43.6976265 1099089680 2981181958
1099089797 -22.9784258 -43.6965614 1661220081 1660967832 1099089823 1099089669
2981770019 -22.9783353 -43.6907038 1660968109 2981770020 1660967938
1660967998 -22.9782998 -43.6925692 1660967928 1660968032 1660967964
1099089680 -22.978246 -43.6978544 2981181956 1099089681 2981181957
1099089827 -22.9782187 -43.6997167 1099089826 2981742523 1099089766 1099089763
1660967977 -22.9781621 -43.6900666 2981770021 2981770020 1660967933
1660967971 -22.9780392 -43.6946768 1660967923 1660968005 1660968041
2981770020 -22.9780295 -43.690166 1660967859 1660967977 2981770019
1099089669 -22.9779947 -43.6971782 1099089797 1099089673 1099089681
1660967962 -22.9779288 -43.6949583 1660968004 1660967923
1660967960 -22.9779233 -43.6915916 1660967920 1660968051 2981770023
1660967964 -22.9779229 -43.6923587 1660967920 1660967881 1660967998
1099089766 -22.9778616 -43.699201 1099089768 1099089866 1099089827
1099089681 -22.9778472 -43.6974122 1099089680 1099089669 1099089799
1660967928 -22.9777874 -43.6942364 1660967881 1660967998
1660967938 -22.9777716 -43.6911338 1660968035 2981770025 2981770019
1660967923 -22.9777142 -43.6947237 1660967962 1660967916 1660967971
1660967920 -22.977688 -43.6922277 1660967885 1660967960 1660967964
1099089866 -22.9776832 -43.6989305 2981742521 1099089801 1099089766
1660967916 -22.9776411 -43.6947562 1660967866 1660967923
1099089768 -22.977555 -43.6996371 1099089766 1099089769
1099089799 -22.9775526 -43.6979227 1099089681 1661220076 1099089826
1660967885 -22.9774745 -43.6921003 1660967920 1660967821 1660967879
1661220076 -22.9774577 -43.6981686 2981742520 1099089799 1099089801
1099089769 -22.9774548 -43.6998395 1099089768
2981742521 -22.9774113 -43.6993559 1099089866 1099089868
1660967881 -22.9773773 -43.6940752 1660967841 1660967928 3027381036 1660967964
1099089801 -22.9773558 -43.6984432 1099089802 1099089866 1661220076
1099089868 -22.9773482 -43.6993834 2981742521 1099089856
1660967879 -22.9773208 -43.6924856 1660967861 1660967885 1660967846
1099089802 -22.9772919 -43.6985604 1099089804 1099089801
2981770025 -22.977272 -43.6910536 1660967859 2981770024 1660967938
2981770023 -22.9772476 -43.691205 1660967859 2981770024 1660967960
2981770024 -22.9772337 -43.6911212 2981770025 2981770023
1099089673 -22.9772331 -43.6972416 2981810113 2981742520 1099089669
3027381036 -22.977138 -43.694822 1660967881 3017377444
2981742520 -22.9771358 -43.6980148 2981810115 1099089673 1661220076
1099089804 -22.9770195 -43.698866 1099089802 1099089805 2981810112
1660967866 -22.9769814 -43.6952885 1660967832 1660967916 3017377444
1660967861 -22.9769531 -43.6935274 1660967841 1660967827 1660967879
3017377444 -22.9769419 -43.6951687 3027381036 1660967866 1660967834
1099089856 -22.9769316 -43.699371 1099089868 1099089805 1099089857
1660967859 -22.9769203 -43.6909971 2981770020 2981770025 1660967821 2981770023
1660967846 -22.9768417 -43.6921935 1660967818 1660967827 1660967879
1660967841 -22.9768268 -43.6938891 1660967881 1660967861 1660967837
1660967834 -22.9767649 -43.6946322 3017377444 3017377443
1660967837 -22.9767452 -43.694169 1660967841 3017377443
2981810115 -22.9767326 -43.6978438 2981742520
3017377443 -22.9767308 -43.6943845 1660967834 1660967837
1660967832 -22.9767124 -43.6955595 2981810114 1099089797 1660967866 1099090235
2981810114 -22.976634 -43.6956783 2981810113 1660967832
1099090235 -22.9765981 -43.6954962 1660967832 3017375509 3017375510 1099090233
1099090233 -22.9765552 -43.6955899 1099090232 1099090235
1099089805 -22.9765374 -43.6993646 1099089804 1099089856 2981810111
1099090232 -22.9764523 -43.69618 1099089675 1099090233
1660967827 -22.9763875 -43.6931613 1660967861 1660967846 1660967799
2981810113 -22.9763677 -43.6971123 2981810114 1099089673 1661220072
1660967818 -22.9762836 -43.691877 1660967795 1660967799 1660967846
1099089675 -22.9762812 -43.6970994 1661220051 1661220069 1099090232
1660967821 -22.9762608 -43.6914243 1660967885 1660967859 1660967801
1661220072 -22.9762585 -43.6976985 2981810112 2981810113
1661220069 -22.9762111 -43.6975314 1661220039 1099089675 1099090230
3017375510 -22.9761983 -43.69517 1661220064 1660967693 1099090235
2981810112 -22.976111 -43.6985141 1099089804 2981810111 1661220072
1099090230 -22.9761092 -43.6980801 1661220030 1099090228 1661220069
3017375509 -22.9760663 -43.6958735 1661220064 3017375508 1099090235
2981810111 -22.9759867 -43.6993437 2981810110 2981810112 1099089855 1099089805
1099090228 -22.9759672 -43.6989273 1661220045 1099089855 1099090230
1099089855 -22.975913 -43.6993434 1099089978 2981810116 1099090228 2981810111
2981810110 -22.9759093 -43.6998859 1099089857 2981810109 2981810111
1660967801 -22.975904 -43.6912084 1660967794 1660967795 1660967821
1661220063 -22.9758437 -43.6966159 3017375508 1661220051
1660967799 -22.9758356 -43.692817 1660967818 1660967772 1660967827
2981810116 -22.9758174 -43.699358 1099089855 1661220033 3017375507
1660967795 -22.9757371 -43.691564 1660967818 1660967772 1660967801
1661220064 -22.9757255 -43.6956213 3017375509 1661220005 1661220036 3017375510
1660967794 -22.9756808 -43.6910775 1660967933 1660967792 1660967801
1661220051 -22.9756518 -43.6968534 1099089675 1661220039 1661220063
3017375508 -22.9756268 -43.6963616 3017375509 1661220063 1661220013
1660967792 -22.9755293 -43.6909943 1660967747 1660967794 1660967767
1661220045 -22.9754554 -43.6984388 1099090228
3017375507 -22.9754232 -43.6993936 1661220042 2981810116
1661220036 -22.9753439 -43.6954202 1661220064 3017375506 1661220000
1660967767 -22.9753257 -43.6915768 1660967750 1660967733 1660967792
1660967772 -22.9752833 -43.6924772 1660967750 1660967795 1660967799
1661220039 -22.9752545 -43.6973189 1661220051 1661220069 1661220030
3017375506 -22.9752543 -43.6955735 1661220031 1661220036
1661220042 -22.9751502 -43.6991462 3017375507
1661220033 -22.9751295 -43.6987491 2981810116
1660967747 -22.9750682 -43.6906882 1660967723 1660967913 1660967792
1660967750 -22.9750534 -43.6923395 1660967772 1660967693 1660967767
1661220031 -22.9750226 -43.6954865 3017375506 1661220015 1661220007
1660967733 -22.9749172 -43.6914077 1660967730 1660967767
1661220030 -22.9749063 -43.697794 1661220039 1099090230 1661219972
1661220015 -22.9748885 -43.6957287 1661220002 1661220031
1661220013 -22.9747937 -43.6969518 1661220005 3017375508
1661220011 -22.9747196 -43.6988716 1661220004
1661220007 -22.9746107 -43.6953386 1661219975 1661219973 1661220031
1660967730 -22.9746059 -43.6923166 1660967669 1660967733
1661220005 -22.974576 -43.6965868 1661220002 1661220064 1661220013
1660967723 -22.9745493 -43.6907577 1660967673 1660967747 1660967714
1660967714 -22.9745139 -43.6900666 1660967608 1660967755 1660967723 1660967690
1660967696 -22.9744693 -43.6916818 1660967677
1660967693 -22.9744172 -43.6940518 1660967669 1660967750 3017375510 1661220000
1661220004 -22.9743476 -43.6994099 1661220011 1099090226 1661219964
1661220002 -22.9743284 -43.6961918 1661219975 1661220005 1661220015
1661220001 -22.9742502 -43.6970183 1661219961
1661220000 -22.9741743 -43.6946814 1661219973 1660967693 1661220036
1661219978 -22.9741446 -43.6977563 1661219946 1661219966
1660967673 -22.9741304 -43.6908369 1660967723 1660967650 1660967643
1660967677 -22.9741229 -43.6923604 1660967696 1660967632 1660967637
1661219975 -22.9740773 -43.6957987 1661220002 1661220007 1661219968
1661219972 -22.9740059 -43.6988064 1661219946 1661220030 1661219964
1660967669 -22.9739908 -43.6937526 1660967637 1660967693 1660967730
1661219973 -22.9739868 -43.6951275 1661219930 1661220000 1661219968 1661220007
1660967650 -22.9739437 -43.691459 1660967673 1660967640
1661219966 -22.9738501 -43.6973229 1661219944 1661219978 1661219938
1661219968 -22.9738308 -43.6954116 1661219975 1661219961 1661219973
1661219964 -22.9738204 -43.6990267 1661220004 1661219912 1661219972 1661219941
1660967643 -22.9736302 -43.6908499 1660967673 1660967597
1660967640 -22.9735973 -43.6918044 1660967632 1660967650
1661219961 -22.9735628 -43.6958838 1661220001 1661219968
1660967637 -22.9735524 -43.6934915 1660967669 1660967604 1660967677
1661219946 -22.9735476 -43.698316 1661219978 1661219972 1661219938
1660967632 -22.973536 -43.6921504 1660967601 1660967640 1660967564 1660967677
1661219944 -22.9735239 -43.6968192 1661219932 1661219966 1661219889
1661219941 -22.9735148 -43.6994059 1661220009 3017375501 1661219964
3017375504 -22.9733814 -43.6995472 1661219927
1661219938 -22.9732156 -43.6979156 1661219966 1661219946 1661219889
1661219927 -22.9731776 -43.699809 1661219939 3017375504 1661219870
1660967611 -22.9731704 -43.6927285 3017375503 3017375502
1661219932 -22.9731622 -43.6963016 1661219901 1661219944 1661219874
1661219930 -22.9731611 -43.6954281 1661219891 1661219973
3017375503 -22.9731401 -43.69297 1660967604 1660967611
1661219912 -22.9731387 -43.6985238 2981731559 1661219964
1660967601 -22.9731068 -43.6925878 1660967632 3017375502
3017375502 -22.9730997 -43.6926346 1660967601 1660967611
1660967604 -22.9730436 -43.6932522 1660967587 1660967637 3017375503
3017375501 -22.9730424 -43.6990907 1661219893 3017375499 1661219941
1660967597 -22.9730151 -43.6906732 1660967608 1660967542 1660967643 1660967564
1661219901 -22.9728408 -43.6957125 1661219932 1661219891
1660967614 -22.972827 -43.6946252 3017375496
1660967587 -22.9728169 -43.6931229 1660967556 3017375498 1660967604
1661219889 -22.9727838 -43.6973749 1661219944 1661219938 1661219874
1660967564 -22.9727817 -43.6919019 1660967556 1660967545 1660967632 1660967597
1661219893 -22.9727732 -43.698911 2981731550 3017375501 1661219868
1661219891 -22.9727415 -43.6957044 1661219871 1661219930 1661219901
3017375499 -22.9727009 -43.6996142 3017375501 3017375495
3017375498 -22.9726887 -43.6936357 1660967587 3017375497
3017375497 -22.9725961 -43.6940357 3017375498 1660967554
1660967556 -22.9725085 -43.6929333 1660967540 1660967517 1660967587 1660967564
1661219874 -22.9724569 -43.6969513 1661219932 1661219858 1661219889
1661219871 -22.9724424 -43.6962135 1661219858 1661219891
1660967554 -22.9724311 -43.6943494 1660967540 3017375497 3017375496
3017375496 -22.9723883 -43.6944036 3017375493 1660967614 1660967554
2981731550 -22.9722759 -43.6993378 1661219893 2981731551
1661219868 -22.9722639 -43.6985891 1661219893 2981731557
2981731551 -22.9721984 -43.6994368 3017375491 2981731550
1661219858 -22.9721701 -43.6965383 1661219871 1661219812 1661219874
3017375493 -22.97214 -43.6947581 3017375496
1660967545 -22.9721291 -43.6917257 1660967503 1660967564 1660967517
2981731559 -22.9721081 -43.6974827 1661219912 2981731557 1661219784
1660967542 -22.9720606 -43.6902202 1660967501 1660967597
1660967540 -22.9720133 -43.6940488 1660967556 3017375487 1660967554
1660967517 -22.9720109 -43.6926209 1660967498 1660967556 1660967545 3017375487
2981731555 -22.9718471 -43.6989916 2981731554 2981731556
2981731554 -22.9717265 -43.6991391 2981731555 2981731553
3017375487 -22.97169 -43.6939359 1660967511 1660967540 1660967517
1660967511 -22.9716758 -43.693972 3017375487 1660967492 1660967479
1661219812 -22.9716468 -43.6966522 1661219858 1661219784
1660967503 -22.9716293 -43.6916024 1660967476 1660967545 1660967498
1660967498 -22.9715184 -43.692314 1660967470 1660967517 1660967479 1660967503
2981731557 -22.971488 -43.6982238 1661219745 2981731559 1661219868
1661219784 -22.9714847 -43.6968237 3017375486 2981731559 1661219812
2981731556 -22.9714414 -43.6987434 2981731555
3017375486 -22.9713943 -43.6968896 1661219776 1661219784
1660967492 -22.9713677 -43.6951272 1660967511 3017375482
3017375485 -22.9713539 -43.6997923 1661219780 1661219786
1661219780 -22.9712744 -43.6996875 2981182017 2981731553 3017375485
1660967479 -22.9712292 -43.6938801 1660967462 1660967511 1660967498 3017375482
2981731553 -22.971203 -43.6996017 1661219755 1661219780 2981731554
1660967476 -22.9711061 -43.6914335 1660967455 1660967503 1660967470
1661219776 -22.9711053 -43.6970645 1661219745 3017375486
3017375482 -22.9710609 -43.6950604 1660967492 3017375477 1660967479
1661219755 -22.9710582 -43.6994384 3017375480 2981731553 1661219645
2981731561 -22.9710507 -43.6984581 2981731560
1660967470 -22.9710283 -43.6920555 1660967442 1660967498 1660967476 1660967462
3017375480 -22.9709738 -43.6993124 1661219755 3017375478
1660967462 -22.9708185 -43.6937763 1660967439 3017375477 1660967479 1660967470
3017375478 -22.9708039 -43.6990066 3017375480 2981731560
2981731560 -22.9706809 -43.6987504 2981731561 1661219747 3017375478
3017375477 -22.9706787 -43.6949771 1660967462 3017375482 1660967435
1661219747 -22.9706737 -43.6987388 2981731562 1661219657 2981731560
1660967455 -22.9705639 -43.691267 1660967476 1660967442 1660967465
1661219745 -22.9705468 -43.6977843 2981731557 1661219776 1661219742
1660967442 -22.9705286 -43.6917025 1660967439 1660967455 932004972 1660967470
2981731562 -22.9704662 -43.6984323 1661219747 1661219742
1660967439 -22.9703137 -43.6936842 1660967419 1660967462 1660967442 1660967435
1660967437 -22.9702392 -43.6901511 1660967441 932004972 3017375471
1661219742 -22.9702335 -43.698176 2981731562 1661219745 1661219724
1660967435 -22.970168 -43.6948859 3017375477 1660967439
1661219724 -22.9701008 -43.6983136 1661219717 1661219742 1661219715
932004972 -22.9699854 -43.6914063 1660967442 1660967437 1660967429
1661219717 -22.9699304 -43.698094 1661219712 1661219724
1660967429 -22.9699233 -43.6918213 932004972 1660967427 3017375470
1661219712 -22.9698868 -43.6974897 1661219717 1661219668
1661219715 -22.9698788 -43.6985008 1661219724 1661219671
1660967427 -22.9698531 -43.6925573 1660967422 1660967332 1660967429
1660967422 -22.9697826 -43.6931898 1660967419 1660967427 1660967327
3017375471 -22.9697639 -43.690241 1660967392 1660967437
1660967419 -22.9697467 -43.6935711 1660967422 1660967439 1660967396
2981182017 -22.9696691 -43.6998449 1661219780 2981182016 1661219643
1660967396 -22.9696466 -43.6943073 1660967419 1660967384 3017375452
1661219671 -22.9694848 -43.6985399 1661219715 932004976
3017375470 -22.9694263 -43.6918246 1660967377 1660967429
1660967392 -22.9694035 -43.6903877 1660967351 3017375471
1660967384 -22.9693855 -43.6967177 1660967396 1660967381 3017375469
1660967381 -22.9693636 -43.6969966 1660967384 1661219668 3017375450
1661219668 -22.9693358 -43.6972971 1661219667 1660967381 1661219712
1661219667 -22.9692956 -43.6977751 1661219664 1661219668 1661219540
1660967377 -22.9692486 -43.6918472 3017375466 3017375470
3017375469 -22.9692218 -43.696589 3017375463 1660967384
1661219664 -22.96919 -43.6985444 1661219667 1661219549 932004976
932004976 -22.9691726 -43.6986657 1661219664 932004980 1661219671
932004980 -22.9691351 -43.6990008 1661219657 932004976
3017375468 -22.9691334 -43.6998863 3017375465 1661219643 1661219640
1661219643 -22.9691311 -43.6998412 2981182017 1661219645 3017375468
1661219657 -22.9691275 -43.6991457 932004980 1661219645 1661219747
1661219645 -22.9691216 -43.6994337 1661219657 1661219755 1661219643
3017375466 -22.9691088 -43.691883 1660967339 1660967377
3017375465 -22.96908 -43.6998876 1661219554 3017375468 1661219579
1660967370 -22.9690563 -43.6938653 1660967226
3017375463 -22.9690401 -43.696389 1660967347 3017375469
1660967351 -22.9690083 -43.6904758 1660967369 1660967392 3017375454
1660967347 -22.9689587 -43.6962652 3017375456 3017375463 1660967270
3017375461 -22.9689408 -43.6912353 3017375460 3017375459
3017375460 -22.9689408 -43.6911733 3017375457 3017375461
3017375459 -22.9689257 -43.6912791 3017375458 3017375461
3017375458 -22.9688988 -43.6913065 3017375459 3017375443
3017375457 -22.9688954 -43.6909731 3017375445 3017375460 3017375454
3017375456 -22.9688429 -43.6959594 1660967347 3017375453
1660967339 -22.9688328 -43.6919833 1660967332 3017375466
3017375454 -22.9687932 -43.6905234 1660967351 3017375457 1660967179
1660967332 -22.9687922 -43.6924569 1660967339 1660967220 1660967427
3017375453 -22.9687905 -43.6957709 3017375456 1660967330
3017375452 -22.968766 -43.694577 1660967275 1660967396
1660967330 -22.9686766 -43.695339 3017375435 1660967329 3017375453
1660967329 -22.9686331 -43.6952313 1660967275 1660967330
3017375450 -22.9686291 -43.697074 1660967381 1660967273
1660967327 -22.9685718 -43.6931494 1660967422 1660967223
1661219579 -22.96849 -43.6999249 3017375465 3017375446 1661219583
3017375447 -22.9684033 -43.6919724 3017375329
3017375446 -22.9683535 -43.6999613 1661219579 1661219557
1660967275 -22.968263 -43.6947311 1660967266 3017375452 1660967329
3017375445 -22.9682487 -43.6911569 3017375457
3017375443 -22.9681899 -43.6915072 3017375458
1661219554 -22.9681812 -43.6990814 1661219524 3017375465 1661219541
1661219549 -22.9681483 -43.6986568 1661219541 1661219664
1660967273 -22.9681161 -43.697152 1660967270 3017375450 1660967133
1661219541 -22.968061 -43.698513 1661219424 1661219549 1661219554 1661219540
1660967270 -22.9680499 -43.6965529 1660967347 1660967273
1661219540 -22.9680008 -43.6979408 1661219667 1661219541 1661219526
1660967266 -22.9679901 -43.6942184 3017375434 1660967226 1660967275
1660967226 -22.9679451 -43.694117 1660967266 3017375438 1660967370
3017375438 -22.9678558 -43.6937765 1660967225 3017375322 1660967226
1660967225 -22.9677745 -43.6933869 1660967223 3017375438 1660967120
1660967223 -22.9677597 -43.6933207 1660967222 1660967225 1660967327
1661219526 -22.967718 -43.6977065 1661219482 1661219540
3017375434 -22.9677073 -43.6942861 1660967266 3017375326
3017375435 -22.9676891 -43.695679 1660967330 3017375325
1661219524 -22.9676736 -43.6996398 1661219513 1661219458 1661219554
1660967222 -22.9676664 -43.6930031 1660967220 1660967131 1660967223
1661219513 -22.9676296 -43.6996882 1661219524 1661219468
1660967220 -22.9676278 -43.6928445 1660967222 1660967332 3017375331
3017375331 -22.9675814 -43.6925935 1660967220 1660967217
1660967217 -22.9675536 -43.692329 3017375329 3017375331
3017375329 -22.9675382 -43.6921371 1660967190 1660967217 3017375447
1660967190 -22.9675128 -43.6918197 1660967183 3017375329 1660967157
1660967183 -22.9675044 -43.6916389 3017375328 1660967190 3017375318
3017375328 -22.9674743 -43.6911587 3017375327 1660967183
3017375327 -22.9674542 -43.6910091 1660967179 3017375328
1661219482 -22.9674386 -43.6976873 1661219426 1661219526
1660967179 -22.9674065 -43.6908298 1660967173 3017375327 3017375454
3017375326 -22.9673533 -43.6943468 3017375434 3017375324
1661219458 -22.9672747 -43.6991756 1661219524 1661219424 1661219401
1660967173 -22.9672723 -43.6903833 1660967179 1660967030 1660967161
1660967175 -22.9672429 -43.6927659 1660967157
1660967169 -22.9672228 -43.696448 1660967133 3017375323
1661219426 -22.9671381 -43.697887 1661219482 1660967124
1661219424 -22.967126 -43.6990025 1661219541 1661219458 1661219413
1660967157 -22.9671206 -43.6920978 1660967175 1660967190 1660967083
1660967133 -22.9670908 -43.6972596 1660967273 1660967113 1660967169
3017375325 -22.9670683 -43.6958497 3017375435 1660967165
3017375324 -22.9670481 -43.6943919 1660967104 3017375326
3017375323 -22.9670303 -43.6963671 1660967169 1660967106
3017375322 -22.9670148 -43.6939004 3017375438
1660967124 -22.9669549 -43.6980378 1661219426 1660967113 1661219409
1660967120 -22.9668865 -43.6935799 1660967225
1661219413 -22.9668835 -43.6987204 1661219424 1661219409 1661219298
1661219409 -22.9668657 -43.6984368 1660967124 1661219413
1660967106 -22.966857 -43.6963164 3017375317 3017375323
1661219401 -22.9667774 -43.6996536 1661219458 1661219298 1661219468
1660967117 -22.9667751 -43.6929439 1660967083
3017375320 -22.966763 -43.6974598 3017375314
1660967113 -22.966762 -43.697943 1660967124 1660967133 3017375311
1660967104 -22.9667021 -43.6944286 3017375324
1660967083 -22.9666784 -43.6924127 1660967064 1660967117 1660967157
1660967078 -22.9666582 -43.6919962 3017375318
1660967131 -22.9666358 -43.6932537 1660967222
3017375318 -22.966631 -43.6917735 1660967078 1660967183
1660967165 -22.9666061 -43.6958993 3017375325
3017375317 -22.9666014 -43.6963038 3017375305 1660967106
3017375314 -22.9664427 -43.6968251 3017375320
1660967065 -22.966395 -43.6911777 1660967021 3017375313
3017375313 -22.9663867 -43.6909566 1660967065 1660967030
1660967064 -22.966368 -43.6926022 1660967023 1660967083
1660967030 -22.9663148 -43.6907564 3017375313 3017375307 1660967173
1661219298 -22.9662789 -43.6992926 1661219413 1661219196 1661219401
3017375311 -22.9662517 -43.6977102 1660967016 1661219146 1660967113
1660967023 -22.9662408 -43.6922977 1660967064 3017375304 3017375310
1660967021 -22.9662377 -43.691844 3017375309 1660967065
3017375309 -22.9662178 -43.6919988 1660967021 3017375310
3017375310 -22.9662171 -43.692175 1660967023 3017375309
1660967016 -22.9661888 -43.697678 1660966981 3017375306 3017375311
3017375307 -22.9660974 -43.6907929 1660966978 1660967030
3017375306 -22.966042 -43.6975991 1660967016 1660966980
3017375305 -22.9660063 -43.6963361 3017375317 1660966971
3017375304 -22.9659994 -43.6922628 1660967023 1660966969 3017375303
3017375303 -22.9659683 -43.6926322 3017375304
1660966981 -22.9657275 -43.6969321 1660967016 1660966971
1661219196 -22.9656495 -43.6998187 1661219181 1661219298
1660966978 -22.9656211 -43.6908961 3017375300 3017375307
1660966976 -22.9656135 -43.6915843 3017375300 3017375299
1660966980 -22.9656075 -43.6972316 1661219125 3017375306
3017375300 -22.9655807 -43.6909064 3017375293 1660966978 1660966976
1660966971 -22.9655634 -43.6963843 3017375305 1660966981 1660966934
3017375299 -22.9655134 -43.6918633 1660966969 1660966976
1660966969 -22.9654282 -43.6921475 3017375299 1660966965 3017375304
1660966967 -22.9653952 -43.6933265 1660966871 3017375295
1661219146 -22.9653815 -43.6978963 1661219058 3017375311
1660966965 -22.9653718 -43.6923758 1660966969 3017375295
3017375295 -22.965359 -43.6925148 1660966965 1660966967
1660966934 -22.9653094 -43.6956482 1660966971 1660966903 3017375294
3017375294 -22.9652187 -43.6955167 1660966934 3017375292
1661219125 -22.9651843 -43.6967528 1660966980 1660966918 1661219056
3017375293 -22.9651671 -43.6909811 3017375300 3017375287
3017375292 -22.9650893 -43.6954036 3017375294 3017375285
1661219056 -22.9650239 -43.6969975 1661219125 3017375288
1660966918 -22.9650078 -43.6965727 1661219125 1660966877
1661219058 -22.9649837 -43.6973475 1661219146 3017375290
3017375287 -22.9649824 -43.6910144 1660966874 3017375293
3017375288 -22.96498 -43.697096 3017375289 1661219056
1660966914 -22.9649771 -43.6914544 3017375286 1660966869
3017375289 -22.9649598 -43.6971966 3017375288 3017375290
3017375290 -22.9649587 -43.6972805 3017375289 1661219058
3017375286 -22.9649076 -43.6922516 1660966907 1660966914
3017375285 -22.9648995 -43.6952868 1660966919 3017375292
1660966907 -22.9648971 -43.6930176 3017375286 1660966866
1660966903 -22.9648928 -43.6959907 1660966934 1660966877
1660966919 -22.9647934 -43.6952469 1660966882 3017375285
1660966882 -22.9647451 -43.6952631 1660966919 1660966861
1660966877 -22.9647059 -43.6964614 1660966918 1660966861 1660966903
1660966874 -22.9645945 -43.6910845 1660966864 1660966869 3017375287
1660966871 -22.9645638 -43.6934896 1660966844 1660966967
1660966869 -22.9645341 -43.691359 3017375281 1660966874 1660966914
3017375281 -22.9644895 -43.6918556 1660966862 1660966869
1660966866 -22.9644766 -43.6930936 3017375280 1660966907 1660966846
1660966864 -22.9644745 -43.6910528 1660966848 1660966833 1660966874
1660966862 -22.9644525 -43.692425 3017375281 3017375280
3017375280 -22.9644491 -43.6927832 1660966862 1660966866
1660966861 -22.9644002 -43.6963942 1660966827 1660966882 1661218960 1660966877
1660966848 -22.964168 -43.6904421 1660966780 1660966864 1660966836
1660966844 -22.9639813 -43.6936106 1660966871 1660966838
1660966846 -22.9639545 -43.6931736 3017375278 1660966866 1660966842
1661218960 -22.9639159 -43.6972426 1660966861
1660966842 -22.9637898 -43.6925636 1660966833 1660966846
1660966838 -22.9637875 -43.6935897 1660966844 1660966794
1660966833 -22.9637355 -43.6910494 1660966864 1660966842 1660966787
3017375278 -22.9637352 -43.6932037 1660966777 1660966846
1660966836 -22.9637235 -43.6907217 1660966822 1660966848
1660966827 -22.9636752 -43.6960016 1660966772 1660966861
1660966822 -22.9636094 -43.6906829 1660966784 1660966753 1660966836
1660966798 -22.9634173 -43.69457 1660966746 3017375277
1660966794 -22.9633882 -43.6937365 1660966838 1660966789
3017375277 -22.9633567 -43.6943152 1660966798 1660966773
1660966789 -22.9633091 -43.693654 1660966773 1660966794 1660966777
1660966787 -22.963289 -43.6910082 1660966833 1660966784 1660966574
1660966784 -22.9632503 -43.6908173 1660966822 1660966763 1660966787
1660966777 -22.9631188 -43.6934153 3017375278 3017375271 1660966789 1660966754
1660966773 -22.9631132 -43.6938134 1660966789 3017375277
1660966772 -22.9631026 -43.6956959 1660966827 3017375276
3017375276 -22.9630709 -43.6956364 1660966772 3017375274
1660966763 -22.9630391 -43.6903004 3017375266 1660966784
3017375274 -22.9630121 -43.6950562 3017375273 3017375276
3017375273 -22.9629869 -43.6949887 3017375274 1660966760
1660966760 -22.9629281 -43.69495 3017375273 1660966748
1660966757 -22.9628926 -43.6921628 1660966754 1660966700
1660966754 -22.9628117 -43.6930678 1660966706 1660966777 1660966757
1660966748 -22.9627287 -43.6949799 1660966760 1660966746
1660966746 -22.962651 -43.6947924 1660966748 1660966798 1660966704
3017375271 -22.9624294 -43.6940397 1660966777 1660966698
1660966706 -22.9623749 -43.6929999 1660966754 1660966652
1660966704 -22.9623539 -43.6948886 3017375270 1660966746
1661218859 -22.9623052 -43.6969908 1661218854 1661218833
1660966698 -22.9622978 -43.6941257 3017375271 3017375269 1660966685
1660966700 -22.9622955 -43.6920544 1660966757 1660966652 1660966696
1661218854 -22.9621527 -43.6965455 1661218805 1661218859
3017375270 -22.9620831 -43.6949267 1660966645 1660966704
1660966685 -22.9620011 -43.6936753 1660966698 1660966628
1660966696 -22.9619444 -43.6919273 1660966639 1660966700
3017375269 -22.9619422 -43.6943918 1660966698 3017375268
1660966645 -22.9619351 -43.694914 1660966588 3017375270
1660966652 -22.9619275 -43.6926432 1660966562 1660966706 1660966700 3017375264
1660966628 -22.9618624 -43.6935084 1660966562 1660966685
1660966639 -22.9618613 -43.6918765 3017375267 1660966696
3017375268 -22.9618347 -43.6945177 3017375269 1660966588
3017375267 -22.9618035 -43.6918239 1660966639 1660966617
3017375266 -22.9617971 -43.6901229 1660966655 1660966620 1660966763
1660966620 -22.9617769 -43.6901886 3017375265 3017375266 1660966539
1660966617 -22.9617289 -43.6916963 3017375267 1660966579
3017375265 -22.9616926 -43.690483 1660966574 1660966620
1660966588 -22.9616522 -43.694837 3017375268 1660966517 1660966645
1660966579 -22.9616249 -43.6913554 1660966617 3017375263
3017375264 -22.9616194 -43.6924162 1660966652 1660966558
1661218833 -22.9616126 -43.6973737 1661218805 1661218859 1661218799
1660966574 -22.961563 -43.690797 3017375265 3017375263 1660966787
3017375263 -22.9615378 -43.690839 1660966528 1660966574 1660966579
1660966562 -22.9615171 -43.6932034 1660966628 1660966525 1660966652
1660966558 -22.9613917 -43.6922954 3017375264 1660966501
1660966539 -22.9613541 -43.6900439 3017375262 1660966530 1660966620
1661218811 -22.9613519 -43.6997584 934570853 2981747036 932005058
1661218805 -22.9613476 -43.6966486 1661218833 1661218854
1660966528 -22.9612132 -43.6914846 1660966522 3017375261 3017375263
1660966530 -22.961213 -43.6904285 1660966539 1660966522 1660966452
1661218799 -22.9611975 -43.6975991 1661218767 1661218797 1661218833
3017375261 -22.961156 -43.6915419 1660966528 1660966487
1660966517 -22.9611552 -43.6948406 1660966485 1660966588
1661218797 -22.9611425 -43.6977294 1661218717 1661218799
934570853 -22.9611356 -43.6995374 1661218811 934570854
1660966525 -22.9611099 -43.693655 1660966562 1660966494
1660966522 -22.9611015 -43.6907785 1660966528 1660966490 1660966530
1660966501 -22.9608954 -43.6921419 1660966487 1660966558
1660966494 -22.9608549 -43.6940921 1660966485 1660966525
1660966490 -22.9608126 -43.6907475 3003439127 1660966522
1661218767 -22.96081 -43.6966867 1661218799
934570854 -22.9608096 -43.6991298 934570853 934570855
1660966487 -22.9607686 -43.6917077 3017375261 1660966462 1660966501 1660966470
1661218751 -22.96067 -43.6958313 1661218707
934570855 -22.9606021 -43.6987864 934570854 1661218717
1660966483 -22.960593 -43.6929424 1660966462
1660966485 -22.9605925 -43.6947204 1660966517 1660966494 1660966443
3003439127 -22.9605592 -43.690558 1660966447 1660966490
1660966470 -22.960528 -43.6910129 1660966487 1660966422
1661218717 -22.9603579 -43.6981357 934570855 1661218690 1661218797
1660966462 -22.9602605 -43.6919156 1660966487 1660966408 1660966483 1660966441
1660966463 -22.9602569 -43.6936813 3017375259
3017375259 -22.9602301 -43.6934944 1660966463 1660966450
1660966450 -22.9601385 -43.693275 3017375259 1660966445
1660966445 -22.9600634 -43.6929 1660966408 1660966450
1660966443 -22.9600136 -43.6946018 1660966485 1660966418
1660966447 -22.9600046 -43.6902959 3003439127 1660966417 1660966452
