349305745 -22.9199561 -43.5630764 3644496128
1777220393 -22.9199081 -43.5616245 1777220394 1542470320 1542470012
349305508 -22.9198407 -43.5631678 1777087405
1777087407 -22.9198084 -43.5659044 1777087409
3644496127 -22.9197389 -43.5603649 3644496122
349305746 -22.9197215 -43.5631082 349305745
1542470320 -22.9197101 -43.5614703 1542470010 1777220393
1542470010 -22.9194453 -43.5612967 1777079219 3644496126 1542470320
3644496126 -22.9193277 -43.5612354 3644496125 1542470010
349305748 -22.9193199 -43.5632286 349305746
1777087406 -22.9192287 -43.5647442 1777087405
1777087405 -22.9190634 -43.5633588 1777087406 349304718
1777087404 -22.9189544 -43.5658683 1777087403 3644496124
3644496125 -22.9189191 -43.5610736 1542469465 3644496126
1777087403 -22.9189006 -43.5659696 1777087400 1777087404
1777087401 -22.9188835 -43.568189 1777087396 1777087402
1777087402 -22.9188739 -43.568296 1777087399 1777087401
1777087400 -22.9188168 -43.5659415 1777087397 1777087403
3644496124 -22.9186954 -43.5636206 3658989758 1777087404 349304718
349304718 -22.9186651 -43.5634364 3644496121 3644496124
3658989758 -22.918595 -43.5637943 3658989757 3644496124
1777087399 -22.9185687 -43.5684652 1777087402 1777087395
1777087397 -22.9185614 -43.5655189 1777087400 3644496117
3658989757 -22.9184794 -43.5639565 1777087398 3658989758
349304983 -22.918457 -43.5633933 349305748
3644496122 -22.9184559 -43.5602223 1777079109 3644496127 1542469465
1542469465 -22.9184318 -43.5608997 3644496122 3644496125 1542469182
1777087395 -22.9184129 -43.5685204 1777087399 1777087389 1777087388
3644496121 -22.9184025 -43.5634813 3658989756 349304716
3658989756 -22.9183843 -43.5634818 3644496120
1776533761 -22.9183807 -43.5619485 1776533758 1542469465
1777087396 -22.9183795 -43.5670863 1777087388 1777087401
3644496120 -22.9183668 -43.5634764 3658989755
3658989755 -22.9183513 -43.563466 3644496119
1777087398 -22.9183497 -43.5641056 3658989757 3658989753
3644496119 -22.9183391 -43.5634513 3658989754
3658989754 -22.9183311 -43.5634336 1776533760
3644496118 -22.9183289 -43.5633274 1776533761
1777087394 -22.9183284 -43.5660617 1777087382
1776533760 -22.918328 -43.5634141 3644496118 349304983
3644496117 -22.9182663 -43.565153 1777087391 1777087397
349304716 -22.9182094 -43.5635143 349304713
3658989753 -22.9182072 -43.5642402 1777087393 1777087398
1777087391 -22.9180865 -43.565029 1777087387 3644496117
1777087393 -22.9180532 -43.564359 3658989752 3658989753
3658989752 -22.9178892 -43.5644608 1777087393 1777087390
1777087389 -22.917866 -43.5681959 1777087385 1777087395
1777087388 -22.9178184 -43.5670637 1777087381 1777087395 1777087396
1777087387 -22.9177844 -43.5649265 1777087380 1777087391
1777087390 -22.9177169 -43.5645447 3658989752 3658989749
3644496116 -22.9177138 -43.5626166 3644496115 3644496114
3644496115 -22.9176963 -43.5634901 1776533760 3644496116
3644496114 -22.9176932 -43.5625706 3644496113 3644496116
1777087385 -22.9176721 -43.568189 1777087381 1777087389 1777087383
3644496113 -22.9176572 -43.5625469 3644496114 3644496112
1542469182 -22.9176555 -43.5605885 1542470027 1542469465
3658989749 -22.9175378 -43.5646098 1777087384 1777087390
349304713 -22.9173902 -43.563603 1777087377
1777087384 -22.9173536 -43.5646556 1875084537 3658989749
3644496112 -22.9173128 -43.5625357 3644496113
349304986 -22.9172929 -43.563533 3644496115
1777087383 -22.9172778 -43.5686067 1777087385 1777087378 1777087374
1777087382 -22.9172572 -43.5659333 1777087380 1777087361 1777087394
1777087381 -22.9172143 -43.5670292 1777087385 1777087372 1777087388
1777087380 -22.9171782 -43.5648879 1777087382 1777087371 1875084537 1777087387
1875084537 -22.9171663 -43.5646816 1777087377 1777087380 1777087375 1777087384
3644496111 -22.9171099 -43.5635368 349304986
1777087377 -22.9170741 -43.5636207 3644496110 1875084537
1777087378 -22.9169949 -43.567937 1777087372 1777087383 1777087367
349304988 -22.9169596 -43.5635264 3644496111
1542470027 -22.9168946 -43.560213 1776533756 1542469182
1777087374 -22.9168581 -43.5690106 1777087383 1777087367
1777087371 -22.9167835 -43.5649515 1777087375 1777087366 1777087380
1777087375 -22.9167817 -43.5646723 3658989746 1777087371 1875084537
1776533756 -22.9166667 -43.5600734 1776533759 1542470027 1542469499
2995005736 -22.9166574 -43.5634835 349304988
1776533759 -22.9166537 -43.5605761 1776533758 1776533753
3644496110 -22.9166411 -43.5635861 349304706
1776533758 -22.9166319 -43.5618916 1776533761 1776533757 1776533752
1777087372 -22.9166101 -43.566967 1777087364 1777087381 1777087378
1776533757 -22.9166063 -43.5634768 2995005736
3658989746 -22.9165491 -43.5646254 1777087370 1777087375
1777087366 -22.9165086 -43.5651142 1777087371 1777087360
1777087367 -22.9164861 -43.5681545 1777087378 1777087374 1777087365
1777087370 -22.9163236 -43.5645478 3658989745 3658989746
1777087365 -22.9162742 -43.567715 1777087367 1777087359
3828203387 -22.9162063 -43.5667185 1777087364
1777087364 -22.9161968 -43.5669325 1777087372 3828203387 1777087362
1777087362 -22.9161459 -43.5671017 1777087364 1777087359
3658989745 -22.9161085 -43.5644408 1777087370 1777087363
1777087361 -22.9160986 -43.5658125 1777087382 1777087360
1777087360 -22.9159865 -43.5656749 1777087357 1777087361 1777087366
3644496109 -22.9159723 -43.563371 1776533757
1777087359 -22.9159488 -43.5673675 1777087365 1777087356 1777087362
349304706 -22.9159407 -43.5635221 349305046
1777087363 -22.9159072 -43.564306 3658989745 3658989744
349305099 -22.9158346 -43.5634135 3644496108
3644496108 -22.9158273 -43.56345 3644496105
349305101 -22.9158251 -43.5633733 349305099
349304993 -22.9157987 -43.5633423 349305101 3644496109
3644496105 -22.9157911 -43.5634905 349305046
349305046 -22.9157509 -43.5635043 349304704
3658989744 -22.9157226 -43.5641453 1777087357 1777087363
3644496101 -22.9156792 -43.5601621 3644496094
1777087357 -22.9155575 -43.5639613 3658989744 349304704 1777087360
3644496094 -22.9155363 -43.5600246 3644495489 3644496101 3644495480
349304704 -22.9154249 -43.5634668 349304700 1777087357
1777087356 -22.9153885 -43.567441 1777087352 1777087359
1777087355 -22.9153404 -43.5688182 1777087354 1777087352
1777087354 -22.9153103 -43.5689878 1777087355 1777087349
1777087352 -22.9152175 -43.5674503 1777087355 1777087351 1777087348 1777087356
1777087351 -22.9151539 -43.5668151 1777087336 1777087352 1777087350
1777087350 -22.91513 -43.5665599 1777087351
3644495480 -22.9149844 -43.5601249 3644496094
1777087349 -22.9149107 -43.5695107 1777087345 1777087354 1777087346
1777087346 -22.9148316 -43.5695717 1777087342 1777087349
1777087348 -22.9148113 -43.5674149 1777087344 1777087352
1777087347 -22.9148085 -43.5662719 1777087343
1777087345 -22.9147873 -43.5686028 1777087339 1777087344 1777087349
349304996 -22.9147365 -43.5632313 349304993
349304700 -22.9147287 -43.5633431 2670648420
1777087344 -22.9146715 -43.5673988 1777087345 1777087348 1777087338
1777087342 -22.9145562 -43.569652 1777087341 1777087346
2670648420 -22.9145434 -43.5633147 3644495463
1777087343 -22.9145402 -43.5646584 1777087347 1777087335
3644495466 -22.9145348 -43.5632152 349304996
3644495463 -22.9143913 -43.5633197 349304697
349304999 -22.9143856 -43.563226 3644495466
1777087341 -22.9143572 -43.5696492 1777087339 1777087342 1777087337
1776533753 -22.9142895 -43.56049 1776533741 1776533759 1776533755 1776533752
349304697 -22.9142739 -43.5633376 3644495455
1777087339 -22.9142526 -43.5686828 3828203386 1777087341 1777087345
1776533752 -22.9142487 -43.5618061 1776533758 1776533751 1776533753 1776533750
1777087340 -22.9142477 -43.5659638 1777087335
1777087337 -22.9142169 -43.5695994 1777087322 1777087341
1776533751 -22.9142154 -43.5632633 349304999 1776533752
3828203386 -22.9142113 -43.5683347 1777087339 1777087338 1777087334
1777087338 -22.9141078 -43.5673226 1777087336 3828203386 1777087344
3644495455 -22.9141059 -43.5634006 349304693
1777087336 -22.9140506 -43.5667254 1777087321 1777087351 1777087332 1777087338
3644495454 -22.9140005 -43.5633631 1776533751
349304693 -22.9139565 -43.5634908 1777087329
1777087335 -22.9138446 -43.5648175 1777087329 1777087343 1777087340
349305007 -22.9138047 -43.5634975 3644495454
1777087334 -22.9136635 -43.5684086 1777087332 3828203386 1777087328
1777087329 -22.9135287 -43.5638028 1777087321 1777087335
1776533750 -22.9135216 -43.5617819 3773192734 1776533752
1777087328 -22.9135053 -43.5684502 1777087326 1777087334
1777087332 -22.9134942 -43.5666805 1777087336 1777087334 1777087320
1777087326 -22.9131737 -43.5686468 1777087328 1777087322
1777087325 -22.9129717 -43.5672654 1777087320 1777087323
1777087321 -22.9129557 -43.5642192 3644495453 1777087336
1777087323 -22.9129334 -43.5681146 1777087325 1777087322 1777087311
1777087320 -22.9129282 -43.5666253 1777087325 1777087332 1777087313
1777087322 -22.9128294 -43.5688711 1777087326 1777087310 1777087337 1777087323 1777087317
1777087317 -22.9127892 -43.5695311 1777087322 1777087316
1777087316 -22.9127842 -43.5699031 1777087309 1777087317 1777087315
1777087315 -22.9127832 -43.5699814 1777087316 1777087319
3773192734 -22.9126917 -43.5617511 3658989741 1776533750
1777087314 -22.9126403 -43.5662317 1777087306
3644495453 -22.9126179 -43.5644686 2660217344
3644495452 -22.9126172 -43.5643718 349305007
3644495451 -22.9125721 -43.564405 3644495452
1777087313 -22.9124872 -43.566564 1777087320 1777087308
3658989741 -22.9124143 -43.5617439 3773192734 2607407436
2607407436 -22.9124081 -43.5617979 1776533749
1776533747 -22.9124077 -43.5616936 3658989741
2607407435 -22.9123894 -43.5616469 1776533747
1776533749 -22.9123884 -43.561848 2589801700
1777087312 -22.9123744 -43.5675535 1777087311
3658989740 -22.9123718 -43.5632098 1776533751
2589801701 -22.9123607 -43.5616068 2607407435
2589801700 -22.9123569 -43.5618904 2984797540 1776533739
1777087311 -22.912352 -43.5680461 1777087312 1777087323 1777087310
3644495450 -22.912325 -43.5632084 3658989740
1777087310 -22.9123235 -43.5686713 1777087322 1777087303 1777087311 1777087309
2589801702 -22.9123195 -43.5615735 2589801701
2984797540 -22.9123145 -43.5619225 2589801699
1776533741 -22.9122804 -43.5604211 3658989738 1776533753 1776533742 1776533743
2607407426 -22.9122714 -43.5615541 2589801702
2660217344 -22.9122677 -43.5647271 3644495449 3644495444
2589801699 -22.9122656 -43.5619403 2607407425
1776533742 -22.9122535 -43.5613561 1776533741 2589801701
1777087309 -22.9122517 -43.5698345 1777087316 1777087301 1777087310
1777087308 -22.9122492 -43.5665455 1777087313 1777087307
2589801703 -22.9122201 -43.5615502 2607407426
3644495449 -22.9122197 -43.5647357 3644495447
1776533739 -22.9122179 -43.56211 2589801697 3658989739
2607407425 -22.912214 -43.5619424 2589801698
3658989739 -22.9121898 -43.5630109 3644495448 1776533739
3644495448 -22.9121882 -43.5630631 1776533737 3658989739
1776533737 -22.9121849 -43.5632044 3644495450 3658989737 3644495448
3644495447 -22.9121773 -43.5647301 1776533735
2984797541 -22.9121699 -43.561562 2589801703
2589801698 -22.912164 -43.5619287 2589801697
3644495446 -22.9121561 -43.564478 1776533737
3644495445 -22.9121544 -43.5645312 3644495446
1776533735 -22.9121484 -43.5647169 3644495445 3644495451
2589801704 -22.9121248 -43.5615885 2984797541 1776533742
1777087307 -22.9121216 -43.5665732 1777087308 1777087305
2589801697 -22.9121195 -43.5619002 2607407411
2607407413 -22.9120883 -43.5616278 2589801704
3644495444 -22.9120867 -43.5648593 1777087306
3658989738 -22.912084 -43.560415 1776533741 3658989735
2607407411 -22.9120803 -43.5618529 2607407410
3658989737 -22.912068 -43.5631999 1776533719
1776533734 -22.9120634 -43.5616766 2607407413
2607407410 -22.9120571 -43.5617945 3658989736
3658989736 -22.9120522 -43.5617311 1776533721 1776533734
1777087306 -22.9120118 -43.564914 349304687 1777087314
1777087305 -22.9119089 -43.5668289 1777087304 3775712805 1777087307
1777087304 -22.9118919 -43.5673273 3775300503 1777087292 1777087305
3775300503 -22.9118676 -43.5675512 1777087304 1777087303
1777087303 -22.9117729 -43.5684257 1777087285 3775300503 1777087310 1777087302
3775712809 -22.9117316 -43.5664833 3775712808
1777087302 -22.9117112 -43.5695354 1777087281 1777087303 1777087301
1777087301 -22.9117049 -43.5697641 1777087309 1777087302
3775712808 -22.9116625 -43.5664941 3775712807 3775712809
3775712807 -22.911613 -43.5665316 3775712806 3775712808
3775712806 -22.9115982 -43.5666657 3775712807 3775712805
3775712805 -22.911588 -43.5668166 1777087293 1777087305 3775712806
349304687 -22.9109436 -43.5657028 1759808270
3658989735 -22.9105394 -43.5603669 1754088769 3658989738
1759808270 -22.9105333 -43.5660092 349304681
3644495443 -22.9104967 -43.565934 1776533735
349304681 -22.9104059 -43.5660885 349304678 1777087293
349303778 -22.910375 -43.5659909 3644495443
1777087293 -22.9103578 -43.5667694 3775712805 349304681 1777087292
1777087292 -22.9103151 -43.5672183 1777087304 1777087285 1777087251 1777087293
2879182250 -22.9102863 -43.5660192 349303778
349304678 -22.9102551 -43.5661486 1759808278
1777087285 -22.9102512 -43.5683038 1777087247 1777087303 1777087292 1777087281
1754088769 -22.9102329 -43.5603573 3658989734 1776533707 3658989735
3658989734 -22.9102277 -43.5605601 1776533721
1759808278 -22.9102163 -43.5661567 3644495441
1776533721 -22.9101996 -43.5616615 1776533719 1776533690 3658989736
1777087281 -22.9101634 -43.5693828 1777087285 1777087246 1777087302 1777087276
1776533719 -22.9101501 -43.5631257 3793508093 1776533718
3644495441 -22.910115 -43.5661707 3644495440
1776533718 -22.9100982 -43.5646612 1776533735 349303779
349303779 -22.910053 -43.5660533 2626382402 2879182250
3644495440 -22.9100133 -43.5661727 349304674
2626382402 -22.9100042 -43.566098 3644495438
3644495439 -22.9099496 -43.5660563 349303779
3644495438 -22.9099187 -43.5661293 349304674
349304674 -22.9097925 -43.5661568 1777087254
3658989733 -22.9092783 -43.5600355 3520057875
3520057875 -22.9092373 -43.5601317 1776533707
1776533707 -22.9091964 -43.5603139 1754088769 1776533705
1776533705 -22.9091593 -43.5604635 1776533672 3658989732 1776533707
349303780 -22.9091373 -43.5659682 3644495439
1777087254 -22.9091233 -43.566081 349296948 1777087251
3658989732 -22.9091136 -43.5606711 3658989731 1776533705
1777087251 -22.9090393 -43.5671048 1777087254 1777087224 1777087292 1777087247
3658989731 -22.9090084 -43.5609559 1776533700 3658989732
1777087247 -22.9089238 -43.5681834 1777087214 1777087285 1777087251 1777087246
1776533700 -22.9089078 -43.5611433 1776533697 3658989731
1777087246 -22.9088504 -43.5692611 1777087202 1777087281 1777087247 1777087243
1776533697 -22.9087306 -43.5613654 1776533690 1776533700
1776533690 -22.9084988 -43.5615937 1776533686 1776533697
1776533686 -22.908257 -43.5617988 1776533682
1776533682 -22.9081592 -43.5618478 3793508098 1776533674
1776533674 -22.9079142 -43.5612474 1776533672 1776533682
1776533672 -22.9078606 -43.5611074 1776533674 3793508101 1776533705
349296731 -22.90786 -43.5657948 349303780
3795591655 -22.9078008 -43.565769 349296731
1776533670 -22.9077779 -43.5645893 1776533718 3786488201
1870122883 -22.9077752 -43.565751 3795591655
1776577070 -22.9077736 -43.5642426 1776533670
3786488201 -22.9077681 -43.5647085 3786488202
349345080 -22.9077654 -43.5641125 1776577070
3786488202 -22.9077632 -43.5647635 349296949
349296949 -22.9077575 -43.5648531 1870122864
3793508093 -22.9077476 -43.563041 1870145893
1870122868 -22.9077413 -43.5656992 1870122883
3786488200 -22.9077249 -43.5647608 349296949
1870122864 -22.9077216 -43.5656218 1870122868 349296948
349345082 -22.9077208 -43.5637961 349345080
3793508101 -22.9076928 -43.5606699 1776533672 3793508102 1776533657
1874282564 -22.9076866 -43.5647085 3786488200
349296948 -22.9076744 -43.5659537 3795591654 1759808275
3793508098 -22.9076619 -43.5620745 3793508099
1874282561 -22.9076569 -43.564683 1874282564
1739245433 -22.9076557 -43.5646255 1776533670
3795591654 -22.9076397 -43.5661154 3795591653 349296948
3793508091 -22.9076381 -43.5632849 349345082
3793508092 -22.9076315 -43.5632371 3793508091
3795591653 -22.9076278 -43.5661738 3795591654 1777087224
3793508099 -22.9076172 -43.5621013 349345084
3659290599 -22.9076046 -43.56465 1739245433
1870145893 -22.9076016 -43.5630339 1870145844 3793508092
1776533657 -22.9075944 -43.5604135 1776533703 3793508101
1874282558 -22.9075903 -43.5646783 1874282561
1759808275 -22.9075893 -43.5659478 3795591652
3795591652 -22.9075583 -43.5659464 349296893
3659290598 -22.9075519 -43.5646911 3659290599 1874282558
3429350209 -22.9075489 -43.5636974 1870145854
1870145854 -22.9074989 -43.5642649 3796916579 3429350209
3659290597 -22.9074985 -43.5647439 3659290598
349345084 -22.9074897 -43.5622016 1870145893
1870145844 -22.907482 -43.5630229 1870665196
1739245435 -22.907472 -43.56479 3659290597 1870145854
1777087224 -22.9074648 -43.5669574 3795591653 1777087221 1777087251
3796916570 -22.9074442 -43.5651191 1739245435
1870665196 -22.907413 -43.5630024 1776577068
1739245464 -22.9074122 -43.565498 3796916570
1777087221 -22.9073951 -43.5672509 1777087214 1777087224 1777087172
3659290596 -22.9073897 -43.5657752 349297037
349297037 -22.9073843 -43.565838 349297036
1739245462 -22.9073711 -43.5655732 1739245464
349297036 -22.9073645 -43.5658787 3659290595
349297038 -22.9073595 -43.5657208 3659290596
349296893 -22.9073471 -43.5659371 349296953
3659290595 -22.9073339 -43.5659069 349296953
1739245463 -22.9073309 -43.5656163 1739245462
1875608276 -22.9073225 -43.5656924 349297038
349345085 -22.9073109 -43.5616459 349345084
3793508102 -22.9072825 -43.5612759 3793508103
349296953 -22.9072769 -43.5659289 349297286
1870122922 -22.9072689 -43.5656648 1875608276 1739245463
1777087214 -22.9072545 -43.5679997 1777087211 1777087221 1777087247
3793508103 -22.9072486 -43.5613211 3793508100
3793508100 -22.9071962 -43.5614032 349345085
1777087211 -22.9071896 -43.5682775 1777087202 1777087214 1777087187
349345086 -22.9071102 -43.5612918 3793508100
3796916579 -22.9070467 -43.5642258 3301346370
1777087205 -22.9070345 -43.5697959 1777087186 1777087208 349345050
1777087202 -22.907001 -43.5690811 349345051 1777087211 1777087246
349345050 -22.9069995 -43.569583 1777087205 349345051
349345051 -22.9069769 -43.5692845 1777087202 349345050
3301346370 -22.9069632 -43.5642186 1776577060
3793508094 -22.9069247 -43.5610901 349345086
1776577068 -22.9069175 -43.5628304 1776577064
3793508095 -22.9068954 -43.56106 3793508094
3301346371 -22.9068693 -43.5656106 1870122922
3793508096 -22.9068569 -43.5607854 1776533657
3793508097 -22.906806 -43.5608089 3793508096
349345088 -22.9067102 -43.5608521 3793508097 3793508095
1875608278 -22.9066027 -43.565603 3301346371
349297286 -22.9065462 -43.5658696 349296891 1759808262
3793508104 -22.9064636 -43.5605745 349345088
3793508105 -22.9064343 -43.5605443 3793508104
1875608279 -22.906355 -43.5656212 1875608278
1776577066 -22.9063279 -43.5604138 3793508105
1870122871 -22.9062531 -43.565638 1875608279
3793508107 -22.9062431 -43.5604958 1776577066
3793508108 -22.9062339 -43.5602949 1776577066
1777087187 -22.9062108 -43.5682015 3779369872 1777087186
349345089 -22.9062015 -43.560248 3793508108
3793508106 -22.9061984 -43.5605443 3793508107
1776577064 -22.9061772 -43.5624732 1870695080
1759808262 -22.9061622 -43.5659174 1777087161
349296891 -22.9061563 -43.5658525 1759808268
1777087186 -22.9060976 -43.5696864 1777087156 1777087205 1777087187 1777087185
1776577062 -22.9060586 -43.5600025 349345089
1776577060 -22.9060566 -43.5641588 3795591633
1870695080 -22.9060185 -43.5623988 1776577049
349297275 -22.9060127 -43.5656588 1870122871
1759808268 -22.9059317 -43.565872 349295924
1875608277 -22.9058825 -43.565772 1870122871
1777087172 -22.9058093 -43.5671196 1777087221
1776577058 -22.9056954 -43.5657095 349297275
3779369872 -22.9056832 -43.5681517 1777087158 3779369873
3795591651 -22.9056629 -43.5646059 3795591650
3795591650 -22.9056426 -43.5649828 1776577052 3795591651
3779369873 -22.9056383 -43.5687791 3779369872 3779369874
1776577052 -22.9056365 -43.5650986 1776577058 3795591650
349295924 -22.9056224 -43.5659145 349295922
3779369874 -22.905621 -43.5688193 3779369875 3779369873
1875608281 -22.9056117 -43.565844 1875608277
3779369875 -22.9055716 -43.568822 3779369876 3779369874
1777087161 -22.9053862 -43.5660556 1777087155 3795591635
1777087158 -22.9052797 -43.5681137 1777087155 3779369876
1776577049 -22.9052633 -43.5620401 3795591648 3795591649
3779369876 -22.9052611 -43.5687497 1777087158 1777087156 3779369875
1873753104 -22.9052406 -43.5618999 3793508106
3795591649 -22.9052399 -43.5619727 1873753104
1777087156 -22.9052367 -43.5695858 3779369876 1777087186 1777087144
3795591648 -22.9051801 -43.5620375 3795591646
1873753115 -22.9051295 -43.5619565 1873753104
3795591646 -22.905125 -43.5620592 1776577047
349297277 -22.9051242 -43.5658243 1776577058
1776577047 -22.9050693 -43.562125 3301346382
1777087155 -22.9050681 -43.5680937 1777087161 349297516
3301346380 -22.9050669 -43.5632418 3301346381
3795591644 -22.9050652 -43.5620741 1776577047
3795591643 -22.9050407 -43.5620326 3795591644
1776577045 -22.904985 -43.5619744 3795591643 1873753115
3301346381 -22.9049534 -43.5631137 3301346382 3301346380
3301346382 -22.9046402 -43.562931 3301346381 1777087143
1776577041 -22.904496 -43.5615725 1776577045
1870806968 -22.904483 -43.5601685 1870806969
1870806969 -22.9043101 -43.5605869 1870806972 1870806968
3795591635 -22.9042626 -43.5663053 349297284
3795591634 -22.9042525 -43.5660119 349297277
3795591633 -22.9042397 -43.5640387 3795591632
1777087144 -22.904201 -43.5694647 1777087156 349297516
1870806972 -22.9041964 -43.5608015 1870806970 1870806969
3795591632 -22.9041904 -43.5640217 1777087143
1777087143 -22.9041111 -43.5639609 3795591630 3795591631
1870806970 -22.9041075 -43.560945 1870806972 1873753088
349297284 -22.9040898 -43.5663714 3301343146 349297283
349297278 -22.9040874 -43.5660219 3795591634
3795591631 -22.9040537 -43.5638968 3795591629
3795591630 -22.9040443 -43.5640877 3795591628
3795591629 -22.9040194 -43.5638586 3301343152
3795591628 -22.9040173 -43.5641389 1776577022
1873753088 -22.9040021 -43.5611155 1870806970 1776577041
3301343146 -22.9040001 -43.5663727 3795591627
3795591627 -22.9039539 -43.5663591 3301343145
3301343143 -22.9039401 -43.5660691 349297278
349297283 -22.9039178 -43.5664885 3795591625
349297516 -22.9039081 -43.5679843 349297599
3301343145 -22.9039013 -43.5663294 3795591624
3795591626 -22.9038902 -43.5661086 3301343143
3795591625 -22.90387 -43.5665085 3795591622
3795591624 -22.9038689 -43.5662734 3795591623
3301343144 -22.9038616 -43.5661539 3795591626
3795591623 -22.9038558 -43.5662152 3301343144
3795591622 -22.9038345 -43.5665129 3795591621
3301346392 -22.9038341 -43.560976 1873753088
349297279 -22.9038105 -43.5659809 349297278
3301346391 -22.9037971 -43.5609492 3301346392
3795591621 -22.9037839 -43.566503 349297282
3795591620 -22.9037754 -43.5649556 1776577052
3795591619 -22.9037688 -43.5666963 349297282
349297598 -22.903768 -43.5667331 3795591619
349297282 -22.9037548 -43.5664912 349297281
671073606 -22.9037437 -43.5609077 3301346391
349297599 -22.9037321 -43.567077 349297598 3795591617
3795591618 -22.9037201 -43.5659792 349297279
349297280 -22.9036834 -43.5659853 3795591618
3795591617 -22.9036718 -43.5667567 349297515
349297515 -22.9036644 -43.5667176 349297513
3786488197 -22.903659 -43.568445 3016654285
349297281 -22.9036393 -43.5660211 349297555 349297280
1776577022 -22.9036276 -43.5648919 3795591620
349351475 -22.9035924 -43.5680771 3786488197 3016654271
3016654271 -22.9035806 -43.5681554 3016654270
3786488198 -22.9035651 -43.5679323 349351475
3016654270 -22.9035591 -43.5682067 3016654269
1734252877 -22.9035526 -43.5678681 3786488198
349297555 -22.903546 -43.5655648 3795591613 3795591616
3795591616 -22.9035411 -43.5654616 3795591614
3016654269 -22.9035386 -43.5682371 349351474
3795591615 -22.9035138 -43.5651144 1776577022
349351474 -22.9035107 -43.5682546 3016654267 3016654268
3795591614 -22.9035036 -43.5652748 3795591612
3795591613 -22.9035026 -43.5654857 349297513
3795591612 -22.9035026 -43.5651836 3795591615
3795591611 -22.9034669 -43.5674069 1734252877
3016654268 -22.9034489 -43.5678899 3786488196
3786488196 -22.903444 -43.5678545 349298164
3016654267 -22.9034225 -43.5682488 349351376
3795591610 -22.9033973 -43.5673651 3795591611
349351376 -22.9033881 -43.5682406 349351375
349298164 -22.9033531 -43.56736 3016654263 3795591610
3016654266 -22.9033418 -43.5667333 3795591611
349297513 -22.9033408 -43.5650904 349297512
1743106914 -22.9033289 -43.5666773 3016654266
349297816 -22.9032967 -43.566501 1743106914 2988721675
349351375 -22.903287 -43.5682168 1777228823 3795591608
2988721675 -22.9032859 -43.5665605 3016654265
3016654265 -22.9032708 -43.5665979 2988721674
3016654263 -22.9032676 -43.5668384 3016654262
3016654262 -22.9032601 -43.5668011 3016654264
3795591609 -22.9032506 -43.5674906 349298164
2988721674 -22.9032461 -43.5666259 3016654264
1777228823 -22.9032458 -43.5688434 349351375 3016654287
349297817 -22.9032292 -43.5661711 349297816
3016654264 -22.9032193 -43.5666433 2988721673 349298022
3795591608 -22.9031982 -43.5681911 3796916581 1872093935
2988721672 -22.9031937 -43.5661093 349297817
349298022 -22.9031883 -43.5664973 349297818
3016654287 -22.9031878 -43.5692006 1777228823 1777228822
2988721673 -22.9031762 -43.5666516 349297815
2988721671 -22.9031603 -43.5660789 2988721672
1872093935 -22.9031394 -43.5681255 1872093921
2988721670 -22.9031353 -43.5660746 2988721671
1872093994 -22.9031142 -43.5679861 3795591609
1872093921 -22.9031126 -43.5680613 1872093994
349297815 -22.9031087 -43.5666548 349297814
349297818 -22.9031071 -43.5660784 3786488199 2988721670
3786488199 -22.9030848 -43.5659334 349298163
1777228822 -22.9030845 -43.5695135 3016654287 3016654286
3301346388 -22.9030799 -43.5603191 671073606
349297814 -22.9030708 -43.5666504 1759808272
349297912 -22.9030706 -43.565256 349297817
349297512 -22.90307 -43.5638238 3301343151
349351206 -22.9030667 -43.568048 1872093994
349298163 -22.9030592 -43.5657699 3016654259
3016654259 -22.903045 -43.5655558 2988721666 3016654261
3016654261 -22.9030302 -43.5653172 1872094004
3796916581 -22.9030286 -43.5681247 1734252940
349351207 -22.9030203 -43.5680683 349351206
1873753086 -22.9029757 -43.5602267 3301346388
3301343152 -22.9029588 -43.5626746 3301343149
1734252940 -22.9029582 -43.5680774 349351374 349351207 1777228814
2988721666 -22.9029286 -43.5655234 2988721665
3301346389 -22.9029273 -43.5601817 1873753086
3301346390 -22.9029187 -43.5602959 1873753086
1777228814 -22.9029182 -43.5688936 1734252940 3016654273
349297941 -22.9029141 -43.5644065 349297912 3016654260
1872094004 -22.9029119 -43.5646494 1872094010
3301343149 -22.9029025 -43.5626123 1005299692
3016654273 -22.9028785 -43.5691016 1777228814 3016654272
1872094010 -22.9028767 -43.5646 1872093920
2988721665 -22.9028705 -43.565508 1776520390
3301343151 -22.9028632 -43.5627237 3301343150
3301343150 -22.9028475 -43.5626402 1005299692
3016654260 -22.9028452 -43.5644766 1872094009
1872093920 -22.9028371 -43.5645678 1872094009
3796916580 -22.9028357 -43.5640807 349297941
1776520390 -22.9028194 -43.5655065 2967479965
3016654272 -22.902816 -43.5693311 3016654273 3016654274
671073607 -22.9028144 -43.5612606 671073606
1005299692 -22.9028001 -43.5623882 1777087138
1734252981 -22.9027988 -43.5679798 1734252940
3793508072 -22.9027695 -43.5612763 671073607
1777087138 -22.9027536 -43.5620884 671073632
1872094009 -22.9027527 -43.5645419 1734189021
3301346384 -22.9027214 -43.5605352 3301346390
1759808272 -22.9027031 -43.5666214 349297813
671073632 -22.9026907 -43.5615594 671073608
1776520387 -22.9026818 -43.5634071 3796916580
349351374 -22.9026767 -43.5680155 349350290
349297821 -22.9026747 -43.5662614 349297818
671073608 -22.9026624 -43.5613253 3793508072 671073631
1873753107 -22.9026498 -43.5600012 1873753110
671073631 -22.9026482 -43.5611771 3301346387
3301346387 -22.9026432 -43.5611262 671073612
671073611 -22.9026377 -43.5606367 3301346384
349297813 -22.9026253 -43.5666187 2912773638
1873753087 -22.9026056 -43.5600415 1873753107
671073612 -22.9026043 -43.5606931 671073611 2362725119
2362725119 -22.902572 -43.560431 1871775082
349350290 -22.9025599 -43.56801 1734252901
1871775082 -22.9025509 -43.56026 1873753112
1873753112 -22.9025417 -43.5601663 1873753087 1871775102
1871775102 -22.9025361 -43.5601098 1871775087
2988721661 -22.9025309 -43.5679282 2988721660 1734252954
2988721660 -22.9025264 -43.5678928 2988721659 2988721661
1734252954 -22.9025246 -43.5679633 1734252793 2988721661
2988721659 -22.9025116 -43.5678609 2988721660 349351209
1734252793 -22.9025083 -43.5679943 1734252954 1734252791
1318030309 -22.9025054 -43.5624591 1776520387 1318030310
349351209 -22.9024881 -43.5678359 1734252981 2988721659 1734252892
1734252791 -22.9024835 -43.5680179 1734252901 1734252793
1734252892 -22.9024565 -43.5678199 349351211 349351209
1734252901 -22.9024531 -43.5680316 349350288 2988721657 1734252791
2996739375 -22.9024374 -43.5677677 349351209
349351211 -22.9024218 -43.5678165 1734252892 349351212
2988721657 -22.9024216 -43.568034 1734252901 2988721656
349350288 -22.9024082 -43.5681238 1734252899
2988721656 -22.902391 -43.5680257 2988721654 2988721657
2996739378 -22.902391 -43.5677522 2996739375
349351212 -22.9023881 -43.5678263 349351211 1734252891
1734252899 -22.9023689 -43.5682295 2996739364
2988721654 -22.9023643 -43.5680075 2988721652 2988721656
1734252891 -22.9023596 -43.5678478 2988721651 349351212
2988721652 -22.9023441 -43.5679812 2988721654 1871595356
2996739376 -22.9023423 -43.5676792 2996739375
2988721651 -22.9023395 -43.5678787 1734252891 349351213
2996739381 -22.9023392 -43.5677429 2996739378
1871595356 -22.9023324 -43.5679494 2988721652 349351213
2996739364 -22.9023314 -43.5683611 2996739365 349350287
349350287 -22.9023306 -43.5685096 2996739364 349350285 1776504228
349351213 -22.9023303 -43.5679152 2988721651 2996739383 1871595356
2996739383 -22.9023243 -43.5678624 2988721648
349351214 -22.9023186 -43.5680473 349351213
2996739365 -22.9023141 -43.5682404 349351214
2996739379 -22.9023108 -43.5677445 2996739381
2988721648 -22.9023082 -43.5678202 2577040213
349350285 -22.9023042 -43.5690773 2988721650 349350287 1776504223
1734132455 -22.9022988 -43.5614009 1318030309
2577040213 -22.9022768 -43.5677537 2996739379 2988721646 2996739382
2988721650 -22.9022721 -43.5693026 2996739366 349350285
2996739382 -22.9022427 -43.5677691 2996739380 2577040213
2996739377 -22.9022335 -43.567592 2996739376
2988721646 -22.9022265 -43.5676518 1734252814
2996739380 -22.9022073 -43.5677753 1776504212 2996739382
2996739366 -22.9021856 -43.5696379 349350284 2988721650
2967479966 -22.9021754 -43.5663826 349297821
1734252814 -22.9021536 -43.5675445 2996739377 1734252835
1734132450 -22.9021306 -43.5605845 1734132455
2362725128 -22.9021148 -43.5605052 1734132450
349350284 -22.9020942 -43.5698927 349351219 2996739366 1776504208
2967479965 -22.9019992 -43.5656781 2577040211
1776504231 -22.9019401 -43.5688332 1776504226
1734252835 -22.9017398 -43.567203 1734252838 1734252814
1776504223 -22.9015263 -43.5690202 349350285 2988721637 1776504221
1734252838 -22.9015207 -43.5670851 1734252842 1734252835
1776504228 -22.9015188 -43.5684165 1776504226 349350287 1776504214
1776504221 -22.9014889 -43.5692825 1776504223
1776504226 -22.901487 -43.5687926 1776504231 1776504228 2988721637
2912773638 -22.9014849 -43.566833 3301821785 2996739371 2988721636
2988721637 -22.9014776 -43.568941 1776504226 1776504223
2996739374 -22.9014738 -43.5670476 1734252838
2996739371 -22.9014454 -43.5668853 2996739372
2996739373 -22.901438 -43.567006 2996739374
2988721636 -22.9014281 -43.5668853 2988721635
2996739372 -22.9014268 -43.5669215 2996739370
2996739370 -22.9014219 -43.5669617 2996739373
2988721635 -22.9013447 -43.5669712 1734252842
3301821785 -22.9013096 -43.5668721 1759808279
1734252842 -22.9012492 -43.5670261 1734252845
1318030310 -22.901124 -43.5627823 1318030312
1776504214 -22.9010076 -43.568343 1776504210 1776504228
349295922 -22.9010074 -43.5668192 1759808269
259657405 -22.9009988 -43.5667515 1875608281
1776504212 -22.9009908 -43.5677498 2996739380
1734252845 -22.9009884 -43.5670975 1734252846
3301821800 -22.9009517 -43.561705 1734132455
1759808279 -22.9009121 -43.566955 3301821783
1776504210 -22.9009051 -43.5693215 1776504214 1776504206
1759808269 -22.9008848 -43.5668496 1759808267 349296415
1734252846 -22.9008755 -43.5671183 1734252885
1734132460 -22.9008734 -43.5617227 3301821800 1318030310
3301821783 -22.9008649 -43.5669633 2988721633
3301821801 -22.9008177 -43.5608976 1734132450
1759808267 -22.900781 -43.5669082 2988721632
1734132448 -22.9007416 -43.5609157 3301821801 1734132460
1776504208 -22.9007388 -43.5696267 349350284
1734252885 -22.9007364 -43.5671216 3301821784
3301821782 -22.9007216 -43.5666844 2967479966
3301821784 -22.9006845 -43.5671216 1776504207
3301821781 -22.9006845 -43.5666924 3301821782
2988721633 -22.9006518 -43.5670078 1759808266
1743106910 -22.9006418 -43.5668169 259657405
1776504207 -22.900605 -43.5671257 1776504203 1734252849
2988721632 -22.9005751 -43.5669794 1759808266
1739245445 -22.9005659 -43.5667173 3301821781
1743106918 -22.9005148 -43.5668067 1743106910
1734252849 -22.9004925 -43.5671183 1734252787
2988721631 -22.9004892 -43.5667266 1739245445
1776504206 -22.9004743 -43.5693114 1776504210
349297823 -22.9004706 -43.5668352 1743106910
1759808266 -22.9004702 -43.5670302 1759808277
349296415 -22.9004697 -43.5669196 1759808274
1776504203 -22.900449 -43.5697857 1776504207
2988721630 -22.900441 -43.5667836 1743106918
1743106902 -22.9004183 -43.566722 2988721631
1734189021 -22.9003971 -43.5650269 2988721629 2988721628
1734252787 -22.9003878 -43.5671054 349296412
1743106916 -22.9003785 -43.5667528 2988721630
2988721628 -22.9003728 -43.5650147 2988721627
2988721629 -22.9003597 -43.56505 2988721626
2988721627 -22.9003555 -43.5649999 2988721625
1759808277 -22.9003485 -43.5670444 349296412
2988721625 -22.9003394 -43.5649691 2205610448
2988721626 -22.9003355 -43.5650716 2988721624
2205610448 -22.9003234 -43.5649221 1776520319
2988721624 -22.9003178 -43.5650963 1743106900
1743106905 -22.900309 -43.5666973 1743106916 1743106902
2988721623 -22.9003073 -43.5649717 2205610448
1759808274 -22.9003062 -43.566922 2988721617
1743106900 -22.9003009 -43.5651331 1743106899
349296229 -22.9002933 -43.5668356 349297823
1743106899 -22.9002895 -43.565195 2577040211
2205610444 -22.9002838 -43.565012 2988721623
2988721622 -22.9002774 -43.5651425 1743106899
1743106903 -22.9002764 -43.5666465 1743106905
2988721620 -22.9002639 -43.5651194 2988721622
2988721619 -22.9002616 -43.5650361 2205610444
2577040211 -22.9002579 -43.566038 1743106901
1743106909 -22.9002551 -43.5665818 1743106903
2988721621 -22.9002471 -43.565103 2988721620
1743106901 -22.9002437 -43.5665017 1743106909
349296412 -22.9002418 -43.5670505 1759808273
2205610446 -22.9002295 -43.5650589 2988721619
2988721618 -22.9002226 -43.5650889 2988721621
3301821791 -22.9002089 -43.563918 1776520387
2205610447 -22.9001853 -43.5650806 2988721618 2205610446
349296232 -22.9001256 -43.5668122 349296229
1776520319 -22.9001157 -43.5639372 3301821791 1318030312
2988721617 -22.9001126 -43.5668916 349296409
1776504182 -22.900074 -43.5677967 2577040214 2577040221
2577040214 -22.9000424 -43.5678654 1776504170 1776504182
