3053672796 -22799828 -43562672 3053672799 3053672795
3053672795 -22799317 -43562908 3053672796 3053672793
3053672794 -22799040 -43564326 3053672792 3053672797
590224516 -22798861 -43563270 1762931840 3053672793
1762931840 -22798848 -43563759 3053672792 590224516
3053672793 -22798845 -43562995 590224518 3053672795 590224516
3053672792 -22798844 -43563936 590224514 1762931840 3053672794
590224518 -22798841 -43562927 1307886233 3053672793
590224514 -22798831 -43564397 590224513 3053672792
1307886233 -22798805 -43562675 590224518 590224521 1307886410
590224521 -22798752 -43562315 1307886233 590224523
590224513 -22798742 -43564998 1762932134 590224514
1762932134 -22798513 -43566145 590224508 590224513
590224501 -22798485 -43568216 590224499 590224503
590224508 -22798465 -43566382 590224506 1762932134
590224503 -22798455 -43567379 590224501 590224506
1307886410 -22798452 -43562706 1307886233 1307886335
590224499 -22798446 -43568720 590224496 590224501
590224506 -22798416 -43566875 590224508 590224503
590224496 -22798307 -43569042 590224494 590224499
590224523 -22798218 -43560781 590224521 590224526
590224526 -22798109 -43560373 590224523 1314167829
1314167829 -22798062 -43560130 590224529 1314167506 590224526
590224529 -22798040 -43560019 1314167829 590224531
1307886335 -22797928 -43562851 1762932099 1307886410
1762932099 -22797819 -43562889 1307886341 1307886335
1314167506 -22797646 -43560319 1314167829 1314167543
1307886341 -22797508 -43562996 1307886400 1762932099
590224494 -22797447 -43569965 590224493 590224496
1762932209 -22797389 -43565925 1762932262
1307886400 -22797320 -43563162 1307886339 1307886341
1314167543 -22797216 -43560496 1314167506 1314167544
1307886339 -22797013 -43563500 1307886379 1307886400
1314167544 -22796974 -43560555 1314167543 1314167492
1307886379 -22796781 -43563618 1307886309 1307886339
1314167492 -22796771 -43560545 1314167681 1314167544
1314167681 -22796509 -43560459 1314167492 1314167678
1307886309 -22796469 -43563677 1307886379 1762932262
1762932262 -22796404 -43563656 1307886309 1762932209 1307886380
1307886380 -22796370 -43563645 1307886254 1762932262
1314167678 -22796192 -43560309 1314167681 1314167458
1307886254 -22796128 -43563516 1307886371 1307886380
1762931848 -22795856 -43565169 1762932400
1307886371 -22795643 -43563093 1307886420 1307886254
1314167458 -22795619 -43560153 1314167678 1314167553
1307886420 -22795431 -43562964 1307886383 1307886371
1314167553 -22795297 -43560078 1314167458 1314167825
1307886383 -22795198 -43562905 1307886396 1307886420
1314167825 -22795055 -43560105 1314167648 1314167553
1762932111 -22794996 -43568448 1762931905 1762932084 1762931901
1307886396 -22794986 -43562964 1307886383 1307886429
1762931901 -22794912 -43568543 1762932111 1762932147
1762932147 -22794823 -43568559 1762931901 1762932311 1762931820
1314167648 -22794773 -43560174 1314167542 1314167825
1762932311 -22794660 -43568528 1762931826 1762932147
1762931905 -22794447 -43567835 1762932111 1762932425 1762932432
1762932425 -22794294 -43567622 1762931905 1762932037
1762932037 -22794244 -43567477 1762932425 1762931875
1314167542 -22794244 -43560276 1314167648 1314167630
1762931875 -22794214 -43567272 1762932037 1762932400
1762932400 -22794199 -43565899 1762931848 1762931875 1762932125
1307886429 -22794194 -43563221 1762932122 1307886396
1762932125 -22794185 -43565019 1762932400 1762932122
1762932122 -22794121 -43563242 1762932125 1307886242 1307886429
1307886242 -22794061 -43563259 1307886305 1762932122
1307886305 -22793898 -43563382 1307886421 1307886242
1314167630 -22793749 -43560330 1314167542 1314167182
1307886421 -22793749 -43563602 1307886279 1307886305
1307886279 -22793542 -43564004 1307886421 1307886278
1314167182 -22793482 -43560292 1314167630 1314167531
1762931826 -22793344 -43568533 1762932146 1762932293 1762932311
1762932432 -22793225 -43567830 1762931905 1762932462 1762931800
1762932462 -22793210 -43566585 1762932432 1762932337 1762931961
1307886278 -22793205 -43564557 1762932337 1307886279
1762932337 -22793159 -43564622 1307886434 1307886278 1762932462
1314167531 -22793136 -43560287 1314167752 1314167182
1307886434 -22792824 -43565093 1307886391 1762932337
1314167752 -22792760 -43560282 1314167397 1314167531
1307886391 -22792587 -43565485 1307886401 1307886434
1314167397 -22792513 -43560255 1314167752 1314167702
1307886401 -22792478 -43565855 1307886391 1307886355
1307886355 -22792365 -43566408 1307886401 1762931961
1762932146 -22792291 -43568541 1762931864 1762931826 1762931824
1762931961 -22792271 -43566619 1307886387 1307886355 1762932462
1307886387 -22792251 -43566665 1307886311 1762931961
1314167702 -22792197 -43560153 1314167397 1314167590
1762931824 -22792068 -43568543 1762932146 1762932079
1307886311 -22792058 -43567057 1307886407 1307886387
1762932079 -22791974 -43568549 1762931805 1762931824
1314167590 -22791816 -43560078 1314167702 1314167313
1307886407 -22791781 -43567518 1762931800 1307886311
1762931805 -22791618 -43568640 1762932079 1307886419
1762931800 -22791596 -43567773 1307886407 1307886360 1762932432
1307886360 -22791374 -43568080 1307886247 1762931800
1307886247 -22791291 -43568317 1307886419 1307886360
1307886419 -22791188 -43568714 1307886404 1762931805 1307886247
1307886404 -22791118 -43568800 1307886359 1307886419
1307886359 -22790851 -43568891 1307886404 1307886258
1307886258 -22790213 -43568950 1307886359 1762932241
1314167755 -22789941 -43560062 1314167631 1314167285
1314167285 -22789793 -43560105 1314167755 1314167200
1314167200 -22789615 -43560099 1314167285 1314167731
1314167731 -22789422 -43560040 1314167200 1314167679
1762932208 -22789408 -43569258 1762932289 1762932241
1762932241 -22789398 -43569015 1307886275 1307886258 1762932208
1762932289 -22789373 -43569675 1762932450 1762932208
1314167679 -22789367 -43560019 1314167731 1314167505 1314167734
1314167734 -22789195 -43560067 1314168006 1314167679
1314168006 -22789036 -43560105 1314167734 1314167921 1314167459
1314167459 -22788715 -43560105 1314168006 1314167808
1314167808 -22788487 -43560067 1314167656 1314167459
1314167656 -22788324 -43560067 1314167808 1314167491
1314167491 -22788215 -43560137 1314167656 1314167671
1307886275 -22788171 -43569111 1307886416 1762932241 1314167146
1314167146 -22788121 -43567229 1307886275 1314167655
1314167655 -22788121 -43566935 1314167887 1314167146
1314167887 -22788121 -43566569 1314167158 1314167655
1314167671 -22788102 -43560368 1314167491 1314167395
1314167683 -22788077 -43563913 1314167733 1314167504
1314167158 -22788062 -43565024 1314167887 1314167508
1314167508 -22788062 -43564418 1314167158 1314167201
1314167395 -22788057 -43560700 1314167671 1314167632
1314167201 -22788047 -43564251 1314167733 1314167508
1314167504 -22788047 -43562535 1314167171 1314167683
1314167171 -22788013 -43562261 1314167409 1314167504
1314167733 -22788003 -43564090 1314167201 1314167683
1314167632 -22787993 -43560931 1314167815 1314167395
1314167409 -22787978 -43562079 1314167440 1314167171
1314167440 -22787859 -43561934 1314167611 1314167409
1314167815 -22787849 -43561215 1314167482 1314167632
1314167611 -22787790 -43561811 1314167640 1314167440
1314167640 -22787755 -43561639 1314167482 1314167611
1314167482 -22787755 -43561419 1314167815 1314167640
1762931900 -22787553 -43569907 1762932235 1762931833
1762932235 -22787528 -43569681 1762931900 1307886416
1307886416 -22787444 -43569144 1307886275 1762932235 1307886411
1307886411 -22786544 -43569095 1307841369 1307886416
1307841369 -22786316 -43569133 1307841341 1307886411 1307840799
1307841341 -22785935 -43569187 1307841059 1307841369 1307840688
1307840807 -22785595 -43569739 1307841602 1307841604 1307840688
1307840688 -22785565 -43569266 1307841078 1307840807 1307841341
1307841078 -22785238 -43569337 1307840688 1307841223
1307841602 -22785206 -43569774 1307840807 1307841028 1307840895
1307841223 -22785044 -43569379 1307841078 1307841102 1307840895
1307840895 -22784951 -43569798 1307841602 1307841223 1307841031
1307841102 -22784941 -43569401 1307841024 1307841223
1307841024 -22784763 -43569406 1307841257 1307841102
1307841257 -22784704 -43569417 1307841015 1307841024 1307840678
1307841015 -22784476 -43569423 1307841407 1307841257
1307841407 -22783818 -43569471 1307841015 1307841183 1307841391
1307841183 -22783672 -43569783 1307841407 1307840678 1307841103
1307841391 -22782918 -43569455 1307841407 1768707819
1768707819 -22782625 -43569407 1307840695 1307841391
1307840695 -22781959 -43569299 1768707520 1768707819 1307841103
1768707520 -22781883 -43569286 1768707726 1307840695
1768707726 -22781275 -43569176 1307841527 1768707520
1307841527 -22781004 -43569128 1768707726 1307840967
1307840967 -22780965 -43569211 1307841105 1307841527 1307841601
1307841601 -22780930 -43569286 1307841512 1307840967 1307841475
1307841475 -22780831 -43569240 1307841411 1307841601
1307841512 -22780796 -43569572 1307841405 1307841185 1307841601
1307841447 -22780767 -43568457 1307841508 1307841398
1307841508 -22780747 -43567963 1307841447 1307840893
1307841398 -22780745 -43568554 1307841447 1307841062 1307841218
1307841062 -22780685 -43568828 1307841398 1307840909 1307841218
1307841411 -22780673 -43569160 1307841475 1307840909
1307840893 -22780633 -43567518 1307841510 1307841508
1307840909 -22780618 -43569128 1307841085 1307841062 1307841411
1307841218 -22780599 -43568644 1307841022 1307841062 1307841522 1307841398
1307841185 -22780556 -43569906 1307841021 1307841096 1307841512
1307841085 -22780346 -43569074 1307840921 1307840909
1307840921 -22780306 -43569078 1307841022 1307841085 1307841001
1307841510 -22780237 -43566475 1307840671 1307841522 1307840893
1307841022 -22780209 -43568886 1307841547 1307840921 1307841001 1307841218
