1065032354 -22799986 -43176399 1065032178 1065032234
1065032220 -22799936 -43175487 1065032212 1065032210
1065032234 -22799921 -43176426 1065032181 1065032354
1065032212 -22799902 -43175589 1065032220 1065032298
1065032298 -22799887 -43175686 1065032460 1065032212
1065032181 -22799867 -43176404 1065032204 1065032234
628153056 -22799859 -43177794 628153074 628153053
628153074 -22799711 -43177966 628153056 628153079
1065032258 -22799546 -43177040 628153153 628153160 1065032467
1065032467 -22799546 -43176833 1065032258 1065032457
1065032457 -22799546 -43176710 1065032429 1065032467
1065032429 -22799476 -43176592 1065032250 1065032457
628153160 -22799459 -43177059 1065032258 628153168
628203976 -22799453 -43174466 3755324380 1065032221 628203985
1065032204 -22799422 -43176040 1065032262 1065032181
628153079 -22799417 -43178938 628153074 628153084
628153084 -22799382 -43179288 2609823161 628153079
628153168 -22799375 -43177127 628153160 628153172
1065032250 -22799358 -43176506 1065032429 628203868
628153172 -22799326 -43177189 628153168 628153175
1065032262 -22799313 -43176007 1065032204 1065032264
628203868 -22799255 -43176432 628203866 1065032250 628203870
1065032264 -22799239 -43176050 628203864 1065032262
628203866 -22799226 -43176314 628203864 628203868
628203985 -22799196 -43174469 628203999 628203976
628153175 -22799189 -43177895 628153172 628153180
628203870 -22799176 -43176443 628203872 628203868
628203864 -22799156 -43176153 628203862 628203866 1065032264
628153180 -22799116 -43178011 628153175 628153184
3755324380 -22799098 -43174185 628203976 278088599
628203862 -22799097 -43176046 628203860 628203864
628203999 -22799029 -43174491 628203985 628204005
278088599 -22799010 -43174072 3755324380 3755324376
628204035 -22799004 -43175292 628204031 628204038
628203872 -22798998 -43176550 628203874 628203870
628204031 -22798994 -43175197 628204025 628204035
628204038 -22798986 -43175371 628204035 628204042
3755324376 -22798945 -43173966 278088599 278088600
628204005 -22798918 -43174608 628203999 628204010
278088600 -22798909 -43173842 3755324376 278088601
628204025 -22798906 -43175053 628204031 628204020
628203860 -22798899 -43176014 628203862 628203858
278088601 -22798898 -43173572 278088602 278088600
278088602 -22798889 -43173457 278088601 3755324374
628204042 -22798879 -43175445 628204038 628204046
1065032257 -22798878 -43177225 628203894
628204010 -22798865 -43174709 628204016 628204005
628204020 -22798854 -43174940 628204016 628204025
628153184 -22798847 -43178121 628153188 628153180
628204016 -22798844 -43174822 628204010 628204020
628153219 -22798823 -43179782 628153206 628153222
628203874 -22798810 -43176754 628203872 628203888
628204046 -22798771 -43175445 628204050 628204042
628203858 -22798751 -43175993 628203854 628203860
628203888 -22798731 -43176894 628203874 628203894
3755324374 -22798707 -43173043 278088602 3755324372
628153188 -22798667 -43178137 3755324371 628153184
628204050 -22798662 -43175413 628204054 628204046
628203894 -22798642 -43177023 1065032257 628203899 628203888
628204054 -22798603 -43175349 628204050 628204058
628203854 -22798583 -43175982 628203850 628203858
3755324372 -22798579 -43172860 278088603 3755324374
3755324371 -22798575 -43178098 628153188 628153192
628204058 -22798563 -43175156 628204054 628204064
628204064 -22798563 -43175038 628204058 628204068
628203899 -22798553 -43176915 628203894 628203904
628204068 -22798504 -43174759 628204064 628204072
628153206 -22798493 -43178866 628153219 628153200
628203850 -22798454 -43175982 628203846 628203854
278088603 -22798444 -43172715 3755324372 278088604
628203904 -22798444 -43176722 628203909 628203899
628204088 -22798425 -43173686 628204083 628204091
628204091 -22798425 -43173471 628204098 628204088
628203909 -22798395 -43176701 628203904
628204072 -22798395 -43174458 628204068 628204075
628204098 -22798375 -43173343 628204091 628204100
628204083 -22798355 -43173976 628204079 628204088
628204075 -22798345 -43174308 628204079 628204072
628204079 -22798326 -43174136 628204083 628204075
628203846 -22798306 -43175939 628203841 628203850
628204100 -22798256 -43173203 628204098 628204103
628153200 -22798238 -43178443 628153197 628153206
628203841 -22798177 -43175842 628203846 628203837
628153192 -22798175 -43177764 3755324371 628153197
628153197 -22798068 -43177688 628153192 628153200 1065032428
606291232 -22798062 -43176428 606291235 606291230
606291235 -22798059 -43176382 606291237 606291232
628203837 -22798059 -43175542 628203832 628203841
606291230 -22798047 -43176508 606291227 606291232
628203832 -22798041 -43175453 628203826 628203936 628203837
606291237 -22798034 -43176305 606291235 606291240
606291227 -22798007 -43176577 606291225 606291230
628204103 -22797999 -43173074 628204109 628204100
606291240 -22797986 -43176243 606291237 606291243
628203826 -22797979 -43175145 628203821 628203832
628203821 -22797960 -43174941 628203815 628203826
606291225 -22797938 -43176632 606291223 606291227 628204382
606291243 -22797927 -43176204 606291240 606291246
628204211 -22797900 -43173847 628204207 628204215
628204215 -22797900 -43173718 628204211 628204219
628204327 -22797871 -43179673 628204322 628204332
628203936 -22797871 -43175338 628203941 628203832
606291223 -22797866 -43176654 606291220 606291225
628203815 -22797861 -43174769 628204183 628203821 628203810
606291246 -22797854 -43176187 606291243 606291249
628204207 -22797851 -43173954 628204194 628204211
628204219 -22797851 -43173514 628204222 628204215
628204183 -22797801 -43174598 628203815 628204187
606291220 -22797791 -43176647 606291223 606291218
606291249 -22797780 -43176198 606291246 606291252
628203810 -22797762 -43174651 628203815 628203806
628204194 -22797762 -43174126 628204191 628204207
628204332 -22797752 -43179447 628204327 628204337
628204187 -22797752 -43174437 628204183 628204191
1065032428 -22797746 -43177837 628153197 1065032305
628204191 -22797742 -43174265 628204187 628204194
606291252 -22797731 -43176223 628204477 606291249 606291255
628204222 -22797722 -43173375 628204226 628204219
628204109 -22797722 -43172978 628204103 628204116
1065032397 -22797716 -43178148 1065032305
1065032305 -22797716 -43177923 1065032397 1065032428
606291218 -22797706 -43176598 606291215 606291220
628203941 -22797703 -43175263 628203936 628203946
628204477 -22797693 -43175993 606291252 628204459
606291255 -22797675 -43176278 606291252 606291259
278088604 -22797669 -43172346 278088603 278088605
606291215 -22797658 -43176535 606291213 606291218
606291259 -22797641 -43176350 606291255 606291213
606291213 -22797634 -43176459 606291215 606291259
628204459 -22797633 -43175885 628204454 628204477
628203806 -22797613 -43174630 628203810 628203797
628204226 -22797564 -43173343 628204222 628204230
628204454 -22797534 -43175842 628204448 628204459
628203797 -22797524 -43174630 628203787 628204157 628203806
628203787 -22797465 -43174716 628203749 628203797
628203946 -22797435 -43175381 628203941 628203950
628204116 -22797435 -43173021 628204109 628204121
628204230 -22797386 -43173364 628204226 628204232
628204337 -22797376 -43178857 628203334 628204332
628204157 -22797376 -43174491 628204153 628203797
628203334 -22797346 -43178825 628204337 628204342 628203332
628204382 -22797337 -43177194 628204376 606291225
628204448 -22797337 -43175821 628204454 628204443
628203749 -22797337 -43174769 628203787 628203740
2908382700 -22797332 -43179973 2908383401 2908382699
628204232 -22797287 -43173461 628204230 628204237
628203332 -22797267 -43178911 628203334 628203311
278088605 -22797250 -43172311 278088606 278088604
2908383401 -22797239 -43179839 628203409 2908382700
628203309 -22797228 -43179125 628203311
628204153 -22797228 -43174394 628204148 628204157
628204376 -22797218 -43177387 628204357 628204382
628204121 -22797208 -43173139 628204127 628204116
628204237 -22797188 -43173643 628204232 628204139
628204443 -22797159 -43175896 628203961 628204448
628203311 -22797139 -43179050 628203309 628203313 628203332
628204148 -22797139 -43174265 628204144 628204153
628203409 -22797122 -43179767 2908383401 628203407
628204342 -22797119 -43178578 628203334 628204347
628203950 -22797109 -43175649 628203946 628203388
628204144 -22797099 -43173976 628204139 628204148
628204139 -22797099 -43173847 628204134 628204144 628204237
628204134 -22797099 -43173579 628204127 628204139 1065032231
628203740 -22797089 -43174920 628203749 628203733
628204127 -22797089 -43173343 628204134 628204121
628204357 -22797079 -43177613 628204353 628204376
628203388 -22797051 -43175779 628203389 628203950 628203956
628203956 -22796971 -43175960 628203961 628203388
628203961 -22796961 -43176057 628203956 628204437 628204443
1065032231 -22796959 -43173701 628204134 1065032282
628203313 -22796951 -43178922 628203314 628203311
278088606 -22796941 -43172466 278088605 278088607
628204437 -22796931 -43176304 628204430 628203961
628204347 -22796921 -43177934 628204342 628204353
628204430 -22796921 -43176776 628204422 628204437
628204422 -22796891 -43177001 628204416 628204430
628203389 -22796891 -43175628 628203391 628203388
628204353 -22796882 -43177774 628204407 628204347 628204357
628203407 -22796852 -43179769 628203400 628203409
1065032282 -22796850 -43173862 1065032231 1065032374
628204416 -22796822 -43177141 628204411 628204422
1065032374 -22796806 -43173980 1065032282 1065032276
278088607 -22796783 -43172727 278088606 2619086980
628203314 -22796783 -43178878 628203313 628203316
628204407 -22796763 -43177559 628204353 628203677
628204411 -22796743 -43177248 628204416 628203677
628203733 -22796733 -43175113 628203391 628203740
628203677 -22796713 -43177387 628203683 628204407 628204411
2619086978 -22796700 -43173011 278088607 2619086979
2619086979 -22796678 -43172879 2619086980
1065032276 -22796677 -43174248 1065032442 1065032374
606291201 -22796661 -43173126 2619086978
1065032442 -22796643 -43174452 1065032400 1065032276
2619086980 -22796600 -43172827 278088662
1065032400 -22796554 -43174618 1065032442 1065032177
628203391 -22796548 -43175286 628203389 628203727 628203733
628203683 -22796526 -43177044 628203677 628203477
628203727 -22796516 -43175317 628203719 628203391
1065032281 -22796489 -43178480 1065032370
628203316 -22796419 -43178886 628203314 628203320
628203719 -22796407 -43175563 628203709 628203727
628203400 -22796395 -43179721 2908383402 628203407
628203477 -22796377 -43176776 628203480 628203683 628203691
628203691 -22796318 -43176454 628203477 628203606
628203606 -22796315 -43176347 628203612 628203701 628203691
628203701 -22796308 -43176078 628203606 628203709
628203709 -22796308 -43175832 628203701 628203719
628203558 -22796258 -43177956 628203562 628203537
278088662 -22796253 -43172706 1065969113 278088663
628203537 -22796239 -43177720 628203530 628203558
628203612 -22796239 -43176411 628203617 628203606
1065032370 -22796237 -43178507 1065032281 1065032486
1065032177 -22796232 -43174967 1065032400 1065032211
628203480 -22796229 -43176550 628203477 628203483
628203320 -22796207 -43178923 628203322 628203316
2908383402 -22796205 -43179761 628203400 628203398
628203617 -22796160 -43176465 628203612 628203483
628203562 -22796140 -43178106 628203558 1065032486
628203530 -22796120 -43177516 628203523 628203537
1065032211 -22796079 -43175101 1065032177 1065032292
1065032486 -22796077 -43178150 628203562 628203566 1065032370
628203483 -22796071 -43176497 628203480 628203617 628203487
628203398 -22796024 -43179818 628203396 2908383402
628203322 -22796004 -43178974 628203320 628203324
628203566 -22796001 -43178203 628203569 1065032486
628203523 -22795952 -43177312 628203380 628203530
628203487 -22795942 -43176422 628203483 628203490
628203569 -22795912 -43178331 628203566 628203573
628203573 -22795893 -43178514 628203569 628203577
628203577 -22795863 -43178718 628203573 628203582
628203324 -22795843 -43179025 628203322 628203325
628203490 -22795754 -43176272 628203487 628203494
628203582 -22795734 -43178846 628203585 628203577
1065032292 -22795689 -43175507 1065032211 1065032414
628203585 -22795688 -43178859 278086129 628208386 278086131 628203582
1065969113 -22795685 -43173327 1065969104 606291184 278088662
628203325 -22795655 -43179136 628203324 628203327
278086129 -22795643 -43179062 628203585 628203327
628203494 -22795616 -43176100 628203490 628203498
628203327 -22795547 -43179320 278086128 278086129 628203325
278086131 -22795513 -43177727 628203585 3064224651
628203498 -22795497 -43175928 628203501 628203494
278088663 -22795438 -43172251 631867768
628208386 -22795428 -43178975 628208384 628203585
3064224651 -22795412 -43177518 278086132 278086131
278086128 -22795374 -43179701 278086127 628203327
278086132 -22795331 -43177380 3064224646 3064224651
628203501 -22795319 -43175774 628203504 628203498
1065032414 -22795262 -43175622 1065032292 628203504
628203380 -22795262 -43176670 628203519 628203376 628203523
278086127 -22795258 -43179967 278086964 3064224518 278086128
3064224646 -22795190 -43177226 278086132 278086133
628203376 -22795118 -43176689 628203375 628203380
628208384 -22795101 -43179168 628208386 628208380
628203504 -22795045 -43175742 628203501 628203511 1065032414
628203519 -22795019 -43176406 628203380 628203517
278086133 -22795007 -43177108 3064224646 628203387
628203375 -22794997 -43176687 628203376 628203373
3064224642 -22794989 -43178189 628208528 628208530
628208530 -22794983 -43178353 628208532 3064224642
628203511 -22794972 -43175834 628203504 628203513
628208528 -22794963 -43178020 628208526 3064224642
1065969104 -22794922 -43172849 1065969113 1065969203
628203517 -22794914 -43176240 628203513 628203519
628208526 -22794892 -43177861 2908387325 628208528
628203513 -22794888 -43176036 628203511 628203517
628208532 -22794884 -43179007 628208530 628208380
628208380 -22794815 -43179284 628208532 628208535 628208384 628208377
628203373 -22794807 -43176676 628203371 628203375
2908387325 -22794792 -43177754 628208526 628208524
628208524 -22794666 -43177666 628208523 2908387325
628208377 -22794607 -43179361 628208374 628208380
278087268 -22794583 -43173692 606291395 1065969203 606291184
628203371 -22794532 -43176673 628203369 628203373
628208417 -22794498 -43178374 628208415 628208420
1065969203 -22794489 -43172887 278087269 1065969104 278087268
606291184 -22794451 -43174569 1065969113 278087268 278087267
628208420 -22794448 -43178567 628208417 628208423
628208415 -22794429 -43178181 628208413 628208417
278087269 -22794385 -43172336 2908387323 1065969203 3890962107
628203369 -22794367 -43176626 628203366 628203371
2908387323 -22794354 -43172176 278087269 278087270
628208423 -22794340 -43178664 628208420 628208426
278087267 -22794339 -43175101 606291184 3890962106
278087270 -22794296 -43172064 631867772 2908387323
3890962107 -22794284 -43172355 2908387324 278087269 374091096
628208374 -22794282 -43179396 628208372 628208377
3890962106 -22794255 -43175272 278087267 606291394
628203387 -22794242 -43176799 278086133 278086136
628208413 -22794231 -43178052 628208411 628208415
628203366 -22794181 -43176544 628203364 628203369
278086136 -22794126 -43176704 628203387 628203364
606291394 -22794126 -43175435 606291395 3890962106 3064224641
628208426 -22794112 -43178643 628208423 628208396
631867768 -22794061 -43170697 2619129106
628203364 -22794043 -43176584 278086137 374091358 628203366 278086136
278087037 -22794041 -43179984 628208535 2908383403 278087054
3064224641 -22794036 -43175550 606291394 278087265
278087265 -22793978 -43175638 3064224640 3064224641
628208523 -22793976 -43177309 628208465 628208524
374091358 -22793957 -43176632 628203364 628208519 606291350
278086137 -22793953 -43176264 628203364 278086139
3064224640 -22793946 -43175751 278087265 278086139
278086139 -22793923 -43175953 606291201 3064224640 278086137
628208411 -22793914 -43178042 628208413 628208406
628208465 -22793904 -43177250 628208467 628208523 628208522
628208372 -22793853 -43179316 628208371 628208374
628208519 -22793827 -43176839 374091358 628208522
628208522 -22793815 -43177056 628208519 628208465
2908383403 -22793759 -43179956 278087038 278087037
628208467 -22793707 -43177355 628208465 628208470
631867772 -22793644 -43171089 631867802 631867768 278087270
2908387324 -22793592 -43172491 606291396 3890962107
606291350 -22793550 -43175920 374091358 606291348 606291399
631867802 -22793540 -43170500 631867804 631867772
2619129106 -22793537 -43170061 631867778
631867804 -22793519 -43170427 3064101660 631867802
3064101660 -22793482 -43170351 631867804 631867805
628208470 -22793459 -43177516 628208467 628208404
278087038 -22793443 -43179967 2908383403 278087039
631867805 -22793439 -43170312 631867810 3064101660
374091096 -22793439 -43171920 2908387322 3890962107
628208406 -22793400 -43177720 628208404 628208411
628208371 -22793390 -43179221 628208372 628208368
631867810 -22793369 -43170277 631867783 631867805
2908387322 -22793345 -43171882 374091096 2908387321
606291395 -22793341 -43173958 606291394 606291396 606291399 278087268
2908387321 -22793268 -43171840 2908387322 2908387320
628208404 -22793242 -43177709 628208401 628208470 628208406
631867781 -22793224 -43170056 631867783
628208368 -22793160 -43179224 628208290 628208371
2908387320 -22793155 -43171735 2908387321 2908387319
628208401 -22793153 -43177924 628208399 628208404
628208399 -22793083 -43178192 628208396 628208401
631867783 -22793074 -43170210 631867810 3890962105
628208396 -22793054 -43178299 628208399 628208426 628208429
3890962105 -22793011 -43170200 631867783 278087271
606291348 -22792973 -43176062 606291341 606291350
628208429 -22792955 -43178267 628208396 628208432
278087271 -22792926 -43170164 278087272 3890962105
2908387319 -22792898 -43171488 2908387320 374091098
628208290 -22792797 -43179318 278087039 628208293 628208288 628208368
606291399 -22792670 -43174425 374091218 606291395 606291350
606291396 -22792657 -43172738 374091218 2908387324 606291395
628208432 -22792648 -43178160 628208429 628208435
606291341 -22792619 -43176368 2908387301 606291169 606291348
628208435 -22792490 -43178117 628208432 628208288
628208288 -22792404 -43178193 628208290 628208435 628208437
628208437 -22792332 -43178256 628208438 628208288
628208438 -22792223 -43178460 628208442 628208437
628208442 -22792164 -43178643 628208438 628208444
628208444 -22791995 -43178846 628208442 628208446
374091218 -22791899 -43172907 2908387307 606291396 606291399 2908387306
606291169 -22791885 -43177157 606291180 606291313 606291341
2908387301 -22791816 -43174949 606291341 2908387302
2908387306 -22791744 -43173561 374091218 2908387305
628208446 -22791709 -43179136 628208444 628208295
2908387302 -22791674 -43174618 2908387301 2908387303
2908387305 -22791596 -43174181 606291322 2908387306
2908387303 -22791591 -43174434 2908387302 2908387304
2908387304 -22791560 -43174337 2908387303 606291322
606291322 -22791552 -43174253 606291344 2908387305 606291180 2908387304
628208293 -22791271 -43179978 628208366 628208295 628208290
628208366 -22791234 -43179994 628208293 628208363
628208295 -22791163 -43179693 628208293 628208446 628208363
606291313 -22791143 -43177908 606291307 606291333 606291169
2908387307 -22791132 -43171545 374091218 374091360
374091867 -22790922 -43170590 1065969089 374091360 374091098
374091360 -22790741 -43170950 2908387307 374091867 1065969143
606291180 -22790706 -43175066 606291169 374091862 606291322 2908383409
606291344 -22790599 -43172704 606291322 374091863
1065969143 -22790521 -43171336 374091864 1065969183 374091360
374091864 -22790496 -43171379 374091863 1065969143
606291333 -22790370 -43178699 606291325 606291346 606291313
2908383409 -22790330 -43175456 606291307 606291180
374091863 -22790029 -43172392 374091864 606291344 1065969115
278087045 -22789965 -43179737 2908383406 2908383404
606291307 -22789944 -43175811 606291325 606291304 606291313 2908383409
2908383404 -22789920 -43179449 278087045 606291346
1065969183 -22789898 -43171007 1065969143 1065969306 1065969279
606291346 -22789840 -43179247 2908383404 628208271 606291333 628208252
1065969306 -22789818 -43170965 1065969183 1065969265
1065969115 -22789690 -43173134 374091862 374091863 1065969342
374091862 -22789657 -43173207 374091861 1065969115 606291180
1065969089 -22789639 -43170021 374091867 606291391 1065969139
628208271 -22789477 -43178721 606291346 2908383407 628208255
1065969265 -22789422 -43170868 1065969306 1065969274
1065969274 -22789294 -43170911 1065969265 1065969288
606291304 -22789283 -43174657 606291307 374091860
2908383407 -22789259 -43178401 628208271 2908383408
606291325 -22789194 -43176588 606291307 606291327 606291333 2689918495
2908383408 -22789143 -43178243 2908383407 606291447
606291390 -22789135 -43170043 606291388 606291391
606291447 -22789041 -43178096 606291327 2908383408
1065969342 -22789002 -43172939 1065969279 1065969115
374091861 -22789000 -43174263 374091862 374091860
1065969279 -22788969 -43172895 1065969342 1065969183 1065969198
1065969198 -22788854 -43172740 1065969238 1065969279
1065969288 -22788834 -43171442 1065969257 1065969274
374091860 -22788795 -43174572 374091861 374091859 606291304
374091859 -22788660 -43174623 374091855 374091860
1065969257 -22788636 -43171705 1065969288 1065969238
1065969238 -22788631 -43172193 1065969257 1065969198
628208255 -22788567 -43179400 628208252 628208271 628208274 628208258
606291327 -22788567 -43177232 628203202 606291325 606291447 606291329
374091855 -22788486 -43174632 1065969242 374091859 374092036
374092034 -22788478 -43173868 374092033 374092035
374092033 -22788446 -43173671 374092032 374092034
374092036 -22788423 -43174366 374091855 1065969181
1065969181 -22788423 -43174256 374092035 374092036
374092035 -22788423 -43174160 374092034 1065969181
628208274 -22788286 -43179597 628208276 628208255
2689918495 -22788259 -43174953 606291325 1065969242 2689918496
374092032 -22788233 -43173284 374092030 374092033
606291329 -22788141 -43177675 628203338 606291327
1065969242 -22788060 -43174605 374091855 374091854 2689918495
628208276 -22788049 -43179748 628208274 628208266
374092030 -22788035 -43172898 1065969377 374092032
2689918496 -22787957 -43175168 2689918495
628208258 -22787930 -43178439 628208255 628208260
1065969377 -22787912 -43172591 374092029 374092030
374092029 -22787877 -43172503 1065969092 1065969377
1065969092 -22787813 -43172269 374092028 374092029
628203338 -22787811 -43177409 606291329 628203340
628208260 -22787802 -43178557 628208258 628208264
374092028 -22787798 -43172211 606291388 1065969092
628208264 -22787713 -43178771 628208260 628208265
628208265 -22787693 -43179136 628208264 628208266
628208266 -22787687 -43179780 628208276 628208265 628208267
606291388 -22787628 -43171643 374092027 374092028 606291390
374092025 -22787552 -43171181 374092027
374092027 -22787529 -43171310 606291388 374092025
1065969315 -22787508 -43173937 1065969366 1065969199
628203340 -22787505 -43176969 628203338 628203345
1065969199 -22787479 -43173781 1065969315 1065969363
1065969363 -22787424 -43173708 1065969199 1065969304
606291374 -22787403 -43171308 606291373 2986007395
1065969366 -22787390 -43174049 1065969362 1065969315
1065969304 -22787390 -43173663 1065969363 1065969326
628203202 -22787325 -43174938 606291327 3404181255 1065969077
1065969362 -22787315 -43174151 1065969322 1065969366
628203345 -22787313 -43176696 628203347 628203340
1065969322 -22787304 -43174210 1065969259 1065969362
1065969326 -22787291 -43173650 1065969304 1065969142
1065969259 -22787281 -43174334 2986009490 1065969322
2986009490 -22787276 -43174429 1065969259 1065969340 374091854
2986007395 -22787272 -43171478 606291374 606291375
374091854 -22787271 -43174554 3404181256 2986009490 1065969242
3404181255 -22787254 -43174756 628203202 3404181256
3404181256 -22787254 -43174654 3404181255 374091854
1065969077 -22787214 -43175018 628203202 628203192
606291375 -22787197 -43171763 606291376 2986007395
1065969340 -22787190 -43174370 1065969223 2986009490
606291373 -22787170 -43170733 606291374 606291371
606291371 -22787026 -43170415 606291370 606291373
606291370 -22787013 -43170027 606291369 606291371
628203347 -22786944 -43176190 628203345
1065969142 -22786905 -43173958 1065969223 1065969326
1065969223 -22786878 -43174029 1065969307 1065969340 1065969142
1065969307 -22786793 -43173962 1065969223 1065969320
606291376 -22786741 -43172346 606291375 606291377 2986007394
1065969320 -22786714 -43173876 1065969163 1065969307
606291377 -22786683 -43172481 606291376 606291379
628203192 -22786658 -43175718 1065969077
1065969163 -22786649 -43173805 1065969094 1065969320
1065969094 -22786613 -43173744 1065969163
606291379 -22786583 -43172597 606291377 606291381
2986007394 -22786540 -43172356 606291376 2986007393
606291381 -22786435 -43172822 606291383 606291379
2986007393 -22786283 -43172211 2986007392 2986007394
606291383 -22786227 -43173026 606291381 606291384
2986007392 -22785984 -43171988 2986007391 2986007393
606291384 -22785772 -43173294 606291383
2986007391 -22785554 -43171519 2986007390 2986007392
2986007390 -22785136 -43171059 2986007389 2986007391
2986007389 -22784941 -43170683 2986007390 2986007388
628203188 -22784921 -43177257 628203206
628203186 -22784735 -43177462 628203206
2986007388 -22784655 -43170236 2986007389 2986007387
628203206 -22784547 -43177291 628203188 628203208 628203186
628203208 -22784043 -43177065 628203206 628203210
628203210 -22783815 -43176905 628203208 628203212
628203230 -22783495 -43171355 628203228 2986007386
628203228 -22783426 -43171660 628203226 628203230
628203226 -22783340 -43171862 628203224 628203228
628203224 -22783231 -43172056 628203226 628203221
628203212 -22782371 -43175242 628203210 628203217
628203221 -22781402 -43173911 628203219 628203224
628203217 -22781362 -43174061 628203219 628203212
628203219 -22781332 -43173976 628203217 628203221
