1400811412 -22.819986 -43.3886271 1400810964 1334695295 1334695308
1401050117 -22.8199684 -43.3800811 1401049335
1334695295 -22.8199672 -43.3886203 1400811412 1334695318
1400811252 -22.819908 -43.3835024 1400811524 1400811267
1401050156 -22.8198788 -43.3820975 1401049540 1401049918 1401049825
1401049750 -22.8198757 -43.3806667 1401049770 1401049403 1401049625 1401049639
1334695315 -22.8198634 -43.3898541 1334695290 1334695297
1401049831 -22.8198201 -43.3813257 1401049770 1401049918
1334695297 -22.8198144 -43.3893842 1334695309 1334695315 1334695306
1401049540 -22.8197805 -43.3818889 1401050156 1401049843
1334695306 -22.8197633 -43.388895 1334695297 1334695296 1334695299
1400811293 -22.8197602 -43.3867615 1400811464 1400811057 1400811425
1401049625 -22.8197508 -43.3804834 1401049826 1401049750
1334695296 -22.8197497 -43.3887651 1334695306
1400811171 -22.8197473 -43.3874192 1400811098 1400811369
1401049335 -22.8197459 -43.3802528 1401050117 1401049845
1400810959 -22.819725 -43.3856696 1400810972
1401049661 -22.8197004 -43.3843072 1401050174
1401049845 -22.8196964 -43.3801616 1401049335 1401050146
1401050146 -22.8196816 -43.3800489 1401049845 1401049841
1401049569 -22.8196798 -43.3826325 1401050190 1401050045 1401049460
1401049826 -22.8196717 -43.3803279 1401049711 1401049625
1400811425 -22.8196707 -43.3866674 1400811293 1400811583
1400811583 -22.819636 -43.3865208 1400810972 1400811096 1400811425
1401049825 -22.8196305 -43.382375 1401050156 1401049440 1401049833
1401049843 -22.8196025 -43.3814008 1401049609 1401049540
1400811096 -22.8195965 -43.3865655 1400811583 1400811229
1401049770 -22.8195894 -43.3807914 1401049750 1401049488 1401049831
1401050190 -22.8195619 -43.3827569 1401049440 1401049842 1401049569
1401049711 -22.8195382 -43.3801079 1401049826
1334695318 -22.8195079 -43.388601 1334695303 1334695295
1401050174 -22.8194927 -43.3843126 1401049320 1401049661
1401049488 -22.8194591 -43.3808482 1401050199 1401049770
1400811464 -22.8194531 -43.3866835 1400811293 1400811229
1400811098 -22.8194481 -43.3873916 1400811390 1400811171
1401049609 -22.8194245 -43.381449 1401050195 1401049843 1401049833
1401049440 -22.8194186 -43.382612 1401050073 1401050190 1401049825
1401049334 -22.8193701 -43.3806015 1401050192
1400811058 -22.819369 -43.3880994 1400810964 1334695314
1400811229 -22.8193474 -43.3866927 1400811309 1400811464 1400811096
1401050192 -22.8193404 -43.380403 1401049334 1401049622
1401049842 -22.8193374 -43.3830123 1401049881 1401050190 1401049907
1401050195 -22.8193305 -43.3812613 1401050199 1401049609
1401049833 -22.8193207 -43.381551 1401049609 1401049825
1401049320 -22.8193098 -43.3842857 1401049412 1401050174 1401049341
1334695290 -22.8193006 -43.3899296 1334695293 1334695309 1334695315
1401049622 -22.8192712 -43.3802367 1401050192 1401049377
1401050133 -22.819254 -43.380028 1401049377 1401050224 1401049969
1401049341 -22.8192514 -43.3842117 1401049320 1401049844
1334695309 -22.8192453 -43.3894625 1334695290 1334695299 1334695297
1401049412 -22.8192257 -43.3844413 1401049320 1401049585
1401050073 -22.8192131 -43.3826719 1401049440 1401050092 1401049549
1401050199 -22.8192104 -43.3810281 1401049806 1401050195 1401049488
1400811309 -22.8191984 -43.3867058 1400811370 1400811229
1401049377 -22.8191921 -43.3800597 1401049622 1401049336 1401050133 1401049720
1334695299 -22.819186 -43.3889743 1334695309 1334695291 1334695306
1401049844 -22.8191716 -43.3839562 1401049341 1400811524 1401050144
1334695303 -22.8191618 -43.388617 1334695292 1334695318
1401049585 -22.8191268 -43.3845325 1401049412 1401049714 1401049338
1401049806 -22.8191179 -43.381095 1401050199 1401049454 1401049536
1401049338 -22.8190586 -43.3843887 1401049585 1401049480
1401049549 -22.8190339 -43.3816851 1401050073 1401049983
1400811524 -22.819018 -43.3834649 1401049881 1400811252 1401049844
1401049983 -22.8189844 -43.3814866 1401049549 1401049454
1334695293 -22.8189835 -43.3899722 1334695322 1334695290 1334695302
1401049536 -22.8189795 -43.3808804 1401049853 1401049806 1401050076
1400811370 -22.8189607 -43.3868538 1400811417 1400811309
1401049853 -22.8189548 -43.3807839 1401049869 1401049536
1401049480 -22.8189488 -43.38398 1401049438 1401049338
1401050092 -22.8189446 -43.382748 1401049847 1401050073 1401049878
1401049881 -22.8189399 -43.3834644 1400811126 1400811524 1401049842
1334695302 -22.8189289 -43.3894732 1334695291 1334695293 1334695294
1401049454 -22.8189049 -43.3813145 1401049862 1401049806 1401049983
1334695292 -22.8189046 -43.3886385 1334695303 1334695305
1401049438 -22.8188954 -43.3839328 1401049480 1401050157
1401049869 -22.8188905 -43.3807141 1401049853 1401049592
1334695291 -22.8188844 -43.3890119 1334695304 1334695302 1334695299
1401050076 -22.8187767 -43.3809662 1401049536 1401049521
1401049592 -22.8187767 -43.3804834 1401049720 1401049869
1401049714 -22.8187626 -43.384851 1401049585 1401049886 1401049618
1401049862 -22.8187552 -43.3814688 1401049847 1401049521 1401049454
1400811417 -22.8187485 -43.386974 1400811370 1400811372
1401049847 -22.8187224 -43.3815027 1401049862 1401050092 1401049994
1401049558 -22.8187224 -43.3800597 1401050184 1401050044
1401049618 -22.8187001 -43.3846094 1401049714 1401049735 1401050157
1401049720 -22.8186948 -43.3802775 1401049377 1401049592 1401049755
1400811390 -22.8186768 -43.3874131 1400811372 1400811098
1334695305 -22.818608 -43.3886707 1334695292 1334695321
1401049521 -22.8185951 -43.3809945 1401049862 1401049406 1401050076
1401049406 -22.8185493 -43.380859 1401049521
1401050157 -22.818544 -43.3840061 1401049438 1401049910 1401049618
1401049755 -22.818396 -43.3804083 1401049720 1401049432
1401049886 -22.8183833 -43.3851827 1401049714 1401049732 1401049735
1334695321 -22.8183063 -43.3887404 1334695312 1334695305 1334695314
1401049432 -22.8182971 -43.3804137 1401050184 1401049755
1401049878 -22.8182967 -43.3828569 1401050092 1401049423 1401049379
1401049470 -22.8182823 -43.3811218 1401049863
1401049735 -22.8182653 -43.3847258 1401049886 1401049910 1401049618
1334695314 -22.8182317 -43.3881643 1334695311 1400811058 1334695321 1400811372
1401049423 -22.8181923 -43.3820971 1401049878
1401050184 -22.8181639 -43.3803434 1401049558 1401049432 1401049897
1401049379 -22.8181577 -43.3828803 1401049878 1401049933
1400811372 -22.8181551 -43.3874943 1400811509 1400811390 1400811417 1334695314 1400811177
1400811126 -22.8181279 -43.3834595 1401049881 1401050057 1401049899
1401049933 -22.8181082 -43.3829232 1401050057 1401049379
1401049910 -22.8181033 -43.384098 1401049735 1401049899 1401050157
1401050057 -22.8180786 -43.3829983 1400811126 1401049933
1401049994 -22.8180687 -43.381684 1401049672 1401049847 1401049863
1400811509 -22.8180266 -43.3872208 1400811372
1334695294 -22.8179902 -43.3896648 1334695304 1334695302 1334695313
1401049863 -22.8179609 -43.3812237 1401049724 1401049470 1401049994
1401049899 -22.8179595 -43.3834886 1401049733 1400811126 1401049910
1334695304 -22.8179449 -43.3892801 1334695312 1334695291 1334695294
1401049732 -22.8179305 -43.3855786 1401049886 1401049768 1401049404
1401049733 -22.8178864 -43.3835012 1401049535 1400811149 1401049899
1334695312 -22.8178861 -43.388896 1334695304 1334695320 1334695321
1401049672 -22.8178464 -43.3817269 1401049835 1401049994
1401049724 -22.8178076 -43.3807302 1401050220 1401049863
460529018 -22.817753 -43.3898373 460529012
1401050220 -22.8177384 -43.3804513 1401049724 1401049637
1401049897 -22.8177384 -43.3801187 1401050184 1401049640
1401049835 -22.8177179 -43.3817108 1401049672 1401049696
1401049637 -22.8176988 -43.3803064 1401049915 1401050220
1401049640 -22.8176563 -43.3800443 1401049737 1401049897 1401049424
1401049535 -22.8176388 -43.3817216 1401049733 1401049696
1334695313 -22.8176302 -43.3897383 460529018 1334695294
1401049915 -22.8176148 -43.380226 1401049737 1401049637
1401049696 -22.8176091 -43.3816411 1401049535 1401049835 1401050069
1401049737 -22.817595 -43.3801616 1401049915 1401049640
460528149 -22.8175632 -43.3897858 460528145
1401049404 -22.8175307 -43.3840937 1401049732 1401049734
460529023 -22.8174762 -43.3896141 1334695313
1401049734 -22.8174467 -43.3840293 1401049590 1401049404
1401050069 -22.8174261 -43.3813353 1401049696 1401049671 1401050165
1400811177 -22.8173937 -43.38824 1400811513 1400811372
1334695311 -22.817352 -43.3885688 1334695314 460531700
1400811149 -22.8173516 -43.3835936 1401049733 1401049990 1401049759
1401049590 -22.8173478 -43.3840025 1401049734 1401050160
1401049481 -22.8173421 -43.3820756 1401049694
460528145 -22.8173258 -43.3895969 461615624
1401049759 -22.8173033 -43.38345 1401049368 1400811149
1400811513 -22.8172816 -43.3883335 460531700 1400811177
1401050160 -22.817263 -43.384039 1401049590 1401049703 1401049990
461615624 -22.8172496 -43.3895464 460528129 461615621
1334695320 -22.8172482 -43.3891535 1334695312 460529029
1401049990 -22.8171796 -43.3836375 1401049419 1400811149 1401050160
1401049804 -22.8171492 -43.3849563 1401049475 1401049706
1401049475 -22.8171492 -43.3846344 1401049771 1401049804
1401049368 -22.8171401 -43.3823878 1401049694 1401049759
1401049706 -22.8171344 -43.3854123 1401049804 1401049809
1401049703 -22.8171295 -43.3840926 1401049598 1401050160
1401049771 -22.8170751 -43.3842106 1401049598 1401049475
1401049598 -22.8170751 -43.3841409 1401049771 1401049703
460529029 -22.8170727 -43.389288 460529023 1334695320
1401049694 -22.8170701 -43.3822628 1401049368 1401049481 1401049610
1401049610 -22.817056 -43.3822376 1401049797 1401049694 1401050165
1401049809 -22.8170454 -43.3858253 1401049706 1401049583
460528129 -22.817041 -43.3894081 1278188442
1401049419 -22.8170266 -43.3836765 1401049797 1400811465 1401049990
1278188442 -22.8169704 -43.3893468 460528116 1278188501
1401049583 -22.8168476 -43.3863403 1401049809 1401049768
460528116 -22.8168037 -43.3892021 460528100
1401050165 -22.8168025 -43.3817308 1401050170 1401049848 1401049610 1401050069
1401049671 -22.8167709 -43.3801117 1401049424 1401049562 1401050069
460529034 -22.8167167 -43.388979 460529029
1401049768 -22.8166745 -43.3867266 1401049732 1401049583 1401049468
460531700 -22.8166349 -43.3888726 1334695311 460529034 1400811513
1401049562 -22.8165507 -43.3802237 1401050170 1401049671 1401050121
460529081 -22.8165189 -43.3850994 460529076
460535283 -22.8165189 -43.3846617 460529081
460528100 -22.8164951 -43.3889189 1278188467
460535350 -22.8164872 -43.3844299 460535283
1401049797 -22.8164559 -43.3826347 1401049848 1401049610 1401049419
460529076 -22.8164477 -43.38552 460529066
1278188509 -22.8164417 -43.3894408 1278188464
460532312 -22.8164239 -43.3887472 460531700
460530797 -22.816416 -43.3850565 460536291
460536291 -22.816416 -43.3847904 460536283
460536283 -22.816416 -43.3845759 460536268
460529038 -22.8164002 -43.388567 460531700
460535371 -22.8163923 -43.3841038 460535350
1279277481 -22.8163828 -43.3852727 460530797 1279277744
460530800 -22.8163765 -43.385314 1279277481
1278188467 -22.8163707 -43.3888487 460530882 1278188464
1278188501 -22.8163626 -43.3899451 1278188485 1278188442 1278188474
460536268 -22.8163606 -43.3843527 460536255
460529066 -22.8163053 -43.3859234 460529063
460530882 -22.8162973 -43.3888073 460530877
460530804 -22.8162973 -43.38552 460530800
1400811465 -22.8162852 -43.3838657 460535371 1401049419
460536255 -22.8162499 -43.3839836 460536240
460535402 -22.8162341 -43.3837519 1400811465
460529048 -22.8162261 -43.3882923 460529038
1401049848 -22.8161778 -43.3821269 1401049797 1401050010 1401050070 1401050165
460532321 -22.816147 -43.3887129 460532312
460530191 -22.816147 -43.3882666 460530183
1278188464 -22.8161413 -43.3890606 1278188485 1278188467 1278188509
460530809 -22.8161391 -43.385829 460530804
460530877 -22.8161233 -43.3888245 460532764 460530871
460530183 -22.8161233 -43.3885756 460530179
460529054 -22.8161233 -43.3878374 460529048
1401050170 -22.8161158 -43.3804448 1401050010 1401049562 1401050165
460536240 -22.8160996 -43.3836918 1279277724
460530197 -22.8160837 -43.3878288 460530191
460529063 -22.8160679 -43.3864126 460529061
460529055 -22.81606 -43.3874941 460529054
460532394 -22.8160442 -43.3883696 460532389
1401049468 -22.8160361 -43.3873126 460529055 1401049768
460532396 -22.8160204 -43.3885498 460532394
1279277724 -22.8160111 -43.3835343 1279277465 1279277718
460530179 -22.8160046 -43.3887901 460530172
460529059 -22.8160046 -43.3870735 1401049468
460532389 -22.8159809 -43.3882151 460532379
460530205 -22.8159809 -43.3873482 460530197
460530811 -22.8159809 -43.3862066 460530809
460529061 -22.815973 -43.3867645 460530205 460529059
460530835 -22.8159572 -43.3878374 460530829
460530829 -22.8159572 -43.3876314 460530824
1279277750 -22.8159431 -43.3863503 460530811 1278188472
460530824 -22.8159018 -43.3872881 460530821
460530816 -22.8159018 -43.386507 1279277750
1278183292 -22.8158899 -43.3887687 460532396
460532379 -22.8158859 -43.388155 460532369
460530821 -22.8158859 -43.3869448 460530816
460530840 -22.815878 -43.3879576 460530835
460532764 -22.8158543 -43.389039 460532769
1278188485 -22.8158154 -43.3893615 1278188501 1278188462 1278188464
1278188516 -22.8158088 -43.3899665 1278188494 1278188474
460532327 -22.8157752 -43.3886957 460532321
460530845 -22.8157673 -43.3880348 460530840
1278188439 -22.8157643 -43.389634 1278188470 1278188462
1278188462 -22.8157643 -43.3894086 1278188496 1278188485 1278188439
460532369 -22.8157515 -43.3881636 460532361
1278188470 -22.8157495 -43.3897681 1278188494 1278188439
460530172 -22.8157277 -43.3889961 460530165
460532398 -22.8157277 -43.3888588 1278183292
460530871 -22.8156882 -43.388773 460530867
1278188494 -22.8156802 -43.3898754 1278188502 1278188470 1278188516
460532332 -22.8156565 -43.3885927 460532327
460532361 -22.8156328 -43.3883009 460532338
460532338 -22.815617 -43.3884382 460532332
460530858 -22.8155932 -43.388155 460530845
1278188502 -22.8155814 -43.3899934 1278188492 1278188494
1401050070 -22.8155515 -43.3825357 460535402 1401049848
460530867 -22.8155299 -43.3886013 460530862
460530862 -22.8155141 -43.3883953 460530858
460532400 -22.8155062 -43.388979 460532398
1279277718 -22.8154683 -43.3835931 1279277715 1279277724 1279277984
1401050010 -22.8154393 -43.3807788 1401050170 1401049911 1401049848
1279277465 -22.8154322 -43.3825046 1279277688 1279277468
460530165 -22.8153796 -43.3893051 460530163
460531462 -22.8153638 -43.3885155 460530858
460532769 -22.8153163 -43.3895025 460527511
460535421 -22.8151502 -43.3818207 1401050070
1279277984 -22.8151412 -43.3830421 1279277751 1279277688 1279277718
1279277468 -22.8150962 -43.3819069 1279277439 460536223
460530163 -22.8150711 -43.3895969 460527511
460536223 -22.8150236 -43.3817778 1279277902
1279277688 -22.8149572 -43.3827322 1279277977 1279277465 1279277984
460531469 -22.8149445 -43.389039 460531462
1279277902 -22.8149176 -43.3815928 1279277419 1279277812
460527511 -22.8149128 -43.389863 1278183293
460532402 -22.8148654 -43.3892279 460532400
1279277615 -22.8148496 -43.3854978 1279277961 1279277744
1279277744 -22.8148496 -43.3853208 1279277481 1279277651 1279277615
1279277651 -22.8148397 -43.385235 1279277744 1279277758
1401049911 -22.8147743 -43.3811071 1401050010 1401049615 460535421
1279277715 -22.8147705 -43.3836686 1279277974 1279277718
1279277300 -22.8147655 -43.3872842 1279277678
1278186149 -22.8147506 -43.3876277 1278186107 1278186128
1279277419 -22.8147488 -43.3812982 1401049980 1279277943
1278186107 -22.8147309 -43.3877618 1278186149 1278186124
1401049615 -22.8146967 -43.3811046 1401049911 1401049980
1278186128 -22.8146814 -43.3875096 1278186149 1278186195 462047486
1278186124 -22.8146715 -43.3879281 1278186147 1278186107
460535446 -22.8146438 -43.3808594 1401049911
1401049980 -22.8146262 -43.3810843 1401049615 1279277847
1279277678 -22.8146023 -43.3869355 1278188472 1279277300
1279277847 -22.8145872 -43.3810162 1279277413 460536208
1279277961 -22.8144837 -43.3854978 1279277758 1279277615
1278188472 -22.8144836 -43.3865494 1278186171 1279277435 1279277750 1279277678
460536208 -22.8144777 -43.3808251 1279277272
460535475 -22.8144777 -43.3805847 460535446
460525812 -22.8144619 -43.3894854 460531469 460532402
1278186147 -22.8144441 -43.3882982 1278186196 462047486 1278186124
1279277758 -22.8144441 -43.385235 1279277651 1279277961
1279277272 -22.8144239 -43.3807137 1279277659 1279277502
1279277435 -22.8144144 -43.3864312 1278188472 1279277422
460535513 -22.8143907 -43.3801899 460535475
1279277659 -22.8143715 -43.3806053 460536192 1279277654
1279277422 -22.81436 -43.3862167 1279277435 1279277636
1278186195 -22.8143551 -43.3867694 1278186130 1278186128
460536192 -22.8143036 -43.3804646 460536123
1278186171 -22.8142562 -43.386587 1278188472 1278186190
1278186130 -22.8142364 -43.3866513 1278186195 1278186190
1278186191 -22.8142265 -43.3864582 1278186190 1278186193
1278186190 -22.8142067 -43.3865938 1278186171 1278186130 1278186191 1278186109
1278186193 -22.8142018 -43.3862115 1278186191 462049327
1278186109 -22.8141711 -43.3865988 1278186190 1278186174
1279277974 -22.8141633 -43.3837413 1279277868 1279277715 1279277751
1279277636 -22.8141524 -43.3850579 1279277647 1279277422
462047486 -22.8141361 -43.3878297 1278186147 1278186105 462047431 1278186128
1279277751 -22.8141128 -43.3835613 1279277977 1279277974 1279277984
1279277647 -22.8140337 -43.3847361 1279277969 1279277636
462049327 -22.8140333 -43.3851947 1278186206 1278186193
1278186174 -22.8140139 -43.3866084 1278186110 1278186109
1278186112 -22.8139644 -43.3887488 1278186105
1279277977 -22.8139546 -43.3832126 1279277688 1279277751 1279277971
1279277969 -22.8138952 -43.384543 1279277832 1279277647
1278186110 -22.8138161 -43.3866996 1278186174 462047431
1279277439 -22.8138082 -43.3825185 1279277812 1279277957 1279277468
1279277868 -22.813798 -43.383785 1279277592 1279277974 1279277748
1278186196 -22.8137914 -43.3892906 1278186147 1278186175
1278186206 -22.8137774 -43.3853868 462047425 462049327 1278186139
1279277971 -22.8137762 -43.3828809 1279277977 1279277792 1279277965
1278186181 -22.8137469 -43.3890975 1278186212
1279277965 -22.8137123 -43.382762 1279277971
1279277832 -22.8136974 -43.3843874 1279277788 1279277969
1279277812 -22.8136552 -43.3822172 1279277439 1279277943 1279277985 1279277902
1278186175 -22.8136529 -43.3896447 1278186196 1278186101
1279277592 -22.8136233 -43.3833682 1279277792 1279277868 1279277369
1278186105 -22.8136205 -43.3882054 1278186112 462047486 1278186212
462047431 -22.8135506 -43.3868941 1278186110 462047432 462047425 462047486
1279277654 -22.8135343 -43.3807023 1279277852 1279277659 1279277686
1278186142 -22.8135342 -43.389414 1278186099
1279277957 -22.8135239 -43.3826535 1279277439 1279277292 1279277985
1279277943 -22.8135055 -43.3819204 1279277812 1279277921 1279277419
1279277792 -22.8134907 -43.3830201 1279277592 1279277829 1279277971
1279277788 -22.8134601 -43.3842801 1279277832 1279277397
1279277985 -22.8133945 -43.38234 1279277552 1279277812 1279277921 1279277957
1278186212 -22.8133234 -43.3884218 1278186105 1278186181 1278186099
462047419 -22.8133133 -43.3843536 1278186139
1279277748 -22.813292 -43.3838456 1279277874 1279277868
1279277921 -22.8132699 -43.3820382 1279277413 1279277985 1279277936 1279277943
1279277686 -22.8132227 -43.3808203 1279277654 1279277967
1278186139 -22.8132016 -43.3844428 462047419 1278186206 462047420
1279277502 -22.813198 -43.3813407 1279277857 1279277272
1279277852 -22.8131585 -43.3807291 1279277937 1279277654
1279277397 -22.8131535 -43.3841514 1279277788 1279277746
1279277413 -22.8131436 -43.3817323 1279277786 1279277921 1279277847
1279277874 -22.8130843 -43.3838402 1279277736 1279277748
1278186099 -22.8130478 -43.3886226 462047487 1278186212 1278186142
1279277746 -22.8130348 -43.3840816 1279277808 1279277397
462047425 -22.812981 -43.3859843 1278186206 462047421 462047426 462047431
1279277736 -22.8129162 -43.3837383 1279277369 1279277874
1279277369 -22.8128924 -43.3837185 1279277325 1279277592 1279277736
462047420 -22.8128623 -43.384714 462047421 1278186139 462047468
1279277808 -22.8128074 -43.3839582 1279277717 1279277746
1279277325 -22.8127678 -43.3836149 1279277829 1279277369
1279277583 -22.8127134 -43.3831321 1279277292
1278186129 -22.8126887 -43.3884377 1278186122
1279277292 -22.8126794 -43.3830546 1279277957 1279277583 1279277552
1279277829 -22.8126442 -43.3834325 1279277325 1279277792
1279277717 -22.8125997 -43.3837812 1279277808 1279277968
1279277552 -22.8125541 -43.3827688 1279277292 1279277936 1279277985
1279277857 -22.8125454 -43.381662 1279277967 1279277854 1279277502
462047487 -22.8125209 -43.3890065 462047373 1278186122 1278186099 462047550
1279277936 -22.8124162 -43.3824546 1279277552 1279277921 1279277795
1279277329 -22.812397 -43.3800747 1279277801 1279277756 1279277799
462047421 -22.8123908 -43.3850437 462047467 462047425 462047420 462047422
1279277967 -22.8123772 -43.3812441 1279277857 1279277686 1279277755
1279277795 -22.8123722 -43.3823543 1279277936
1278186122 -22.8123357 -43.3887155 1278186129 462047487 462047432
462047468 -22.8122848 -43.3838471 462047467 1278188506 462047420
1279277756 -22.8122585 -43.3803161 1279277890 1279277329
1279277755 -22.8122536 -43.3809652 1279277937 1279277967
1279277937 -22.8122536 -43.3808632 1279277852 1279277915 1279277755
1279277854 -22.8122294 -43.3818176 1279277570 1279277857 1279277915
1279277890 -22.8121448 -43.3803697 1279277649 1279277756
1279277786 -22.8120904 -43.3822631 1279277981 1279277413
462047373 -22.812085 -43.3893159 1278186145 462047487 462047440
1279277968 -22.8120706 -43.3830356 1279277717 1279277966
1279277649 -22.8120409 -43.380359 1279277890
1279277966 -22.8119816 -43.3828317 1279277981 1279277968
1279277915 -22.8119793 -43.3812617 1279277937 1279277587 1279277854
462047432 -22.8119449 -43.3881015 462047433 1278186122 462047431 462047426
462047422 -22.8119288 -43.3854093 462047421 462047466 462047423
1278188457 -22.8119123 -43.383025 1278188506 1278188444
1279277981 -22.8118876 -43.3823275 1278188520 1279277786 1279277966
462047440 -22.8118813 -43.3894605 462047441 462047373 462047482
1278188520 -22.8118431 -43.3820755 1279277570 1279277981
462047467 -22.8118338 -43.3841561 462047466 462047473 462047421 462047468
1279277570 -22.8118036 -43.3820273 1279277587 1278188520 1279277854
1279277878 -22.8118036 -43.3803107 1279277702 1279277925
1278188506 -22.8117889 -43.3831478 462047468 462047469 1278188457
1278188444 -22.8117442 -43.3823437 1278188457 462047472
462047472 -22.8117024 -43.3821704 462047473 1278188454 1278188444
1279277768 -22.811675 -43.380815 1279277702
1279277587 -22.8116552 -43.3817325 1279277667 1279277570 1279277915
462047469 -22.8116518 -43.3829545 1278188506
462047441 -22.8116281 -43.3889884 462047440
1279277702 -22.8116066 -43.3806463 1279277878 1279277768 1279277385
1279277385 -22.8114227 -43.3801931 1279277702 1279277934 1279277721
462047466 -22.8114066 -43.3844995 462047450 462047467 462047422
462047426 -22.811345 -43.3871589 462047425 462047432 462047427 462047423
1279277667 -22.8113042 -43.3811207 1279277645 1279277587
1279277645 -22.8112695 -43.3810027 1279277742 1279277667
1279277742 -22.8111311 -43.3801766 1279277609 1279277645
1278188454 -22.8111063 -43.3811099 462047470 462047472
462047470 -22.8110347 -43.3811521 1278188454 462047471 462047484
462047473 -22.810924 -43.3830232 462047485 462047467 462047472 462047474
462047451 -22.8108765 -43.384817 462047450 462047452
462047452 -22.8108765 -43.3846711 462047451 462047453
462047450 -22.8107974 -43.3849114 462047451 462047466 462047465
462047423 -22.8107727 -43.3862597 462047422 462047424 462047426 462047551
462047453 -22.8106233 -43.3835982 462047452 462047454
462047474 -22.8106154 -43.3833922 462047473 462047454
462047485 -22.8106075 -43.3826198 462047473 462047484
462047471 -22.8105917 -43.3804053 462047490 462047470
462047454 -22.8105633 -43.3834881 462047455 462047453 462047474
462047455 -22.8105205 -43.3834094 462047454 462047456
462047449 -22.8104493 -43.387083 462047424
462047490 -22.8104493 -43.3804311 462047471 3733261580
462047456 -22.810386 -43.3832892 462047455 462047457
462047433 -22.8103328 -43.3892614 462047432 462047434 462047482 462047427
462047465 -22.8103306 -43.3852548 462047464 462047450
462047551 -22.8102752 -43.3854779 462047464 462047423 462049340
462047464 -22.8102673 -43.3853664 462047551 462047465
462047457 -22.8102198 -43.3831948 462047458 462047456
462047424 -22.8101961 -43.3866881 462047423 462049323 462047449
462047475 -22.8101565 -43.3840617 462049340
462047484 -22.810117 -43.3818988 462047460 462047485 462047470
462047479 -22.8100774 -43.3854264 462047480
748886308 -22.8098902 -43.3807808 748886306 748886311 748887131
748887131 -22.8098012 -43.3805341 748887129 748886308
462047427 -22.809742 -43.3883069 462047433 462047426 462047428 462049323
462047458 -22.809666 -43.3829631 462047457 462047459
462049340 -22.8096329 -43.384433 462047475 462049339 462047476 462047551
462047459 -22.8095552 -43.3828258 462047458 462047460
748886306 -22.8094254 -43.3814031 748886305 748886308
462047460 -22.8093532 -43.382497 462047459 462047461 462047484
462047461 -22.8092546 -43.3823365 462047460 462047462
748886305 -22.8092474 -43.3816499 748886300 748886306
462047462 -22.8091913 -43.3822936 462047463 462047461
462049323 -22.8091842 -43.3874057 462047424 462049324 462047427 462047481
3733261580 -22.809166 -43.382246 462047490 462047463
462047463 -22.8091201 -43.3823108 462047462 462049339 3733261580
462047480 -22.8090771 -43.3861716 462047479 462047481 462047476
748886300 -22.8090496 -43.3817893 2363080453 748886305
2363080453 -22.8089514 -43.3818426 748887150 748886300
748887150 -22.8088993 -43.3818709 2363080453 748887153 748886296
462049332 -22.808859 -43.3845939 462049333
748886296 -22.808832 -43.3819073 748887150 748886245
748887153 -22.8087727 -43.3815748 748887150 748887154
462049339 -22.8086904 -43.3828941 462047463 462047483 462049340
462047481 -22.8086276 -43.3865065 462047478 462047480 462049323
748887154 -22.8085947 -43.3811992 748887153 748888933
462047476 -22.8084776 -43.3852521 462049340 462047477 462047480
748888933 -22.8084764 -43.3810196 748887154 748887155 748888929
748887251 -22.808476 -43.380298 748887250 748887252
748887155 -22.8083474 -43.3808237 748887252 748888933
462047428 -22.8081498 -43.389504 462047429 462047434 462047427 462049324
462047477 -22.8081469 -43.3854865 462047478 462047476
748887252 -22.8081216 -43.3805112 748887155 748887156 748887251
462049304 -22.8080994 -43.3868512 462049305
748887156 -22.8080606 -43.3804268 748887252 748888782
462047478 -22.808044 -43.3855638 462049333 462047477 462047481
748888782 -22.8079298 -43.3802138 748887157 748887156 748888658
462049333 -22.8078446 -43.384998 462047478 462047483 462049332
462047483 -22.8076168 -43.3843518 462049333 462049339 462047491
462049324 -22.8075794 -43.3885862 462049323 462049325 462047428 462049305
462047429 -22.8074981 -43.3899755 462047430 462047428 462047435
462049305 -22.8069856 -43.387631 462049304 462049324 462047493 462049306
748886245 -22.8069035 -43.3825082 621207354 621207355 748886296
621207354 -22.8067585 -43.382629 621207347 621207355 748886245
621207355 -22.8067288 -43.3825432 621207354 621207629 748886245
748888929 -22.806676 -43.3815748 748888932 748888928 748888933
462047491 -22.8066041 -43.3857268 462047483 462047492
621207347 -22.8065805 -43.3829723 621207354 621207785 621207346
748888932 -22.8065771 -43.3817464 748888931 748888929
748888928 -22.8065573 -43.3812422 748888927 748888929
621207785 -22.8065014 -43.3828972 621207784 621207347
748888927 -22.8064782 -43.3810383 748888926 748888928
621207346 -22.8064717 -43.3833264 621207347 621207345 748796886
462047492 -22.8064063 -43.3860873 462047491 462047493
621207784 -22.8063926 -43.3827792 748796892 621207785
621207629 -22.8063926 -43.3823393 621207355 748888931
748888926 -22.8063793 -43.380931 748888927
621207345 -22.8063332 -43.3842169 748800335 621207346 748796822
748796892 -22.8063069 -43.3827056 621207783 621207784 748796891
462047493 -22.8062876 -43.3865079 462047492 993774710 462049306 462049305
748796891 -22.8062227 -43.3827204 748796887 748796892
748796886 -22.8062029 -43.3829779 748796887 748796914 621207346
748796887 -22.8061798 -43.3827825 621207783 748796891 748796886
993774710 -22.8061718 -43.3863577 462047493 621207157
621207783 -22.8061552 -43.3825754 621207782 748796887 748796892
748888661 -22.8061321 -43.3801907 748888659 748888323
748888931 -22.8061186 -43.382164 748888932 621207629 621207630
748800335 -22.8061147 -43.3857048 748800329 621207157 621207345
748888323 -22.8061024 -43.3800405 748888184 748888661 748888662
748888659 -22.8060925 -43.3803946 748888661 748888658
621207157 -22.8060464 -43.3861695 748800245 748800329 993774710 748800335
621207630 -22.8060069 -43.3820926 748888931 621207631
748888658 -22.8060035 -43.3806199 748888902 748888659 748888782
462049325 -22.8059999 -43.3897688 462047430 462047494 462049324
462049306 -22.8059821 -43.3884124 462047494 462047493 462049305
621207782 -22.8059277 -43.3824037 748884558 621207783
748800245 -22.805887 -43.3871641 748800244 748800268 621207157
748800329 -22.8058557 -43.3858755 748800386 621207157 748796822 748800335
462047494 -22.8058129 -43.3894676 462047410 462049306 462049325
748884558 -22.8057821 -43.3822647 621207782 621207781 748884562
621207631 -22.8057102 -43.3818244 621207632 621207630
621207781 -22.8056805 -43.3821677 748884558 621207780
748800268 -22.8056413 -43.3886967 748800234 748800245 748800233
621207636 -22.8056113 -43.3803438 621207635 621207637
621207637 -22.8056014 -43.3801828 621207638 621207636
748800234 -22.8055655 -43.3891694 621207343 748800233 748800268
621207635 -22.8055618 -43.3805798 748888902 621207636
748888902 -22.8055417 -43.3806743 621207634 621207635 748888658
621207632 -22.8055321 -43.3815561 621207631 621207633
748800244 -22.8055304 -43.3874089 748800243 748800245 748800237
621207638 -22.8055223 -43.3800326 621207637 1279264233
621207634 -22.8054728 -43.3809982 748888902 621207633
621207343 -22.805453 -43.389871 748800234 748797518 748797656
621207780 -22.8054431 -43.381878 621207779 621207781
621207633 -22.8054431 -43.3812557 621207632 621207634
748800233 -22.8054018 -43.3888895 748800250 748800234 748797952 748800268
621207779 -22.8052849 -43.381599 621207778 621207780
748796822 -22.8052634 -43.3849627 748800329 748796914 748800232 621207345
748800243 -22.8052238 -43.3869154 748800244
621207778 -22.8051959 -43.3812772 621207777 621207779
748800386 -22.8051026 -43.3864286 748800324 748800329 748800385
748800237 -22.8050755 -43.3876986 748800244 748800250 748800236
748800250 -22.8048092 -43.3879233 748800324 748800233 748800237 748800251
748800385 -22.8047985 -43.3859819 748800386
748800236 -22.804759 -43.3871943 748800237
748796914 -22.8046996 -43.3840508 748800187 748796822 748796886 748796915
748884843 -22.8046486 -43.3815855 748884844
748800251 -22.8045908 -43.388117 748800250 748800257
748800187 -22.804393 -43.3836001 748796914 748800186 748800193
748884828 -22.804342 -43.3805984 748884568
748800186 -22.8043238 -43.3835143 748800187 748800185
748800324 -22.8042682 -43.3870414 748800232 748800250 748800386 748800322
748800257 -22.8042288 -43.3883754 748800251 748800252 748800256
748884562 -22.8042181 -43.3828239 748884558 748884844 748884563
748800185 -22.8041656 -43.3834929 748800184 748800186
748800256 -22.8039974 -43.3880097 748800257
748884844 -22.8038835 -43.3819153 748884568 748884845 748884562 748884843
748800252 -22.8038392 -43.3886534 748800257
748797952 -22.8037798 -43.3899838 748800233 748797657 748800950 748800559
748800232 -22.8037073 -43.3861269 748800389 748800324 748796822 748796915
748800184 -22.8036315 -43.3836431 748800183 748800185
748884568 -22.8035211 -43.380931 748884844 748884569 748884828 748884830
748800183 -22.8033546 -43.3837289 748800184 748800182
748800950 -22.8032191 -43.3890911 748797952 748800322 748801242
748800388 -22.8031963 -43.3870012 748800389
748796915 -22.8031073 -43.3851987 748796914 748800232 748796916 748800193
748800182 -22.8030875 -43.3839113 748800179 748800183
748800389 -22.8030095 -43.3866489 748800232 748800388 748796820
748800193 -22.8028304 -43.384791 748800187 748800177 748796915
748800179 -22.8027018 -43.3842546 748800177 748800182 748803565
748800322 -22.8026692 -43.3882157 748800324 748800950 748796820 748800321
748803565 -22.8026029 -43.3840615 748800179 748884563
748800177 -22.8025633 -43.3844048 748800179 748800176 748800193
748884563 -22.8025 -43.3834382 748884845 748803565 748884562
748884845 -22.8023566 -43.3825701 748884844 748884563 748803566
748800176 -22.8023161 -43.3845443 748803670 748800177
748803566 -22.8022468 -43.381905 748884845 748884830 748803738
748884830 -22.8021801 -43.3815223 748884568 748803566 748884580
748796820 -22.8021084 -43.3873231 748800389 1279188357 748800322 748796916
748800916 -22.8020688 -43.3892006 748800920
748803670 -22.8019935 -43.3847476 748800174 748800176 748803669
748803669 -22.8016732 -43.3840937 748803597 748803670
748803597 -22.801604 -43.3840829 748803596 748803669 748803577
748796916 -22.801515 -43.3864218 748796917 748800173 748796915 748796820
748803596 -22.8014952 -43.3832676 748803597 748803595
748803595 -22.8013864 -43.3829457 748803596 748803738
748800920 -22.8013275 -43.3897474 748801242 748800321 748800916
748800174 -22.8012776 -43.3851987 748800173 748803670
748803738 -22.8012405 -43.3820849 748803594 748803595 748803737 748803566
748800321 -22.8010849 -43.3893578 748800920 1279188357 748800320 748800322
748800173 -22.8009285 -43.3854583 748797955 748803745 748796916 748800174
748803594 -22.8008927 -43.3800326 748803570 748803567 748803593 748803738
748803577 -22.8006644 -43.3842761 748803597 748797960 748803737
1279188357 -22.8005182 -43.3884574 748796917 748796817 748796820 748800321
748797955 -22.8004962 -43.3847481 748800173 748797960
748797960 -22.8003776 -43.3843404 748797955 748803577 748803748
748803737 -22.800289 -43.3822826 748803570 748803749 748803577 748803738
