616600258 -22.8999144 -43.4924618 616600259 616600276
616600259 -22.8998848 -43.4926335 616600260 616600258
1845604902 -22.8998212 -43.4901484 616600158 1845604991 616600210
616601711 -22.8998156 -43.4962169 616601712
616600260 -22.8997662 -43.4927193 616600259 616601738
616600276 -22.8996549 -43.4913975 616600158 616600258 616600371
616601737 -22.8994203 -43.4944359 616601736 1846626313
616600158 -22.8993807 -43.4902731 1846648396 1845604902 616600276
616601736 -22.899361 -43.4945968 616601735 616601737
1846626313 -22.8993454 -43.4939415 616601737 616601738
616601735 -22.8992522 -43.4946612 616601712 616601736
616601738 -22.8991829 -43.4928689 616600260 1846626313 616601842
616601812 -22.899015 -43.4943393 616601813 616601811
616601811 -22.8990052 -43.4944359 616601812 616601809
616601809 -22.8989261 -43.4944681 616601806 616601811
616601813 -22.8988964 -43.4937493 616601812
616601806 -22.8987976 -43.4945217 616601805 616601809
616601712 -22.8986988 -43.4948007 616601734 616601735 616601711
616601805 -22.8986975 -43.4945724 616601806 616601821 616601804
616601001 -22.898679 -43.4969679 616600998
616600998 -22.8986691 -43.4967426 616600996 616601001
616601804 -22.8986494 -43.4945968 616601803 616601805
616601839 -22.8986296 -43.493524 616601841
616601803 -22.8986098 -43.4947256 616601734 3077373460 616601804
616601734 -22.8986079 -43.4948241 616601733 616601712 616601803
616601841 -22.8985901 -43.4933201 616601839 616601842
616600996 -22.8985703 -43.4965173 616600994 616600998
616601821 -22.898511 -43.49376 616601805
616601842 -22.8984411 -43.4930592 616601848 616601738 616601841
616601847 -22.8983133 -43.4935025 616601848
3077373460 -22.898221 -43.4939085 616601803
616601848 -22.8981541 -43.4931328 616601842 616600262 616601847
616601733 -22.8981157 -43.4949509 616601734 616601732
616600994 -22.8978686 -43.495659 616600992 616600996 616601899
616601732 -22.8978587 -43.4950689 616601733 616601731
616601731 -22.8977401 -43.4951333 616601714 616601732
616601899 -22.8977203 -43.4962276 616601898 616600994
616600992 -22.8976511 -43.4953908 616601714 616600994 616601878
616601898 -22.8976116 -43.4963242 616601919 616601905 616601899
616601714 -22.8975733 -43.4952931 616602023 616600992 616601731
616601878 -22.8975424 -43.4954766 616601905 616600992
616602023 -22.8974358 -43.4951206 616601714 616602047 616600989
616599836 -22.8974323 -43.4900178 1846648386 616599837 1846648399
616600989 -22.8972064 -43.4948329 616602023 3819923609
616602294 -22.8971471 -43.4997789 616602292 616602296
3819923609 -22.8971418 -43.4946856 3819923610 616600988 616600989
616602292 -22.8971076 -43.4995965 616602289 616602294
616602289 -22.8971076 -43.4993819 616602292 616602287
616600988 -22.8971076 -43.4946076 616600987 3819923609
616602047 -22.8970878 -43.495262 616602023 616602048
616600987 -22.8970483 -43.4944144 3819923613 616600988
616602287 -22.8970285 -43.4991781 616602284 616602289
3819923613 -22.8970263 -43.4942895 616600987 3819923612 616600262
1846648399 -22.8970212 -43.4901307 616599818 616599836 1846648395
616601905 -22.8970209 -43.4956057 616601906 616601898 616601878
616601919 -22.8969881 -43.4965031 616601897 616601898 616601906
1846648395 -22.8969663 -43.4901573 1846648399
616602284 -22.8969494 -43.4990708 3077373231 616602287
616600262 -22.8968802 -43.4934596 616601848 616600986 3819923613 616602788
3077373231 -22.8967957 -43.4989432 616602281 616602284
616602281 -22.8967814 -43.4989313 3077373231 616602278
616601897 -22.8967517 -43.4965709 616601919 616601896
616599518 -22.8967517 -43.490198 616599564
1846648396 -22.8967249 -43.4910213 616600157 616600158 1846648380
616602278 -22.8967122 -43.4988776 616602276 616602281
616600986 -22.8967122 -43.4927515 616600275 616600262
616602276 -22.8966529 -43.4987274 616602274 616602278
616600371 -22.8966249 -43.4922648 616600275 616600157 616600276
616599564 -22.8966239 -43.4902329 1846648380 616599518 616288109
616600275 -22.8965738 -43.4922794 616600986 583224230 616600371
616601896 -22.8965541 -43.4966139 616601897 616601895
616601895 -22.8964849 -43.4965817 616601879 616601896
616601906 -22.8964063 -43.4957579 616601905 616601879 616601919
616602274 -22.8964058 -43.4982768 616602272 616602276
1846648380 -22.8963458 -43.4903087 1846648396 616599543 616599564
616602272 -22.8962773 -43.4980837 616602170 616602274
616600157 -22.8962576 -43.4911529 616600155 1846648396 616600371
616602170 -22.8961291 -43.4979979 616602687 616602688 616602169 616602272
616602687 -22.8961093 -43.4976224 616602170
616601879 -22.8960791 -43.4958389 616601906 616601880 616601895
616602688 -22.89605 -43.4987167 616602170
616599543 -22.8960496 -43.4903895 616599517 1846648380 616599918
3819923610 -22.8960361 -43.494986 3819923609 3819923611
616602048 -22.8960204 -43.4955302 616602047 616602049
616602049 -22.895882 -43.4952513 616602048 616602051
616601880 -22.8958523 -43.495895 616601879
3819923611 -22.8958204 -43.4948997 3819923610 3819923612
3819923612 -22.8957296 -43.4946348 3819923613 3819923611
616602169 -22.8956053 -43.4979013 616602170 616602168 616602691
616602051 -22.8953582 -43.4954444 616602049 616602052 616602070
616602691 -22.8952593 -43.4989957 616602169
616600155 -22.8952494 -43.4914318 616600157 583224165
616602070 -22.8952198 -43.495144 616602071 616602118 616602051
616602071 -22.8950913 -43.4948436 616602070 616602072
616602072 -22.8950122 -43.4946183 616602071 616602079
616602168 -22.8948838 -43.4977082 616602169 616602749 616602167
616599517 -22.8948245 -43.4907237 616599928 616599516 616599543
616602053 -22.8947553 -43.4957126 616602052
616602052 -22.8947553 -43.4956054 616602053 616602051
616599928 -22.8946242 -43.4904071 616599517 616599915 616599918
616602749 -22.8945675 -43.4993283 616602168
616602118 -22.8945082 -43.4953479 616602070 616602117 616602124
616599915 -22.8944148 -43.4900759 616599928 616599906 616599885
616599516 -22.8943995 -43.4908203 616599502 616599517 616599936
616602124 -22.8943006 -43.4951547 616602118
616602167 -22.8942907 -43.4975473 616602166 616602168
616602117 -22.8942018 -43.4954444 616602118
616599936 -22.894177 -43.4904627 616599978 616599516 616599962
616602134 -22.8941326 -43.4957556 616283594
616602103 -22.8940733 -43.4954551 616283595
3819923618 -22.8940436 -43.4980178 3819923619
3819923622 -22.8940209 -43.4985231 3819923621
3819923614 -22.8939982 -43.4990653 3819923615
616599978 -22.8939514 -43.4901001 616599542 616599936 616600041
616602166 -22.8937867 -43.4973434 616602165 616602167 3819923619
616602079 -22.8937768 -43.4949294 616602072
616602788 -22.8936871 -43.4943037 616600262 583224623 616602787
3819923619 -22.8936674 -43.4978993 3819923618 3819923621 616602166 3819923620
616602165 -22.8936582 -43.4972147 616602164 616602166
616602092 -22.8936582 -43.4949831 616283598
616602164 -22.8935692 -43.4970537 616283594 616602165
3819923621 -22.8935645 -43.4983789 3819923617 3819923622 3819923619
616283594 -22.8935458 -43.4959548 616602164 616283595 616602134
3819923615 -22.8935441 -43.4988928 3819923616 3819923614
3819923616 -22.8934986 -43.4988312 3819923615 3819923617
616602787 -22.8934902 -43.4938244 616602788
3819923617 -22.8934873 -43.4987387 3819923616 3819923621
616283595 -22.8933976 -43.4956437 616283594 616283598 616602103
583224623 -22.8933027 -43.4944053 583224622 616602788
583224622 -22.8931149 -43.4944804 583224623 616282382
616283598 -22.8930714 -43.4951179 616602092 616283595 616283603
616283603 -22.8929034 -43.4948819 616283610 616283598
3819923620 -22.8928629 -43.4976665 3819923619
616282382 -22.8928243 -43.4945386 583224622 616282384
616283610 -22.8926958 -43.4947317 616282385 616283603
583224230 -22.89268 -43.4933646 583224229 616600275
616599502 -22.8926303 -43.491346 616599962 583223604 616599516
616282384 -22.892597 -43.4945493 616282385 616282382
616599962 -22.8925238 -43.4909591 616599502 616599936 616600041
583224229 -22.8925021 -43.493429 583224230 616282285
616282385 -22.8924388 -43.4945279 616282384 616283610 616283615
616600041 -22.8924145 -43.4905622 583223601 616599496 616599962 616599978
616288234 -22.8924115 -43.4900418 616288222 616599496 616288240
616599496 -22.8922815 -43.490079 616288246 616288234 616600041
616283615 -22.8922313 -43.4943026 616282385 616283621
616288246 -22.8921702 -43.4901108 583223599 616599496 616288242
583224165 -22.8921463 -43.4922918 583224164 616600155
583223604 -22.8921068 -43.4914764 583223603 616599502
616283621 -22.8920435 -43.4940665 616283615 616283627
583224164 -22.8919684 -43.4923454 616282272 583224165
583223603 -22.8919585 -43.4915193 616282189 616282212 583223604
616283627 -22.8919051 -43.4938734 616283621 616282285
583223601 -22.8918399 -43.4907146 583223600 616600041
616282212 -22.8918224 -43.4911499 583223603 583223600 616282216
616282285 -22.891747 -43.4936588 583224229 616283627 616283631
583223600 -22.8916818 -43.4907683 583223601 616282212 616282181
583223599 -22.8916719 -43.4902533 583223598 616288246
583223598 -22.8915236 -43.4903069 616282071 583223599
616283631 -22.8914109 -43.4933155 616283634 616282285
616282189 -22.8913813 -43.491674 616282188 583223603
616282188 -22.8913121 -43.4916418 616282189 616282216
616283634 -22.8912231 -43.4931438 616283631 616283638
616282216 -22.8911517 -43.4913536 616282188 616282212 616282256 616282186
616283638 -22.8911342 -43.4929185 616283634 616282272
616282272 -22.8910946 -43.4925645 583224164 616283638 616283641
616282181 -22.8910749 -43.490923 583223600 616282184
616283641 -22.8910452 -43.4922748 616282272 616283645
616282186 -22.8910255 -43.4911268 616282184 616282216
616282184 -22.8910156 -43.4910088 616282181 616282186
616283645 -22.8909859 -43.492028 616283641 616283649
616283649 -22.890897 -43.4918027 616282256 616283645
616282071 -22.8908673 -43.4904831 616282070 583223598 616282097
616282256 -22.8907388 -43.4914594 616283649 616284598 616282216
616284598 -22.8903375 -43.4908449 616282256 616284635 616282097
616284661 -22.890294 -43.4920173 616284659
616282097 -22.8901853 -43.4906118 616282071 616284598 616282029
616284659 -22.8901062 -43.4917491 616284657 616284661
616284657 -22.8900667 -43.4916311 616284655 616284659
616284655 -22.8899975 -43.491395 616284635 616284657
616284635 -22.889847 -43.4911874 616284598 616284655 616284611
616284611 -22.8897801 -43.4912341 616284635 616284627
616284627 -22.889444 -43.4906655 616284611
616284777 -22.887398 -43.4906333 616284779
3819923601 -22.8872955 -43.4991836 3819923600
616284779 -22.8872596 -43.4902256 616284777 616284780
3819923596 -22.8872525 -43.498768 3819923595
3819923606 -22.8871363 -43.4996413 3819923605
3819923603 -22.8871234 -43.4983991 3819923602
616231774 -22.8866545 -43.4980955 616231830
3819923605 -22.8866287 -43.4997067 3819923604 3819923606
616231830 -22.8863619 -43.4981656 616231774 616220613 616231825
616231790 -22.8863131 -43.4977692 616231825
616231825 -22.8862337 -43.4977892 616231792 616231830 616231790
3819923604 -22.8860833 -43.4998611 3819923600 616222428 3819923605
3819923600 -22.8857214 -43.4995891 3819923595 3819923604 3819923601
3819923608 -22.8856692 -43.4999448 3819923607
3819923607 -22.8854323 -43.499998 3819923598 3819923599 3819923608
3819923598 -22.8853379 -43.4995572 3819923597 3819923607
3819923595 -22.8853368 -43.4993001 3819923597 3819923600 3819923596
3819923597 -22.8851927 -43.4991918 3819923595 616222427 3819923598
616222427 -22.885127 -43.4991424 3819923597 616220611
616231792 -22.8850662 -43.4980841 616231823 616231825 616231794
616220611 -22.8850578 -43.4991317 3819923602 616223124 616222427
3819923602 -22.8850031 -43.498942 616220611 616220612 3819923603
616220612 -22.8849589 -43.4987884 3819923602 616220613
616231823 -22.884949 -43.4977155 616231792 616231824
616220613 -22.8846031 -43.4986167 616231830 616220612 616220614
616220614 -22.8844054 -43.4985309 616220615 616220613 616222300
616220615 -22.8841978 -43.49837 616220614 616231794
616231794 -22.8841656 -43.4983116 616220615 616231792 616220617
616220617 -22.8840199 -43.4980481 616231824 616231794 616222281
616231824 -22.8839703 -43.4979358 616231823 616220617 616220620
616222300 -22.8838248 -43.4986822 616220614 616220723 616222281
616222281 -22.8837052 -43.4981303 616220989 616220617 616222300
616220620 -22.8836838 -43.4972864 616231824 616220622
442358931 -22.8835463 -43.4934476 442358932
2626278165 -22.8835285 -43.4907913 2626278163
611703423 -22.8835262 -43.4920757 2641148973 611703454
616222122 -22.8835257 -43.4976511 616222086 616222250
616223124 -22.8835251 -43.4995151 616222686 616220611 616223123
2641148973 -22.8835237 -43.4922286 442358930
611703714 -22.8835188 -43.4918826 611703423
2626278166 -22.8835149 -43.4907215 2626278165
442358932 -22.8835147 -43.4938682 442358933
442358930 -22.8835147 -43.4925035 442358931
2626278163 -22.8835087 -43.4909455 2626278161
442358929 -22.8834866 -43.4916815 611703714
2641148977 -22.8834817 -43.4916278 442358929
2626278168 -22.8834717 -43.4906733 2626278166
442359354 -22.8834672 -43.4936107 442359353
2626278161 -22.8834643 -43.4910957 2626278159
616220622 -22.8834565 -43.4966855 616220624 616220620
2626278159 -22.8834457 -43.4912258 2626278158
2626278158 -22.8834401 -43.4913529 2641148977
2641148974 -22.8834372 -43.4919336 611703711
442358933 -22.8834356 -43.4941515 442358934
611703037 -22.8834348 -43.4938619 442359354 611703036
442359353 -22.8834277 -43.4925464 611703454
611703454 -22.883425 -43.4921195 611703477 2641148974
611703711 -22.8834224 -43.4918397 2641148976 611703565
2626278169 -22.8834198 -43.4906438 2626278168
442359355 -22.8834064 -43.4940371 611703037
2641148976 -22.8833977 -43.4916412 442359352
616222250 -22.883392 -43.4972696 616222122 616222037 616222237
442359352 -22.8833878 -43.4915795 2626278174
442358928 -22.8833656 -43.490748 2626278158
2626278171 -22.8833532 -43.4906434 2626278169 442358928
442358934 -22.8833407 -43.4944175 442358935
611705235 -22.8833186 -43.4903028 2626278171
2626278172 -22.8833112 -43.4906756 2626278171
2626278174 -22.883289 -43.4907668 442359351 2626278172
442359356 -22.8832859 -43.4943874 442359355
442359351 -22.8832717 -43.4905254 611705231
616222037 -22.8832588 -43.4968894 616222040 616222250
611705231 -22.8832519 -43.4903618 442358550 611703158
611707419 -22.8832008 -43.494534 442359356 611707417
616220624 -22.8831699 -43.4959345 616220622 616220627
442358935 -22.8831114 -43.4948467 442358936
611707503 -22.8830406 -43.4946652 611707417 611707509
611707509 -22.8830361 -43.4947932 611707419 611707503
611707417 -22.8829788 -43.4946277 611707419 611707503 611707637
442359357 -22.8829453 -43.4949583 611707509
611703036 -22.8828824 -43.4940105 611703037 611703286 611700902
611703286 -22.8828625 -43.4933778 611703036 611703155 611703403
611703155 -22.8828429 -43.4927555 611703286 611703477 611703172
611703477 -22.8828179 -43.4922402 611703156 611703155
611703156 -22.8828132 -43.4921439 611703477 611703842 611703565
611703565 -22.8828044 -43.4920811 611703156 611705472 611703711
442358936 -22.8827872 -43.4953445 616220627
611705472 -22.8826751 -43.4911659 611703158 611703565 611705469
616220627 -22.8826662 -43.4955415 442358937 616220624
442359358 -22.882629 -43.4954647 442359357
611703158 -22.8825859 -43.4905346 611705472 611705226 611705231
611700499 -22.8825859 -43.4900411 611700050 611700496
442358937 -22.8824709 -43.4958595 442358938
616222086 -22.8823791 -43.4979301 616222122 616222231 616222237
611707637 -22.8823354 -43.4948063 611707797 611706976 611707417
616222237 -22.8822964 -43.4975663 616222086 616222040 616222250
442359359 -22.8822656 -43.4960584 442359358
616222040 -22.882219 -43.4972255 616222037 442358939 616222237
442358938 -22.8821862 -43.4964603 442358939
611706873 -22.8820984 -43.4963988 611706869 442359359
442359360 -22.8819795 -43.4966585 611706873
616222686 -22.8818804 -43.4999707 616223124 616220637 616222649
442358939 -22.8818778 -43.4973358 616221477 616222040
2626274426 -22.8818087 -43.4974301 2626274425
616221561 -22.8818058 -43.4973722 2626274426
611700902 -22.881805 -43.4943004 611703403 611704477 611703036
2641156772 -22.8817765 -43.4973418 616221561
2626274425 -22.8817745 -43.4975876 616221477
616221477 -22.8817663 -43.4977097 442358940
442358940 -22.8817574 -43.4977778 616222231
616221563 -22.8817484 -43.497347 2641156772
442359361 -22.8817264 -43.4972319 442359360
616222231 -22.8817152 -43.4980908 442358941 616222086
442358941 -22.8816959 -43.4982971 616221267
616221267 -22.8816825 -43.4985413 616220989 616221266
616220989 -22.881676 -43.4986602 442358942 616222281
611703403 -22.8816629 -43.4937114 611703172 611703286 611700902
442358942 -22.8816604 -43.4991535 616220723
616221565 -22.8816595 -43.4974098 616221563 442359361
616220723 -22.8816548 -43.4992521 442359560 616222300
616221266 -22.8816484 -43.4986303 616221265
442359560 -22.8816389 -43.4995235 442359561
611706869 -22.8816371 -43.4965263 611708298 611706873 611707801
616221265 -22.8816088 -43.4986685 2626274419
442359561 -22.8815827 -43.4997756 616220637
611707797 -22.8815777 -43.4959205 611707637 611707801
2626274419 -22.881565 -43.4986571 2626274421
2626274421 -22.8815402 -43.4986223 2626274422
442359366 -22.8815382 -43.4994459 611710522 442359365
442359367 -22.8815316 -43.4996306 442359366
442359365 -22.8815299 -43.4992412 442359364
611703172 -22.8815225 -43.4931298 611703842 611703403 611703155
2626274422 -22.8815205 -43.4985445 2626274423
442359362 -22.881514 -43.4978336 616221565 611708349
2626274423 -22.8815137 -43.4983963 2626274424
611707801 -22.8815063 -43.4960041 611706869 611708297 611707797
611710166 -22.8814857 -43.4980886 611710269 442359362
442359364 -22.8814791 -43.4987839 611709438
611708349 -22.8814788 -43.4975727 611708298 442359362
2626274424 -22.8814764 -43.4982084 611710166
442359363 -22.8814667 -43.4983332 2626274424
2990611990 -22.8814641 -43.4985563 442359363
611709438 -22.8814636 -43.4986001 611710364 2990611990
442359368 -22.8814531 -43.4998922 442359367
611708297 -22.8814244 -43.4956752 611708152 611707801 611706976
611703842 -22.8813748 -43.4925181 611703172 611703156 611704644 611705469
611706976 -22.8812817 -43.4950988 611708297 611707957 611706933 611707637
611708298 -22.8812584 -43.4966309 611707830 611706869 611708349
611704477 -22.8812499 -43.4944546 611704644 611706933 611700902
611705469 -22.881158 -43.4916195 611703842 611705472 611705226
611706933 -22.8811291 -43.4944882 611704187 611704477 611706976
611709805 -22.8810933 -43.497562 611710278
611710269 -22.8810461 -43.4982049 611710235 611710278 611710166
611705226 -22.8810097 -43.4910052 611704650 611703158 611700496 611705469
611710278 -22.8809093 -43.4976108 611709690 611710269 611709805
611700496 -22.8808858 -43.4904917 611700499 611700047 611700493 611705226
611710522 -22.8808844 -43.4996213 442359366 611710536 611710515
611704644 -22.8808249 -43.4926629 611703842 611704335 611704650 611704477
611710515 -22.8808067 -43.499343 611710364 611710522
611700047 -22.8808067 -43.4901269 611699906 611700048 611700496
611704187 -22.8806971 -43.4946082 611702887 611706933 611704455
611710364 -22.8806751 -43.498781 611709438 611710515 611710608
611704455 -22.8805625 -43.4940074 611704161 611704352 611704187
611710536 -22.8805168 -43.4997199 611710522 611710681 611710608
611704650 -22.8804904 -43.4911462 611704644 611704337 611705226
611704161 -22.8804311 -43.4934207 611704035 611704335 611704455
611710608 -22.8803402 -43.4988618 611710627 611710364 611710536
611704335 -22.880282 -43.4928058 611704644 611704011 611704161 611707068
611707068 -22.8800658 -43.491905 611704335 611704337 611704787
