347655990 -22.8395192 -43.764738 2712314744 347655992
2712314744 -22.8389015 -43.7648168 2712314963 1654983259 1654983210 347655990
1654983210 -22.8388978 -43.7648127 2712314744
2712314963 -22.838675 -43.7648367 349237829 2712314744
349237829 -22.8381198 -43.7648579 2712314963 1419262076
1419262076 -22.8373031 -43.7648761 349237829 349237826
349237826 -22.836612 -43.7648386 349237825 1654983154 1419262076
349237825 -22.8363146 -43.7646887 349237823 349237826
349237823 -22.8357652 -43.7643337 349237822 349237825
1654983151 -22.8352051 -43.7659816 1654983141
349238914 -22.8351877 -43.7605056 349238913 349238917
1654983154 -22.8351832 -43.7674492 1654983141 349237826 1654983127
349238913 -22.8351719 -43.7607288 349238912 349238914
349238912 -22.8351086 -43.7609691 349238911 349238913
349238917 -22.8351086 -43.7603339 349238918 349238914
349238918 -22.8348792 -43.7601108 349238917 349238919
349238911 -22.8348238 -43.7612609 349238910 349238912
349237822 -22.8347368 -43.763647 349237823 2712314829
2712314828 -22.8346771 -43.765683 1654983128
1654983141 -22.8346443 -43.7671158 1654983121 1654983154 1654983151 1654983128
349238910 -22.8344125 -43.761527 1419262032 349238911
2712314829 -22.8344069 -43.7634664 2712314678 349237822 1654983126
1419262032 -22.8342864 -43.7616959 349238909 349238910
349238909 -22.8341594 -43.7617501 1419262032 349238907
349238907 -22.8340802 -43.7618961 349238906 349238909
1654983128 -22.8340621 -43.7668175 1654983091 2712314828 1654983141 1654983124
1654983127 -22.8339588 -43.7697454 1654983125 1654983154 1654983081
1654983126 -22.8338297 -43.7644931 2712314902 1654983095 2712314829
2712314896 -22.8338263 -43.7658404 1654983124
2712314678 -22.8338224 -43.7631444 349237820 2712314829 2712314902
1654983125 -22.8337224 -43.7696094 1654983121 1654983127 1654983118
349238906 -22.8335423 -43.7624368 349237867 349238907
349237820 -22.8335344 -43.7629861 349237867 2712314678
1654983124 -22.8334874 -43.7664973 1654983067 2712314896 1654983128 1654983095
1654983121 -22.8334038 -43.7694279 1654983125 1654983100 1654983141 1654983103
2712314902 -22.8332633 -43.7641967 1654983126 2712314728 2712314678 1654983090
349237867 -22.833234 -43.7628685 349238906 349237819 349237820 1654983090
1654983103 -22.833118 -43.7699315 1654983098 1654983121 1654983093
1654983100 -22.8330599 -43.7692701 1654983121 1654983091 1654983093
1654983095 -22.8328988 -43.7661982 1654983126 1654983124 2712314728 1654983049
1654983093 -22.832808 -43.7697562 1654983100 1654983103 1654983083
1654983091 -22.8328024 -43.7691207 1654983073 1654983100 1654983067 1654983128
1654983090 -22.8327154 -43.763883 349237867 1654983063 1654983059 2712314902
1654983083 -22.8326974 -43.7699652 1654983073 1654983080 1654983093
349237819 -22.8326953 -43.7625566 349237817 349237867 1654983063
1654983073 -22.8324505 -43.7697837 1654983091 1654983061 1654983083
2712314728 -22.832355 -43.7658837 2712314801 2712314902 1654983095 1654983059
1654983067 -22.8322375 -43.7688112 1654983052 1654983124 1654983091 1654983049
1654983063 -22.83215 -43.7635616 2712314695 1654983042 349237819 1654983090
2712314797 -22.8320464 -43.7623321 2712314770
1654983059 -22.8318121 -43.7655697 2712314728 1654983042 1654983090 1654983039
1654983052 -22.8318081 -43.7696138 1654983067
349237817 -22.8317666 -43.7619743 349237819 349241733
1654983049 -22.8316655 -43.7685385 1654983067 2712314801 1654983095 2712314859
2712314770 -22.8316464 -43.7630973 2712314695 2712314797
2712314695 -22.8315767 -43.7632816 1654983063 2712314873 2712314770
2712314873 -22.8314141 -43.7632636 2712314695 2712314985
2712314859 -22.8313893 -43.7690759 1654983049 1654983044
1654983043 -22.8313012 -43.7631247 2712314985
2712314985 -22.8312547 -43.7632124 1654983038 1654983043 2712314873
1654983042 -22.8312361 -43.7652793 1654983038 1654983031 1654983063 1654983059
349241733 -22.8312272 -43.7616529 349237817 349241731
1654983044 -22.8312173 -43.7692369 1654983041 2712314859
2712314801 -22.8311001 -43.7682364 2712314728 1654983049 1654983039 1654983034
1654983041 -22.8309985 -43.769319 2712314915 1654983044
2712314915 -22.8308506 -43.7694974 1654983041 1654983040
1654983040 -22.8306381 -43.7696051 2712314915 1654983034
1654983039 -22.8305323 -43.7679331 1654983028 1654983031 1654983059 2712314801
1654983038 -22.8304288 -43.7647707 1654983042 2712314985 1654983017
1654983034 -22.8303713 -43.7696057 1654983040 1654983028 2712314801
2712314978 -22.82996 -43.766291 1654983024
1654983031 -22.829956 -43.7676125 1654983024 1654983042 1654983039 1654983021
1654983028 -22.8298047 -43.7693935 1654983039 1654983034 1654983021
349241731 -22.8296424 -43.7609176 349241730 349241733
1654983024 -22.8294208 -43.7673073 1654983031 2712314978 1654983017 1654983011
1654983021 -22.8291732 -43.7691012 1654983028 1654983014 1654983031 1654983011
1654983017 -22.8291476 -43.7671878 1654983024 1654983038 1654983009
1654983014 -22.8287175 -43.7699678 1654983046 2712315004 1654983007 1654983021
1654983011 -22.8286244 -43.7687819 1654983024 1654983007 1654983021 1654983009
1654983009 -22.828408 -43.7686323 1654983011 1654983017
349241730 -22.8281789 -43.7601279 349241729 349241731 2712314868
1654983007 -22.8281563 -43.7696642 1654983014 1654983006 1654983011 2712314699
2712314789 -22.8280322 -43.7685261 2712314769 1654983006
349241729 -22.8280128 -43.7601108 349241728 349241730 2712314868
2712314769 -22.828007 -43.7684046 2712314789 2712314780
2712314868 -22.8279945 -43.7600303 349241923 349241730 349241729
349241728 -22.8278467 -43.7602309 349241726 349241729
1654983006 -22.827608 -43.769353 1654982994 1654983007 1654982997 2712314789
2712314780 -22.8275719 -43.7680184 2712314769 2712314911 1654982997
349241726 -22.827372 -43.7610463 349241728 1655286142
2712314911 -22.8272758 -43.7676678 2712314670 2712314780
2712314670 -22.8271616 -43.7674175 2712314911 2712314973
2712314973 -22.8271121 -43.7670635 2712314670 2712314685
2712314685 -22.8270923 -43.7668221 2712314973
1655286142 -22.8270735 -43.7616741 349241725 349241726 349241924
1654982997 -22.8270562 -43.7690258 2712314706 2712314711 1654983006 2712314780
349241725 -22.8269633 -43.7619303 2712314876 349241724 1655286142
2712314876 -22.826701 -43.761959 349241725 1655286140
2712314706 -22.8265588 -43.7686709 1654982997
349241724 -22.8264881 -43.7628916 1655286139 349241725 349241723
1655286140 -22.8263673 -43.7619265 2712314703 1655286138 2712314876 1655286141
2712314703 -22.8261648 -43.7621301 1655286139 1655286140
1655286139 -22.8259264 -43.7625736 1655286134 2712314703 1655286137 349241724
1655286138 -22.8257472 -43.7618149 2712314730 349241925 1655286140
2712314730 -22.8256115 -43.7618689 2712314775 1655286138
349241723 -22.8255178 -43.7648563 1655286136 349241724
2712314775 -22.8254884 -43.7620059 2712314730 1655286137
1655286137 -22.8253705 -43.7622492 1655286139 1655286132 2712314775 1655286135
1655286136 -22.8253374 -43.7652157 349241722 1655286134 349241723
2712314729 -22.825253 -43.7609856 1655286135
349241722 -22.8251253 -43.7656125 1655286136 349241720
349241720 -22.8250146 -43.7657499 349241722 349241719
1655286135 -22.8248071 -43.7619179 1655286133 1655286137 1655286130 2712314729
349241719 -22.8247931 -43.7659387 349241718 349241720
1655286134 -22.8247767 -43.7648874 1655286132 1655286136 2712314751 1655286139
2712314954 -22.8245168 -43.7610696 1655286133
349241718 -22.824358 -43.7663163 2712314871 349241719
1655286133 -22.8242535 -43.761636 1655286131 1655286135 1655286126 2712314954
1655286132 -22.8241957 -43.7645486 1655286134 1655286125 1655286130 1655286137
2712314720 -22.8241109 -43.7604116 2712314993 2712314782
2712314993 -22.8240664 -43.760594 1655286131 2712314720
2712314751 -22.8240521 -43.7663374 2712314871 1655286134
2712314871 -22.823919 -43.7667014 2712314751 1655286121 349241718
1655286131 -22.8237003 -43.7613026 1655286127 1655286133 2712314842 2712314993
1655286130 -22.8235995 -43.7642913 1655286132 1655286135 1655286126
1655286127 -22.8231423 -43.7609792 1655286122 1655286131 1655286116 2712314891
1655286126 -22.8230387 -43.7639725 1655286115 1655286133 1655286120 1655286130
2712314842 -22.8230286 -43.762625 1655286131 1655286120
1655286125 -22.8229993 -43.7669416 1655286115 1655286132 1655286121
1655286122 -22.8225947 -43.7606509 1655286117 1655286127 1655286111 2712314899
1655286120 -22.8225453 -43.7636769 1655286112 2712314842 1655286116 1655286126
1655286121 -22.8224899 -43.7679551 2712314871 1655286125 2712314872
1655286117 -22.8220169 -43.7603357 1655286122 1655286107 349241929 1655286113
1655286116 -22.8219544 -43.7633408 1655286127 1655286111 1655286108 1655286120
2712314872 -22.8219284 -43.7684416 1655286114 1655286121
1655286115 -22.8219025 -43.7663293 1655286125 2712315021 1655286112 1655286126
1655286114 -22.8214815 -43.768679 1655286110 2712314872
1655286113 -22.8214067 -43.7600206 1655286117 1655286118 1655286109 1655286103
1655286111 -22.8214056 -43.7630391 1655286122 1655286107 1655286101 1655286116
1655286112 -22.8213706 -43.7660323 1655286115 1655286108 2712314701 1655286120
1655286110 -22.8211324 -43.768823 2712315021 2712314869 1655286114
1655286107 -22.8208478 -43.7627167 1655286098 1655286117 1655286111 1655286103
1655286108 -22.8207964 -43.7657118 1655286101 1655286112 2712314808 1655286116
2712315021 -22.8207547 -43.7686215 1655286110 1655286115 2712314701
2712314869 -22.8207027 -43.7690368 1655286105 1655286110
1655286105 -22.8204293 -43.7692409 2712314798 2712314869
1655286103 -22.8202596 -43.762393 1655286097 1655286107 1655286095 1655286113
2712314701 -22.8202427 -43.7683482 2712315021 2712314715 1655286112
1655286101 -22.8202245 -43.7653925 1655286098 1655286092 1655286111 1655286108
2712314715 -22.8201158 -43.7682804 2712314701 2712314808
