1059565355 -22.7999952 -43.1850619 1059565396 1059949479 1059565498
617750862 -22.7999857 -43.1898844 617750861 617750863
617750861 -22.7999857 -43.1896699 617750862 617750860
1059565162 -22.7999754 -43.1856895 1059565471 1059565466
1059949479 -22.7999754 -43.1848739 1059949671 1059565355
628070098 -22.7999162 -43.1860864 628070102 628070094
1059565435 -22.7998913 -43.185314 1059565541 1059565265 1059565498
1059949671 -22.7998815 -43.18467 1059949479
1059565471 -22.799832 -43.1858237 1059565162 1059565261
278085928 -22.7998207 -43.1827907 278085927 278085929
1059565541 -22.7998023 -43.1854106 1059565401 1059565435
1059565265 -22.7997825 -43.1851316 1059565435
628070102 -22.7997325 -43.186032 628070098 1059565261
1059565401 -22.7997084 -43.185593 1059565541 1059565283
628153096 -22.7996551 -43.1806714 628153090 1065032461 628068702
1059565261 -22.799645 -43.1859845 628070102 628070106 1059565471
628153090 -22.7995171 -43.1804818 2609823161 628153096 1065032367
628070106 -22.7995149 -43.185914 1059565261 1059565283
278085747 -22.7994761 -43.1863828 2609827941 628070189 3084589983
2609823161 -22.7994725 -43.1801706 628153090 1065032367 628153084
3084589982 -22.7994669 -43.1863273 278085747
3084589981 -22.7994587 -43.1862521 3084589982
628070359 -22.7994508 -43.1889905 628070616 628070312 628070369
1059565283 -22.7994422 -43.1858663 628070106 628070112 1059565401
3084589983 -22.7994414 -43.1864943 278085746
278085748 -22.7994377 -43.1861592 2609827943 3084589981
1065032336 -22.7994214 -43.1824174 1065032379
278085746 -22.7994013 -43.1865823 2609827941 3084589980
2609827943 -22.7993926 -43.1862907 2609827942
628070369 -22.7993764 -43.1889073 628070359 628070298
628070112 -22.7993526 -43.1858076 1059565283 278085748
628070279 -22.7993515 -43.1881857 628070288 628070270
2609827942 -22.7993343 -43.186336 2609827941
1065032367 -22.7993189 -43.1803041 2609823161 628153090 628153222 1065032217
3084589980 -22.7993065 -43.1867573 621471720 278085746
1065032240 -22.7992879 -43.1820902 1065032290 1065032419
1065032379 -22.7992731 -43.1823369 1065032369 1065032336
1065032290 -22.7992632 -43.1822243 1065032369 1065032240
2609827941 -22.7992521 -43.1863354 278085823
1065032419 -22.7992483 -43.1819507 1065032240 1065032184
628070312 -22.7992245 -43.1891697 2908367693 628070298 628070359
628070288 -22.7992062 -43.1884773 628070279 628070298
628070298 -22.799206 -43.1887852 628070288 628070312 628070369
1065032184 -22.7992038 -43.1818702 1065032419 1065032342
1065032369 -22.7991825 -43.1822526 1065032483 1065032290 1065032379
1065032342 -22.7991643 -43.1817093 1065032474 1065032184 1065032410
2908367693 -22.7991614 -43.1893857 628070312 2908367691
278085749 -22.7991337 -43.1850829 628070112
1065032474 -22.7991049 -43.1817522 1065032481 1065032342
1065032483 -22.799095 -43.1822833 1065032369 1065032447
1065032410 -22.799095 -43.1815645 1065032461 1065032342
1065032481 -22.7990308 -43.1817576 1065032412 1065032474
2908367691 -22.7990138 -43.1896978 2908367693 628070641
278085929 -22.7990019 -43.1834965 278085928 3080920497
628070650 -22.798996 -43.1899294 628070641 617751934
628153222 -22.7989853 -43.1800023 628153219 1065032367
628070641 -22.7989809 -43.1898043 2908367691 628070650
1065032412 -22.7989516 -43.1818273 1065032481 1065032479
1065032461 -22.7989367 -43.1812666 628153096 628153121 1065032410
1065032479 -22.7988923 -43.1818541 1065032485 1065032412
3080920497 -22.798886 -43.1836349 278086147
1065032217 -22.7988502 -43.1807533 1065032367
278086147 -22.7988409 -43.1837647 278085752
278085750 -22.7988312 -43.1843905 278085749
278085752 -22.7988127 -43.1839277 278085751
3080920496 -22.7988019 -43.1842515 278085750
278085751 -22.7987875 -43.1841111 3080920496
1065032447 -22.7987835 -43.1824281 1065032483
1065032485 -22.7987785 -43.1818112 1065032416 1065032479
628153121 -22.7987705 -43.1814092 1065032461
3080920495 -22.7987662 -43.1838146 278085752
621471720 -22.7987256 -43.1874665 278085757 3084589980 621471719
278086156 -22.7986809 -43.1837299 3080920495
621471736 -22.7986478 -43.1828288 621471735 621471737
1065032416 -22.7986401 -43.1817308 1065032485
621471735 -22.7986182 -43.1829468 621471734 621471736
278085944 -22.7985548 -43.1837005 278086156 278085929
278085757 -22.7985231 -43.187786 278085756 621471720
621471737 -22.7984896 -43.1826678 621471739 621471736
278085756 -22.7984518 -43.1881052 278086725 278085757
621471734 -22.79845 -43.1830112 621471735 621471733
278086725 -22.7983854 -43.1884755 278085755 278085756
278085755 -22.7983497 -43.1886917 278086724 617751939 278086725
621471733 -22.7982819 -43.1830004 621471731 621471734
621471739 -22.7982621 -43.1823889 621471740 621471737
278086724 -22.7981287 -43.1884266 278086725 1065032182
621471719 -22.7980742 -43.1867448 621471717 621471720
621471740 -22.7980643 -43.1818632 621471739 621471741
278086118 -22.7979922 -43.1838486 278085944 621471731
628204322 -22.7978603 -43.180112 628204327
621471731 -22.7976906 -43.1830707 2908387326 621471733 621471746 278086118
621471746 -22.7975768 -43.1828213 621471744 621471731
2908382698 -22.7975719 -43.1807533 628203411 628203413
628203413 -22.7975299 -43.180933 628203415 2908382698
628203411 -22.7975027 -43.1804904 2908382699 2908382698
278086723 -22.7975015 -43.1886791 278086724
2609859890 -22.7974809 -43.188794 278086723 2609859889
2908382699 -22.7974532 -43.1802115 628203411 2908382700
628203415 -22.7974235 -43.1810027 628203417 628203413
2609859889 -22.7974126 -43.1887238 278086717 278086723
628203417 -22.7973444 -43.180992 628203415 628203419
621471741 -22.7973126 -43.1818203 621471740 2908382697 628203432
1065032182 -22.797308 -43.1875267 278086724 278086961 1065032372
2908387326 -22.7972842 -43.1831394 621471730 621471731
621471744 -22.797273 -43.182228 621471742 621471746
278085823 -22.7972649 -43.1840615 278086118 621471710
2908382697 -22.7972628 -43.1818744 621471741 621471742
621471742 -22.7972434 -43.181949 2908382697 621471744
621471710 -22.7971797 -43.1840651 278086119 278085823 621471717
628203432 -22.7971383 -43.18185 621471741 628203431
278086119 -22.7969772 -43.1840399 278086120 621471710
628203431 -22.7969701 -43.18185 628203429 628203432
1065032372 -22.7968976 -43.1879517 1065032294 1065032244 1065032182
621471730 -22.7968935 -43.183236 2908387326
628203429 -22.7968515 -43.1818393 628203427 628203431
278086120 -22.7968083 -43.1839764 278086119 278086121
628203427 -22.7967139 -43.1817242 628203429 628203425
628203419 -22.796624 -43.1803909 628203417 628203421
278086121 -22.7965932 -43.1838538 278086120 2908387327
628203301 -22.7965745 -43.181496 278086122
1057052988 -22.7964726 -43.1898602 1057052973 1057053026 1057052934
628203421 -22.7964657 -43.1803587 628203419 628203423
1065032244 -22.7964167 -43.1884497 1065032303 1065032402 1065032372
621471717 -22.7964085 -43.18485 278086961 621471641 621471719 621471710
628203437 -22.7963965 -43.1811634 628203439
1057053026 -22.796328 -43.1895257 278086717 1057052988 1057052936
628203425 -22.7963272 -43.1805411 628203423 628203427
628203423 -22.7963272 -43.1803587 628203421 628203425
278086717 -22.7962248 -43.1893064 1057053026 617752054 621480338 2609859889
1065032303 -22.7960982 -43.1887796 1065032244
621480338 -22.7960664 -43.1890193 278086717 621480339
628203305 -22.7960503 -43.1802085 278086125
1057052936 -22.795925 -43.189788 617752054 1057053026 1057052934
621480339 -22.7957993 -43.1886974 621480338 621480340
617752054 -22.795792 -43.1894982 278086717 1057052936 1057053065
2908387327 -22.795756 -43.1830563 2908387328 278086121
278086961 -22.7956429 -43.1855974 1065032182 1065032445 621471717 1065032329
628203396 -22.7956349 -43.1801549 628203394 628203398
1057053065 -22.7956234 -43.1892784 617752054 1057052969
1057052969 -22.7956036 -43.1892569 1057053065
2908387328 -22.7955731 -43.1828765 2908387327 278086122
278086122 -22.7954349 -43.1826687 2908387328 628203301 621471638
1065032294 -22.7954195 -43.1862492 1065032329 1065032372 1065032402
1057053050 -22.795381 -43.189965 1057052953 1057052938
621471638 -22.7953134 -43.1824206 278086122 628203439 621471641
1057052953 -22.7952722 -43.1895734 1057053050
628203439 -22.79526 -43.1822305 628203437 621471638 278086124
3064224518 -22.7952361 -43.1801572 3064224517 278086127 278086967
1065032445 -22.7952352 -43.1851291 278086961 278086962 1065032452
1065032329 -22.7952275 -43.186028 278086961 621471657 1065032294
278086967 -22.7952154 -43.1803371 3064224518 628203394 278086966
3064224519 -22.7951885 -43.1801049 3064224518
628203394 -22.795188 -43.1807018 628203396 278086125 278086967
3064224517 -22.795178 -43.1802117 278086966
278086125 -22.7951623 -43.1810495 628203394 278086124 628203305
621480340 -22.7951522 -43.1880866 621480339 621480341
278086124 -22.7951461 -43.1817061 621471723 628203439 278086125
278086964 -22.7951359 -43.1800827 3064224519 278086127
278086966 -22.7951254 -43.1802207 278086965
278086965 -22.7950269 -43.1801349 278086964 628208535
621471657 -22.7950051 -43.1862586 1065032329 621471619 1065032388
1065032402 -22.794931 -43.1867626 1065032244 1065032294 1065032215
621480341 -22.7948498 -43.1877748 621480342 621480340
1065032452 -22.794814 -43.1855629 1065032445 1065032388 1065032348
621471641 -22.7947734 -43.1829743 621471638 278086962 278087057 621471717
621480342 -22.7946322 -43.1877211 621480343 621480341
1065032388 -22.7946057 -43.1857775 1065032409 621471655 621471657 1065032452
621471619 -22.7945852 -43.1866939 1065032409 621471657 621471705
1065032328 -22.7945107 -43.1874761 1065032337
1065032215 -22.7944464 -43.1872239 1065032339 1065032402
628208535 -22.7944078 -43.1800627 278086965 278087037 628208380
1065032337 -22.7944068 -43.1873688 1065032328 1065032339
1065032339 -22.7944068 -43.1873044 1065032337 1065032215
621480343 -22.7943256 -43.1877962 621480342 1065032219
621471723 -22.7942761 -43.1807259 621471722 278086124
1065032348 -22.7942486 -43.1849119 1065032452 1065032260
621471655 -22.7942069 -43.1852964 1065032260 1065032388
1065032409 -22.7941722 -43.1862239 1065032388 621471619 621471620
621471722 -22.7941376 -43.1806079 621471723 278087054
621471705 -22.7941251 -43.1871709 621471707 621471619 621471725
1065032260 -22.7940407 -43.1851004 621471655 1065032348 621471642
278086962 -22.7940287 -43.1837434 278086963 1065032445 621471641 621471642
278087054 -22.7939813 -43.1805076 621471722 278087037 278087055
621471620 -22.7939794 -43.1860045 1065032409 621471622
278087055 -22.7938718 -43.1806764 278087054 278087056
3404219015 -22.7937944 -43.1806477 278087055
1065032218 -22.7937243 -43.188667 1065032219
621471707 -22.793653 -43.1866375 621471658 621471705
278087111 -22.7935856 -43.1806621 3404219015
1065032219 -22.7935131 -43.188185 621480343 621471728 1065032218
278087056 -22.7934617 -43.1811232 278087108 278087055 278087057
278087108 -22.7934344 -43.1810105 3404219016
278087112 -22.7934152 -43.180692 278087111
621471642 -22.7934089 -43.1843551 621471622 1065032289 278086962 1065032260
3404219016 -22.7933906 -43.1809176 278087109
621471725 -22.7933563 -43.1879679 621471726 621471705
621471728 -22.7933167 -43.188279 1065032219 621471726 621471661
278087109 -22.7933166 -43.1808423 278087110
621471726 -22.7932969 -43.1881717 621471725 621471728
278087057 -22.7932928 -43.1813058 278087056 278087058 621471641
278087110 -22.7932276 -43.1807784 278087112 278087097
1065032289 -22.7932204 -43.1841445 1065032306 621471624 621471642
621471658 -22.7931683 -43.1861225 621471707 621471626 1065032225
1065032225 -22.7931029 -43.1863556 621471658 1065032398 621471661
278087039 -22.7930654 -43.1800533 278087038 278087040 628208290
621471622 -22.7929321 -43.1848257 621471626 621471620 1065032306 621471642
1065032306 -22.7927508 -43.1846216 1065032289 621471622 621471623
1065032349 -22.7926874 -43.1866826 1065032304
278087058 -22.7926755 -43.1819154 278086963 278087057
278086963 -22.7925253 -43.1820783 278086962 278087058 278087059
621471626 -22.79251 -43.1852989 621471658 621471628 621471622 621471643
1065032304 -22.7924821 -43.1866021 1065032349 1065032278 1065032246
278087097 -22.7924303 -43.1811084 278087058 278087110
621471661 -22.7923683 -43.1889601 621471728 3755324334 1065032225
1065032334 -22.7923643 -43.1857648 1065032398
278087059 -22.792361 -43.1822374 1065969234 278086963 278087060
621471624 -22.792334 -43.1831546 278087060 1065032289 621471623
3755324334 -22.7923083 -43.1890375 3755324333 621471661
1065032398 -22.7922852 -43.1860652 1065032334 1065032225 1065032246
621471643 -22.7922712 -43.1855381 621471626 621471644
1065032278 -22.7922704 -43.1873956 1065032304
3755324333 -22.7922334 -43.1890836 621471662 3755324334
1065032246 -22.7921953 -43.1864975 1065032307 1065032304 1065032398
278087040 -22.7921771 -43.1803617 278087039 3404219000 278087097
621471662 -22.7921642 -43.1890988 3755324333 621471664
621471644 -22.7921636 -43.1855441 621471643 621471646
621471664 -22.7920177 -43.1890829 621471662 621471665
1065032307 -22.7919687 -43.1873419 1065032246
278087060 -22.791916 -43.1826877 621471540 278087059 2793875017 621471624
621471623 -22.7918825 -43.1836442 1065032306 621471629 621471624
621471628 -22.7918726 -43.184599 621471626 621471629
621471665 -22.7917019 -43.188982 621471664 621471667
1065032272 -22.7916621 -43.1867733 1065032438
1065969234 -22.7916114 -43.1813641 3404219000 278087097
621471667 -22.7915715 -43.1889792 621471665 621471668
621471646 -22.7915184 -43.1852851 621471644 621471648
621471540 -22.7914903 -43.1822242 621471542 278087060 621471547
621471629 -22.7914473 -43.1840928 621471628 2793875017 621471632 621471623
621471648 -22.7913726 -43.1852712 621471646 621471649
621471649 -22.7912594 -43.1853286 621471651 621471648
621471668 -22.7911912 -43.1890675 621471667 621471669
621471651 -22.7911775 -43.185465 1065032438 621471649
3404219000 -22.7911376 -43.1808219 621471654 278087040 278087041
1065032488 -22.7911032 -43.1880661 1065032386
621471547 -22.7910832 -43.1817852 621471540 621471545
1065032381 -22.7910686 -43.1882754 621471559
621471542 -22.7910615 -43.1826678 621471540 621471544
2793875017 -22.7910408 -43.1835985 278087060 2793875018 621471629
621471669 -22.7910329 -43.1890754 621471670 621471668
2793875018 -22.7909624 -43.1836757 2793875017 278087063 621471544
278087041 -22.7908795 -43.1809584 3404219000 278087042
621471670 -22.7908487 -43.189022 621471671 621471669
1065032438 -22.7907821 -43.1863672 621471651 621471631 1065032272
3519183920 -22.7907319 -43.1811171 278087041
621471631 -22.7906791 -43.1866118 1065032438 621471632 621471635
621471654 -22.7906758 -43.1813375 621471695 621471547
278087042 -22.7906308 -43.1809012 278087041 3404216596
621471653 -22.7905778 -43.1812775 3519183920 3404216594 621471654
621471544 -22.7905468 -43.1832288 621471542 621471545 2793875018
628208363 -22.790541 -43.1803266 628208366 628208361 628208295
621471635 -22.7905175 -43.1869272 621471631 1065032386
278087063 -22.7904703 -43.1841601 2793875018 278087064 1065032288
3404216596 -22.790449 -43.1808382 278087042 3404216595
621471671 -22.7903984 -43.1888235 621471670 621471562
3404216595 -22.7903112 -43.1807885 3404216594 3404216596
628208361 -22.7902846 -43.1805887 3404215792 628208363
3519183912 -22.7902765 -43.1807493 3404216598
3404216598 -22.7902747 -43.1807725 3519183911
3404215792 -22.7902727 -43.1807247 3404216595 3519183912
3519183911 -22.7902713 -43.1807852 3404216611
3404216611 -22.7902623 -43.1807993 3519183918
3519183914 -22.7902521 -43.1807007 3404215792
3519183918 -22.7902515 -43.1808153 3404216594
3404216601 -22.7902289 -43.180692 3519183914
3404216594 -22.7902104 -43.1808587 3404216610 278087043
3519183915 -22.7902073 -43.1806913 3404216601
3404216610 -22.7901875 -43.1808267 3519183919
1065032386 -22.7901853 -43.1876359 621471635 621471559 1065032488
3404216604 -22.7901817 -43.1806977 3519183915 628208361
3519183919 -22.7901736 -43.180819 3404216593
3519183917 -22.7901696 -43.1807067 3404216604
3404216593 -22.7901631 -43.1808083 3519183910 3519183913
3404216606 -22.7901622 -43.1807205 3519183917
3404216599 -22.7901526 -43.1807366 3404216606
3519183913 -22.7901507 -43.1807879 3404216600
3519183916 -22.7901492 -43.1807496 3404216599
3404216600 -22.7901486 -43.1807651 3519183916
278087064 -22.7901476 -43.1844744 621471588 278087063
278087043 -22.7901325 -43.1808435 3519183909
621471559 -22.7901157 -43.1877835 621471562 1065032386 1065032381 2908389534
1065032297 -22.7901091 -43.1849333 1065032449
621471545 -22.7901021 -43.1827215 621471547 621471544 621471555
3404216613 -22.7900756 -43.1805874 3404216604
3519183910 -22.7900571 -43.1806893 278087044
3519183909 -22.7900447 -43.1808757 628209073
2908383406 -22.7899918 -43.1802559 278087044 278087045
278087044 -22.7899742 -43.1804828 2908383406 3404216613
621471695 -22.789924 -43.1820992 621471555
1065032422 -22.7898866 -43.1852123 1065032235
1065032449 -22.7898816 -43.1849333 1065032387 1065032297
621471588 -22.7898407 -43.1844602 628208310 621471585 278087064
621471562 -22.789784 -43.1884725 621471671 2908389535 621471559
1065032235 -22.7897382 -43.1851157 1065032422 1065032316
621471555 -22.7897306 -43.1822968 621471545 1065032288
621471585 -22.7896874 -43.1844441 621471588 2908389557 1065032269
621471557 -22.789646 -43.1821951 621471653 621471555 628209073
1065032269 -22.7896195 -43.184767 1065032387 621471585
2908389534 -22.7895932 -43.1875301 621471559 2908389533
1065032387 -22.789532 -43.1848496 1065032449 1065032269 1065032268
1065032268 -22.7895058 -43.1848743 1065032387 1065032316
621471632 -22.789486 -43.1861352 621471631 621471634 621471629
1065032316 -22.7894681 -43.1849969 1065032235 1065032268 1065032311
1065032311 -22.7894415 -43.1850835 1065032316 621471600
621471600 -22.7893306 -43.1853179 621471599 621471601 1065032311
621471601 -22.7893306 -43.1852106 621471600 621471604
1065032399 -22.7892931 -43.1848207 1065032390
1065032288 -22.7892564 -43.1827812 628208310 278087063
628209073 -22.7892328 -43.1816842 621471557 628208320
621471604 -22.7892205 -43.1851296 621471601 621471584
621471599 -22.7891822 -43.1856075 621471600 621471598
1065032390 -22.7890755 -43.1847295 1065032195 1065032399
2908389535 -22.7889835 -43.1880654 621471562 2908389536
628208252 -22.7889695 -43.1801248 606291346 628208255 628208267
2908389557 -22.7889259 -43.1843419 2908389558 621471585
2908389533 -22.7889098 -43.1873042 2908389534 621471634
1065032195 -22.7889024 -43.1847241 1065032390 1065032222
621471584 -22.7888459 -43.1850496 621471604 1065032326 621471582
2908389558 -22.7888412 -43.1843113 621471531 2908389557
621471582 -22.7887964 -43.1851569 621471581 621471584
628208310 -22.7887929 -43.183251 621471588 621471535
621471531 -22.7887601 -43.1842332 621471533 621471520 2908389558
628208313 -22.7887188 -43.1831651 628208310 621471557 628208316
1065032222 -22.7886848 -43.1847295 1065032195 1065032283
2908389536 -22.7886812 -43.1879735 2908389535 621471675
621471598 -22.7886617 -43.1861059 621471596 621471599 621471609
621471533 -22.7885825 -43.1840353 621471531 621471535
621471699 -22.7885689 -43.1833116 628208313
628208320 -22.7885678 -43.1823492 628208327 628208316 628209073
621471634 -22.7885535 -43.1871304 621471632 2908389533
621471675 -22.788529 -43.1879635 2908389537 2908389536
1065032283 -22.7885166 -43.1848046 1065032222 1065032326
628208327 -22.7885034 -43.1822685 628208320 628208329
2908389537 -22.7884167 -43.1880152 621471675 621471676
628208329 -22.7884144 -43.1822256 628208331 628208327
1065032326 -22.7883953 -43.1849893 621471584 621471520 1065032283
621471609 -22.788355 -43.1860657 621471581 621471598
621471676 -22.7883406 -43.1881269 2908389537 621471679
621471535 -22.7883142 -43.1837435 621471533 621471524
628208316 -22.7882561 -43.1826762 628208247 628208320 628208313
621471679 -22.7882463 -43.1883192 621471676 621471680
628208331 -22.7882462 -43.1822148 628208329 628208333
621471680 -22.7881277 -43.1883892 2908389540 621471679
621471520 -22.7880447 -43.1849424 3404215789 621471531 1065032326 621471524
628208333 -22.787999 -43.1821612 628208331 628208338
621471581 -22.7879937 -43.1859607 621471609 1065032448 621471579 621471582
621471596 -22.7878172 -43.1870023 2908389547 621471598
1065032448 -22.7877995 -43.1857648 3404215789 621471581
628208243 -22.7877657 -43.1841287 621471699 628208247
628208338 -22.7877121 -43.1821934 628208333 628208340
628208267 -22.7876725 -43.1814423 628208252 628208266 628208340
2908389547 -22.7876552 -43.187152 621471596 2908389550
628208340 -22.787633 -43.1820968 628208338 628208267
2908389540 -22.7876323 -43.1883387 621471682 621471680
621471524 -22.7876118 -43.1844569 628208230 621471520
2908389550 -22.7875687 -43.1871359 621471595 2908389547
3404215789 -22.7875412 -43.1854486 621471520 621471571 1065032448 628208230
621471527 -22.7875399 -43.1843789 628208243 628208237 621471524
621471682 -22.7875047 -43.1883094 2908389540 2908389541
621471595 -22.7874945 -43.1870822 2908389548 2908389550
621471579 -22.7874574 -43.1865646 621471577 621471581 621471591
2908389541 -22.7874251 -43.1882606 621471682 621471683
2908389548 -22.7873832 -43.186983 621471595 621471594
621471577 -22.7873733 -43.1865994 621471576 621471579
621471591 -22.7873627 -43.1866676 621471579 2908389549
621471683 -22.7873215 -43.1881417 2908389541 2908389542
2908389549 -22.7873164 -43.186755 621471591 621471594
621471594 -22.7872925 -43.1868752 621471574 2908389549 2908389548
628208247 -22.7872868 -43.1836418 628208237 628208243 628208316
621471576 -22.7872571 -43.1866504 621471577 2908389551
2908389551 -22.787174 -43.1866587 621471574 621471576
628208230 -22.7871083 -43.1849781 3404215789 621471693
2908389542 -22.7871042 -43.1876297 621471683 621471563
628208229 -22.7870591 -43.1848723 621471527 628208227
621471574 -22.787032 -43.1866021 2908389552 621471594 2908389551
621471563 -22.7870057 -43.187514 2908389542 3404215791 621471564
628208237 -22.7869954 -43.1839664 621471527 628208247 3404215780 628208227
2908389552 -22.7869603 -43.1865109 621471574 621471573
621471571 -22.7869467 -43.1861011 3404215789 2908389554
3404215780 -22.7869252 -43.1838774 628208237 1065032383
621471573 -22.7869183 -43.1864171 2908389552 2908389553
2908389554 -22.7869109 -43.1861757 621471571 621471572
621471572 -22.7869035 -43.1862293 2908389554 2908389553
2908389553 -22.786901 -43.1863285 621471572 621471573
1065032383 -22.7868945 -43.1836512 3404215780
621471564 -22.786765 -43.1874953 621471566 621471563
3404215791 -22.7866951 -43.1872238 3404215790 621471563 621471687
621471566 -22.7865866 -43.1873899 3404215790 621471564
3404215790 -22.7865832 -43.1873861 621471566 2908389545 3404215791
628208227 -22.786574 -43.1843777 628208237 628208345 628208229
621471687 -22.7865017 -43.1870059 3404215791 621471568
2908389545 -22.7864633 -43.1872539 3404215790 621471567
621471567 -22.7863305 -43.1870064 2908389545 621471568
621471568 -22.7862225 -43.1866102 621471687 621471691 621471567
621471693 -22.7860268 -43.1860796 621471691
621471691 -22.7859254 -43.1862123 621471568 621471701
621471701 -22.7858454 -43.1861152 628208345 628208229 621471691
628208345 -22.7853678 -43.1856178 1065032433 628208227 621471701
1065032433 -22.7847975 -43.1853357 628208345
