2712314798 -22.8199776 -43.7697591 1655286100 1655286105
1655286097 -22.8197393 -43.7620904 1655286088 1655286109 1655286094 1655286103
1655286100 -22.8196965 -43.7699925 2712314850 2712314798
1655286098 -22.8196693 -43.7650826 1655286087 1655286107 1655286095 1655286101
2712314808 -22.819644 -43.7680494 2712314715 1655286092 1655286108
1655286094 -22.8191795 -43.7617677 1655286081 1655286097 1655286104 1655286089
1655286095 -22.8191473 -43.7647912 1655286088 1655286098 1655286080 1655286103
1655286092 -22.8190984 -43.7677823 1655286087 2712314808 1655286101
1655286089 -22.8186085 -43.7614545 1655286076 1655286082 1655286099 1655286094
1655286088 -22.8185591 -43.7644628 1655286081 1655286097 1655286095 1655286075
1655286087 -22.8185278 -43.7675192 1655286092 1655286080 1655286098
1655286082 -22.8180464 -43.7611351 1655286072 2712314707 1655286089
1655286081 -22.8180128 -43.7641578 1655286076 1655286088 1655286071 1655286094
1655286080 -22.817975 -43.7671772 1655286087 1655286075 1655286095
2712314707 -22.8176539 -43.7609194 2712314822 1655286082
2712314822 -22.8175152 -43.7609051 2712314707
1655286076 -22.8174555 -43.7638467 1655286072 1655286081 1655286069 1655286089
1655286075 -22.8174096 -43.7668473 1655286080 1655286071 1655286088
1655286072 -22.8168969 -43.7635348 1655286068 1655286076 1655286067 1655286082
1655286071 -22.8168343 -43.7665166 1655286081 1655286075 1655286069
1655286068 -22.8163396 -43.7631965 1655286072 2325144096 1655286065
1655286069 -22.8162714 -43.7661961 1655286071 1655286064 1655286076
1655286067 -22.8161814 -43.7649529 2325144096 1655286064 1655286072
1655286066 -22.816036 -43.7606379 1655286070 1655286063
1655286065 -22.815761 -43.7629093 1655286068 2712314820
1655286064 -22.8157119 -43.7658959 1655286059 1655286067 1655286069
2325144096 -22.8156051 -43.7646109 1655286059 1655286068 1655286057 1655286067
2712314820 -22.8155404 -43.7633806 1655286057 1655286065 2712314779
1655286063 -22.8154411 -43.7619241 1655286066 1655286062 1655286054
1655286062 -22.8153929 -43.7620491 1655286056 1655286042 1655286063
1655286059 -22.8151325 -43.7655937 1655286064 1655286055 2325144096
1655286057 -22.8150769 -43.7643709 2325144096 1655286055 2712314820
2712314779 -22.8150478 -43.7630938 2712314820
1655286056 -22.8149333 -43.7630426 1655286062 1655286053 1655286040
1655286055 -22.8146507 -43.7652696 1655286059 1655286057
1655286054 -22.8144787 -43.7607691 1655286063 1655286052 1655286073
1655286052 -22.8143963 -43.7606812 1655286045 1655286054 1655286048
1655286053 -22.8143726 -43.7642818 1655286039 1655286056 1655286050
1655286050 -22.8138077 -43.7655035 1655286053 2712314788 1655286041
2712314788 -22.8132981 -43.766626 1655286050 2712314682
2712314682 -22.813221 -43.7667931 2712314788 2712314731 1655286046
2712314731 -22.8131908 -43.7670997 2712314682 2712314749
1655286046 -22.8131814 -43.7663535 1655286044 2712314682
2712314749 -22.8130862 -43.7674304 2712314731 1655286043
1655286044 -22.8129772 -43.7657208 1655286041 1655286046
1655286045 -22.8129591 -43.7603588 1655286042 1655286048 1655286052
1655286041 -22.8127809 -43.765286 1655286044 1655286038 1655286050
1655286043 -22.8127566 -43.7680838 2712314749
1655286042 -22.8127453 -43.7613853 1655286045 1655286062 1655286040
1655286040 -22.8125218 -43.7624589 1655286042 1655286039 2712315008 1655286056
1655286039 -22.8122326 -43.7638011 1655286053 1655286040 1655286035
1655286038 -22.8120953 -43.7651237 2712314714 1655286041
2712314714 -22.8120063 -43.7650728 1655286038 1655286035
1655286035 -22.8119807 -43.7649679 1655286039 2712314714
2712315008 -22.811799 -43.7622995 2712315002 1655286040
2712315002 -22.8116505 -43.762261 2712315008 1655286030
2712314795 -22.8111308 -43.7666933 1655286032 1655286031
1655286033 -22.8111185 -43.7611032 1655286030 2712315026
1655286032 -22.8111023 -43.7665562 2712314795 1655286029
1655286031 -22.8110697 -43.7668032 2712314795 1655286025
1655286030 -22.8109261 -43.7620706 2712314784 2712315002 2712314892 1655286033
2712314860 -22.81082 -43.7653361 2712314888
2712314888 -22.8106469 -43.7655507 2712314860 2712315001
1655286029 -22.8105935 -43.7658643 2712315001 1655286032
2712315001 -22.810485 -43.7657309 1655286029 2712314888 2712314959
2712314892 -22.810442 -43.7643976 1655286030 1655286028
1655286028 -22.8103742 -43.7645835 2712314892 1655286027
2712314959 -22.8103171 -43.7655244 2712315001 1655286026
1655286027 -22.810193 -43.7648091 2712314942 1655286028
1655286026 -22.8101468 -43.7652289 2712314942 2712314959
2712314942 -22.8101297 -43.7649939 1655286027 1655286026
2712314784 -22.8097766 -43.7617903 2712314817 2712314814 2712314863 1655286030
2712314817 -22.8096382 -43.7624233 2712314784 2712315054 2712314951
1655286025 -22.8094918 -43.7689562 1655286031 1655286024
2712315054 -22.8093711 -43.7637697 2712314817
2712314863 -22.8089261 -43.7616025 2712314784 2712314841
1655286024 -22.8088737 -43.7699444 1655286025 1655286023
2712314951 -22.8088519 -43.7632655 2712314817
2712314841 -22.8087978 -43.7615309 2712314671 2712314863 2712314881 2712314830
2712314881 -22.8087728 -43.7616293 2712315041 2712314841
2712315041 -22.8080558 -43.7623321 2712314881
2712314671 -22.8079371 -43.7608515 2712314827 2712314841
2712314827 -22.8077494 -43.7606511 2712314671 2712314883
2712314883 -22.8076881 -43.7605277 2712314914 2712314827
2712314914 -22.8076117 -43.7604076 2712369673 2712369721 2712314883
2712369673 -22.8075627 -43.7603496 2712314914 2712314698 2712369628
2712314698 -22.8073143 -43.7600557 2712314800 2712369673
2712369721 -22.8072745 -43.7606798 2712314914 2712369743 2712369637
2712369637 -22.8072055 -43.7606082 2712369645 2712369721
2712369743 -22.807047 -43.760889 2712369721 2712369664
2712369664 -22.8069728 -43.7608944 2712369784 2712369743
2712369645 -22.8069582 -43.7600181 2712369789 2712369637
2712369784 -22.8069039 -43.7608442 2712369679 2712369664
2712369679 -22.8068099 -43.7607048 2712369789 2712369784
2712369789 -22.8065673 -43.7602292 2712369645 2712369679
