3649910628 -22899979 -43187503 186777443
631311584 -22899958 -43181765 631311583 1869432350
3649910627 -22899953 -43187466 3649910628
1869432250 -22899951 -43182667 631311602 1869432301
1869432301 -22899944 -43182640 631311601 1869432250
631311602 -22899941 -43182697 631311603 1869432250
2089491308 -22899941 -43184392 186777447
631311603 -22899920 -43182714 631311602 1869432315
186777444 -22899890 -43187374 3649910627 451098693
186777447 -22899885 -43184438 2089491307
1869432291 -22899883 -43182091 1869432340 1869432299
1869432315 -22899879 -43182708 631311603 1869432327
2089491307 -22899870 -43184480 2089491304
1869432340 -22899860 -43182070 1869432291 1869432266
1869432350 -22899859 -43182010 631311584 1869432266
1869432266 -22899854 -43182046 1869432350 1869432340
451098693 -22899825 -43187407 3677466781
1869432353 -22899797 -43182335 1869432331 631311599
2089491304 -22899785 -43185015 186777446 2089491318
1869432331 -22899768 -43182327 1869432353 1869432275
3677466781 -22899751 -43187437 1805710831
1869432275 -22899740 -43182334 1869432331 631311600
631311601 -22899739 -43182455 1869432283 1869432301
631311600 -22899721 -43182350 1869432275 1869432281
1869432283 -22899710 -43182420 631311601 1869432281
1869432281 -22899709 -43182372 1869432283 631311600
1369534676 -22899677 -43180747 1369534678 631317035
1805710831 -22899671 -43187470 1805710827
451131937 -22899667 -43188631 186777443 3677466780 567653659
1869432327 -22899580 -43182529 1869432315 1869432322
1869432322 -22899539 -43182528 1869432327 631311605
1805710827 -22899531 -43187528 1805710861
186777446 -22899515 -43186651 186777444
631311605 -22899502 -43182548 1869432277 1869432322
2089491318 -22899414 -43184928 2089491317 2089491297 2089491304
1805710861 -22899405 -43187570 344571105
2089491317 -22899384 -43185100 2089491318 2089491314
2089491314 -22899364 -43185173 2089491317 2089491302
2296508771 -22899356 -43189863 2296508768 567653659
1869432277 -22899346 -43182892 631311605 1869432314
631317039 -22899331 -43181490 631311584 1369534676
1869432314 -22899330 -43182911 1869432277 1869432268
2089491297 -22899327 -43184906 2089491318
2296508768 -22899322 -43189893 2296508815 2296508771
2296508813 -22899311 -43189958 305084805 2296508815
2296508815 -22899311 -43189922 2296508813 2296508768
1869432268 -22899304 -43182924 1869432314 1869432355
344571105 -22899272 -43187603 344571104
3677466780 -22899255 -43187973 344571104 451131937
451131959 -22899242 -43189061 451131937
1869432355 -22899200 -43182937 1869432268 631311607
1369534678 -22899099 -43180375 631311585 1369534680
344571104 -22899047 -43187641 2199272590 3677466780
631311607 -22898996 -43183096 1869432276 631311608 1869432355
2089491302 -22898975 -43186082 2089491314 2089491313 2089491315
1869432311 -22898926 -43183960 1869432305 1869432349
1869432349 -22898926 -43183914 1869432311 1869432348
1869432348 -22898912 -43183871 1869432349 1869432309
451131956 -22898896 -43189210 2296515954
2199272590 -22898885 -43187681 344571103
1869432309 -22898878 -43183822 1869432348 1869432278
344571103 -22898861 -43187684 1805710835 2296513835
2089491313 -22898859 -43186291 2089491302
1869432305 -22898858 -43184502 1869432311 1869432328
1869432328 -22898820 -43184928 1869432305 3649910024
3649910024 -22898799 -43185034 2089491315 1869432328
2296515942 -22898719 -43189882 2296515945 2296540750
2296515945 -22898714 -43189819 2296515938 2296515942
2296515938 -22898704 -43189792 451131963 2296515945
2296513835 -22898702 -43188076 344571103 2296513832
2296515954 -22898688 -43188739 451131955 451131956
2296515937 -22898687 -43189672 451131958 451131963
451131963 -22898687 -43189781 2296515937 2296515933 2296515938
2296513832 -22898684 -43188108 2296513835 2296513834
631311585 -22898681 -43181195 631317039
2296515933 -22898663 -43189786 451131963 2296515941
2296513834 -22898655 -43188121 2296513832 1805710818
2296515941 -22898650 -43189804 2296540763 2296515933
1369534680 -22898646 -43180112 631311624
1869432276 -22898636 -43183459 1869432339 631311607
451131955 -22898631 -43188638 451131953 2296515954
1805710835 -22898629 -43187705 1805710822
451131958 -22898611 -43189334 2296515937 451131962 2296532735
1869432278 -22898597 -43183552 1869432309 1869432339
1869432339 -22898587 -43183519 1869432278 1869432276
2089491315 -22898561 -43185824 1869432258 3649910024 2089491302
1805710822 -22898545 -43187703 1805710834
451131962 -22898519 -43189119 451131958 2296515950
631311608 -22898510 -43182882 631311607 631311609
2296515950 -22898495 -43189080 2296515940 451131962
1869432258 -22898459 -43186016 2199302844 2089491315
1805710834 -22898451 -43187689 2199272601
631311609 -22898448 -43182843 631311608 1869432289
2296515940 -22898446 -43189043 2296515936 2296515950
1869432289 -22898401 -43182793 1869432269 631311609
451131953 -22898364 -43188351 2296515948 451131955 2296515935
2296515936 -22898363 -43189002 2296515940 451131961
1869432269 -22898363 -43182722 631311610 1869432289
2296515935 -22898332 -43188326 451131953 1805710838
2199302844 -22898260 -43186263 2199302843 1869432258
2296515948 -22898244 -43188824 451131953
2199302843 -22898235 -43186280 2199302847 2199302844
451205079 -22898218 -43189982 451131957 2296522795
451131961 -22898217 -43188949 2296515957 2296515936
2199302847 -22898206 -43186281 2199302843 1869432324
631311610 -22898192 -43181835 1869432269 1869432304
3369477076 -22898191 -43180172 3369479567
3369479567 -22898184 -43180189 631311624
1869432324 -22898181 -43186268 1869432293 2199302847
1869432304 -22898172 -43181755 631311610 1869432317
1869432317 -22898144 -43181705 3557356214 1869432304
2296532735 -22898137 -43189493 451131958
2296515957 -22898125 -43188932 2296515951 451131961
631311624 -22898122 -43180302 574771718
1805710818 -22898088 -43188086 2296513834 1805710845
2296515951 -22898061 -43188969 2296515957
1805710838 -22898052 -43188179 1805710857 2296515935
1805710845 -22898043 -43188097 451131952 1805710818
1805710857 -22898024 -43188149 451131952 1805710838
451131952 -22898023 -43188120 1805710857 1805710845
1869432293 -22898020 -43186111 1869432267 1869432324
574771718 -22898000 -43180360 305085079 3369479515
3369477060 -22897993 -43180256 3171224276
3369479515 -22897993 -43180269 3369477060
1869432267 -22897992 -43186113 1869432254 1869432293
2199272601 -22897973 -43187555 451204752
451131957 -22897958 -43189560 2296522798 2296522829 451205079
2296533584 -22897956 -43188332 2296533585
2199300043 -22897931 -43185289 1343774996
1869432254 -22897893 -43186210 1869432338 1869432267
1869432282 -22897890 -43185724 1869432251
1869432351 -22897888 -43184366 3649910020 1343775107 1343774996
631311574 -22897881 -43180899 631311585
1869432338 -22897860 -43186219 3649910019 1869432254
3649910020 -22897845 -43184335 1869432286 1869432351
1343775107 -22897836 -43184133 1869432347 1869432351
1343774996 -22897831 -43185295 2199264531 1869432351 2199300043
3649910019 -22897823 -43186207 1869432338 2199302846
1869432347 -22897813 -43184091 1869432312 1343775107
2296522798 -22897807 -43189321 451131957 2296522810
2199302846 -22897795 -43186158 3649910019 2199302845
2296522810 -22897783 -43189251 451205074 2296522798
1869432251 -22897782 -43185894 1869432282 1869432284
2296533585 -22897777 -43188274 2296533584 2296533587
2199302845 -22897773 -43186090 1869432284 2199302846
1869432312 -22897771 -43184043 1343775019 1869432347
1869432284 -22897766 -43185957 1869432251 2199302845
451205074 -22897732 -43189090 2296522797 2296522810
2296533587 -22897727 -43188261 2296533586 2296533585
2296533586 -22897695 -43188263 451205069 2296533587
1805712646 -22897631 -43187265 3649910016
3649910017 -22897628 -43187342 1805712646
3649910016 -22897622 -43187211 344571022
451204752 -22897602 -43187450 3649910017 3649910012
2296522797 -22897588 -43188594 451205074 451205069
3557356214 -22897583 -43181212 1869432317
451205069 -22897559 -43188307 2296522797 2296522811 2296533586
1869432253 -22897538 -43182799 631311627
1343775088 -22897534 -43182956 1869432253
2199292900 -22897529 -43183372 1343775088
2199264535 -22897528 -43180765 631311574
2296522811 -22897526 -43187957 2296522823 451205069
1343775019 -22897526 -43183863 1869432312 2199292900
3649910014 -22897524 -43183975 1343775019
3649910013 -22897523 -43184026 3649910014
344570839 -22897521 -43184187 3649910013 3649910010
2199264531 -22897520 -43185276 1343775044 1343774996
1869432286 -22897519 -43184307 3649910020 344570839
2296522823 -22897519 -43187920 2296522792 2296522811
631311627 -22897516 -43182704 1869432310
2296522792 -22897497 -43187897 2296522823 451205045
1343775044 -22897479 -43185242 1869432286 2199264531
3649910012 -22897473 -43187399 3649910011
1869432310 -22897466 -43182597 3649910009
344571022 -22897461 -43186204 1805712648
1805712648 -22897450 -43186109 1805712649
1805712649 -22897450 -43185974 1343775044
451205045 -22897436 -43187865 2296522792 451204752
3649910011 -22897426 -43187380 451098689
3649910010 -22897404 -43184140 3649910006
3649910009 -22897399 -43182512 3649910005
3649910006 -22897358 -43184121 1317669581
3372350896 -22897352 -43180685 2199264535
3649910005 -22897331 -43182456 574771776
3649910004 -22897284 -43182114 3649910003 3649910002
3649910003 -22897274 -43182187 3649910004 574771776
3649910002 -22897273 -43182028 3649910004 574771712
2296532725 -22897269 -43189761 451205030
451205030 -22897241 -43189553 451205037 934039116
574771712 -22897239 -43181954 2199264532 574771795 3649910002
574771776 -22897231 -43182403 574771775 3649910003
305085079 -22897203 -43180620 3649910001 3372350896
2199264532 -22897175 -43181836 574771712 3649909999
3649910001 -22897175 -43180696 305085079 3649910000
3649910000 -22897155 -43180799 3649910001 1805715011
451205042 -22897124 -43188366 451205045
2202478213 -22897091 -43188509 451205042
451205037 -22897085 -43188641 2202478213
3649909999 -22897038 -43181537 2199264532 574771713
1805715011 -22897027 -43181225 1805715023 3649910000
574771713 -22897014 -43181430 3649909999 1805715023
1805715023 -22897013 -43181334 574771713 1805715011
1317669581 -22896932 -43183951 1317669594 574771775
1317669594 -22896883 -43185184 2199264538 1343775044
1842385373 -22896849 -43180906 1842385372
2199264538 -22896831 -43186080 1805712648 451098689
1842385379 -22896819 -43181282 1842385373
1842385380 -22896791 -43181488 1842385379
451098689 -22896772 -43187120 574771763
1842385427 -22896749 -43181716 1842385380
574771775 -22896740 -43183863 1317669597 344570838
1317669597 -22896280 -43185149 574771763 1317669594
574771795 -22896164 -43181528 574771712 344570838
574771763 -22895747 -43186720 934039116 2578401596
1842385391 -22895653 -43184744 1842385427
344570838 -22895571 -43183319 574771795 574771775 3362873700
3362873700 -22895516 -43183478 344570838 3362873699
3362873699 -22895329 -43184015 3362873703 3362873700
3362873703 -22895208 -43184364 2581666227 3362873699
2581666227 -22895168 -43184478 3362873703 3362873698
2578401596 -22895134 -43186419 1824568336 574771763
934039116 -22895064 -43188643 574771762 451205030 1842385364
3362873698 -22894845 -43185393 2581666227 3362873697
3362873697 -22894737 -43185700 3362873698 1824568336
1824568336 -22894568 -43186181 2578401596 934039115 3362873697
1842385364 -22894469 -43188386 934039115 934039116
3362874759 -22894349 -43188593 1842385391
1842385371 -22893975 -43189926 3362874759 3367432441 574771762
934039115 -22893900 -43188159 1842385364 1824568336
3367432441 -22893400 -43189668 1842385371
