1875075922 -22.9399872 -43.5710797 1875075904
3658458265 -22.9398576 -43.5776938 3658458241
1873799708 -22.9398512 -43.577198 1873799719
2879182230 -22.9398434 -43.5761077 3658458266
1542469366 -22.9398387 -43.5714231 1542470154
3658458264 -22.9397799 -43.5735504 1542469606 1542469308
2879182240 -22.9397756 -43.5760892 2879182230
1873799674 -22.9397251 -43.5771488 1873799708
3658458263 -22.9397081 -43.5760549 2879182240
3658458262 -22.9396475 -43.5759941 3658458263 2879182215
3658458261 -22.9396399 -43.5761174 3658458262
2879182215 -22.9396369 -43.5758293 2879182216 1542470106 3658458262
3658458260 -22.9396203 -43.5761815 3658458261
349309910 -22.9395819 -43.576265 2879182230 3658458260
1542470106 -22.9395723 -43.5748765 1542469617 1542469308 2879182215
1542469308 -22.9394947 -43.5735975 3658458264 1542469806 1542470106
1542469806 -22.9394311 -43.5727311 1542469504 1542469308 1542470296
3658458254 -22.9393492 -43.5764019 349309910
1663027850 -22.9393391 -43.5791742 1663070220
1542469504 -22.939315 -43.5706077 1542469219 1875075873 1542469806
1663069936 -22.9392657 -43.5788846 1663070226
1873799676 -22.939134 -43.5767753 1873799674
349309908 -22.9391267 -43.5765197 3658458254
2144106833 -22.9390681 -43.5767588 1873799676
2879182238 -22.9389843 -43.5765904 349309908
3658458253 -22.9389755 -43.5767549 2144106833
1542469617 -22.9389485 -43.5749334 1542469645 1542470106
3658458250 -22.9389319 -43.5765772 2879182238
2879182239 -22.9388919 -43.5765382 3658458250
1542469645 -22.9388897 -43.5749172 3658458247 1542469617
2879182216 -22.9388831 -43.5764255 349309907 3658458249
3658458249 -22.9388741 -43.576483 2879182239
3658458248 -22.9388513 -43.5766293 2879182238
3658458247 -22.9388476 -43.5748783 1542469645 1542470200
1542470200 -22.9388246 -43.5748247 1542470296 3658458247
2912778229 -22.9388161 -43.5767692 3658458253
1663027820 -22.9388083 -43.5796808 1663027808 1663028040
1663027816 -22.9387517 -43.5790622 1663027766
349309907 -22.9387478 -43.5765257 3658458245
3658458246 -22.9387249 -43.5767572 2912778229
2144106836 -22.9386974 -43.5766512 3658458248
3658458245 -22.9386939 -43.5765503 2879182236
1542470296 -22.9386873 -43.5727793 1542469219 1542469310 1542470200 1542469806
2879182236 -22.9386273 -43.5765573 3658458243
3658458244 -22.9385943 -43.5767153 3658458246
3658458243 -22.9385547 -43.5765433 3658458242
1663027808 -22.9385511 -43.5796372 1663027820 1663027708
1542469219 -22.9385506 -43.5705819 1542469504 1542470296
349309905 -22.9384761 -43.5766507 3658458244 2144106836
3658458242 -22.9384198 -43.5765085 2879182235
3658458241 -22.9383916 -43.5778354 1542413975
3658458240 -22.9383579 -43.5746015 1874427131
1542469310 -22.9383171 -43.5728178 1542469753 1542470296
2879182235 -22.9383082 -43.5764668 2879182234
1663027766 -22.9382534 -43.5791462 1663069780 1663027816
1874427131 -22.9382218 -43.5736408 1874427135 3658458240
2879182234 -22.9381108 -43.5763783 2879182233
1874427135 -22.9381052 -43.5737145 1874427131 1874427148
1663069780 -22.9380454 -43.5791812 1663027766 1663069471
1542469753 -22.9380306 -43.572968 1542469865 1542469310
1874427153 -22.9380184 -43.5758137 1874427141
1875084534 -22.9379828 -43.5764313 349309905 1875084536
1874427148 -22.937626 -43.5738093 1874427135 1874427145 1542470005
1542469865 -22.9375944 -43.5730046 1542469753 1542470005 1874431170
1542470005 -22.9374599 -43.5730349 1874427164 1542469865 1874427148
1874431170 -22.9373437 -43.5717726 1542469865 1874431167
1874427141 -22.9372968 -43.5759873 1874427153 1542470111 2879182233
2879182233 -22.9372869 -43.5760102 2879182237 1874427141
1874427164 -22.9372392 -43.5730059 1874427127 1874427156 1542470005
1874427145 -22.9372346 -43.573884 1542470111 1874427148 1874427143
1874427156 -22.9372115 -43.5731534 1874427158 1874427164
1874427143 -22.9371873 -43.5735989 1874427145 1874427158
1874427158 -22.937179 -43.5734227 1874427136 1874427156 1874427143
1874427136 -22.9370949 -43.5734152 1874427161 1874427158
1874427138 -22.9370522 -43.5731298 1874427161
1874427124 -22.937048 -43.5736869 1874427161
1875084536 -22.9370397 -43.5771303 1875084534 1875084538
1874431167 -22.9370238 -43.5717021 1874431165 1874431170 1874431174
1874427161 -22.9370233 -43.573408 1874427124 1874427136 1874427138
1874431174 -22.9369971 -43.5719075 1542469782 1874431167
1542469782 -22.9369655 -43.5722619 1874427127 1874431174
1663027708 -22.9369461 -43.5798778 1663027710 1663027808 3658458237
1542470111 -22.9368986 -43.5739517 1874427145 3658458239 1874427141 1542470335
1874427127 -22.9368936 -43.5729203 1542469782 1874427164 1542470335
3658458239 -22.9368576 -43.5739283 1542470111 3658458238
3658458238 -22.9368115 -43.5739241 3658458239 3658458236
1542470335 -22.9368067 -43.5734839 1874427127 3658458235 1542470111
3658458237 -22.9367971 -43.579522 1663027708 1663069471
3658458236 -22.9367674 -43.5739396 3658458238 3658458235
3658458235 -22.9367324 -43.5739726 3658458234 1542470335 3658458236
1663069471 -22.9366836 -43.5792844 1542413925 1663069780 3658458237
3658458234 -22.9366752 -43.5743377 3658458235 3658458233
3658458233 -22.9365511 -43.575074 3658458234 2879182237
2879182231 -22.9365255 -43.5757703 1875084534
1542413925 -22.9365124 -43.5788973 1663069471 1542413975
2879182237 -22.9364591 -43.5756196 349309899 3658458233
349309899 -22.9364201 -43.5757263 2879182231 2879182237
1874431165 -22.9363366 -43.5715626 1874431167
1875084535 -22.9362472 -43.5756554 349309899 3658458231
1542413884 -22.9361954 -43.57972 1542413909
1542413975 -22.9361524 -43.5780524 1542413925 3658458230
3658458232 -22.9360309 -43.5755675 1875084535
3658458231 -22.9359833 -43.5764575 1875084535
1875084538 -22.9359258 -43.5766663 1875084536
3658458230 -22.9358518 -43.5780828 1542413909
3658458229 -22.9357886 -43.5754918 3658458232
349309898 -22.9354925 -43.5754268 3658458229
1542413909 -22.9354332 -43.5781251 1542413884 3658458225
1542469146 -22.9354278 -43.5719145 1874431162 1542469808 1542470333
1542470333 -22.9353922 -43.5728714 1542469146 1542469163
349314005 -22.9353236 -43.5798777 349314006 349314004
349314004 -22.9352186 -43.579603 349314005 349314003
349309896 -22.9350567 -43.5753492 349309898
349314003 -22.9350533 -43.579185 1663069309 349314004
3658458225 -22.9349708 -43.5781688 2589861134
1874431162 -22.9349335 -43.5718415 1542469146
2589861134 -22.9348405 -43.578166 2589861133 3658452322
1663069309 -22.9348387 -43.5787426 349314003 349314000 1542469957
2589861133 -22.9347632 -43.5781938 3613763052
3658452322 -22.9347568 -43.5781219 2879182211
349309895 -22.9347462 -43.5753118 349309896
1542469163 -22.9347391 -43.5742675 1542470252 1542470333
3613763052 -22.9347067 -43.5782578 3658452319
349314000 -22.9346913 -43.5784297 1663069309 3658452318
3658452319 -22.9346841 -43.5783429 349314000
2879182211 -22.9346813 -43.5780627 3658452317
1542469957 -22.9346575 -43.5787874 1663069309 3658452310
3658452318 -22.9346316 -43.5783381 3658452316
3658452317 -22.9346164 -43.5779903 3658452315
3658452316 -22.9345726 -43.5781457 3613763051
3658452315 -22.934564 -43.5779069 2879182212
3613763051 -22.9345268 -43.5779373 2879182212
2879182212 -22.9345151 -43.5778181 1873799668
1873799668 -22.934415 -43.5773286 3658452314
1542470252 -22.9343881 -43.5753179 349309895 1542469163
3658452314 -22.9343363 -43.5769947 1663069195
1663069195 -22.9342558 -43.576791 3658452312
3658452313 -22.9341607 -43.5753225 1542470252
3658452312 -22.9341553 -43.57662 2879182213
2879182213 -22.9340476 -43.5764748 3658452303
3658452311 -22.934032 -43.5753077 3658452313
349308126 -22.9339273 -43.575281 3658452311
3658452310 -22.9339055 -43.5788637 3658452308 3658452309 1542469957
3658452309 -22.9338464 -43.5782248 3658452310
349306653 -22.9337755 -43.5752208 349308126
3658452308 -22.9334563 -43.5789093 3658452306 3658452310 3658452307
3658452307 -22.9334057 -43.578261 3658452308
3658452306 -22.9330309 -43.5789518 3658452308 3658452305 1542469105
2866738457 -22.9330082 -43.5748702 349306653
3658452305 -22.9329655 -43.5783169 3658452306
3658452304 -22.9329591 -43.5748789 2866738457
2866738458 -22.9329188 -43.5748921 3658452304
3658452303 -22.9329095 -43.5751613 2866738461
3658452302 -22.932884 -43.5749177 2866738458
2866738461 -22.9328706 -43.5751253 2866738460 3658452299
2866738459 -22.9328578 -43.5749534 3658452302
2866738460 -22.9328492 -43.5750859 3658452300
3658452301 -22.9328425 -43.574996 2866738459
3658452300 -22.9328396 -43.5750415 3658452301
349306657 -22.9327041 -43.5747548 2866738457
3658452299 -22.9325963 -43.574892 349307400
1542469105 -22.9325499 -43.5789999 3658452298 3658452306
3658452298 -22.9325243 -43.5783611 1542469105
349307400 -22.9324539 -43.5747971 3658452295
349307617 -22.9323477 -43.5746398 349306657
3658452296 -22.932289 -43.5746219 349307617
3658452295 -22.9322644 -43.5747006 349307299
349307299 -22.932216 -43.5746805 349306578
1777228888 -22.9314854 -43.5768683 1777228885 1777228889
1777228889 -22.9314818 -43.5770773 1777228888 1777228886
1777228886 -22.9314187 -43.5772653 1777228883 1777228889
349306578 -22.9313131 -43.5743781 349306575
1777228885 -22.9312902 -43.5761718 1777228884 1777228888
3779338291 -22.9310368 -43.5725775 3779338287
1777228883 -22.9309421 -43.5773205 1777228881 1777228879 1777228886
1777228884 -22.9309302 -43.5760869 1777228885 1777228882
349306663 -22.9308891 -43.5741567 3658452296
349306575 -22.9308752 -43.5742882 1777228880 349306574
1777228882 -22.9308374 -43.5760743 1777228881 1777228884
1777228881 -22.9306943 -43.5761151 1777228883 1777228876 1777228882
3493928413 -22.9302669 -43.5740659 3779338290
3779338290 -22.9302607 -43.5740981 3779338288
3779338289 -22.9302457 -43.5740315 3493928413
3779338288 -22.9302451 -43.5741244 3493928412
1777228880 -22.9302297 -43.5753984 349306575 1777228878
3493928412 -22.9302251 -43.5741416 349306574
3493928414 -22.9302057 -43.5739997 3779338289 349306663
1777228878 -22.9301629 -43.5755505 1777228880 1777228876
349306574 -22.9301575 -43.5741563 3613763049
1777228879 -22.9301208 -43.5774162 1777228875 1777228883 1777228871
3779338287 -22.9300262 -43.5739638 3779338291 3493928414
1777228876 -22.9300088 -43.5763271 1777228875 1777228881 1777228878
1777228875 -22.9299279 -43.5763479 1777228879 3779338286 1777228876
3779338286 -22.9297685 -43.5763721 1777228875 1777228867
2879182245 -22.9296792 -43.5738952 3779338287
1777228871 -22.9294321 -43.5775618 1777228879 3779338240 3779338285 1777228864
3779338285 -22.9293376 -43.5770176 1777228871 3779338235 1777228867
3779338284 -22.9292974 -43.5738176 2879182245
3613763049 -22.9292534 -43.5739801 349306572
3779338283 -22.9292449 -43.5709899 3779338250
1777228867 -22.9292156 -43.5765562 1777228859 3779338286 3779338285
2660217335 -22.9291137 -43.5737741 3779338284
1777228859 -22.9290892 -43.5760811 3779338281 1777228867
1777228864 -22.9290667 -43.5785488 1777228871 1777228853
3779338282 -22.9290381 -43.5756426 3779338281
3779338281 -22.9290329 -43.5757558 1777228859 3779338278
3779338280 -22.9290157 -43.5737393 2660217335
3779338279 -22.9290075 -43.5737874 2660217335
3779338278 -22.9289958 -43.5756507 3779338276
3779338277 -22.9289924 -43.5752521 3779338282
1777228856 -22.9289716 -43.5751813 3779338275 3779338277
349306572 -22.9289698 -43.5739228 2879182249 349306571
3779338276 -22.9289593 -43.5754535 3779338272
3779338275 -22.9289583 -43.5752542 3779338274
2660217337 -22.9289532 -43.5750565 1777228856
3779338274 -22.9289429 -43.5752876 3779338271
2660217336 -22.9289408 -43.5738121 3779338279
349306670 -22.9289393 -43.5737009 3779338280
3779338273 -22.9289256 -43.5750247 2660217337
3779338272 -22.9289247 -43.5754003 2660217341
1542470274 -22.9289111 -43.5703656 1876319287 1777220730 1542470078
3779338271 -22.9289074 -43.5753173 2660217341
2879182249 -22.9289057 -43.5739434 3779338269
349306672 -22.9288838 -43.573667 349306670
3779338270 -22.9288805 -43.5750027 3779338273
3779338269 -22.9288655 -43.5739748 2879182248
349306571 -22.928856 -43.5738782 3779338260 2660217336
3779338268 -22.9288468 -43.5747951 3779338257
2660217341 -22.9288451 -43.5753523 3779338263 3779338262
3779338267 -22.9288411 -43.5748533 3779338268
2660217338 -22.928835 -43.5750034 3779338270
2879182248 -22.9288332 -43.5740205 1777228854
1777228854 -22.9288251 -43.5740657 2660217337
3779338266 -22.9288026 -43.5739413 349306571
3779338265 -22.9288007 -43.5750257 2660217338
3779338263 -22.9287921 -43.5753189 2660217340
3779338262 -22.9287875 -43.5753823 3779338244
3779338261 -22.9287825 -43.5749797 3779338267
3779338260 -22.9287811 -43.5738343 3779338256
3779338259 -22.9287713 -43.5740003 3779338266
3779338258 -22.9287661 -43.575058 3779338265
2660217340 -22.9287591 -43.5752884 3779338255
3779338257 -22.9287538 -43.5740694 3779338259 2879182247
1777228853 -22.9287448 -43.5790015 1777228851 1777228864
3779338256 -22.9287439 -43.5738066 2879182246
2660217339 -22.9287404 -43.5750992 3779338261 3779338258
3779338255 -22.9287363 -43.5752526 3779338252
3779338254 -22.9287287 -43.5751655 2660217339
3779338253 -22.9287279 -43.5735573 349306672
3779338252 -22.9287272 -43.5752083 3779338254
2879182247 -22.9287213 -43.5739108 3779338251
3779338251 -22.9287058 -43.5738531 2879182246
1777228851 -22.9286875 -43.579141 1777228853 1777228849
1777228849 -22.9286582 -43.579414 1777228851 1777228850
3779338250 -22.928656 -43.5713208 3779338248 3779338283
2879182246 -22.92865 -43.5736954 349306570
349306676 -22.9286318 -43.5734716 3779338253
1777228850 -22.928627 -43.5799813 1777228849 1777228848
3779338249 -22.9286222 -43.5753046 2660217339
3779338248 -22.9285859 -43.5713685 3779338250 3779338245
3779338247 -22.9285712 -43.5753672 3779338249
3779338245 -22.9285373 -43.5714274 3779338248 3779338243
3779338244 -22.9285347 -43.5754851 3779338211
3779338243 -22.928513 -43.5714832 3779338242 3779338245
2660217342 -22.9285039 -43.57541 3779338247
3779338242 -22.9284616 -43.5716902 3779338241 3779338243
3779338241 -22.9284326 -43.5717471 3779338238 3779338242
3779338240 -22.9284116 -43.5776449 1777228871 3779338235 1777228846
3779338238 -22.9283797 -43.571809 3779338236 3779338241
3779338236 -22.9283274 -43.5718476 3779338231 3779338238
3779338235 -22.928326 -43.5770721 3779338240 3779338234 3779338285
3779338234 -22.928306 -43.576938 3779338235
349306685 -22.9281699 -43.5729243 349306676
349306570 -22.92815 -43.5730669 349306568
1777228846 -22.9280984 -43.5776704 3779338240 3779338210 3779338220
3779338231 -22.9280395 -43.5719511 3779338236 3779338227
3779338227 -22.9279553 -43.5719856 3779338231 3779338222
349306187 -22.9279432 -43.5727243 349306685
3779338222 -22.9278993 -43.5720221 3779338218 3779338227
349306568 -22.9278805 -43.5727623 349306186
3779338220 -22.9278529 -43.5781159 3779338216 1777228846
3779338218 -22.9278207 -43.5721419 3779338212 3779338222
3779338216 -22.9278022 -43.5782081 3779338220 1777228840
3779338213 -22.9277927 -43.5724017 3779338209 3779338212
3779338212 -22.9277927 -43.572284 3779338213 3779338218
349306186 -22.9277735 -43.5726931 3779338188
3779338211 -22.9277237 -43.5757939 3779338208
3779338210 -22.9277105 -43.5776736 1777228838 1777228846 3779338198
3779338209 -22.9277036 -43.5725622 349306187 3779338213
2660217343 -22.9276559 -43.5757351 2660217342
3779338208 -22.9276555 -43.5758221 3779338205
1876319287 -22.9276515 -43.5709599 1542470274 1876319280 1876319282
3779338207 -22.9276497 -43.5763344 3779338204
3779338206 -22.927642 -43.5762405 3779338207
1876319280 -22.9276315 -43.5709083 1876319287 1876319286
3779338205 -22.9276132 -43.5758607 3779338203
3779338204 -22.9275985 -43.5768142 3779338196
1777228840 -22.9275942 -43.5785859 3779338216
3779338203 -22.9275863 -43.5759222 3779338201
3779338202 -22.9275859 -43.5763611 3779338195
3779338201 -22.9275853 -43.5759942 3779338206
3779338199 -22.9275785 -43.5757805 2660217343
3779338198 -22.927578 -43.5778783 3779338210 3779338194
1777228838 -22.927573 -43.5776843 3779338210 3779338190 3779338187
3779338197 -22.9275685 -43.5724709 3779338209
3779338196 -22.9275639 -43.5769711 3779338183
3779338195 -22.9275609 -43.5762088 3779338189
3779338194 -22.9275397 -43.5779371 3779338198 3779338141
3779338193 -22.9275255 -43.5724418 3779338197
3779338192 -22.92752 -43.5758926 3779338199
3779338191 -22.9275186 -43.5769057 3779338202
3779338190 -22.9275157 -43.5776536 1777228838 3779338180
3779338189 -22.9275051 -43.5760077 3779338192
3779338188 -22.9274945 -43.5725032 1542469814
3779338187 -22.9274937 -43.5777918 1777228838 3779338184
3779338184 -22.9274454 -43.5778572 1777228836 3779338187
3779338183 -22.9274431 -43.5772557 3779338177
3779338181 -22.9274313 -43.5775256 3779338180
3779338180 -22.9274309 -43.5775899 3779338179 3779338190
3779338179 -22.927421 -43.5776219 3779338170
3779338177 -22.9274181 -43.5773183 3779338174
3779338175 -22.9274123 -43.5774268 3779338181
3779338174 -22.9274095 -43.5773715 3779338175
3779338173 -22.9274092 -43.5775012 3779338181
3779338170 -22.9273969 -43.5776724 3779338165 3779338167
1542469814 -22.9273892 -43.5724331 3779338146 3779338159
3779338169 -22.9273859 -43.5723686 1542469814
3779338168 -22.9273792 -43.5774825 3779338173
3779338167 -22.9273698 -43.5776789 3779338163
2912778228 -22.9273613 -43.5723183 3779338169 3779338193
3779338166 -22.9273498 -43.5774769 3779338168
3779338165 -22.9273489 -43.5777398 3779338160
3779338163 -22.9273326 -43.5776732 3779338158
3779338162 -22.9273264 -43.577344 3779338191
3779338161 -22.9273173 -43.5774832 3779338166
3779338160 -22.9273172 -43.5777627 3779338149
3779338159 -22.9273119 -43.5725627 3779338154
3779338158 -22.9272988 -43.5776577 3779338153
3779338157 -22.9272911 -43.5774984 3779338161
3779338154 -22.9272792 -43.5725961 3779338099
3779338153 -22.9272771 -43.5776335 3779338150
3779338151 -22.9272659 -43.5775371 3779338162 3779338157
3779338150 -22.9272631 -43.5775897 3779338151
3779338149 -22.9272624 -43.5777815 3779338145
3779338146 -22.9271899 -43.5722956 3779338123
3779338145 -22.9271897 -43.5777806 3779338151 3779338144
1876319282 -22.9271617 -43.5711973 1876319287 1876319285 3779338129
3779338144 -22.9271593 -43.5779025 3779338145 3779338101
3779338141 -22.9271455 -43.5785111 3779338194
1777228836 -22.9268789 -43.5786251 3779338184
3779338129 -22.9268279 -43.5713555 1876319282 3779338116
3779338128 -22.9268125 -43.5719312 2912778228
3779338123 -22.9267788 -43.5720098 3779338107
3779338116 -22.926737 -43.5713986 3779338129 1542469921
1876319285 -22.9267169 -43.5701792 3779338105 1876319286 1876319282
3779338109 -22.9266763 -43.5718351 3779338128
3779338107 -22.926636 -43.5719123 1873799723
3779338105 -22.9266212 -43.5702333 1876319285 3779338095 3779338096
3779338101 -22.9265461 -43.5786711 3779338144
3779338099 -22.9265416 -43.5732891 3779338094
3779338095 -22.9265109 -43.5702939 3779338105 1542469754
3779338094 -22.9264629 -43.573363 3779338085
1873799723 -22.926435 -43.571775 1542469530 349306183
3779338085 -22.9263572 -43.5734623 1542469075
1542469921 -22.9263297 -43.5715836 3779338109 3779338116
1542469754 -22.926213 -43.5704226 1542469476 3779338095 1542469214
1542469075 -22.9262105 -43.5735979 1542469094 1542469530
349306188 -22.9259319 -43.5713281 1542469921
349306183 -22.9258802 -43.5713868 349306181
349306189 -22.9257042 -43.5711366 349306188
349306181 -22.9256568 -43.5712052 1873799686
1873799686 -22.9255858 -43.5711245 349306180 1873799702
349306190 -22.9255294 -43.5709355 349306189
1542469530 -22.9254812 -43.5727723 1542469149 1873799702 1542469075 1873799723
349306180 -22.925475 -43.5709906 349306177
1542469214 -22.9254266 -43.5707646 1542469754 349306190
349306177 -22.9252536 -43.5706302 1542469479
349306191 -22.9250244 -43.570098 1542469214
1542469094 -22.9249691 -43.5747854 1542469149 3775720772
1542469479 -22.9249685 -43.5701731 1542470031 3775720763
1873799702 -22.9248219 -43.5719677 1542470031 1873799700 1873799686 1542469530
1542469149 -22.9247125 -43.5735724 1873799700 1542469530 1542469094
3775720772 -22.9246663 -43.5750681 1542470192 1542469094
1873799700 -22.9244626 -43.5723592 1542470031 1542469149 1873799702
1542470031 -22.9241769 -43.5709787 3779335305 1873799702 1873799700 1542469479 1542469799
3779335305 -22.9240792 -43.5710227 1542469579 1542470031
1542470192 -22.9238251 -43.5758525 3775720772
1542469579 -22.9231037 -43.5709888 3779335305
3775720766 -22.9221808 -43.5701945 3775720767 3775720765
3775720765 -22.9221611 -43.5700496 3775720764 3775720766
3775720767 -22.9221067 -43.5703608 3775720766 3775720768
3775720768 -22.9219931 -43.5707256 3775720767 3775720769
3775720769 -22.9218399 -43.5709026 3775720768
