1965095779 -22.9169085 -43.7587717 1965096038 1965095558
1965095558 -22.9162523 -43.7570862 1965095469 1965095779
1965095469 -22.9159749 -43.7563333 1965095390 1965095558
1965095390 -22.9158756 -43.7560823 1965095304 1965094950 1965095469
1965095304 -22.9154734 -43.7562695 1965095390 1965094030
1965094950 -22.9146945 -43.7530955 1965095390 1965094079
1965094079 -22.9135954 -43.7502979 1965093790 1965094950
1965094030 -22.9133714 -43.7572368 1965095304 1965093897
1965093897 -22.9130086 -43.757231 1965095009 1965093359 1965094030
1965093359 -22.9115894 -43.7535936 1965093076 1965093897
1965093076 -22.9103837 -43.7505353 1965092832 1965093359
1965092832 -22.9101169 -43.7500372 1965093076 1965092590
