1779356444 -22.8599897 -43.5292379 1779356443 613512118
1779356443 -22.8599732 -43.528666 1779356446 1779356444
592298551 -22.8597348 -43.5297224 613512118 613512312 1779356436
613512312 -22.8596967 -43.5299837 592298551 613512315
1779356439 -22.8596932 -43.5267417 613518638 1779356445 1779356432
613518638 -22.8595287 -43.529222 613518637 1779356439
613518637 -22.8595188 -43.5294366 613518638 1779356436
1779356436 -22.8594951 -43.5299517 592298546 592298551 613518637
592298546 -22.8594587 -43.5299867 592298527 1779356436
1779356432 -22.859287 -43.527117 1779356430 1779356439
1779356430 -22.8591607 -43.5293392 1779356432
1779356428 -22.8590513 -43.527978 1779356424 1779356427
1779356427 -22.8590431 -43.5276652 1779356422 1779356428
1779356424 -22.8589964 -43.5281448 1779356428 1779356419
1779356422 -22.8589525 -43.5275401 1779356410 1779356427
1779356419 -22.858885 -43.5282193 1779356418 1779356424 1779356384
613518620 -22.8588168 -43.5297262 613518622 1779356425
1779356418 -22.858806 -43.5291529 1779356383 1779356419 1779356417
1779356417 -22.8587889 -43.5293542 1779356418 613518622
613518622 -22.8587872 -43.5295546 613518620 1779356417
1779356410 -22.8586453 -43.5273274 1779356378 1779356422
592298192 -22.8579948 -43.5299262 592298260 1779356380
1779356384 -22.8573488 -43.5281025 1779356381 1779356383 1779356419
1779356383 -22.8572756 -43.5290035 1779356418 1779356384 1779356380
1779356381 -22.8572321 -43.5276139 1779356378 1779356384
1779356380 -22.8572145 -43.529756 1779356363 1779356377 1779356383 592298192
1779356378 -22.8571004 -43.5272263 1779356410 1779356353 1779356381 1779356361
1779356365 -22.8564717 -43.528296 1779356361 1779356363
1779356363 -22.8563695 -43.5295717 1779356346 1779356358 1779356380 1779356365
1779356361 -22.8563052 -43.5277159 1779356339 1779356378 1779356365 1779356348
1779356353 -22.8560134 -43.5248496 1779356378
1779356351 -22.85561 -43.5288267 1779356346 1779356348
1779356348 -22.8555984 -43.5280414 1779356351 1779356327 1779356361
1779356346 -22.8555569 -43.5293945 1779356312 1779356363 1779356351 1779356343
1779356339 -22.85535 -43.5253448 1779356361
1779356331 -22.8551724 -43.5267876 1779356326
1779356330 -22.8551167 -43.5273562 1779356329
1779356329 -22.8550585 -43.5274742 1779356328 1779356330
1779356328 -22.8549576 -43.5275626 1779356307 1779356329
1779356327 -22.854838 -43.5283916 1779356312 1779356309 1779356348
1779356326 -22.8548114 -43.5264885 1779356331 1779356296
1779356312 -22.8547538 -43.5292193 592298188 1779356346 1779356327 1779356305
1779356309 -22.8547426 -43.5284355 1779356272 1779356327 1779356293
1779356307 -22.8546742 -43.52763 1779356328 1779356293
1779356302 -22.8546124 -43.526986 1779356288 1779356300
1779356300 -22.8546097 -43.5271081 1779356302 1779356299
1779356299 -22.8545877 -43.5273077 1779356294 1779356300
1779356296 -22.8545203 -43.5262968 1779356326 1779356291
1779356294 -22.8544862 -43.527406 1779356286 1779356299
1779356293 -22.85444 -43.5276382 1779356309 1779356307 1779356290
1779356291 -22.8544077 -43.5262631 1779356296 1779356285
1779356290 -22.8543093 -43.5276427 1779356286 1779356293
1779356288 -22.8540991 -43.5270605 1779356302
1779356286 -22.8540899 -43.527603 1779356294 1779356284 1779356290
1779356285 -22.854068 -43.5262418 1779356291 1779356280
1779356284 -22.8539599 -43.5275795 1779356257 1779356286
592298188 -22.8539117 -43.5290357 1779356312 592298183
1779356280 -22.8538933 -43.5263092 1779356276 1779356285
1779356278 -22.8538237 -43.5299874 1779356274 1779356305 1779356255
1779356276 -22.8537672 -43.5264924 1779356264 1779356280
1779356272 -22.8536658 -43.5289314 1779356309 1779356266 592298183
1779356266 -22.8536065 -43.5286657 1779356256 1779356272
1779356264 -22.8535927 -43.5268529 1779356276 1779356260
592298183 -22.8535558 -43.5289821 592298188 1779356272 592297394
1779356262 -22.8535351 -43.5264674 1779356260
1779356260 -22.8535256 -43.5269561 1779356262 1779356257 1779356264
1779356257 -22.853519 -43.5272951 1779356256 1779356284 1779356260
1779356256 -22.8535131 -43.5275993 1779356257 1779356266
592297394 -22.853101 -43.5289499 592297390 592298183 1779356255
1779356255 -22.8530154 -43.529914 1779356278 1779356253 592297394 1779356254
592297390 -22.8524682 -43.5289392 592297386 592297394
1779356253 -22.8522178 -43.5298011 1779356252 1779356255 1779356250
592297386 -22.8520925 -43.5288748 592297385 592297390
592297385 -22.8517366 -43.5287353 592297384 592297386
592297384 -22.8514301 -43.5285744 592297380 592297385 1779356250
1779356250 -22.8513551 -43.5296789 1779356253 592297384 1779356249 1779356230
592297380 -22.8510248 -43.5282955 592297384 592297377
592297377 -22.8506985 -43.5279736 592297372 592297380
1779356230 -22.8506518 -43.5293125 1779356223 1779356250
592297372 -22.8504909 -43.5276732 1779356225 592297377
1779356225 -22.8504165 -43.5275098 592297365 592297372 1779356213
1779356223 -22.8503993 -43.529059 1779356215 1779356230 1779356216
592297365 -22.8500558 -43.5267183 1779356212 1779356225
1779356217 -22.8499186 -43.5298174 1779356215 1779356221
1779356216 -22.8499161 -43.5285738 1779356223 1779356213
1779356215 -22.8498713 -43.5297751 1779356210 1779356208 1779356223 1779356217
1779356213 -22.8495887 -43.5279651 1779356216 1779356211 1779356225 1779356205
1779356212 -22.8495776 -43.5256496 592296614 592297365 1779356188
1779356211 -22.8495603 -43.5279123 1779356188 1779356213
1779356210 -22.8495227 -43.5294636 1779356207 1779356215
1779356207 -22.8490413 -43.5288064 1779356210 1779356205
1779356205 -22.8488472 -43.528358 1779356186 1779356207 1779356213 1779356165
1779356190 -22.8488282 -43.5215814 1779356183
1779356188 -22.848815 -43.5261009 1779356212 1779356170 1779356211 1779356169
1779356186 -22.8488006 -43.5282503 1779356177 1779356205
592296614 -22.8487211 -43.5237357 592296609 1779356212 1779356169
1779356185 -22.848698 -43.52109 1779356182 1779356183
1779356183 -22.8486854 -43.5214384 1779356190 1779356175 1779356185
1779356182 -22.8486592 -43.5208752 1779356181 1779356185
1779356181 -22.8485738 -43.5207488 1779356178 1779356182
1779356180 -22.848571 -43.5299647 1779356208 1779356179 1779356161
1779356179 -22.8485354 -43.5299257 1779356171 1779356180
1779356178 -22.8484729 -43.5207109 1779356176 1779356181
592296609 -22.8483454 -43.5229203 592296614 592296605
1779356177 -22.8483396 -43.5272193 1779356170 1779356186 1779356160
1779356176 -22.8483176 -43.5207235 1779356178 1779356172
1779356175 -22.8483011 -43.5217184 1779356164 1779356183
1779356172 -22.8481639 -43.5207652 1779356176 1779356167
1779356171 -22.8480541 -43.5292432 1779356165 1779356179 1779356149
592296605 -22.8480389 -43.5224482 592296609 1779356166
1779356170 -22.8480139 -43.5264908 1779356177 1779356188 1779356153 1779356155
1779356169 -22.8479728 -43.524198 592296614 1779356188 1779356155
1779356167 -22.8479058 -43.5209142 1779356157 1779356172
1779356166 -22.8478828 -43.5222473 1779356164 592296605 1779356158
1779356165 -22.847878 -43.5287941 1779356163 1779356171 1779356205
1779356164 -22.8478088 -43.5221521 1779356175 1779356157 1779356166
1779356163 -22.8477368 -43.5284338 1779356162 1779356165 1779356144
1779356162 -22.8476115 -43.5281143 1779356163 1779356160
1779356160 -22.8474329 -43.5276593 1779356153 1779356162 1779356141 1779356177
1779356158 -22.8472558 -43.5227882 1779356154 1779356166
1779356157 -22.8472454 -43.521427 1779356164 592296601 1779356167
1779356155 -22.8472114 -43.5245724 1779356170 1779356169 1779356134 1779356148
1779356154 -22.8471937 -43.522811 1779356158 1779356152
592296601 -22.8471886 -43.5213539 592296597 1779356157
1779356153 -22.8471186 -43.5269264 1779356170 1779356150 1779356160
1779356152 -22.8470839 -43.5227037 1779356147 1779356154
1779356150 -22.847079 -43.5268359 1779356153 1779356143 1779356136
1779356149 -22.8470582 -43.5298442 1779356146 1779356171 1779356156
1779356148 -22.8469943 -43.5240105 1779356138 1779356155
1779356147 -22.8469466 -43.5225965 1779356145 1779356152
1779356146 -22.8469266 -43.5294103 1779356144 1779356149
1779356145 -22.8467984 -43.5227097 1779356147 1779356137
1779356144 -22.8467948 -43.5290052 1779356146 1779356163 1779356140
1779356143 -22.8467354 -43.5260519 1779356142 1779356150 1779356131
1779356142 -22.8466969 -43.5259641 1779356134 1779356143
3016954191 -22.8466281 -43.5279824 613527110 1779356141
1779356141 -22.8466118 -43.5280654 3016954191 1779356140 1779356160
1779356140 -22.8465615 -43.5282784 1779356141 1779356144
613527110 -22.8465376 -43.5278058 3016954191 613527108
1779356139 -22.8464289 -43.5217884 1779356128
1779356138 -22.8464014 -43.5231288 1779356137 1779356148
613527108 -22.8463893 -43.527795 613527110 3016954193 3016954194
1779356137 -22.846347 -43.5230849 1779356138 1779356135 1779356145
1779356136 -22.8463224 -43.5272022 1779356150
3016954194 -22.8463067 -43.5276122 3016954195 613527108
1779356135 -22.8462823 -43.5231386 1779356132 1779356137
1779356134 -22.8462693 -43.5250357 1779356133 1779356142 1779356155
3016954193 -22.8462573 -43.5281862 3016954192 613527108
592296597 -22.8462395 -43.5200986 592296568 592296601
3016954195 -22.8462029 -43.5274996 3016954194 3016954196
3016954192 -22.8461634 -43.5287441 3016954193
1779356133 -22.846016 -43.5244287 1779356132 1779356129 1779356134
3016954196 -22.845674 -43.5273226 3016954195 3016954197
1779356132 -22.8456609 -43.5235778 1779356128 1779356133 1779356135
3016954197 -22.8455207 -43.5271616 3016954196 3016954198
1779356131 -22.8454373 -43.5264584 1779356143
1779356130 -22.8453693 -43.5250471 1779356129
1779356129 -22.8453583 -43.5245824 1779356133 1779356130
1779356128 -22.8453418 -43.5228131 1779356127 1779356132 1779356139 1779356120
3016954198 -22.8452686 -43.5267325 3016954199 3016954197
1779356127 -22.8452042 -43.5227143 1779356123 1779356128
3016954199 -22.8449769 -43.5261102 3016954198
1779356126 -22.8447671 -43.5216092 1779356125
1779356125 -22.8446581 -43.5216092 1779356124 1779356114 1779356126
1779356124 -22.844632 -43.5217223 1779356123 1779356125
1779356123 -22.8446174 -43.5217997 1779356127 1779356124 1779356122
1779356122 -22.8445768 -43.5218536 1779356121 1779356123
1779356121 -22.8444254 -43.5219083 1779356119 1779356122
1779356120 -22.8444011 -43.5235131 1779356128
1779356119 -22.8438315 -43.5218494 1779356117 1779356121 1779356118
1779356118 -22.8437789 -43.5217854 1779356119 1779356114
1779356117 -22.8437483 -43.5224671 1779356119 1779356116
1779356116 -22.8437037 -43.5225345 1779356112 1779356117
1779356115 -22.8436669 -43.52135 1779356111
1779356114 -22.8436279 -43.5216092 1779356125 1779356113 1779356118
1779356113 -22.843433 -43.521553 1779356108 1779356114
1779356112 -22.8434125 -43.5229052 1779356110 1779356116
1779356110 -22.8432387 -43.5229846 1779356112 1779356109
1779356111 -22.8431632 -43.5211022 1779356107 1779356115
617014836 -22.8430522 -43.5201776 617014835 617014837
1779356109 -22.8430434 -43.5229883 1779356110 1779356105
617014837 -22.8429928 -43.5203922 617014838 617014861 617014836
1779356108 -22.8429746 -43.5214488 1779356106 1779356113
1779356107 -22.8429404 -43.5209173 1779356111 3016951583
1779356106 -22.8428952 -43.5215347 3016951581 1779356108
3016951582 -22.8428736 -43.5213564 3016951581 3016951583
617014838 -22.8428643 -43.5206819 617014837 617014839
3016951583 -22.8428637 -43.5211222 3016951582 1779356107
3016951581 -22.8428296 -43.5217261 3016951582 1779356104 1779356106
1779356105 -22.8427881 -43.5228185 1779356109 1779356103
1779356104 -22.8427634 -43.5218891 1779356102 3016951581 613527298
617014839 -22.8427259 -43.5208965 617014838 617014840
613527298 -22.8426914 -43.5217762 1779356104 613527292
613527292 -22.8426123 -43.5217225 617014918 613527298
617014918 -22.8425875 -43.5216582 617014917 613527292
1779356103 -22.8425795 -43.5225802 1779356105 1779356102
617014840 -22.842538 -43.5210252 617014841 617014839
1779356102 -22.8425179 -43.5224276 1779356104 1779356103
617014917 -22.8424886 -43.5216153 617014918 617014916
617014916 -22.8423304 -43.5215617 617014862 617014917
617014862 -22.8422414 -43.5215724 617014978 617014863 617014916
617014863 -22.8422315 -43.5218621 617014862 617014864
617016162 -22.8422216 -43.5298872 617016160 617016164
617014857 -22.8422018 -43.5203171 617014859 617014835
617014978 -22.8421877 -43.5213135 617014841 617015020 617014862
617014864 -22.8421821 -43.5220766 617014865 617014863
617014841 -22.8421524 -43.5211432 617014861 617014978 617014840
617014859 -22.8421129 -43.5204244 617014857 617014860
617014861 -22.8420832 -43.5207355 617014841 617014860 617014837
617014860 -22.8420832 -43.5206068 617014859 617014861
617014865 -22.8420436 -43.5222912 617014924 617014864 617014933
617015020 -22.8420436 -43.5213363 617014978 617015022
617016160 -22.8420338 -43.5296297 617016158 617016162
617015022 -22.8419744 -43.5213149 617015020 617015023
617014934 -22.8419448 -43.5220337 617014935 617014933
617014933 -22.8419349 -43.5221517 617014865 617014934 617015069
617014935 -22.8418854 -43.5217333 617015023 617015065 617014934
617015069 -22.841836 -43.5221517 617014933 617015070
617015023 -22.8417974 -43.5213361 617014935 617015025 617014936 617015022
617014936 -22.8416976 -43.5208857 617015023 617014937 617014976
617014937 -22.841658 -43.5207141 617014936 617014938
617014924 -22.8416383 -43.522774 617014865 617014925
617014938 -22.841569 -43.520521 617014937
617016158 -22.8415196 -43.5288895 617016155 617016160
617014925 -22.8413219 -43.5231281 617014924 617014926
617016155 -22.8412922 -43.5284603 617016153 617016158
617016134 -22.8412329 -43.5258639 617016133 617016135
617016135 -22.841223 -43.5260892 617016134 617016136
617016133 -22.8411834 -43.525703 617016134 617016131
617016136 -22.8411142 -43.526336 617016142 617016135
617016131 -22.8410846 -43.5254777 617016133 617016129
617016142 -22.8410351 -43.5266042 617016136 617016143
617016143 -22.8410153 -43.5267866 617016142 617016145
617016129 -22.8409857 -43.5251451 617016127 617016131
617016153 -22.8409758 -43.5280097 617016155 617016152
617016127 -22.8409066 -43.5249842 2353497103 2353497074 617016129
617014926 -22.8409066 -43.5233426 617014925 2353497077
2353497103 -22.8408512 -43.5251498 2353497098 617016127
2353497098 -22.8408413 -43.5256112 2353497102 2353497103
617016145 -22.8408374 -43.5270763 617016143 617016147
2353497074 -22.8407697 -43.5245984 2353497075 617016127
617016152 -22.8407583 -43.5276878 617016153 617016150
2353497102 -22.8407524 -43.5260725 2353497097 2353497098
617016147 -22.8407187 -43.5273445 617016145 617016150
2353497077 -22.8407128 -43.5235191 617014926 2353497073
617015070 -22.8407088 -43.5224414 617015069 617015071
617016150 -22.8406891 -43.5275162 617016147 617016152
2353497097 -22.8406708 -43.5261755 2353497102 2353497101
2353497075 -22.8406535 -43.5241628 2353497076 2353497074
2353497073 -22.8406115 -43.5236328 2353497077 2353497076
2353497076 -22.840562 -43.5238152 2353497073 2353497075
617015087 -22.8405506 -43.5222376 617015065
617015065 -22.8405309 -43.5220659 617015064 617014935 617015087 617015025
2353497101 -22.8405249 -43.5262656 2353497105 2353497097
617015025 -22.8403924 -43.5216904 617015023 617015027 617015065
2353497105 -22.8402555 -43.5262614 2353497100 2353497101
2353497100 -22.8401987 -43.5260511 2353497104 2353497105
2353497104 -22.8400602 -43.5258472 2353497099 2353497100
