1777245863 -22.9199658 -43.5279124 1777245867 1777245865 1777245857
1777245861 -22.919883 -43.5283638 1872022514 1777245867 1777245859
1777245859 -22.9198761 -43.5285182 1872022459 1777245861
1777245857 -22.9197986 -43.5279992 1777245848 1777245850 1777245863
1871790801 -22.9197493 -43.5260459 1777245849 1777245872 1871790864
1777245850 -22.9196166 -43.5280799 1777245846 1777245844 1777245857
1777245853 -22.9195954 -43.5297134 1777245847 1777079208 1777079097
1777245852 -22.9195806 -43.5265776 1777245865 1777245851
1777245851 -22.9194701 -43.5266375 1777245849 1777245848 1777245852
1872022459 -22.9194363 -43.5290529 1777245859 1777245847 1872022514
1777245849 -22.9192864 -43.5262398 1777245851 1871790801 1777245838
1777245848 -22.919263 -43.52678 1777245846 1777245851 1777245857
1872022210 -22.9192298 -43.527883 1777245840
1777245847 -22.9191747 -43.5293581 1872022459 1777245853 1777245845
1777245846 -22.9190875 -43.5269006 1777245848 1777245850 1777245842
1777245845 -22.9190769 -43.5292566 1777245847 1777245843
1872022514 -22.9190684 -43.5287141 1872022459 1777245843 1777245861
1777245844 -22.9190383 -43.5283511 1777245825 1777245840 1777245850
1777245843 -22.9190089 -43.5287397 1872022514 1777245845
1777245842 -22.9189727 -43.52685 1777245839 1777245846
1777245841 -22.9189556 -43.5271226 1777245830
1777245840 -22.9189063 -43.528041 1872022210 1777245844
1777245839 -22.9188281 -43.5267069 1777245838 1777245842
1777245838 -22.9187005 -43.5264851 1777245839 1777245849 1777245836
2866757605 -22.9180951 -43.5253913 2866757604 2866757606
2866757604 -22.9180802 -43.5254851 1777245837 2866757605
2866757606 -22.9180704 -43.5252826 1776520663 2866757605
1777245837 -22.9180345 -43.5256018 1776520662 2866757604 2866757603
1875134698 -22.9180017 -43.5202041 1875134705
1776520663 -22.9179999 -43.5251686 2866757606 1777245822
1776520662 -22.9179742 -43.5257413 1777245837 1777245833
1777245836 -22.917883 -43.5268274 1777245826 1777245838
2866757603 -22.9178591 -43.5254597 1777245837 1777245834
1777245834 -22.91768 -43.5254811 2866757603 1777245828
1777245833 -22.9176743 -43.5263338 1777245827 1776520662 1777245829
1777245832 -22.9176718 -43.528161 1777245823 1777245830
1777245830 -22.9176208 -43.5279995 1777245841 1777245832
1777245829 -22.9174575 -43.5262706 1777245801 1777245833
1777245828 -22.9174543 -43.5255912 1777245834 1777245819 1777245799
1777245827 -22.9174048 -43.5268663 1776520660 1777245833 1777245824
1776520660 -22.9173691 -43.5269368 1777245826 1777245827
1776520659 -22.9173118 -43.5288665 1777245825 1776520658
1875134702 -22.91731 -43.5211483 1777245811
1777245825 -22.9172968 -43.529086 1776520657 1776520659 1777245844
1776520658 -22.9172631 -43.5286591 1776520659 1777245823
1776520657 -22.9172594 -43.5292608 1777245825 1776520656
1777245826 -22.9172454 -43.5270949 1776520653 1776520660 1777245836
1777245824 -22.9172217 -43.5269178 1777245827 1777245804
1777245823 -22.9172032 -43.5284396 1776520658 1776520654 1777245832
1776520656 -22.9171733 -43.5295048 1777245821 1776520657
1777245822 -22.9171345 -43.5239193 1776520663 1777245818 1777245820
1777245821 -22.9171321 -43.5296511 1777079030 1872022354 1776520656
1776520654 -22.9171283 -43.5282445 1777245823 1776520652
1776520653 -22.9170801 -43.5273061 1777245826 1776520652 1872022230
1777245820 -22.9170012 -43.5237232 1777245822 1776520650 1777245813
1776520652 -22.9169673 -43.5278013 1777245815 1776520654 1776520653
1872022230 -22.9169495 -43.5272634 1872022463 1776520653
1777245819 -22.9169219 -43.5253263 1777245828 1777245794
1776520650 -22.9168442 -43.523471 1777245817 1777245820 1777245816
1777245818 -22.9168256 -43.5242059 1777245822 1777245814
1777245817 -22.9167457 -43.5235116 1776520650 1777245762
1777245816 -22.9167062 -43.5230534 1777245793 1776520650 1776520646
1777245815 -22.9166837 -43.5278983 1777245808 1776520652
1776520646 -22.916556 -43.5225183 1777245816 2866757607 1777245812
1777245814 -22.916494 -43.524372 1777245818 1777245797
2866757607 -22.9164458 -43.52216 1776520646 1776520638
1777245813 -22.9163835 -43.5239428 1777245760 1777245820
1873679397 -22.9163114 -43.5299293 1777079030 1777079002
1776520638 -22.9163039 -43.5218424 1777245811 2866757607
1777245812 -22.916229 -43.5226353 1776520646 1777245791
1777079002 -22.9162283 -43.5299295 1777078984 1777078982 1873679397
1777245811 -22.9161661 -43.5215822 1875134702 1875134700 1776520638 1875134705
1872022463 -22.9161491 -43.5275531 1872022230
1875134705 -22.9159963 -43.5210042 1777245811 1777245810 1875134706 1875134698
1777245810 -22.9159447 -43.5207403 1777245809 1875134705
1777245809 -22.9158371 -43.5200842 1777245810 1777245806
1777245808 -22.9158129 -43.5282923 1777245807 1777245815 1777245798
1875134697 -22.9157686 -43.5224676 1875134700
1777245807 -22.9157434 -43.528086 1777245808 1777245805
1875134700 -22.9156408 -43.5218085 1777245811 1777245776 1875134697
1777245805 -22.9156074 -43.528019 1777245807 1777245803
1777245804 -22.9153513 -43.5276487 1777245824
1777245803 -22.9152142 -43.5280075 1777245805 1777245800
1875134708 -22.9149435 -43.5205955 1875134701
1875134701 -22.9148291 -43.5202733 1875134703 1875134708
1777245801 -22.9147269 -43.5274106 1777245829 1777245772 1777245799
1777245800 -22.9146304 -43.5280185 1777245803 1777245795
1777245799 -22.9144955 -43.5267669 1777245801 1777245794 1777245828 1777245764
1777245798 -22.9144461 -43.5289107 1777245808 1777245796
1777245797 -22.914411 -43.5251416 1777245814 1777245789
1777245796 -22.9143857 -43.5289655 1777245798
1777245795 -22.9143719 -43.528092 1777245800 1777245785
1777245794 -22.914325 -43.5263196 1777245756 1777245799 1777245819
1777245793 -22.9143181 -43.524023 1777245791 1777245816 1777245788
1777245792 -22.9142745 -43.5294419 1777245790
1777245789 -22.9141731 -43.5250855 1777245797 1777245787
1875134703 -22.914155 -43.520602 1875134701 1875134707 1875134699
1777245791 -22.9141364 -43.5234969 1777245793 1777245780 1777245812
1777245790 -22.9141032 -43.528972 1777245784 1777245792
1777245788 -22.9140741 -43.5241221 1777245793 1777245752
1777245787 -22.9139361 -43.5252133 1777245786 1777245789
1777245786 -22.9138586 -43.525388 1777245787 1777245758
1777245785 -22.9138387 -43.5284401 1777245784 1777245795
1777245784 -22.9137843 -43.5284909 1777245785 1777245782 1777245790
1777245782 -22.913626 -43.528639 1777245784 1777245775
1777245780 -22.9135658 -43.5237318 1777245791 1777245747
1777245779 -22.9135181 -43.5298785 1873594878 1777245778
1875134706 -22.9135152 -43.5219958 1875134705
1777245778 -22.913476 -43.5294706 1777245779 1777245777
1777245777 -22.913443 -43.5291704 1777245778 1777245775
1777245776 -22.9133607 -43.5227905 1875134700 1777245741
1777245775 -22.9133337 -43.5288088 1777245782 1777245767 1777245777
1875134699 -22.9132882 -43.5210246 1875134703
1777245772 -22.913169 -43.5280442 1777245801
1777245769 -22.9129202 -43.5294747 1777245768 1777245773
1777245768 -22.9128959 -43.5293794 1777245767 1777245769 1777245766
1870783708 -22.9128057 -43.5200303 1870783768 1870783680
1777245767 -22.9128026 -43.5290138 1777245763 1777245768 1777245775
1777245766 -22.9127564 -43.5294402 1777245768 1777245759
1777245764 -22.9127377 -43.5274653 1777245799
1777245763 -22.9127204 -43.5290455 1777245767 1777245753
1870783768 -22.9127002 -43.5200217 1870783722 1870783708
1777245762 -22.9125997 -43.5251364 1777245817
1777245760 -22.9125827 -43.5255471 1777245813
1777245759 -22.9125567 -43.5294448 1777245754 1777245766
1777245758 -22.9125534 -43.5259378 1777245786
1777245756 -22.9124141 -43.5270506 1777245794
1777245755 -22.9123464 -43.5299178 1777245751 1777245757
1777245754 -22.9122463 -43.5293756 1777245750 1777245759
1777245753 -22.9121976 -43.5290547 1777245763
1777245752 -22.9121739 -43.5248914 1777245788
1777245751 -22.9119425 -43.5297009 1777245755
1777245750 -22.9118552 -43.5292233 1777245754
1870783764 -22.9117465 -43.5200163 1870783769 1870783744
1870783769 -22.9115093 -43.5203435 1870783764 1870783750
1870783750 -22.9114253 -43.5204455 1870783759 1870783769
1777245749 -22.9113468 -43.5293468 1777245748 1777245740
1777245748 -22.9113185 -43.5294463 1777245742 1777245749
1777245747 -22.9112873 -43.5246018 1777245780
1870783759 -22.9112623 -43.5206064 1870783739 1870783750
1777245742 -22.9112163 -43.5296715 1777245748 1777245739
1777245741 -22.911205 -43.5236559 1777245776 1871934760
1777245740 -22.9111772 -43.529355 1777245735 1777245749
1870783739 -22.9111289 -43.5207298 1870783700 1870783759
1870783700 -22.9110449 -43.5207995 1870783739 1870783701
1777245739 -22.9110299 -43.529975 1871934886 1777245742
1870783701 -22.9109757 -43.5209283 1870783699 1870783700
1870783699 -22.910946 -43.5210302 1870783762 1870783701
1870783762 -22.9109065 -43.5210516 1870783699 1870783763
1870783763 -22.9108176 -43.5210463 1870783762 1870783717
1777245735 -22.9108135 -43.5295312 1777245740 1777245724
1870783717 -22.9107039 -43.5210248 1870783677 1870783763
1870783677 -22.9105754 -43.5210731 1870783707 1870783717
1871934763 -22.9105327 -43.5297469 1871934669 1871934886
1871934669 -22.9103351 -43.5295806 1871934763 1777245724
1777245724 -22.9102253 -43.5294796 1777245735 1871934780 1871934669
1871934780 -22.9101448 -43.5293204 1777245724
1870783707 -22.9100171 -43.5212984 1870783677 1870783683
1777245719 -22.90996 -43.5294235 1777245727
1870783683 -22.9098837 -43.5213842 1870783755 1870783707
1871934760 -22.9097204 -43.5242596 1777245741 1871934761
1870783755 -22.9096514 -43.5214808 1870783683
1777245714 -22.9095184 -43.529403 1777245718 1777245711
1777245711 -22.9094394 -43.5293781 1777245714 1777245710
1871934761 -22.9093994 -43.5239429 1871934760 1871934709
1871934709 -22.9092907 -43.5239965 1871934704 1871934761
1777245710 -22.9092523 -43.529295 1777245709 1777245711
1871934704 -22.9091376 -43.5239965 1871934845 1871934709
1777245709 -22.9090908 -43.5292442 1777245707 1777245710
1871934845 -22.9089547 -43.5239429 1871934704 1871934878
1777245707 -22.9089463 -43.5289627 1777245706 1777245709
1871934878 -22.9088361 -43.5238409 1871934845 1871934731
1777245706 -22.9087592 -43.5286535 1777245707 1777245701 1777245700
1777245705 -22.9087337 -43.5293919 1777245703
1871934731 -22.9087225 -43.5238248 1871934751 1871934878
1777245703 -22.9085977 -43.5290596 1777245701 1777245705
1777245701 -22.9084961 -43.5288563 1777245706 1777245699 1777245703
1777245700 -22.9084914 -43.5282889 1777245706
1777245699 -22.9084616 -43.5287873 1777245697 1777245701
1871934751 -22.9084549 -43.5237226 1871934829 1871934731
1777245697 -22.9082023 -43.5284966 1777245699
1871934829 -22.9080356 -43.5235244 1871934751 1871934867
1871934867 -22.9078083 -43.523401 1871934829 1871934667
1871934667 -22.9075556 -43.5231272 1871934867 1871934759
1871934759 -22.9068398 -43.5226393 1871934667 1871934827
1871934827 -22.9066916 -43.5226232 1871934862 1871934759
1871934862 -22.9065829 -43.5226608 1871934725 1871934827
1871934725 -22.9061728 -43.5229022 1871934862 1871934692
1871934692 -22.9057478 -43.5231811 1871934725 1871934671
1871934671 -22.905476 -43.5235405 1871934686 1871934692
1871934686 -22.9053871 -43.5235459 1871934843 1871934671
1871934843 -22.9051548 -43.5234708 1871934686
1871984593 -22.904715 -43.5297472 1871984665
