1845331911 -22901916 -43448761 1845331813
1845331813 -22901743 -43448664 1845331339 1845331911
1424087011 -22901612 -43441525 1424087035
1424087052 -22901563 -43440570 1424087048
1424087035 -22901489 -43441219 1424087011 1424087029
1845331339 -22901479 -43448493 1845331440 1845331813
1424087048 -22901474 -43440403 581025208 1424087052
581025208 -22901274 -43440230 581025207 1424087048
1845331440 -22901217 -43448353 1845331302 1845331339
581025207 -22901127 -43440118 581025208 581025206
1845331302 -22901046 -43448182 1845331084 1845331440
581025230 -22901008 -43441309 581025232
1424087029 -22900925 -43440675 1424087035 1424087015 1424087016
581025232 -22900855 -43441509 581025230 581025234 1845560773
1845331084 -22900849 -43447922 1845331103 1845331302
1424087016 -22900599 -43441029 1424087020 1424087029
1424087020 -22900594 -43441149 1424087016 1845560773
1845331103 -22900582 -43447557 1845331084 1845331718
1845560773 -22900533 -43441227 1424087020 581025232 1424087046
1424087046 -22900510 -43441256 1845560773 1424087028
1845560800 -22900485 -43444505 1845560799
1845560799 -22900438 -43444478 1845560800 1845560766
1845560766 -22900320 -43444502 1845560764 1845560799
1424087028 -22900294 -43441363 1424087046 1424087053
1845560764 -22900273 -43444445 1845560766 1845560758
1845331718 -22900266 -43447205 1845330937 1845331103
1845560781 -22900261 -43441101 1845560802
1424087026 -22900224 -43442721 1424087014 1424087045
1424087014 -22900224 -43442619 1424087026 581025363
581025363 -22900208 -43442500 1424087014 581025234
1845560758 -22900191 -43444373 1845560764 1845560790
1424087045 -22900169 -43442836 1424087026 1424087017
1845560802 -22900137 -43441093 1845560787 1845560781
1845560790 -22900122 -43444183 1845560758 1845560784
581025234 -22900089 -43442349 581025232 581025363 581025366
1845560784 -22900070 -43444025 1845560772 1845560790
1845560787 -22900058 -43441026 1845560760 1845560802
1424087017 -22900036 -43443083 1424087045
581027055 -22900030 -43444559 581027054 581027056
1845560772 -22900008 -43443899 1845560761 1845560784
