3023898703 -22.9251363 -43.6187422 3023898666 3023898700
3023898700 -22.9251158 -43.6191393 3023898703 3023898660 3023898697
3023898697 -22.9250811 -43.6195431 3023898700 3023898695
3023898695 -22.9250484 -43.6199601 3023898384 3023898694 3023898697
3023898675 -22.9247848 -43.6178948 1780007859
3023898666 -22.9247031 -43.6186934 3023898703 3023898649
1780007859 -22.9246582 -43.6182207 3023898633 3023898675 3023898649
3023898660 -22.92465 -43.6191016 3023898700
3023898649 -22.9245213 -43.6186424 1780007859 3023898424 3023898666
3023898643 -22.9244661 -43.6178704 3023898633
3023898633 -22.9243879 -43.6181455 1780007859 3023898643 1780007832
1780007856 -22.9243769 -43.6185564 1780007830
3023898424 -22.924364 -43.6190595 3023898649
1780007848 -22.9242515 -43.6189444 1780007827
1780007845 -22.9241282 -43.6193177 1780007824
3023898384 -22.9241024 -43.6198958 3023898372 3023898695
1780007843 -22.9239767 -43.6196911 1780007820
1780007832 -22.9236225 -43.6179325 3023898633 1780007830
1780007830 -22.9235333 -43.6183134 1780007856 1780007827 1780007832
1780007828 -22.9234732 -43.6181366 1780007822
1780007827 -22.9234401 -43.6187073 1780007830 1780007824 1780007848
1780007824 -22.9233441 -43.6190952 1780007827 1780007820 1780007845
1780007822 -22.9233179 -43.618127 1780007818 1780007828 1780007791
1780007820 -22.9232488 -43.6194758 1780007824 1780007814 1780007843
1780007818 -22.9232123 -43.6185306 1780007822 1780007813 1780007790
3005342762 -22.9232031 -43.6169735 1780007782
1780007814 -22.9231556 -43.6198745 1780007820 3023898289 1780007839
1780007813 -22.9231227 -43.6189221 1780007789 1780007808 1780007818
1780007808 -22.9230257 -43.6193253 1780007806 1780007788 1780007813
1780007806 -22.9229245 -43.6197131 1780007787 1780007808 1780007803
1780007791 -22.9221757 -43.6180427 1780007822 1780007785 1780007790
1780007790 -22.9221589 -43.6184585 1780007789 1780007818 1780007791
1780007789 -22.9221373 -43.6188569 1780007788 1780007813 1780007790
1780007788 -22.9221103 -43.6192626 1780007808 1780007789 1780007787
1780007787 -22.9220762 -43.6196528 1780007806 1780007788 1780007786
1780007785 -22.9220146 -43.6180275 1780007791
1663027399 -22.9218223 -43.6111229 1780007779 3023897860
1780007779 -22.9217372 -43.615577 3005342763 1663027399 1780007782
1780007782 -22.9217275 -43.6169539 1780007779 3005342760 3005342762
3005342760 -22.9217171 -43.6175917 1780007781 1780007782 3005342761
1780007781 -22.9217167 -43.6189529 3005342760 3023897996 3023897985
3023897996 -22.9217014 -43.6196308 1780007781 3005342759 3023897986
3023897986 -22.9215615 -43.6196264 3023897996
3023897985 -22.9215529 -43.6189607 1780007781 3023897973
3023897977 -22.9214775 -43.617976 3023897973
3023897973 -22.92141 -43.6189675 3023897977 1663027308 3023897985
3023897961 -22.9212877 -43.6158987 3023897962
3023897962 -22.9212797 -43.6165256 3023897911 3023897961
1663027310 -22.9211301 -43.6197705 1663027318 1663027227 1663027308
1663027308 -22.9210702 -43.6189837 1663027224 1663027310 3023897973
3023897937 -22.9210523 -43.6187459 1663027292
1663027292 -22.9210218 -43.618531 3023897937 1663027021
3005342761 -22.9209496 -43.6175795 3005342760
3005342763 -22.9209456 -43.6155647 1780007779 3023897910
3023897910 -22.9208259 -43.6155612 3005342763 3023897911 3005342767
3023897911 -22.9208218 -43.6165169 3023897910 3023897962
1663027227 -22.9205993 -43.6197477 1663027162 1663027310 1663027244 1663027224
1663027224 -22.9205518 -43.6189618 1663027141 1663027308 1663027227
3005342768 -22.9204385 -43.6158646 3005342769 3005342767
3005342769 -22.9204175 -43.6176693 3005342768
3005342767 -22.9203199 -43.6155465 3023897910 3005342770 3005342768
3023897869 -22.9203033 -43.61804 3023897725
1663027162 -22.920248 -43.6197177 1663027177 1663027141 1663027064 1663027227
1663027141 -22.9201821 -43.6189553 1663027224 1663027162 1663027052
3023897863 -22.9201561 -43.6175165 3005342771
3023897860 -22.9201409 -43.6110823 3023897720 1663027399
