3903729126 -22.8599775 -43.7768547 347652769 1655041817 3903729127
1655041817 -22.8598485 -43.7767766 1655274396 3903729126 1655041813
347652120 -22.8598264 -43.7784249 1655041819 347652119 347652121 1655100183
1655274402 -22.8597482 -43.772166 1655274397 1655274405
1655100183 -22.8597252 -43.7780475 347652120 1655100168
1655274403 -22.8597149 -43.7759331 1655274396 1655154136 1655274394
1655274401 -22.8596947 -43.7732696 1655274397 1655154159
1655274400 -22.8596679 -43.7703305 1655274404 1655274395
1655041816 -22.8596357 -43.7793339 1655041819 1655041790 1655100199
1655274399 -22.8595999 -43.774987 1655274407 1655274394 1655274387
347652119 -22.8595462 -43.77884 1655100170 347652120
1655041813 -22.8595221 -43.7773442 1655100168 1655041817 1655041787
1655274397 -22.8594324 -43.7731011 1655274401 1655274385 1655274402
1655274395 -22.8594172 -43.7711646 1655274400 1655274405 1655274391 1655274383
1655274396 -22.8593578 -43.776459 1655041817 1655274403 1655274386
1655100170 -22.8593571 -43.7791926 347652118 1655041811 347652119
1655100168 -22.8593007 -43.7777729 1655041791 1655041813 1655100183
347652118 -22.8592931 -43.779312 1655100170 347652117
1655274394 -22.859253 -43.775518 1655274403 1655274381 1655274399 1655274386
1655041790 -22.8591636 -43.7796084 1655041816 1655100166
1655274391 -22.8591595 -43.7719046 1655274390 1655274395
1655041811 -22.8591483 -43.7790447 1655100170 1655041786
1655100166 -22.8591314 -43.7796211 1655041790 1655100189 347652117
1655041791 -22.8591104 -43.7780706 1655100168 1655041783 1655041786
1655274390 -22.8590417 -43.7723228 1655274385 1655274391
347652117 -22.8590321 -43.7796382 347652118 1655100166 2925349625
1655274389 -22.859031 -43.7701621 1655274383 1655274393
1655274387 -22.8589854 -43.7745076 1655274384 1655274399
1655041787 -22.8589587 -43.7769874 1655041784 1655041813
1655274385 -22.8588865 -43.7728339 1655274397 1655274367 1655274390
1655274386 -22.8588627 -43.7761285 1655274396 1655274369 1655274394
1655274384 -22.8588416 -43.7743269 1655274378 1655274387
1655274383 -22.8588017 -43.7709381 1655274389 1655274395 1655274364 1655274379
2925349625 -22.8587619 -43.7798256 1655029027 1655029025 347652117
1655274381 -22.8587501 -43.7751074 1655274369 1655274394 1655274377
1655029027 -22.858714 -43.7797651 1655028955 2925349625
1655041786 -22.8586965 -43.7787238 1655041811 1655041791 1654993786
1655029025 -22.8586538 -43.7798937 347652115 2925349625 1655029067
1655274379 -22.8586082 -43.77162 1655274373 1655274383
1655041784 -22.858589 -43.7767756 1655041781 1655041787
1655274378 -22.8585237 -43.7740394 1655274360 1655274384
1655274377 -22.8584792 -43.7748817 1655274381 1655274365
1655274376 -22.8584556 -43.7732097 1655274370 1655274372
1655274373 -22.8584385 -43.7721128 1655274367 1655274379
1655041783 -22.8583955 -43.7775631 1655041778 1655041791
1655274372 -22.8583875 -43.7730947 1655274361 1655274376
1655274371 -22.8583681 -43.7701656 1655274380 1655274364
1655274370 -22.8583496 -43.7733987 1655274376 1655274368
1655274368 -22.8583104 -43.7734598 1655274370 1655274360 1655274362
1655274367 -22.8583023 -43.7725893 1655274385 1655274373
1655041781 -22.8582934 -43.7766006 1655041780 1655041784
1655274369 -22.8582865 -43.7757344 1655274353 1655274381 1655274386
1655274365 -22.8582307 -43.7746854 1655274353 1655274351 1655274377
1655274364 -22.8582022 -43.7707058 1655274371 1655274356 1655274383 1655274346
1655274362 -22.8581638 -43.7733526 1655274368 1655274357
1655274361 -22.8581301 -43.772988 1655274355 1655274372
1655274360 -22.8581074 -43.7737765 1655274359 1655274368 1655274351 1655274378
1655028955 -22.8580611 -43.7792378 1655029027 1655028917
1655041780 -22.8580354 -43.7763965 1655041781 1655041777
1655274359 -22.8579708 -43.773636 1655274354 1655274360
1655041778 -22.8579548 -43.7772773 1655041776 1655041783
1655274357 -22.8579405 -43.7732622 1655274362 1655274350
1655274356 -22.85794 -43.7715306 1655274352 1655274364
1655028917 -22.8579374 -43.7791737 1655028955 1655028799
1655274355 -22.8578349 -43.7729387 1655274361 1655274344
1655274354 -22.8578194 -43.7735949 1655274359 1655274348
1655274353 -22.8577568 -43.7753762 1655274365 1655274369 347653841
1655274352 -22.8577526 -43.7721811 1655274356 1655274347
1655274351 -22.8577441 -43.774294 1655274360 1655274339 1655274365
1655274350 -22.8577362 -43.7732129 1655274341 1655274357
1655041777 -22.8576699 -43.776134 1655041780 1654993806
1655274348 -22.8576491 -43.7735826 1655274354 1655274342
1655274347 -22.8576135 -43.7726167 1655274352 1655274344
1655274346 -22.8576135 -43.7704793 1655274338 1655274358 1655274330 1655274364
1655274344 -22.8575278 -43.7729246 1655274347 1655274355 1655068436
1655274342 -22.8574675 -43.7736483 1655274340 1655274348
1655274341 -22.8573161 -43.7733444 1655274350 1655274336
347653841 -22.8573111 -43.7751319 1655274353 1655274339 1654993806
1655274340 -22.8573085 -43.7738002 1655274335 1655274342
1655274338 -22.8572174 -43.7717571 1655274334 1655274346
1655274336 -22.8571988 -43.7734101 1655274341 1655274332
1655274339 -22.8571806 -43.7750407 1654993790 1655274351 347653841
1655274335 -22.8571571 -43.7740302 1655274331 1655274340
1654993806 -22.8571355 -43.7758493 1655041776 347653841 1655041777
1655274334 -22.8571104 -43.7721579 1655274328 1655274338
1655274333 -22.8570745 -43.7745424 347653836
1655274332 -22.8570739 -43.7735456 1655274336 1655274329
1655068436 -22.857049 -43.7730528 1655068433 1655068435 1655274344
1655274330 -22.857014 -43.7702643 1655274337 1655068362 1655274325 1655274346
1655274331 -22.8569998 -43.7740847 1655274326 1655274335
1655274329 -22.856983 -43.7736688 1655274332 1655274326
1654993803 -22.8569612 -43.7793204 1655028961 1655028804 1654993754
1655274328 -22.8569498 -43.77264 1655068433 1655274334
1655041776 -22.8569469 -43.7766713 1655041778 1654993786 1654993806
1654993790 -22.8568985 -43.774873 1655274339 347653840 1654993766
1655274326 -22.8568249 -43.7739641 1655274331 1655068425 1655274329
1655068433 -22.8568221 -43.7728579 1655274328 1655068416 1655068436
1655274325 -22.8568053 -43.7709149 1655068358 1655274330 1655274322
1655274324 -22.8567999 -43.7719836 1655274322
1655068435 -22.8567912 -43.7733116 1655068436 1655068425
1654993786 -22.8567861 -43.7773717 1655041776 1654993751 1655028799 1655041786
1654993766 -22.8567333 -43.7757665 1654993763 1654993790 1654993707
1654993763 -22.8565936 -43.7763469 1654993751 1654993766 1654993757
1655274322 -22.8565537 -43.7717513 1655274324 1655274325
1655028799 -22.8565471 -43.7781317 1654993762 1654993786 1655028917
1655068425 -22.8565334 -43.7737565 1655068435 1655068408 1655274326
1654993762 -22.8564885 -43.7783792 3903729128 1654993754 1655028799
347653840 -22.8564514 -43.774549 1654993790 347653839
1654993757 -22.8564242 -43.7764577 1654993618 1654993763 1654993704
1655068416 -22.8564203 -43.7725399 347653830 1655068433
1654993751 -22.8563796 -43.7772949 1654993763 1654993723 1654993719 1654993786
1654993754 -22.856376 -43.7788579 1654993741 1654993762 1654993803
347653839 -22.8563576 -43.7744336 1654993710 347653840 347653838
347653836 -22.8563203 -43.7740155 1655068408 1655274333 347653838
1655068408 -22.8563175 -43.7735854 347653832 347653836 1655068425
347653838 -22.8563166 -43.7742221 347653839 347653836
1654993741 -22.8562965 -43.7791771 1654993696 1654993716 1654993754
347653832 -22.8562856 -43.7732058 1655068408 1654993721 347653831
1654993710 -22.8562428 -43.7743674 347653839 1654993681
347653831 -22.8562402 -43.7727202 347653832 347653830
1654993723 -22.8561835 -43.7771753 1654993751 1654993704
1654993721 -22.8561646 -43.773281 347653832 1654993681 1654993712
1654993719 -22.856161 -43.77816 3903729128 1654993751 1654993676
1654993716 -22.8561519 -43.7790983 1654993741 1654993700
3903729128 -22.8561406 -43.7782465 1654993700 1654993762 1654993719
1654993712 -22.8561395 -43.7732156 1654993721 1654993591
347653830 -22.8560978 -43.7723083 1655068400 347653831 347653829 1655068416
1654993707 -22.8560776 -43.7751248 1654993657 1654993766
1655068400 -22.8560138 -43.7719243 347653830 1655068368
1654993704 -22.8559792 -43.7769595 1654993723 1654993578 1654993757 1654993676
1654993700 -22.8559767 -43.7789408 1654993673 3903729128 1654993716 1654993654
347653829 -22.8558922 -43.7719306 347653830 347653828
1655068368 -22.8557727 -43.7712831 1655068359 1655068400
1654993681 -22.8557047 -43.7737814 1654993657 1654993721 1654993550 1654993710
1655068359 -22.8555931 -43.770765 1655068358 1655068368
1655068358 -22.8555741 -43.7704777 1655068362 1655068359 1655274325
347653828 -22.8555442 -43.7715615 347653826 347653829
1654993676 -22.8555098 -43.7774675 1654993542 1654993719 1654993704 1654993654
347653826 -22.8552753 -43.7712182 347653828 347653824
1654993657 -22.8552624 -43.7742483 1654993618 1654993585 1654993681 1654993707
347653824 -22.8551487 -43.7707976 347653826 347653823
1654993654 -22.8550262 -43.7779686 1654993552 1654993700 1654993613 1654993676
347653823 -22.8549193 -43.7702054 347653824 347653822
1654993618 -22.8548029 -43.7747447 1654993539 1654993657 1654993757 1654993581
1654993613 -22.8547948 -43.7782506 1654993654 1654993586
1654993591 -22.8546142 -43.7715879 1654993712
1654993586 -22.854573 -43.7784587 1654993613 3903729120 1654993513
1654993585 -22.8545252 -43.7734225 1654993529 1654993657
1654993581 -22.8543875 -43.7752045 1654993618 1654993578
1654993578 -22.854349 -43.7752448 1654993542 1654993535 1654993581 1654993704
1654993552 -22.8541927 -43.7770315 1654993498 1654993654
1654993550 -22.8541608 -43.7720569 1654993681
1654993542 -22.8538901 -43.7757307 1654993498 1654993417 1654993578 1654993676
1654993539 -22.8537627 -43.7736191 1654993506 1654993618
1654993529 -22.8537036 -43.7725342 1654993585 1654993503
1654993513 -22.8536982 -43.7775098 1654993453 1654993586
3903729120 -22.8536607 -43.7794309 1654993380 1654993607 1654993586 1654993469
1654993506 -22.8536015 -43.7735141 1654993539 1654993491
1654993503 -22.8535854 -43.7725692 1654993529 1654993494
1654993500 -22.8535101 -43.7782972 1654993429
1654993494 -22.8534402 -43.7726858 1654993472 1654993503
1654993498 -22.8534382 -43.7762437 1654993376 1654993552 1654993459 1654993542
1654993491 -22.8534134 -43.7733683 1654993506 1654993466
1654993472 -22.8533058 -43.7728258 1654993494 1654993463
1654993466 -22.853279 -43.7732108 1654993463 1654993491
1654993469 -22.8532625 -43.7798622 3903729120 1654993508
1654993535 -22.8532479 -43.7740389 1654993578
1654993463 -22.8532252 -43.7730417 1654993472 1654993466
1654993459 -22.8530481 -43.7766425 1654993453 1654993498
1654993453 -22.8529873 -43.7767078 1654993429 1654993459 1654993513 1654993372
1654993429 -22.8525373 -43.7771901 1654993453 1654993500 1654993374 1654993380
1654993417 -22.8523096 -43.7740079 1654993542 1654993409
1654993409 -22.8522451 -43.7739867 1654993417 1654993376
1654993380 -22.8520408 -43.7777005 3903729120 1654993370 1654993429 1654993341
1654993374 -22.8518586 -43.7764914 1654993429 1654993367
1654993376 -22.8518114 -43.7744882 1654993498 1654993409 1654993372
1654993370 -22.8516139 -43.7781711 1654993380 3903729122
3903729122 -22.8513617 -43.7779565 1654993370 3903729124
1654993372 -22.8513576 -43.7749784 1654993453 1654993376 1654993367
1654993367 -22.8508916 -43.7754815 1654993374 3903729125 1654993372 1654993341
1654993341 -22.8504349 -43.775969 3903729121 1654993380 1654993367 3903729124
3903729125 -22.8499882 -43.7744671 1654993367
3903729124 -22.8499777 -43.7764244 3903729123 3903729122 1654993341
3903729121 -22.8499628 -43.7754728 1654993341
3903729123 -22.8488159 -43.7751697 3903729124
148726088 -22.8484894 -43.7798243 148726087
148734320 -22.8484219 -43.7799155 148734318
3903729113 -22.8482028 -43.7795247 148726088
148726098 -22.8481492 -43.7704608 148726097
148734318 -22.8481338 -43.7796013 148734317
148734306 -22.8480485 -43.7703285 148734304
148726089 -22.8479432 -43.7791681 3903729113
148726097 -22.8479205 -43.7712904 148726096
148734317 -22.8478456 -43.7792121 148734315
148734307 -22.8478191 -43.7711696 148734306
148726096 -22.847767 -43.7721648 1419262114
148726090 -22.8477301 -43.7787806 148726089
148734315 -22.8476401 -43.7788473 148734314
148734308 -22.8476293 -43.7722854 148734307
148726091 -22.84752 -43.7782823 148726090
1419262114 -22.847421 -43.7755418 148726095
148734314 -22.8474195 -43.7783165 148734313
148726092 -22.8473745 -43.7777417 148726091
148726095 -22.8473594 -43.7760775 148726094
1419261663 -22.8473099 -43.7755173 148734308
148726093 -22.8473009 -43.7772401 148726092
148726094 -22.8472949 -43.7767598 148726093
148734313 -22.8472664 -43.7777694 148734312
1419261626 -22.8472546 -43.7760196 1419261663
148734312 -22.8471929 -43.7772515 148734310
148734310 -22.8471854 -43.7767402 1419261626
1419261864 -22.8435393 -43.7716868 1654983372
