1654984154 -22.8599087 -43.7577679 1654984099 1654984162
1655068531 -22.8598592 -43.7593232 1655068520 1655068552
1655068520 -22.8597429 -43.7590747 1655068531
1654984145 -22.8596952 -43.7566443 1654984124 1654984163
1655068513 -22.8595435 -43.7587203 3782775201
1655068507 -22.859343 -43.759821 1655068516
1654984124 -22.8592489 -43.756896 1654984113 1654984103 1654984145
1654984122 -22.8592305 -43.7546813 1654984100 1654984183
1654984121 -22.8592055 -43.7576711 1654984176 1654984110
1654984116 -22.858914 -43.7536595 1654984197 1654984108
1654984113 -22.8588228 -43.7571364 1654984091 1654984124
1654984110 -22.8588078 -43.757768 1654984097 1654984121
1654984108 -22.8587841 -43.7539061 1654984100 1654984116
1654984103 -22.858768 -43.7558902 1654984087 1654984096 1654984124 1654984163
1654984100 -22.8587517 -43.7542144 1654984122 1654984108
1654984099 -22.858751 -43.758345 1654984154 3782775199
3782775201 -22.8585318 -43.7599736 1655068454
1654984097 -22.8585237 -43.7579398 1654984110 1654984071
1654984096 -22.8584254 -43.7557338 1654984074 1654984103 1654984076
1654984091 -22.8582674 -43.7574512 1654984078 1654984113 1654984087
1654984087 -22.8581841 -43.7573936 1654984103 1654984074 1654984091
1654984078 -22.8581136 -43.7575988 1654984048 1654984091
1654984076 -22.858035 -43.7555557 1654984096 1654984050 1654984073
1654984073 -22.8578433 -43.7554682 1654984069 1654984076 1654984051
1654984074 -22.8578058 -43.7572412 1654984096 1654984087 1654984050
3782775199 -22.8577835 -43.758777 1654984099 3782775198 1654984054
1654984071 -22.857777 -43.7583186 1654984097 3782775198
1654984069 -22.8577438 -43.7556478 1654984046 1654984073
3782775198 -22.8576175 -43.7583919 1654984071 3782775199 1654984019
1654984054 -22.857561 -43.7588861 1654984080 1654984025 3782775199
1654984051 -22.8575544 -43.7553363 1654984038 1654984073
1654984050 -22.8574337 -43.7570614 1654984074 1654984012 1654984076
1654984048 -22.8574042 -43.7579917 1654984078 1654983978
1654984046 -22.8573664 -43.7558771 1654984044 1654984069 1654984008
1654984044 -22.8573133 -43.7559094 1654984046 1654984022
1654984019 -22.857179 -43.7585939 3782775198 1654984010
1654984038 -22.8570493 -43.7542277 1654983992 1654984051
1654984022 -22.8569882 -43.7561374 1654984044 1654984002 1654984009
1654984025 -22.8569738 -43.7591729 1654984067 1654984010 1654983984 1654984054
1654984012 -22.8568656 -43.756744 1654983879 1654984050
1654984009 -22.8568427 -43.7562395 1654983888 1654984022
1654984010 -22.8568184 -43.7588128 1654983996 1654984025 1654984019
1654984008 -22.8568181 -43.7547762 1654984046 1654983998 1654983972
1654984002 -22.8567897 -43.755754 1654983969 1654983917 1654984022
1654983998 -22.8567735 -43.7546529 1654984008 1654983965
1654983996 -22.8567404 -43.7588843 1654984010 3782775194
1654983992 -22.8566073 -43.7540159 1654984038 1654983883
3782775194 -22.8566018 -43.7590821 1654983996 1654983989
1654983993 -22.8565956 -43.7598915 1654983980 3782775195
1654983989 -22.8565401 -43.7592732 3782775194 1654983984
1654983980 -22.8565317 -43.7596902 3782775192 1654983993
1654983984 -22.8565286 -43.7594124 3782775192 1654984025 1654983989
1654983978 -22.8565241 -43.7584698 1654983964 1654984048
1654983972 -22.8565219 -43.754882 1654983969 1654984008
3782775192 -22.8565176 -43.7595548 1654983980 1654983984
1654983969 -22.8564975 -43.7550537 1654984002 1654983972
1654983965 -22.8564569 -43.7545516 1654983998 1654983912
1654983964 -22.8564048 -43.7586182 1654983824 1654983962 1654983978
1654983962 -22.8563499 -43.7587174 3782775184 1654983964
3782775184 -22.8562681 -43.7589659 1654983957 1654983962
1654983957 -22.8562239 -43.7592051 3782775184 3782775177 1654983955
1654983955 -22.8562077 -43.7598429 1654983957 1654983952
1654983952 -22.8562026 -43.7599972 1654983929 1654983812 1654983955
1654983927 -22.8561665 -43.7576919 1654983860
1654983917 -22.8557467 -43.7552783 1654983914 1654984002
1654983914 -22.8556574 -43.7551991 1654983912 1654983917
1654983912 -22.8556412 -43.7550229 1654983914 1654983965
3782775177 -22.8554386 -43.7588746 1654983957 1654983816
1654983888 -22.8553619 -43.7555543 1654983883 1654984009
1654983883 -22.8551875 -43.7548212 1654983879 1654983888 1654983992 1654983826
1654983879 -22.8546997 -43.7558423 1654983883 1654984012 1654983860 1654983823
1654983860 -22.8543049 -43.7567866 1654983824 1654983879 1654983927 1654983743
1654983826 -22.8541175 -43.75535 1654983883 1654983823
1654983823 -22.8540486 -43.755543 1654983879 1654983826
1654983824 -22.8540316 -43.7573931 1654983816 1654983860 1654983732 1654983964
1654983816 -22.853772 -43.7580296 1654983812 1654983824 3782775177 1654983698
1654983812 -22.8535105 -43.7586875 1654983816 1654983692 1654983784 1654983952
1654983784 -22.8532529 -43.7593324 1654983777 1654983812 1654983932 1654983664
1654983777 -22.8530631 -43.7599372 1654983769 1654983646 1654983784 1654983924
1654983743 -22.8523617 -43.7559032 1654983690 1654983732 1654983860
1654983732 -22.8521242 -43.7564765 1654983698 1654983824 1654983743
1654983698 -22.8518525 -43.7571324 1654983692 1654983816 1654983732 1654983491
1654983692 -22.8515927 -43.7577595 1654983698 1654983812 1654983664
1654983690 -22.8515691 -43.7554558 1654983743
1654983664 -22.8513342 -43.7583835 1654983646 1654983692 1654983784
1654983646 -22.8510787 -43.7590002 1654983777 1654983555 1654983631 1654983664
1654983631 -22.8508119 -43.7596445 1654983617 1654983646 1654983769
1654983555 -22.8484357 -43.7577095 1654983550 1654983646 1654983541
1654983550 -22.8479128 -43.7589842 1654983617 1654983525 1654983555 1654983509
1654983549 -22.8478374 -43.7530588 1654983536
1654983541 -22.847805 -43.7574014 1654983555 1654983520
1654983536 -22.8477157 -43.7533143 1654983532 1654983549
1654983532 -22.8475695 -43.7535433 1654983536 1654983517
1654983520 -22.8473179 -43.7576128 1654983511 1654983541
1654983517 -22.8472367 -43.7536049 1654983495 1654983532
1654983511 -22.8470257 -43.7583439 1654983509 1654983520
1654983509 -22.8469689 -43.7585025 1654983550 1654983511
1654983503 -22.8466117 -43.7521868 1654983495
1654983495 -22.8464713 -43.7535272 1654983503 1654983491 1654983448 1654983517
1654983491 -22.8463943 -43.7545583 1654983698 1654983495 1654983482
1654983482 -22.8462846 -43.7560278 1654983443 1654983479 1654983491
1654983479 -22.8461256 -43.758159 1654983482 1654983466 1654983441
1654983469 -22.8460029 -43.751165 1654983448
1654983448 -22.8458486 -43.753464 1654983429 1654983495 1654983443 1654983469
1654983443 -22.8456457 -43.7559744 1654983482 1654983403 1654983441 1654983448
1654983441 -22.8454671 -43.7580797 1654983395 1654983479 1654983432 1654983443
1654983439 -22.8454119 -43.7511686 1654983429
1654983429 -22.8451942 -43.7534271 1654983389 1654983403 1654983439 1654983448
1654983403 -22.8450333 -43.7558997 1654983355 1654983443 1654983395 1654983429
1654983395 -22.8448296 -43.7580322 1654983377 1654983392 1654983441 1654983403
1654983389 -22.8445985 -43.7533935 1654983429
1654983377 -22.8441972 -43.7579851 1654983350 1654983395 1654983375
1654983355 -22.8437705 -43.7557454 1654983350 1654983403
1654983350 -22.8435757 -43.7579388 1654983346 1654983355 1654983377
