1542875173 -22.9788099 -43.5965538 3082605685 1542875174
3082605685 -22.9786553 -43.5963902 3082605684 1542875173
3082605684 -22.9784798 -43.5961596 3082605685 3082605683
3082605683 -22.9782757 -43.5959912 3082605684 3082605682
3082605682 -22.9781042 -43.595867 3082605683 3082605681
3082605681 -22.9779491 -43.5958448 3082605682 3082605678
3082605680 -22.977647 -43.5976051 3082605679 3082605677
3082605679 -22.977643 -43.5979687 3082605676 3082605680
3082605678 -22.9776062 -43.5960798 3082605672 3082605675 3082605681
3082605677 -22.9775736 -43.5971307 3082605680 3082605673
3082605676 -22.9775409 -43.598319 3082605679 3082605671
3082605675 -22.9775246 -43.5961818 3082605674 3082605678
3082605674 -22.9774756 -43.596306 3082605673 3082605675
3082605673 -22.977447 -43.5965277 3082605674 3082605677 3082605669
3082605672 -22.9774429 -43.5961109 3082605678 3082605666
3082605671 -22.9773817 -43.5986293 3082605676 3082605644
3082605670 -22.9773695 -43.5955478 3082605667 3082605668
3082605669 -22.9773531 -43.596235 3082605673 3082605666
3082605668 -22.9773368 -43.5954502 3082605659 3082605670
3082605667 -22.9773246 -43.5956276 3082605670 3082605665
3082605666 -22.9772552 -43.5961064 3082605672 3082605669 3082605665
3082605665 -22.9770551 -43.5959512 3082605667 3082605664 3082605666
3082605664 -22.976836 -43.5961918 3082605656 3082605665 3082605660
3082605663 -22.9768265 -43.5975297 3082605658 3082605662
3082605662 -22.9767408 -43.5982347 3082605663 3082605661
3082605661 -22.9766837 -43.5983012 3082605657 3082605662
3082605660 -22.9766796 -43.5963636 3082605664 3082605654
3082605659 -22.9766673 -43.5948649 3082605650 3082605668
3082605658 -22.9766306 -43.5972593 3082605655 3082605663
3082605657 -22.9765979 -43.5983234 3082605661 1542413955
3082605656 -22.9765734 -43.5961862 3082605664 3082605653
3082605655 -22.9765489 -43.5969356 3082605658 3082605654
3082605654 -22.9765326 -43.5966341 3082605655 3082605660
3082605653 -22.9763897 -43.5961685 3082605651 3082605656
3082605652 -22.9763326 -43.5974011 3082604332
3082605651 -22.9761326 -43.5962084 3082605645 3082605653
3082605650 -22.9760428 -43.5940801 3082605659 3082605649
3082605649 -22.9759611 -43.5939338 3082605650 3082605648
3082605648 -22.9759489 -43.593752 3082605646 3082605649
3082605647 -22.9757465 -43.5939409 3082605638
3082605646 -22.9757284 -43.5929317 3082605643 3082605648
3082605645 -22.9756754 -43.5962616 3082605640 3082605651
3082605643 -22.9756427 -43.5928209 3082605646 3082605641
3082605641 -22.9755284 -43.5927544 1542414024 3082605643
3082605640 -22.9754304 -43.5962882 3082605635 3082605645
3082605639 -22.9752426 -43.5945014 3082605634
3082605638 -22.9750826 -43.5938406 3082605637 3082605647
3082605637 -22.9750076 -43.5938437 3082605636 3082605638
3082605636 -22.9749758 -43.593872 3082605637 3082605634
3082605635 -22.9749691 -43.5961907 1542414089 3082605640
3082605634 -22.9748864 -43.5944314 3082605636 3082605633 3082605639
1542413814 -22.9742574 -43.5907237 1542414024 1542413765
1542414024 -22.9739843 -43.5924604 3082605633 1542413814 3082605641
3082605633 -22.973765 -43.5942114 1542414089 1542414024 3082605634
1542414089 -22.9735462 -43.5959594 3082604332 3082605633 3082605635
3082604332 -22.9734324 -43.5968581 1542414089 3082605652 1542413955
1542413955 -22.9733289 -43.597676 3082604332 3082605657 3082604328
3082604331 -22.9732873 -43.5970464 3082604329 3082604330
3082604330 -22.9732628 -43.5969134 3082604331 3082604326
3082604329 -22.9732424 -43.5972548 3082604327 3082604331
3082604328 -22.973226 -43.5976406 3082604327 1542413955
3082604327 -22.9732097 -43.5975297 3082604328 3082604329
3082604326 -22.9732097 -43.5968026 3082604330 3082604325
3082604325 -22.9731321 -43.5967494 3082604326 3082604324
2251365472 -22.9721641 -43.5932618 2251365471
3082604324 -22.9718176 -43.5966562 3082604323 3082604325
1542414093 -22.9717513 -43.5963255 1542413770 3082604322
3082604323 -22.9717442 -43.5966296 3082604322 3082604324
3082604322 -22.9717278 -43.5965587 3082604323 1542414093
1542413770 -22.9715212 -43.596337 1542414093 1542413768
1542413768 -22.9705038 -43.5963241 1542413770 1542414118
1542414118 -22.9697531 -43.5962169 1542414014 1542413768
1542414014 -22.9695555 -43.5963241 1542414118 1542413726
1542413852 -22.9694962 -43.5906379 1542413812 1542414088
1542413812 -22.9693975 -43.5914747 1542413847 1542413852
1542413726 -22.9693579 -43.5966246 1542414014 1542414098
1542413847 -22.9692789 -43.5930626 1542414084 1542413812
1542414114 -22.9692196 -43.5960237 1542413869
1542413869 -22.9691999 -43.5957019 1542414084 1542414114
1542414084 -22.9691999 -43.5948006 1542413869 1542413847
1542414098 -22.96919 -43.597131 1542413726 1542414045
1542414045 -22.9690023 -43.5972683 1542413872 1542414098
1542413872 -22.9677774 -43.5971395 1542414054 1542414045
1542414054 -22.967165 -43.5969893 1542413872 1542414042
1542414042 -22.9669674 -43.5967748 1542414054 1542414096
1542414096 -22.9665723 -43.595895 1542414009 1542414042
1542414009 -22.9661376 -43.5953156 1542414096 1542413887
3660823496 -22.9659387 -43.5995693 1874867469
1542413887 -22.9659005 -43.5952298 1542414009 1542413710
1542413892 -22.9657425 -43.5907666 1542413848
1542413710 -22.9656042 -43.5952727 1542413887 1542413854
1542413854 -22.9650905 -43.595895 1542413710 1542413930
1542413848 -22.964972 -43.590552 1542413892 1542414126
3660823497 -22.9648568 -43.5988686 1874867475
1542413930 -22.9648139 -43.5959594 1542414001 1542413854
1874867475 -22.9646951 -43.5999948 3660823497 1874867210 1874944349 1874867384
3660823499 -22.9642181 -43.5995339 1874867384
1874867384 -22.9641716 -43.5998983 1874944340 3660823499 1874867475 1874867246
1542414001 -22.9640829 -43.5957448 1542413930 1542414074
1542414126 -22.9639051 -43.5901872 1542413848 1542413733
1542414074 -22.9637865 -43.5957877 1542414001 1542413744
3660823498 -22.9637032 -43.5992225 1874867246
1874867246 -22.9635991 -43.5998221 1874867379 1874867260 3660823498 1874867384
1874867372 -22.963283 -43.5979982 3660823504 3660823502
1542413733 -22.9632728 -43.59008 1542414126 1542413928
3660823504 -22.9632144 -43.5979059 1874867372 3660823505
3660823502 -22.9632046 -43.5985023 3660823500 1874867372 3660823503
3660823500 -22.9631168 -43.5990668 1874867379 3660823502 3660823501
1874867379 -22.9630158 -43.5997159 3233275981 1874867526 3660823500 1874867246
1542413928 -22.9627394 -43.5901014 1542413733 1542414021
1542413744 -22.9624332 -43.5960581 1542414074 1542413737
1874867526 -22.9624137 -43.5995861 1874867316 1874867379 1874867265
3660823501 -22.9623737 -43.5989818 3660823500
3660823505 -22.962328 -43.5977785 3660823504
1542414021 -22.9622356 -43.590243 1542413928 1542414017
3660823503 -22.9621521 -43.5983235 3660823502
1874867265 -22.9618896 -43.5995013 1874867381 1874867526 1874867468
1542414017 -22.9618108 -43.5907022 1542414021 1542413993
1542413993 -22.9616884 -43.5908698 1542414017 3613789373
3613789373 -22.9615649 -43.5911239 1542413782 1542413993
1542413782 -22.9614552 -43.5912601 3613789373 1542413783
1874867468 -22.961327 -43.5993715 1874867317 1874867265
1542413783 -22.9612242 -43.5913332 1542413782 1542414115
1874944371 -22.9606849 -43.5998328 1874867453
1542414115 -22.960367 -43.5915019 3613789372 1542413783
3613789372 -22.9601836 -43.5914572 1542414091 1542414115
1542414091 -22.9600301 -43.5913657 3613789372 3613789371
