1271289836 -22.9399827 -43.2457816 3458697617
2631388589 -22.9399801 -43.2426332 2631388590 2631388588
1659762573 -22.9399747 -43.2442732 1659762570 1659762583
2631388590 -22.9399215 -43.2426176 2631388591 2631388589
1659762583 -22.9399016 -43.2442488 1659762573 1659762466
2631388591 -22.9398861 -43.242608 2631388590 2631388592
2631388592 -22.9398481 -43.2425941 2631388591 2631388593
3458697617 -22.9398345 -43.2458734 1271289835 1271289836
2631388593 -22.9398208 -43.2425763 2631388592 2631388594
1659766790 -22.9398206 -43.2451412 1659762507 1789001205
1659751272 -22.939801 -43.2489548 1334341438 1659751199
1659751199 -22.9397926 -43.2490546 1659751272 1659751236
1334341438 -22.9397837 -43.2488258 1789001214 1659751272 1789001168
2631388594 -22.9397826 -43.2425487 2631388593 2631388595
1659751236 -22.9397676 -43.249164 1334341453 1659751199
2631388595 -22.9397352 -43.2425289 2631388594 2631388619
1334341453 -22.9397126 -43.2493202 1334341482 1659751236
2631388619 -22.9397063 -43.2425185 2631388595
1334341482 -22.9396681 -43.2494062 1334341453 1659751231
1659762466 -22.9396435 -43.2441465 1659762583 1659762578
1789001168 -22.93964 -43.2486236 3458696652 1334341438
1659751231 -22.9396205 -43.2494866 1659751196 1334341482 249090662
1659762578 -22.9395634 -43.244103 1659762466 1659762623
1659762507 -22.9395547 -43.2447344 1659762630 1659762621 1659766790
3458696652 -22.9395333 -43.2484723 1789001218 1789001168 1659751254
1659762623 -22.9395234 -43.2440654 1659762469 1659762578
767508647 -22.9395187 -43.2469561 767508650
1659762621 -22.9394995 -43.2446774 1659762507 1659762494
1659762630 -22.9394828 -43.2446861 1659762507 1659762579
1659751254 -22.9394613 -43.2484388 1659751215 3458696652
1659762500 -22.9394423 -43.244353 1659762496 1659762478
1659751196 -22.9394372 -43.249131 1659751235 1659751231
1659762478 -22.9394316 -43.244307 1659762551 1659762500
1659762496 -22.9394282 -43.2443856 1659762500 1659762558
1659762469 -22.939409 -43.2439653 1659762536 1659762623
1659762494 -22.9393979 -43.244616 1659762524 1659762621
1659762558 -22.939397 -43.2444091 1659762496 1659762479
1659762536 -22.9393767 -43.2439405 1659762469 2631388372
1659762579 -22.9393751 -43.2446427 1659762476 1659762630
1659751215 -22.9393719 -43.2484101 1659751260 1659751254
1659762479 -22.9393613 -43.2444142 1659762483 1659762558
2631388372 -22.9393432 -43.2439179 1659762536 1659762604
1659762483 -22.9393248 -43.2444053 1659762479 1659762629
1659751235 -22.9393181 -43.2489372 2124721997 1659751237 1659751196
1659762551 -22.9393163 -43.2440309 1659762503 1659762478
1789001218 -22.9393145 -43.248143 249090200 3458696652
1659762604 -22.939309 -43.2439026 2631388372 2631388370
1659762524 -22.9393058 -43.2445807 1659762464 1659762494
1659762503 -22.9392935 -43.2439843 1659762551 2631388368
1659751260 -22.9392916 -43.2483985 1659751215 1659751195
1659762629 -22.9392909 -43.2443763 1659762483 1659762613
2631388370 -22.9392861 -43.2439063 1659762604 1659762608
2631388368 -22.9392794 -43.2439529 1659762608 1659762503
1659762608 -22.9392761 -43.2439274 2631388370 2631388368
1659762613 -22.9392505 -43.2443322 1659762629 1659762475
1659762464 -22.9392483 -43.2445493 1659762472 1659762524
1659762475 -22.9392297 -43.244311 1659762613 1659762481
1659762481 -22.9392181 -43.2443019 1659762475 1659762540
1659762540 -22.9392026 -43.2443018 1659762471 1659762481
1659751195 -22.9392 -43.2483913 1659751260 1659751234
1659762472 -22.9391982 -43.2445119 1659762484 1659762464
1659762476 -22.9391958 -43.2445964 1659762465 1659762579
1659762471 -22.9391848 -43.2443047 1659762540 1659762520
1659762520 -22.9391732 -43.2443108 1659762471 1659762477
1659762484 -22.9391649 -43.2444594 1659762541 1659762472
1659762477 -22.9391568 -43.2443269 1659762520 1659762580
1659762541 -22.9391523 -43.2444144 1659762632 1659762484
1659762580 -22.939148 -43.2443505 1659762477 1659762632
1659762632 -22.9391476 -43.2443793 1659762541 1659762580
1659762465 -22.9391324 -43.2445729 1659762489 1659762476
249090200 -22.939121 -43.2478729 1659751252 1789001218
1659751234 -22.9391178 -43.248387 1659751195 1659751258
1659762489 -22.9390826 -43.2445287 1659762582 1659762465
1659751258 -22.9390567 -43.248395 1659751191 1659751234
1659762582 -22.9390439 -43.2444863 1659762489 2591442399
1659751252 -22.9390242 -43.2477268 249090200 767508654
1659751191 -22.9389602 -43.2484219 1659751258 1659751237
767508650 -22.9389601 -43.2474859 767508647 767508654
1659751237 -22.938934 -43.2484235 1659751235 1394278569 1659751194 1659751191
767508654 -22.9388827 -43.2475701 1659751252 767508650 249090199
2591442399 -22.938857 -43.2442765 2631388397 1659762582
1659751194 -22.9386923 -43.2480891 1659751219 1659751237
2631388397 -22.938669 -43.2440654 2631388404 2591442399
1394278586 -22.9386597 -43.2499835 2778260141 249090662
1659751173 -22.9385975 -43.2448264 1659751193 1659751157
1659751157 -22.9385975 -43.2447814 1659751172 1659751173
1659751193 -22.938583 -43.2448555 1659751181 1659751173
1659751172 -22.9385797 -43.2447465 1659751157 3407369904
2631388404 -22.9385006 -43.2438764 1659762487 2631388397
249090199 -22.9384918 -43.2471972 1271289835 767508654 1659768475
3407369904 -22.9384708 -43.2445882 1659751172 1659751156
1659751219 -22.9384678 -43.2477297 1659751210 1659751194
2778260141 -22.9384649 -43.2497976 2124721997 1394278586
2124721997 -22.9383848 -43.249681 2778260141 1659751235 1659751247
1659768475 -22.9383585 -43.2473469 249090199 1659768474
1659751247 -22.9383527 -43.2496324 2124721997 1659751180
1659751210 -22.9383444 -43.2475559 1659751155 1659751219
1659768474 -22.9382866 -43.2474175 1659751155 1659768475
1659751155 -22.938253 -43.2474531 1659751210 1659768474 1334341464
1659751180 -22.938224 -43.249465 1394278569 1659751247
1271289835 -22.9382029 -43.2468836 1789001188 249090199 3458697617
1659762487 -22.9381645 -43.2434991 1659762491 2631388404
1659751181 -22.9381603 -43.2451787 1659751193 1659751229
1659751229 -22.9381231 -43.2451892 1659751213 1659751181
1659751213 -22.9380882 -43.2451807 1659751233 1659751229
1659751233 -22.9380526 -43.2451637 1659751213 1659752723
1394278569 -22.9379575 -43.2490595 1659751180 1334341464 1659751237
1659751156 -22.9379418 -43.2439942 3407369904
1789001205 -22.9379038 -43.2463669 1659766790 1659766793
1789001188 -22.9378812 -43.2465468 1271289835 1659766793
1659766793 -22.9377826 -43.2464435 1789001188 1789001163 1789001205
1659762491 -22.9377753 -43.2432354 1659762487 1659762559
1659752723 -22.9377745 -43.2448632 1659751233 3407369903
1659762559 -22.9377137 -43.2432137 1659762491
1789001163 -22.9376851 -43.2463413 1394291931 1659766793
2778144311 -22.9376267 -43.2499699 2778144340 2778144309 2778144338
2778144309 -22.9375994 -43.2499363 2778144308 2778144311
2778144308 -22.9375576 -43.249871 2778144306 2778144309
2778144338 -22.9375139 -43.2498868 2778144337 2778144311
2778144306 -22.9375011 -43.2497425 2778144303 2778144308
3407369903 -22.9374528 -43.2445156 3407369900 3407369902 1659752723
2778144303 -22.9374465 -43.2496318 2778144301 2778144306
1334341464 -22.9374237 -43.2482588 1394278569 1334341474 1659751155
2778144301 -22.9374028 -43.2495527 2778144303 2778144300
1334341474 -22.937396 -43.2481923 1334341464 1659751248
1659751248 -22.9373709 -43.2481266 1334341474 1394278571
2778144337 -22.9373646 -43.2497781 2778144338 2778144335
2778144300 -22.9373354 -43.249444 2778144301 2778144298
2778144298 -22.9372917 -43.2493609 2778144296 2778144300
1394278571 -22.937278 -43.2478139 1659751248 1659751175
2778144335 -22.9372753 -43.2497208 2778144337 2778144333
2778144333 -22.9372444 -43.2497247 2778144335 2778144332
1659751175 -22.9372385 -43.2477264 1394278571 1334341465
2778144296 -22.9372335 -43.2493075 2778144294 2778144298
1394291931 -22.9372325 -43.2458674 3407369901 1789001163
2778144332 -22.9372098 -43.2497465 2778144333 2778144330
2778144294 -22.9371752 -43.249266 2778144292 2778144296
1334341465 -22.9371703 -43.2476422 1659751175 1334341468
2778144330 -22.9371643 -43.249782 2778144328 2778144332
3407369902 -22.9371247 -43.2448872 2985248742
2778144292 -22.9371169 -43.2492304 2778144294 2778144291
2778144328 -22.9371151 -43.2498117 2778144330 2778144327
2778144232 -22.9371024 -43.2487737 2124721987
2778144327 -22.9370896 -43.2498097 2778144328 2778144325
2778144325 -22.9370605 -43.2497563 2778144327 2778144323
2778144291 -22.9370532 -43.249179 2778144288 2778144292
3407369901 -22.9370325 -43.2456558 1789001219 1394291931 1659752723
2778144323 -22.9369986 -43.2496693 2778144325 2124721981
2124723622 -22.9369844 -43.2486211 2124721986 2124721987
2778144288 -22.9369822 -43.249092 2778144284 2778144291
2124721987 -22.9369769 -43.2485693 2778144232 2124721976 2124723622
2124721986 -22.9369674 -43.2486772 2124721984 2124723622
2124721981 -22.9369516 -43.2496284 2778144343 2778144318 2778144323
2778144284 -22.9369276 -43.2489991 2778144281 2778144288
2124721984 -22.9369211 -43.2486987 2124721972 2124721986
2124723620 -22.9369107 -43.2481151 2124721982 2124721980
2124721982 -22.93691 -43.2481552 2124723620 2124721979
2778144281 -22.9369075 -43.2489338 2778144284 2778144279
2778144318 -22.9368966 -43.2495804 2124721981 2124721977
2124721980 -22.9368847 -43.2480883 2124723620 2124721963
2778144279 -22.9368839 -43.2488567 2778144277 2778144281
2778144277 -22.9368529 -43.2487875 2778144274 2778144279
2124721979 -22.9368311 -43.248232 2124721982 2778144261
2124721976 -22.9368194 -43.2483129 2124721987 2778144233 2778144261
2778144274 -22.9368165 -43.2487342 2778144277 2778144271
2778144261 -22.9368147 -43.2482656 2124721976 2124721979
2124721977 -22.9368128 -43.2494835 2778144318 2124721971
1789001219 -22.9368088 -43.2454192 2985248742 3407369901
2778144233 -22.9367782 -43.2482458 2124721976 2778144237
2124721972 -22.9367764 -43.2486491 2778144264 2124721984
2778144271 -22.9367691 -43.2486986 2778144264 2778144274
2124721971 -22.9367425 -43.2494061 2124721977 2124721970
2124721970 -22.936726 -43.2493523 2124721971 2124721969
2124721969 -22.9367182 -43.2492601 2124721965 2124721970
2985248742 -22.936709 -43.2452985 1789001219 1789001200 1789001233
2778144237 -22.9367072 -43.2481746 2778144233 2778144240
1334341489 -22.9366872 -43.2462321 1394291931 1334341475
2124721965 -22.9366708 -43.2491889 2124721969 2124721962
1334341468 -22.9366523 -43.2470594 1334341465 1659751159
2778144240 -22.9366471 -43.248145 2778144237 2778144243
2778144264 -22.9366253 -43.2486096 2124721957 2124721972 2778144271
2778144343 -22.936618 -43.2497741 2778144358 2124721981
2124721963 -22.9366036 -43.2478297 2124721942 2124721980
2124721961 -22.9365943 -43.2499501 2124721966 2778144363
2124721962 -22.9365943 -43.2491177 2124721965 2778144319
1789001233 -22.9365934 -43.2454362 1334341466
3407369900 -22.93658 -43.2435726 3407369903 3407354664
2778144358 -22.9365725 -43.2497919 2778144351 2778144343
2778144363 -22.9365597 -43.249869 2124721961 2778144351
2778144243 -22.9365579 -43.2481094 2778144240 2778144245
1789001200 -22.9365539 -43.2451409 2985248742 1334341449
2778144319 -22.9365415 -43.2490881 2124721960 2124721962
3407354664 -22.9365212 -43.243509 3407369900 1659751214
2124721960 -22.9364978 -43.2490465 2778144319 2124721956
2778144245 -22.9364978 -43.2480936 2778144243 2778144247
2124721957 -22.9364942 -43.2485958 2124721948 2778144264
2778144351 -22.9364916 -43.2497849 2778144363 2778144344 2778144358 2778144354
1659751159 -22.9364907 -43.2469049 2124721954 1334341468
2778144321 -22.9364833 -43.2489437 2124721956 2124721955
2124721956 -22.936476 -43.2489932 2124721960 2778144321
2124721955 -22.936476 -43.2488805 2778144321 2124721947
2124721954 -22.9364728 -43.2468918 1659751159 2124721935 1392011495
2778144344 -22.9364705 -43.2497128 2778144351 2124721953
2124721953 -22.9364687 -43.2495982 2124721952 2778144344
2124721952 -22.9364469 -43.2494677 2778144350 2124721953
2778144247 -22.9364214 -43.2480857 2778144245 2778144250
2778144354 -22.9364195 -43.2497801 2778144351 2778144355
2778144350 -22.9364195 -43.2494064 2124721952 2124721945
2124721948 -22.9364104 -43.2486333 2124721957 2778144316
2124721947 -22.9363904 -43.2487935 2124721955 2124721944
2124721945 -22.9363777 -43.2493392 2778144350 2124721940
2778144316 -22.9363758 -43.2486808 2124721944 2124721948
2778144355 -22.9363613 -43.2497741 2778144357 2778144354
2778144250 -22.9363613 -43.2480857 2778144247 2778144253
2124721944 -22.9363485 -43.2487164 2778144314 2124721947 2124721941 2778144316
2778144253 -22.9363176 -43.2480936 2778144250 2778144255
2778144357 -22.9363103 -43.2497603 2778144355
2124721942 -22.936303 -43.2475755 2124721963 2124721932
2124721941 -22.9363027 -43.248828 2124721939 2124721944
2778144314 -22.9362921 -43.2487065 2124721944 2124721938
2124721940 -22.9362848 -43.2492462 2778144345 2124721945
2778144255 -22.9362702 -43.2481153 2778144253 2778144257
1392011495 -22.9362474 -43.2467268 2124721954 1334341488
2124721939 -22.93622 -43.2489501 2124721936 2124721941
2778144345 -22.9362138 -43.2492462 2778144347 2124721940
2124721938 -22.9361956 -43.2487045 2778144314 2124721933
1334341466 -22.936153 -43.245855 1334341475
2124721936 -22.9361519 -43.2490485 2124721934 2124721939
2124721935 -22.936124 -43.2471113 2124721930 2124721954
2124721932 -22.9361191 -43.247453 2124721942 2778144229
2778144347 -22.9361082 -43.2492561 2778144345 2778144348
2124721933 -22.9361082 -43.2487025 2124721929 2124721938
1334341488 -22.9361059 -43.2466372 1334341457 1334341489 1392011495
1334341475 -22.9361017 -43.2458941 3407369899 1334341481
2124721934 -22.9360863 -43.2490742 2124721936 2124721928
1659751214 -22.9360804 -43.2430328 1659751262 3407354664
2124721929 -22.9360117 -43.2486966 2124721925 2124721933
2124721930 -22.9359708 -43.2472002 2124721935 2124721926
2778144229 -22.9359625 -43.2474114 2124721932 2124721927
2124721928 -22.9359534 -43.2491078 2124721923 2124721934
2124721925 -22.9359225 -43.2487065 2124721929 2124721922
1334341457 -22.9359211 -43.2466244 1334341488 1334341460
2124721927 -22.9358888 -43.2474082 2778144224 2778144229
2124721926 -22.9358624 -43.247275 2124721930 2778144226
2124721923 -22.9358587 -43.2491217 2124721920 2124721928
3407369899 -22.9358516 -43.2457844 1334341470
2778144257 -22.9358514 -43.248315 2778144255
2124721922 -22.9358314 -43.2487519 2124721925 2124721917
2778144224 -22.9358223 -43.2474292 2778144222 2124721927
2778144348 -22.9358176 -43.2493185 2778144347
2778144226 -22.9358059 -43.2473225 2778144207 2124721926
2124721920 -22.9357895 -43.249096 2124721923 2124721918
2778144222 -22.9357768 -43.2474075 2778144224 2778144207
2778144207 -22.9357768 -43.247364 2778144222 2778144226
2124721918 -22.9357505 -43.2490552 2778260155 2124721920
2124721917 -22.9357273 -43.2488316 2124721922 2778260156
1334341449 -22.9357202 -43.2441801 1659751262 1789001200
2778260155 -22.9357195 -43.2489959 2124721916 2124721918
2778260156 -22.9357159 -43.2488832 2124721917 2124721916
2124721916 -22.935714 -43.2489213 2778260155 2778260156
1334341470 -22.9356251 -43.2456366 1334341484
3872227947 -22.9355637 -43.2452616 1394278577
1334341481 -22.9355398 -43.2462308 1334341460 1334341479
1659751176 -22.9355007 -43.2402557 1659751200
1334341460 -22.9354877 -43.246606 1334341457 1334341481 1334341479
1398089018 -22.9354658 -43.2467159 1334341460
1920634233 -22.9354477 -43.246805 1398089018
1334341484 -22.9354472 -43.2454381 1334341450
1334341463 -22.9354131 -43.2468947 1920634233
1659751262 -22.9353762 -43.2438048 249090197 1334341449
1659751268 -22.9353661 -43.241751 1659751216
1334341472 -22.9353277 -43.24699 1334341463
1659751216 -22.9352048 -43.2419063 1659751256 1659751268
1659751256 -22.9351193 -43.2419916 1659751214 1659751216 2983618979
1394278577 -22.9351051 -43.2445715 3872227947 1334341449
1334341450 -22.9350426 -43.2447713 815722023
1659751274 -22.935022 -43.2420635 1659751256
1334341479 -22.9350115 -43.2465663 1334341460 815722049
815722023 -22.934962 -43.2446625 1394278577 1334341469
1659751200 -22.9348518 -43.2406172 1659751264 1659751176
1334341469 -22.9348096 -43.2444456 816125739
1659751264 -22.934775 -43.2406186 1659751192 1659751200
1659751192 -22.9347247 -43.2405753 1659751197 1659751264
1398088997 -22.9347002 -43.2473735 1334341472
1394278595 -22.9346943 -43.2441347 1394278605
1392011496 -22.934658 -43.2458659 1334341479
816125739 -22.9346417 -43.2442747 1334341485 837056823
1334341476 -22.9345908 -43.2474094 1398088997
2983618979 -22.9345801 -43.2412921 1659751256
249090197 -22.9345591 -43.2429132 1659751262 1394278597 1659751239
1392011491 -22.9345567 -43.2457782 1392011496
1398089012 -22.9344789 -43.2474199 1334341476
1394278605 -22.9344688 -43.2439958 3872227948 1394278595
815722049 -22.934434 -43.2469183 1334341443
1398063759 -22.9344238 -43.2457249 1392011491
1334341485 -22.9344206 -43.2441106 3872227949
3872227948 -22.9343806 -43.2439335 1394278603 1394278605
1334341451 -22.9343273 -43.2474163 1398089012
1392011498 -22.934324 -43.2457232 1398063759
3872227949 -22.9342837 -43.2440222 1334341487
1394278603 -22.9342519 -43.2438426 1394278561 3872227948
1392011501 -22.9342193 -43.2457627 1392011498
1920634237 -22.9342121 -43.2473849 1334341451
1334341487 -22.9341825 -43.2439569 1394278579
1659751239 -22.9341564 -43.2425117 3407367740 249090197 1659751274
1334341455 -22.9341309 -43.2473387 1920634237
1398063763 -22.9340985 -43.2458563 1392011501
1394278561 -22.9340888 -43.2436661 1394278597 1394278603
1334341443 -22.9340867 -43.2471529 1920634238 1920634232
1920634230 -22.9340731 -43.2472754 1334341455
1920634232 -22.9340647 -43.2472242 1920634230
1394278579 -22.9340207 -43.2437981 2283565860
1392011490 -22.9340118 -43.2458818 1398063763
1920634238 -22.9340051 -43.2471676 1398089009
1392011485 -22.9339431 -43.2458721 1392011490
1394278597 -22.9339046 -43.2433627 1394278561 2283565860
1398089009 -22.9338868 -43.2471577 1920634239
1392011489 -22.9338566 -43.2458386 815722049 1392011485
1920634239 -22.9337964 -43.247151 1394272310
249089378 -22.9337914 -43.2402446 1393190195
2283565860 -22.9337867 -43.2434386 837056813 1393190197
1394272310 -22.9337149 -43.2471566 1334341441
1765523815 -22.9336758 -43.2485752 1765523775 1760376963
1765523775 -22.9336755 -43.2486185 1765523643 1765523815
837056843 -22.9336684 -43.2454857 815722023 837056839 1392011489
1760376963 -22.9336659 -43.2485458 1765523815 1765523568
1765523643 -22.9336638 -43.2486641 1765523402 1765523775
1394278599 -22.9336563 -43.2430122 1394278597
1334341441 -22.9336494 -43.2471848 1334341447
1765523568 -22.9336381 -43.2485152 1760376963 1765523696
1765523402 -22.9336354 -43.2486946 1765523707 1765523643
1765523696 -22.9336171 -43.2484986 1765523568 1394272305
1765523707 -22.9336012 -43.2487356 1765523402 1760376967
1334341447 -22.9335995 -43.2472316 1394272308
1393190197 -22.9335926 -43.2431404 1398089016
1394272308 -22.9335553 -43.2473157 1920634234
1760376967 -22.9335489 -43.2487832 1760376961 1765523707
1394272306 -22.9335353 -43.2476484 1394272311
1394272311 -22.9335303 -43.2478201 1394272307
1920634234 -22.9335277 -43.2474069 1334341462
1334341462 -22.9335192 -43.2475012 1394272306 1760376928
3407367740 -22.9334922 -43.241922 1398932721 1659751239
1398089008 -22.9334901 -43.2429323 1394278599
1394272307 -22.9334735 -43.2479864 1394272309
1398089016 -22.933452 -43.2430589 1334341442
837056823 -22.9334381 -43.2450558 837056843 816125739
1394272309 -22.933388 -43.2481382 1394272305
1394278554 -22.9333742 -43.2429076 1398089008
1760376961 -22.9333324 -43.2489369 1765523251 1760376967
1334341442 -22.9333258 -43.2430315 1334341459
1398932721 -22.9332902 -43.2417426 249090196 3407367740
1394272305 -22.9332885 -43.2482288 815722015 1765523696
1765523251 -22.933273 -43.2489614 1760376959 1760376961
249090196 -22.9331826 -43.2416427 1398932721 1784229858 1398932720
1760376959 -22.9331789 -43.2489782 1760376956 1765523251
815645016 -22.9331472 -43.2415571 249090196
1784229858 -22.9331157 -43.2416255 1784229868
837056855 -22.9331142 -43.2444502 837056823
1784229999 -22.9331111 -43.2414957 815645016
1760376956 -22.9330906 -43.2489836 1760376959 1765523821
1398088998 -22.9330652 -43.2414439 1784229999
1784229868 -22.9330643 -43.241598 1398932719
1398932720 -22.93305 -43.2417936 1394289656
3407367739 -22.933034 -43.2428477 3407367740 1394278554
1398932719 -22.9330109 -43.2415548 1784229833
1765523821 -22.9330049 -43.2490027 1765523262 1760376956
1334341459 -22.9329642 -43.2429838 1394278563
1765523262 -22.9329397 -43.2490202 1765523388 1765523821
1393190195 -22.9329106 -43.2408164 1393190180 1398662406
837056813 -22.9328841 -43.2440199 837056855
1765523388 -22.9328527 -43.2490658 1760376953 1765523262
1393190180 -22.9328358 -43.2409471 1784229876
1784229876 -22.9328152 -43.2409972 1393190193
815722015 -22.9328096 -43.2485163 1760376928 1398062959
1393190193 -22.9328005 -43.241051 1393190201
1760376953 -22.9327937 -43.2491079 1765523825 1765523388
1393190201 -22.9327911 -43.2412198 1398088998
1765523825 -22.9327341 -43.2491752 1765523374 1760376953
1398662417 -22.9327008 -43.2411484 1393190201
837056851 -22.9326964 -43.2436689 837056813 837056848
1765523317 -22.9326951 -43.2498302 1765523401 1765523268
1765523401 -22.9326931 -43.249684 1765523317 1760376931
1765523374 -22.9326903 -43.2492439 1765523500 1765523825
1765523268 -22.932676 -43.2499952 1760376951 1765523317
1398662406 -22.9326724 -43.2409693 1334341444
1765523500 -22.932663 -43.2493266 1765523368 1765523374
1765523368 -22.9326521 -43.2494079 1765523500 1760376931
1760376931 -22.9326511 -43.2494855 1765523401 1765523368
1394278563 -22.9325825 -43.2429256 1398089011 1398243766
1334341444 -22.9325695 -43.2410293 1398662417 249089120
1784229833 -22.9325691 -43.2411718 249089120
1760376928 -22.9325631 -43.2480663 1398062958 1760376912 1334341462
1398243766 -22.9324912 -43.2429436 1394278575
1784229899 -22.9324903 -43.2409355 1334341444
249089120 -22.9324856 -43.2410875 1784230000 1398662414
1784229945 -22.9324471 -43.2408765 1784229899
1394278575 -22.9324435 -43.2429818 1394278551
1393190199 -22.9324306 -43.2431686 837056851
1784230000 -22.9324294 -43.2410192 1784229891
1394278551 -22.9324206 -43.2430538 1393190199
2752814369 -22.9324171 -43.2498326 2752814366
1398662409 -22.9324113 -43.2407995 1784229945
1784229891 -22.9323852 -43.2409538 1398662411
1394289656 -22.9323717 -43.2425082 1394289664 815722062
1398062958 -22.9323508 -43.2476826 837056839
1394278601 -22.9323484 -43.2427271 3407367739
1784229830 -22.9323431 -43.2405993 1398662409
1398662414 -22.9323429 -43.2411828 1334341448
1394289664 -22.9323317 -43.2426117 1394289658
2752814371 -22.9323313 -43.2495546 2752814369
1394289658 -22.9323282 -43.2426672 1394278601
1398089011 -22.9323261 -43.2428905 1394278588
1398662411 -22.9323257 -43.2408486 1784229785
1398089010 -22.9323007 -43.2427322 1394278601
1394278588 -22.9322893 -43.2428746 1394278560
1398204372 -22.9322872 -43.2430296 1393190199
1394278609 -22.9322846 -43.2429717 1393190199
1784229828 -22.9322747 -43.2404475 1784229830
1394278560 -22.9322616 -43.2428553 1394289659
1394278573 -22.9322597 -43.2427577 1398089010
1394289659 -22.9322397 -43.2428028 1394278573
1784229989 -22.9322268 -43.2403551 1784229828
1784229785 -22.9321862 -43.2405127 1784229775
1394278567 -22.932179 -43.2429551 1398204372
1334341446 -22.9321603 -43.2428422 1394278609
2752814366 -22.9321161 -43.2499422 1760376921
1784229775 -22.932116 -43.2403527 1784229779
1784229893 -22.9320834 -43.2400417 1784229989
1760376921 -22.9320734 -43.2498038 2752814373 1760376915
1784229779 -22.93206 -43.2402088 1784229944
815722062 -22.9320564 -43.2427534 1334341446 1394278610
1394278584 -22.9320431 -43.2429012 1394278567
2752814373 -22.9320303 -43.2496641 2752814371
1784229944 -22.9319862 -43.2400219 1784229756
1334341448 -22.9319642 -43.2414281 815596860 1334341452
1394278610 -22.9319388 -43.2428205 1394278565
1435904906 -22.9319204 -43.242682 815722062
1394278593 -22.9319182 -43.2429063 1394278584
1394278565 -22.9318548 -43.242821 1398089007
837056839 -22.9318413 -43.2466482 1398217853 837056845
1398217853 -22.931813 -43.2465935 1398639453
837056848 -22.9317998 -43.2442237 837056803 837056836
1760376915 -22.9317887 -43.2499093 2752814375 1760376921
1394278556 -22.9317833 -43.2429449 1394278593
1398089007 -22.9317681 -43.2427969 1334341467
1435904908 -22.9317591 -43.2426246 1435904906
2752814375 -22.9317534 -43.2498013 1398062959
1393196015 -22.9317177 -43.2428744 1393190196
1393190196 -22.931697 -43.2428057 1334341467
1393190182 -22.9316915 -43.2429398 1393196015
1334341467 -22.9316348 -43.2427397 772815158
1334341452 -22.9316325 -43.2409571 1334341473
815722089 -22.9316317 -43.2430042 1394278556 1393190182
1765523778 -22.9316007 -43.2481289 1398062958
1398062959 -22.9315825 -43.249279 1760376912
1435904910 -22.9315642 -43.2425412 1435904908
1398639453 -22.9315583 -43.2461021 1398056520
1765523701 -22.9315437 -43.2481671 1765523778
1334341473 -22.9315174 -43.240863 1334341456
1398062960 -22.9315079 -43.2482127 1765523701
1765523580 -22.9314773 -43.2482777 1398062960
1765523404 -22.9314547 -43.2483553 1765523580
1765523283 -22.9314317 -43.2484811 1765523404
1765523433 -22.9314157 -43.2486005 1765523283
1398056520 -22.9314088 -43.2458138 837056837
1760376912 -22.931405 -43.2487507 1765523433 1760376928
1334341456 -22.9313682 -43.2408399 1398089014
837056837 -22.9312898 -43.2455843 837056855 837056836
837056803 -22.9312687 -43.2432353 815722089 837056848
1398089014 -22.9312177 -43.2408705 815596862
815722152 -22.9310627 -43.2422614 1435904910
837056836 -22.9308797 -43.244793 1488301688
815596860 -22.9308783 -43.2421314 815722152 772815158
3390273340 -22.9308386 -43.248897 2841036283 1765523315
2841036283 -22.930836 -43.2488183 3390273340 1765523596
1765523315 -22.9308265 -43.2490294 3390273340 1765523633
1765523596 -22.9308149 -43.2487502 1765523367 2841036283
1765523633 -22.9307839 -43.2497425 1765523288 1765523315
772815158 -22.9307552 -43.2422111 1392001316 248536014
1394293305 -22.9307081 -43.2419937 815596860
1392001316 -22.9306672 -43.2422681 837056785
1488301688 -22.9306582 -43.2443656 837056776
248536014 -22.9306545 -43.2421298 1334341480
1765523319 -22.930617 -43.2488402 1765523717
1765523367 -22.9306094 -43.2482449 3407458203 1765523596
837056776 -22.9305365 -43.2441309 837056804
837056845 -22.9305213 -43.2474612 837056839
837056804 -22.9303691 -43.243808 1784229943 837056803
1765523715 -22.9303381 -43.2496457 1765523502 1765523717
1765523502 -22.9303373 -43.2496813 1765523773 1765523715
1765523711 -22.9303307 -43.249998 1765523765 1765523628
1765523773 -22.9303236 -43.2497151 1765523524 1765523502
1765523524 -22.9302953 -43.2497412 3390273322 1765523773
1784229943 -22.930278 -43.2436519 837056785
3390273322 -22.930242 -43.2497486 1765523524 1765523288
1765523628 -22.9302174 -43.2499271 1765523587 1765523711
1765523288 -22.9302157 -43.2497558 3390273322 1765523633 1765523692
1765523587 -22.9301924 -43.249905 1765523572 1765523628
816125744 -22.930178 -43.2455316 837056783
1765523692 -22.9301728 -43.2497769 1765523302 1765523288
1765523572 -22.9301704 -43.2498842 1765523587 1765523574
1765523574 -22.930158 -43.2498574 1765523572 1765523302
1765523302 -22.9301555 -43.2498199 1765523574 1765523692
815596862 -22.9301232 -43.2413824 1394293305
1765523717 -22.9300411 -43.2489338 1765523319 1765523270 1765523715
3407458203 -22.9299836 -43.2481309 1765523270 1765523367
1389926120 -22.9297641 -43.2461038 1389913051 1389913064
1389913064 -22.9297604 -43.2462521 2841036282 1389926120
837056785 -22.9297477 -43.2428707 1393191241
1389913051 -22.9297239 -43.2459694 1389926120 1481916589
1765523270 -22.9296513 -43.2480778 1765523717 3407458203 3407458202
2841036282 -22.9296306 -43.2476378 1389913059 1389913064
3407458202 -22.929614 -43.2479997 1765523270 1765523776
1393191241 -22.9296113 -43.2429625 837056784
1389913059 -22.9296075 -43.2477899 2841036282 1765523776 3390273320
1765523776 -22.9296005 -43.2479254 3407458202 1389913059
3390273320 -22.9295621 -43.2479125 3390273319
1334341477 -22.9295544 -43.2408067 1334341437 815596862
3407458201 -22.9295508 -43.2478776 1389913059
3615156138 -22.9295374 -43.249997 3615154936 3615202993
3390273319 -22.9295291 -43.2479864 3390273318
1431514940 -22.9295142 -43.247911 3407458201
3390273318 -22.9294918 -43.2480508 3390273317
3390273317 -22.9294523 -43.2480723 3390273316
1765523396 -22.9294498 -43.2493457 1765523303 1765523632
1765523632 -22.9294474 -43.249379 1765523396 1765523336
3615203193 -22.9294413 -43.2496928 3615154936 3615154602
1765523336 -22.9294256 -43.2493998 1765523727 1765523632
3615154936 -22.9294105 -43.2497792 3615156138 3615203193
1431514938 -22.9294026 -43.2480192 1431514940
1765523727 -22.9293988 -43.2494152 1765523465 1765523336
3390273316 -22.929393 -43.248077 1431514941
1334341480 -22.9293929 -43.2408876 1334341477 772815156
1765523465 -22.9293717 -43.2494202 1765523624 1765523727
837056784 -22.9293597 -43.2431237 837056783
1765523624 -22.9293424 -43.2494171 1765523465 3615154934
1765523303 -22.929331 -43.2488672 1765523396 1765523296
1431514941 -22.9292897 -43.2480807 1431514938 2752814354
3615154602 -22.9292834 -43.2495486 3615154110 3615203193
3615154110 -22.9292778 -43.2494094 3615154935 3615154602
2752814354 -22.929215 -43.2480837 1431514941 3407458196
3615154935 -22.9291961 -43.2493788 3615154110 3615154934
3615154934 -22.9291799 -43.2493606 3615154935 1765523326 1765523624
1765523296 -22.9291526 -43.2483194 1765523303 1765523287
2026686142 -22.9291399 -43.2401882 1481790112 1481790113
1765523287 -22.9291297 -43.2482427 1765523296 1765523651
1765523651 -22.92909 -43.2481896 1765523287 1765523282
1389926079 -22.9290532 -43.2474052 1389926081 1389926080
1765523282 -22.929041 -43.2481821 1765523651 3407458195
837056783 -22.9289827 -43.2433755 816125744 1389913060
1389926080 -22.9289729 -43.2472633 1389926077 1389926079
1481790113 -22.9289547 -43.2402495 2026686142 1334341477
3407458200 -22.9289393 -43.2489562 1765523358 1765523630
1765523630 -22.9289328 -43.2488806 3407458200 1765523286
1765523358 -22.9289251 -43.2490929 1765523326 3407458200
1389926081 -22.9289181 -43.2474975 1389926078 1389926079
1389926077 -22.9289072 -43.2473054 1389926078 1389926076 1389926080
1765523326 -22.9288885 -43.2492593 1765523358 3615154934 3407458199
1765523286 -22.9288847 -43.2485657 1765523630
1389926078 -22.9288397 -43.2473558 1389926081 1389926077
3407458199 -22.9288199 -43.2495238 1765523326 1765523403
1765523403 -22.9287903 -43.2496842 3407458198 3407458199
3407458198 -22.9287721 -43.2497924 3407458197 1765523403
1397527286 -22.9287537 -43.2412081 1334341480
1398715828 -22.928753 -43.2421019 837056784
3407458197 -22.9287496 -43.2498595 3407458198 506864288
3407458196 -22.9287007 -43.2480949 2752814354 3407458194 506864293
1398715833 -22.9286961 -43.2420374 1398715828
1431514944 -22.9286755 -43.2498896 506864289 506864288
3407458195 -22.9286745 -43.2481872 1765523244 1765523282 3407458193
506864289 -22.928674 -43.2497222 1431514944 506864290
1397527287 -22.9286737 -43.2412483 1397527286
506864290 -22.9286622 -43.2495584 506864289 506864286
3407458194 -22.9286565 -43.2481083 3407457992 3407458196
3407458193 -22.9286529 -43.2481787 3407457991 3407458195
3407457992 -22.9286415 -43.2481257 3407458194 3407457990
3407457991 -22.9286411 -43.2481629 3407458193 3407457990
3407457990 -22.9286374 -43.2481436 3407457991 3407457992
506864286 -22.928608 -43.249177 1431514939 3407457986 506864290
1398715832 -22.9286066 -43.2420043 1398715833
1481916589 -22.9285426 -43.2437842 1389913051 1389913060
1398715831 -22.9285332 -43.2419971 1398715832
1431514939 -22.9284981 -43.2483197 506864286 3407457989
506864293 -22.9284974 -43.2480975 3407457988 3407458196 3390273315
1389913060 -22.928497 -43.2436999 1398827891 1398916812 1481916589
3407457989 -22.9284926 -43.248255 1431514939 1765523244
3407457988 -22.9284919 -43.2481322 1765523244 506864293
1765523244 -22.9284898 -43.2481923 3407457989 3407457988 3407458195
1398715829 -22.9284616 -43.2420107 1398715831
1398916812 -22.9284354 -43.2437411 1396106229
1398827891 -22.928424 -43.2435597 1398715827
3390273315 -22.9279332 -43.2481012 506864293
1396106229 -22.9279256 -43.2440815 1389926076
3407457986 -22.9279078 -43.2489063 3070961665
1398715827 -22.9278169 -43.2423936 1398715829 1473066858
1473066858 -22.9277352 -43.2422367 815722177 1473066868
1398827890 -22.927702 -43.2417354 1397527287
1398827899 -22.9276363 -43.2417985 1398827890
1396106226 -22.9276257 -43.245648 1396106224 1396106228
1396106224 -22.9276114 -43.2457169 1396106226 1396106227
1396106228 -22.9276042 -43.2455769 1396106233 1396106226
1398827886 -22.9275988 -43.2418572 1398827899
815722177 -22.9275788 -43.2419363 1398827889 1398827886
1396106227 -22.9275642 -43.2457625 1396106224
1398827889 -22.9275447 -43.2418457 815722179
815722179 -22.9275382 -43.2417536 1398829129
3070961665 -22.9274853 -43.2487556 3070961664
1389926076 -22.9273802 -43.2444458 1396106233 1389926077 1396106219
1473066868 -22.9271688 -43.2425999 1473066858 1396106229
1396106233 -22.927082 -43.2446449 249088864 1396106228
1481780068 -22.9267951 -43.2418685 1473066868
1396106219 -22.9267583 -43.2432095 1784229838
1396106222 -22.926743 -43.2417011 1481780068
1396106235 -22.9265249 -43.2401091 1396106222 1398829129
1784229838 -22.9265097 -43.2426837 1957498053
1957498053 -22.9264452 -43.2425273 633485329
506864326 -22.9264276 -43.2471354 1765523446 267094750
267094749 -22.9264145 -43.2468572 506864326
633485329 -22.9264058 -43.2423731 1784229835
3397753525 -22.9264002 -43.2467093 267094749
267094750 -22.9263971 -43.2473142 3397747440
1784229835 -22.9263805 -43.2422566 1391993055
267094748 -22.9263786 -43.2464858 3397753525
1473066886 -22.9263633 -43.2436156 1473066865
3397753524 -22.9263562 -43.2464005 267094748
1391993055 -22.9263489 -43.2421587 1784229865
1784229865 -22.9263035 -43.242084 1784229862
1765523294 -22.9262967 -43.2461738 3397753524
3397747440 -22.9262734 -43.2477467 3397747436
3070961664 -22.9262565 -43.2483726 267094752
1784229862 -22.9262507 -43.2420305 1784229800
3397747436 -22.9262142 -43.2479616 267094752
1473562121 -22.9261879 -43.240166 1396106235
267094752 -22.9261105 -43.2483571 506864306 1765523784
1398914009 -22.9260877 -43.2457322 1765523294
1765523784 -22.9260283 -43.248354 1765523300
1784229800 -22.9260049 -43.2418664 1784229863
506864306 -22.9259237 -43.2487274 1392002550 506864305
249088864 -22.9259026 -43.2453882 1398914009 1398914010
1784229863 -22.9258975 -43.2417429 1784229829
1784229829 -22.9258716 -43.2416943 1752004536
1752004536 -22.9258574 -43.2416345 1752004535
1398914010 -22.9257986 -43.2452223 1473066864
1765523300 -22.9257416 -43.2482832 1765523534
1752004535 -22.9257198 -43.2402545 1473562121
1765523759 -22.9256408 -43.2486534 506864306
1392002550 -22.9255675 -43.2494766 506864328 506864302
1473066865 -22.9255658 -43.2441508 1473066864 1473066886
1957498041 -22.9253981 -43.2432276 1957498038 633485331
1957498038 -22.9253949 -43.2432534 1957498048 1957498041
633485331 -22.9253927 -43.2431975 1957498043 1957498041
1957498048 -22.925381 -43.2432714 1957498038 1957498042
1957498043 -22.9253794 -43.2431746 633485331 1957498040
1957498042 -22.9253546 -43.2432945 1957498048 633485332
633485330 -22.9253283 -43.2428601 1957498049
1473066864 -22.925305 -43.2443256 476504079 1473066865
1957498049 -22.9252734 -43.2429214 633485330 1957498051
1957498040 -22.9252645 -43.2429772 1391993059 1957498043
1957498051 -22.9252625 -43.2429329 1957498049 1957498039
1391993059 -22.9252588 -43.2429639 1957498039 1957498040
1957498039 -22.9252582 -43.2429463 1957498051 1391993059
476504079 -22.9252121 -43.2441676 1473066887 1480615662
1765523330 -22.9251905 -43.2486053 1765523759
1473066887 -22.9251483 -43.2441661 1473066875
1473066875 -22.9250958 -43.2441759 1473066876
1480615662 -22.9250809 -43.2439445 1481791927
1473066876 -22.9250527 -43.2441984 1481784454
1481791927 -22.925052 -43.2438953 633485332
1765523534 -22.9250386 -43.2481329 1765523700
1765523309 -22.9249277 -43.2485734 1765523330
633485332 -22.9248778 -43.2435991 476504077 1957498042
1765523700 -22.9247893 -43.2481053 1765523322
476504077 -22.9246452 -43.2432037 1481791929
1481791929 -22.9246153 -43.2431529 249088861
1765523408 -22.9245551 -43.2485461 1765523309
1765523322 -22.9245144 -43.2480831 1765523370
2026696406 -22.9244924 -43.2404291 1752004535
506864328 -22.9243939 -43.2496979 456681498
249088861 -22.9243235 -43.2426567 1473066880
1494772411 -22.9242612 -43.2404604 2026696406
1473066880 -22.9242457 -43.2424864 1473066879
1765523272 -22.9242417 -43.2485674 1765523408
1481784452 -22.9242029 -43.2464996 249088864
1473066879 -22.9241756 -43.2422597 248973697
1494772414 -22.9241376 -43.2401336 1473562080
633485314 -22.9241369 -43.2401834 1494772414 1494772416
249087265 -22.9241324 -43.2404804 633485314 1494772411
1496797369 -22.9241318 -43.2408727 249087265
248973697 -22.9241307 -43.2420106 2880967291 1481791928
1481791928 -22.9241306 -43.2416471 1496797369
1481784450 -22.9241302 -43.2465453 1481784452 1481784453
1496797370 -22.9241083 -43.2409513 1496797369
1481784453 -22.9240868 -43.2464692 1481784454
2880967291 -22.924082 -43.2420089 2880967290
1496797367 -22.9240813 -43.2410002 1496797370
1494772416 -22.9240507 -43.2402442 633485313
1496797368 -22.9240433 -43.241046 1496797367
2880967290 -22.9240425 -43.242032 2016622140
1765523563 -22.9236659 -43.2486175 1765523395 1765523272
1765523370 -22.9235513 -43.2481633 1765523446 1765523563
1765523395 -22.923548 -43.2486318 1765523563
456681498 -22.9234943 -43.2499125 1977133108 267094738
1765523446 -22.9234464 -43.2478749 506864311 1765523370
1481784454 -22.9233953 -43.2452569 476504080 1481784456
267094738 -22.9233523 -43.2499585 506864321 2752692848
3408077711 -22.9232528 -43.2494526 456681498
3408077710 -22.9232258 -43.2494011 3408077711
633485313 -22.9231926 -43.2408409 1989459814
3408077708 -22.923116 -43.2491921 3408077710
1481784456 -22.92292 -43.2444237 476504077
633485320 -22.9228599 -43.2402392 633485313 1989459806
506864311 -22.9225443 -43.2481034 3408077708
1413901451 -22.9224803 -43.2475826 1481784450
1413901449 -22.9224389 -43.247887 506864311
456681499 -22.9223351 -43.2476739 1413901449 1413901451
506864321 -22.9222343 -43.2477386 456681499 1413901447
2016622140 -22.9221982 -43.2437583 1113005438 2016622143
1413901447 -22.9221796 -43.2476336 2283565788
1989459814 -22.9219008 -43.2417747 634187801 1989459806
1615678343 -22.9218285 -43.2402911 1989459812
1989459812 -22.9217881 -43.2402168 1989459805 1615678343
476504080 -22.9216633 -43.2463631 456681499
2283565788 -22.9215347 -43.2464548 1398803410 496330774
496330776 -22.9215236 -43.2482053 506864321 496330774
1989459806 -22.9215143 -43.2410925 1989459814 633485320 1989459815
2016622143 -22.9215119 -43.2428824 1496797368 2016622140
496330767 -22.921427 -43.2482686 496330776 2752630771
2203497307 -22.9213606 -43.2483591 496330767
2203497287 -22.9213388 -43.2484169 2203497307
2203497292 -22.9213308 -43.248488 2203497287
2752630776 -22.9212949 -43.2494403 2203497292
476504078 -22.9212901 -43.2456384 1481784456 476504080
1398803410 -22.9211654 -43.2457136 476504078 506864319
1113005438 -22.9211509 -43.2447512 476504055 2583518001
2583518001 -22.9211107 -43.2446967 1113005438 1113005571
476504055 -22.9209528 -43.2449379 476504078
2752630771 -22.9208284 -43.2486931 496330767
496330774 -22.9208056 -43.246897 496330772 2283565788 496330783
267094483 -22.9207746 -43.2445802 476504055
506864319 -22.9206978 -43.2447799 3163183213
2752630774 -22.9206327 -43.2491019 2752630775 2752630773
2752630775 -22.9206302 -43.2491636 2752630774 2752630777
2752630777 -22.9206097 -43.2492233 2752630775 2752630778
1113005571 -22.9205585 -43.2439473 1113005495 2583518001
2752630778 -22.9205568 -43.2492808 2752630779 2752630777
634187801 -22.9205497 -43.2427483 633485312
2752630773 -22.9205338 -43.24889 2752630774 2752630772
496330772 -22.9205259 -43.2464445 496330774
2752630779 -22.9205039 -43.2492984 2752630778 2752630780
1415472581 -22.9204876 -43.2436107 2016622143
2752630780 -22.9204469 -43.2492322 2752630779 2752630781
2752630772 -22.9204449 -43.2487076 496330781 2752630773
3163183216 -22.9204137 -43.2436487 1415472581
496330781 -22.920398 -43.248603 2752630772 496330783
496330783 -22.9203932 -43.2471275 496330781 496330930 496330774
2752630781 -22.9203778 -43.2491438 2752630782 2752630780
1113005495 -22.9203691 -43.2440699 1113005571 267094483
2752630782 -22.9203371 -43.2490864 2752630783 2752630781
1415472582 -22.9203371 -43.2436635 3163183216
1415472585 -22.9202903 -43.2436613 1415472582
2752630783 -22.9202557 -43.2490201 2752630782 2752630784
2880967289 -22.9202198 -43.2438191 1113005495
1415472583 -22.9201995 -43.2436414 1415472585
3163183215 -22.9201951 -43.2437761 2880967289
633485334 -22.9201069 -43.243593 1415472583 1415472584 3163183215
1415472584 -22.9200961 -43.2436576 1415472588
1415472588 -22.9200669 -43.243711 1415472587
1415472587 -22.920023 -43.2437437 1415472586
2752630784 -22.9200185 -43.2489806 2752630783 3631507514
3163183213 -22.9200016 -43.2438727 3163183214
