1794721881 -22.9794228 -43.4082691 583011666
1794721864 -22.9788473 -43.4078804 1794721881
615277780 -22.978572 -43.4076709 1794721864
3295728112 -22.9785136 -43.4078262 615275178
3295728108 -22.9784014 -43.4075442 615277780
615275178 -22.9783281 -43.4076782 1773037781
1794721833 -22.9781962 -43.4073676 3295728108
615277782 -22.9778217 -43.4069708 1794721833
615277783 -22.9774554 -43.4065402 615277782
1773037781 -22.9773576 -43.4069633 3077671144
3077671144 -22.9757781 -43.4057209 1759975625
1759975625 -22.9756375 -43.4056077 1759975628 2218723277
1759975628 -22.9755248 -43.4055771 3014510442
3014510442 -22.9754107 -43.4055599 3077671141
615277785 -22.9753219 -43.404845 615277783
3077671141 -22.9753155 -43.4055592 1759975630
3077671139 -22.9752044 -43.4052327 2218723277
2655906440 -22.9752016 -43.4023134 2679577945
2218723277 -22.9751999 -43.4051791 347301430
3077671140 -22.9751985 -43.4052906 3077671139
3077671138 -22.9751718 -43.4053758 3077671140
1759975630 -22.9751668 -43.4055953 3077671137
3077671137 -22.9750889 -43.4056268 1759975639
2679577945 -22.9750692 -43.4022831 2655906439 2655906440
1759975639 -22.9749893 -43.4056865 3077671138 3798920570
2655906439 -22.9749649 -43.4022593 2679577943 2679577945
2679577943 -22.9747102 -43.4021752 1012996878 2655906439
3662049059 -22.974661 -43.4043011 615277785
1012996878 -22.9746075 -43.4021413 2655906436 2679577943
3662049060 -22.9745328 -43.4041955 3662049059
347301430 -22.9745063 -43.4044788 3662049061
2655906436 -22.9744626 -43.4020315 1012996878 2655906435
2639223307 -22.9744221 -43.402367 1012996878 2639223306
3662049061 -22.9743648 -43.4043395 3641367420
3798920570 -22.9743326 -43.4066438 3798056188 1759975639
2655906435 -22.9743128 -43.4018713 1012997396 2655906436
2639223299 -22.9743038 -43.4025571 2639223307
2639223306 -22.9742878 -43.4022917 2639223305 2639223307
2639223303 -22.9742569 -43.4031471 2639223300
3077671133 -22.9742553 -43.4027262 2639223299
2639223300 -22.974244 -43.4029486 3077671133
3077671132 -22.9742361 -43.4033341 2639223303
1012997396 -22.9742317 -43.401748 2639223305 2655906434 2655906435
2639223304 -22.9742003 -43.4034919 3077671132
2655906434 -22.9741758 -43.4016187 1012997396 2655906424
2658100259 -22.9740575 -43.4038472 3662049060
2655906424 -22.9740209 -43.4012465 2655906434
2639223305 -22.9739882 -43.4021722 1012997396 2639223296 2639223306
3641367420 -22.973762 -43.4038286 2218726174
2691364666 -22.9737601 -43.4016087 2655906419
2655906431 -22.9737257 -43.400374 2655906430
2655906419 -22.9737023 -43.4017054 2691364666 2655906418
2639223296 -22.973696 -43.4027215 2639223305 2639223293
3077166310 -22.9736459 -43.4035521 2658100259
2655906418 -22.9735429 -43.4019897 3077166309 2655906419
3798056188 -22.9735298 -43.4078142 1759975611 3798920570
2639223293 -22.9734761 -43.4030756 2639223296
615277793 -22.973444 -43.4033812 3077166310
3077166309 -22.9733483 -43.4023131 2655906417 2655906418
2218726174 -22.97331 -43.4034005 3641367419
2655906417 -22.973231 -43.402605 3077166309
3443033475 -22.9732204 -43.409779 2218717614 2218717637
3077166305 -22.9732029 -43.4031327 615277793
3760331611 -22.9731993 -43.4035551 3760331612
1759975611 -22.9731932 -43.4082693 3760331615 3798056188
2218724123 -22.973175 -43.4038575 3760331611
3760331612 -22.9731696 -43.4032694 3641367419
3641367419 -22.9731636 -43.4032165 3641367418
3014510438 -22.9731235 -43.4030294 3077166305
3760331615 -22.9731098 -43.4084034 3760331614 3077671105 1759975611
2218717637 -22.9731021 -43.4093598 3443033475 3077671105
3641367418 -22.9730648 -43.4030608 3641367416
615277796 -22.9730594 -43.4029138 3014510438
3641367417 -22.9730125 -43.4027727 615277796
3641367416 -22.9730001 -43.4029357 3641367413
3760331614 -22.9729816 -43.4083997 3760331613
3641367415 -22.9729796 -43.4025497 3641367417
3641367414 -22.9729757 -43.4022762 3641367415
3077671105 -22.9729628 -43.4086398 3760331615 3760331613 2218717637
3641367413 -22.9729428 -43.4027474 3641367412
3641367412 -22.9729118 -43.4025665 2218752871
3760331613 -22.9729099 -43.4083428 2218726868
2218752871 -22.9728946 -43.4022678 2660452056
2660452056 -22.9728334 -43.4003513 615280724
2218724125 -22.9727077 -43.406466 2218724123
2218726868 -22.9726987 -43.4071565 2218726859
2218724124 -22.9726864 -43.4067042 2218724125
2218726859 -22.972678 -43.4069041 2218724124
3077166296 -22.9723926 -43.4064004 3077166297 3077166294
3077166297 -22.9723886 -43.4065042 3077166295 3077166296
3077166295 -22.9723647 -43.4065994 3077166297 3077166292
3077166294 -22.9723567 -43.4063052 3077166296 1773037693
3077166292 -22.9723109 -43.4066577 3077166291 3077166295
1773037693 -22.9722831 -43.4062495 3077166294 1773037633
3077166291 -22.9721895 -43.4067226 1773037666 3077166292
1773037669 -22.9718014 -43.4085009 1773037664
1773037666 -22.9717584 -43.4067872 3077166291 1773037624 3077166290
1773037664 -22.9717092 -43.4089184 1773037657 1773037669
1773037657 -22.9716942 -43.4091561 1773037664 1773037671
3077166290 -22.9714866 -43.4080094 1773037666 3077166289
3077166289 -22.9713592 -43.4083251 1773037654 3077166290
1773037633 -22.9713433 -43.4059888 3077166287 1773037624 1773037693
1773037654 -22.971271 -43.4087083 1773037621 3077166289
1773037624 -22.9711519 -43.4067204 1773037617 1773037666 1773037633
1773037621 -22.9711373 -43.4090234 1773037654 3077166288 1773037554
3077166288 -22.970961 -43.4094583 1773037621 1773037605
3077166287 -22.9707121 -43.405743 1773037633 1773037598
1773037617 -22.9707042 -43.4065752 1773037601 1773037624
3077166284 -22.9705807 -43.4011561 3077166280 3077166283
3077166283 -22.9705807 -43.401076 3077166284 3077166282
3077166282 -22.9705249 -43.4010349 3077166283 3077166277
3077166280 -22.9703995 -43.4013074 3077166276 3077166284
1773037598 -22.970314 -43.4055038 3077166287 1773037571 3077166270
3077166277 -22.9702539 -43.4010103 3077166282
1773037601 -22.9702315 -43.4063746 1773037617 1773037571 1773037554
3077166276 -22.9702282 -43.4013983 3077166280 3077166275
3077166274 -22.9700112 -43.4007387 3077166260
3077166275 -22.9700012 -43.4014783 3077166269 3077166276
3077166273 -22.9699831 -43.401019 1773037452
1773037571 -22.969928 -43.4061909 3077166265 1773037601 1773037598
3077166270 -22.9698778 -43.4051526 3077166268 1773037598
3077166269 -22.9697424 -43.4015086 3077166267 3077166275
3077166268 -22.9696209 -43.4048347 3077166270 1773037543
3077166267 -22.9695711 -43.4015734 3077166263 3077166269
3077166265 -22.9695015 -43.4058619 3077166261 1773037571
1773037554 -22.969493 -43.4082459 3077166264 1773037621 1773037601 1773037487
3077166263 -22.9694019 -43.4016989 3077166262 3077166267
3077166264 -22.969388 -43.4087252 1773037554 1773037508
1773037543 -22.9692283 -43.4042287 3077166268 1773037496
3077166262 -22.9692147 -43.401967 3077166258 3077166263
3077166261 -22.969145 -43.4054705 1773037502 3077166265
3077166260 -22.9690992 -43.4007538 3077166274 1773037447
3077166258 -22.9690077 -43.402432 1773037496 3077166262
1773037502 -22.9687759 -43.4048817 1773037474 3077166261 1773037480
1773037496 -22.9685184 -43.4028873 1773037469 1773037474 3077166258 1773037543
1773037487 -22.9681092 -43.4075948 3077166233 1773037554
1773037480 -22.967985 -43.4054621 1773037502 3077166025
1773037474 -22.9679597 -43.4033524 1773037502 3077166028 1773037445 1773037496
3077166233 -22.9679265 -43.4074428 1773037471 1773037487
3077166028 -22.967813 -43.4034095 1773037465 1773037474
1773037471 -22.9677707 -43.4072303 3077166233 3077166022
3077166025 -22.9677552 -43.4057321 1773037462 1773037480
1773037469 -22.9676704 -43.4013225 1773037445 1773037496 1773037452
1773037462 -22.9676411 -43.405971 3077166025 3077166015
3077166022 -22.9676377 -43.4069865 1773037450 1773037471
1773037465 -22.9676274 -43.4034378 3077166028 1773037432
3077166015 -22.967566 -43.4062187 1773037462 3077166012
1773037450 -22.9675447 -43.4067112 3077166012 3077166022
3077166012 -22.9675302 -43.4064739 1773037450 3077166015
1773037452 -22.9674185 -43.4010482 3077166273 1773037469 3077166006
3077166006 -22.967341 -43.400983 1773037447 3077165994 1773037452
1773037447 -22.9673356 -43.4007484 3077166006 1773037429 3077166260
3077166007 -22.9673291 -43.4093199 3077165971
1773037432 -22.9671424 -43.4034263 3077165992 1773037465
1773037445 -22.9671023 -43.4018018 3077165990 1773037469 1773037474
3077165994 -22.9669707 -43.4010869 3077165990 3077166006
3077165992 -22.9668492 -43.4033792 3077165977 1773037432
3077165990 -22.9667716 -43.4011993 1773037418 3077165994 1773037445
1773037429 -22.9667336 -43.4004852 1773037447 3077165716
1773037418 -22.9664582 -43.4008443 3077165990 1773037368
3077165977 -22.9660567 -43.4031738 3077165973 3077165992
3077165973 -22.9658417 -43.4030981 3077165970 3077165977
3077165971 -22.9657269 -43.4097407 453543705 3077166007
3077165970 -22.9657162 -43.4029618 3077165963 3077165973
3077165963 -22.9656027 -43.4029554 3077165949 3077165970
1773068554 -22.9654688 -43.4089362 1773068553 3158712961
3443027589 -22.9654667 -43.4084882 3077165971
3077165949 -22.9654494 -43.4030116 3077165963 1773037380
3077165946 -22.9654295 -43.4050855 3077165729 3077165945
3077165945 -22.9654295 -43.4048628 3077165946 3077165938
3158712961 -22.9654232 -43.408735 453543670
3443027590 -22.9653338 -43.4079939 3443027589
453543670 -22.9652977 -43.4081806 453543671
3077165938 -22.9652936 -43.4043891 3077165723 3077165945
453543706 -22.9652392 -43.4076558 3443027590
453543671 -22.9651339 -43.4075598 453543672
3077165729 -22.9651324 -43.4067732 3077165946 3443027551
3443027551 -22.965121 -43.4068213 3443027552 3077165729
453543707 -22.9650935 -43.4072206 453543706
3077165725 -22.965089 -43.407073 453543707
3443027552 -22.9650861 -43.4069845 3077165725
3443027557 -22.9650841 -43.4068621 3443027551
3077165723 -22.9650771 -43.4039458 3077165717 3077165938
3443027554 -22.9650713 -43.406935 3443027552
1773037380 -22.9650586 -43.4029345 3077165715 3077165949 3077165717
3443027555 -22.9650559 -43.4068789 3443027557
3443027556 -22.9650532 -43.4069044 3443027554
3443027553 -22.9650318 -43.4068847 3443027555 3443027556
3077165717 -22.9650193 -43.4037058 1773037380 3077165723
453543672 -22.9650173 -43.4072333 453543673
3443027564 -22.9650009 -43.4068862 3443027553
3443027563 -22.9649957 -43.4070092 453543707
3077165715 -22.9649934 -43.4025401 3077165711 1773037380
453543708 -22.9649412 -43.4068913 3443027564 3443027563
1773068553 -22.9648995 -43.4091302 1773068552 1773068554
3077165711 -22.9648779 -43.4022287 3077165708 3077165715
453543673 -22.9648629 -43.406907 3443027559 453543708 3443027558
3077165708 -22.9647764 -43.4020254 3077165711 3077165705
1773068552 -22.9647718 -43.4092104 1773068551 1773068553
3077165709 -22.9647533 -43.4065619 453543708
3443027562 -22.9647479 -43.4067499 3443027558
3443027558 -22.9647473 -43.406712 3077165706
3443027561 -22.9647367 -43.4067918 3443027562
453543709 -22.9647245 -43.4065174 3077165709
3443027560 -22.9647185 -43.4068195 3443027561
3443027559 -22.9646894 -43.4068353 3443027560 453543673 1773068546
3077165705 -22.9646748 -43.4018978 3077165708 3077165676 3077165704
3077165706 -22.9646708 -43.4065779 453543674
3077165704 -22.9646689 -43.4018027 3077165684 3077165705
453543674 -22.96465 -43.4065393 453543675
1773037368 -22.9646229 -43.4000694 1773037418
1773068551 -22.9645219 -43.4094274 3077165688 1773068552
453543710 -22.9644777 -43.4061328 453543709
3077165688 -22.9643722 -43.4095903 1773068551 3077165680
3077165684 -22.9642746 -43.4008403 3077165652 3077165683 3077165704
3077165682 -22.9642547 -43.4005548 3077165689 3077165683
3077165683 -22.9642507 -43.4006738 3077165682 3077165684
3077165680 -22.9642129 -43.4097308 1773068550 3077165688
1773068550 -22.9640777 -43.4097908 3077165675 3077165680
453543675 -22.9639863 -43.4054992 453543676
3077165676 -22.9639819 -43.4031781 3077165670 3077165705
453543711 -22.9639761 -43.4053305 453543710
3077165675 -22.963954 -43.4098087 1773068550 1773068549
453543712 -22.9638634 -43.4051201 453543711
453543676 -22.9637986 -43.405197 1773068548
1773068549 -22.9637972 -43.4098147 3158704460 3077165675
453543713 -22.9637586 -43.4048625 453543712
1773068548 -22.9636885 -43.4050038 453543677
3077165670 -22.9636792 -43.4036387 3077165676 3077165668
453543714 -22.9636692 -43.4045468 453543713
453543677 -22.9636025 -43.4047757 453543678
3839712460 -22.9635571 -43.4040883 453543714
3077165668 -22.9634872 -43.4038022 3839712460 3077165670
453543678 -22.9634855 -43.4043187 934566982
1773068547 -22.9634693 -43.4085559 1773068546
3077165666 -22.9634024 -43.4035847 3077165668
453543715 -22.963356 -43.4032594 3077165664 3077165668
3077165665 -22.9633407 -43.4034933 3077165666
3077165664 -22.9633407 -43.4033295 934566982
3077165663 -22.9633365 -43.4031875 453543715
3077165662 -22.9633252 -43.4031447 3077165663
3839712453 -22.9633168 -43.4034703 3077165665
934566982 -22.9632739 -43.403456 3077165656 3077165661 3839712453
1773068546 -22.9632567 -43.4065882 3443027559 3443027588 1773068547
3077165661 -22.9632112 -43.4031768 3077165660
3077165660 -22.9631999 -43.4031279 3839712446
3077165656 -22.9631056 -43.403553 934566982 3077165655
3077165655 -22.9630662 -43.4035836 3077165656 934566983
3158704460 -22.9630281 -43.409711 1773068538 1773068549
1773068545 -22.9629248 -43.4088647 3077165653 1773068541
3077165653 -22.9628867 -43.4089025 1773068545 1773068544
3077165652 -22.9628766 -43.4012032 3077165684 3077165662
3443027588 -22.9628489 -43.4065368 1773068542 1773068546
1773068544 -22.9628481 -43.4088916 1773068537 3077165653
3839712446 -22.962821 -43.4015634 3077165642
1773068542 -22.9627779 -43.4065585 3443027588 1773068540
1773068540 -22.9627415 -43.4066139 1773068542 1773068539
1773068539 -22.9627251 -43.4066811 1773068540 1773068541
1773068541 -22.9627233 -43.4069006 1773068537 1773068545 1773068539
3077165649 -22.9626905 -43.4004492 3077165650 3077165652
3077165650 -22.9626818 -43.4005154 3077165648
3077165648 -22.9626617 -43.4005391 3077165647
3077165647 -22.9626271 -43.400545 3077165644
3077165644 -22.9625926 -43.4005332 3077165642
1773068538 -22.9625628 -43.4096675 3158704460
3077165642 -22.9625595 -43.4004836 3443073446
1773068537 -22.9622765 -43.4077538 1773068541 1773068544
934566983 -22.9620374 -43.4044451 3077165655 934566984
934566984 -22.9615985 -43.4048756 3077165518 934566983
3077165518 -22.9613765 -43.4050654 934566984 3077165516
3077165516 -22.9612315 -43.4051602 3077165518 3077165513
3077165513 -22.9610611 -43.4052305 934566985 3077165516
934566985 -22.9609175 -43.4052664 3077165513 934566986
934566986 -22.9607292 -43.4052881 934566985 934566987
934566987 -22.9604907 -43.4052681 934566986 3158712962
3158712962 -22.9602036 -43.4052012 934566988 934566987
