560439720 -22879927 -43428088 560439854 560439721
560439721 -22879848 -43427847 560439720 560439722
560439813 -22879816 -43424860 560439814 560439812 560439078
565451536 -22879812 -43424288 559980733 565451533 565451655
560439722 -22879793 -43427504 560439721 560439723 560439816
560439723 -22879698 -43426903 560439722 560439724 560439815
565451533 -22879575 -43423670 565451536 565451532 565451647
554814088 -22879524 -43420608 554814056 554814100 554814220 554814267
560439812 -22879468 -43423968 560439813 560439736
560439724 -22879421 -43426285 560439725 560439723 560439734
565451647 -22879361 -43423396 565451533 565451648
554814586 -22879326 -43422325 554814593
565451648 -22879207 -43423166 442139329 554814267 565451647
554814593 -22879144 -43421767 554814600 554814586
442139329 -22879082 -43423270 442139331 1762794888 565451648
554814600 -22879057 -43421707 554814593 554814606
442139331 -22878924 -43423302 442139329 1762794881
560439078 -22878911 -43424856 442139202 3819339101 560439813
442139293 -22878907 -43424092 442139202 560439736
560439736 -22878901 -43423971 442139293 442139292 560439812
442139202 -22878898 -43424407 442139293 442139264
1762794888 -22878883 -43423366 442139329 1762794877
560439858 -22878869 -43425564 560439814 560439078
442139292 -22878868 -43423725 560439736 442139291
1762794881 -22878856 -43423303 442139331 1762794878
1762794877 -22878848 -43423400 439820268 1762794888
560439725 -22878831 -43426234 560439858 560439724
439820268 -22878826 -43423455 442139320 1762794877
442139291 -22878822 -43423583 442139292 442139320
439821438 -22878813 -43426533 560439725
442139264 -22878809 -43424023 442139202 1762794885
442139320 -22878805 -43423532 439820268 442139290 442139291
1762794878 -22878791 -43423296 1762794881 442139332
442139290 -22878750 -43423446 1762794880 442139320
1762794885 -22878731 -43423788 560439604 442139264 442139265
442139332 -22878725 -43423265 1762794878 442139333
560439640 -22878723 -43427591 560439649 439821438
442139265 -22878710 -43423718 1762794885 1762794887
1762794880 -22878690 -43423354 1762794883 442139290
1762794887 -22878666 -43423654 442139266 442139265
560439703 -22878646 -43428484 560439640 3052197507
1762794883 -22878636 -43423249 1762794880 442139333
442139266 -22878609 -43423589 2205953590 1762794887
442139333 -22878583 -43423131 442139289 442139332 1762794883
554814100 -22878582 -43421089 554814088 554814113 554814174
442139289 -22878523 -43422959 442139288
2205953590 -22878518 -43423559 442139266 2205953594
560440010 -22878504 -43429590 560439703 560440014
560439611 -22878424 -43424088 560439610 560439604
560439604 -22878388 -43423819 1762794885 560439611 560439602
2205953594 -22878340 -43423463 2205953588
442139288 -22878307 -43422257 554814606
554814606 -22878254 -43422106 442139287 554814600
442139287 -22878170 -43421881 554814113
2205953588 -22878095 -43423300 3052197509
3819339101 -22877979 -43424869 560437877 560439078 3819339100
554814113 -22877960 -43421388 442139286 554814100
3819339100 -22877931 -43425627 3819339101
442139286 -22877848 -43421158 442138821
560439602 -22877752 -43423856 560439601 560439604
560439635 -22877697 -43425538 560439636
442138821 -22877659 -43420588 442138822 2939694155
442138822 -22877632 -43420148 554802965
2939694155 -22877613 -43420507 2939694156
2939694156 -22877554 -43420471 2939694157
567474262 -22877528 -43426139 567474265
567474265 -22877528 -43426027 567474262 567474267
2939694157 -22877489 -43420477 442138990
558242249 -22877487 -43420256 442138990 558242232
560439601 -22877452 -43423873 560439599 560439602
442138990 -22877417 -43420545 2205953592
560439599 -22877302 -43423822 560439601 560439598
560439598 -22877120 -43423719 560439599 560439592
3052197509 -22877102 -43421979 3052197508
560439610 -22877048 -43424114 560439611
3052197508 -22877040 -43421894 2205953592
567474267 -22877027 -43425956 567474265 567474268
567474268 -22876986 -43426080 567474267 567474269
2205953592 -22876963 -43421805 437024170 558242376
437024170 -22876932 -43421983 560437536
560437536 -22876890 -43422619 559980534 560437534
559980534 -22876835 -43423212 559980533
559980533 -22876822 -43423393 560439592
560439592 -22876815 -43423496 560439591 560439598
560439591 -22876792 -43423817 560439506 560437877
560437877 -22876715 -43424887 3819339101 560439636 560438195
560439636 -22876656 -43425426 567474269 560439635
567474269 -22876619 -43426039 560438161 567474268
3052197507 -22876613 -43428130 3052197506
560438161 -22876571 -43426633 560439649 560438171
3052197506 -22876566 -43428120 560439661
560437534 -22876550 -43422594 560437536 560437533
560437533 -22876519 -43422019 560437534
560439649 -22876515 -43427278 3052197504 560439640
3052197505 -22876467 -43427975 560439661
3052197504 -22876466 -43427924 3052197505
560439661 -22876459 -43428100 2936204705 560440014
560437610 -22876398 -43422562 560437613
560440014 -22876364 -43429365 560440010 560440008
2939766614 -22876164 -43422284 560437613 2939766615
560437613 -22876140 -43422552 560437610 560437617 560439506 2939766614
2939766616 -22876129 -43421951 2939766617
2939766615 -22876125 -43422217 2939766614 2939766621 2939766617
2939766617 -22876122 -43422053 2939766615 2939766616 2939766618
560438195 -22876045 -43424833 560437800 560437877 560438171
560439506 -22876042 -43423702 560437613 560437800 560439591
560437800 -22875957 -43424826 560439506 560438023 560438195
560438171 -22875933 -43426596 560438161 560438168 560438195
2939766623 -22875837 -43421337 2939766622
2936204705 -22875634 -43427958 2936204712
560438167 -22875554 -43425247 560438168
560438168 -22875482 -43426574 560438228 560438171 560438167
560438003 -22875443 -43423521 560438006 3819339099
560438006 -22875404 -43423865 560438003 560438012
3819339099 -22875402 -43423132 560437990 560438003 3819339098
2936204712 -22875397 -43427920 2936203481
560437990 -22875380 -43422929 3819339099
560438012 -22875364 -43424225 560438006 560438023
560438023 -22875341 -43424799 560438153 560437800 560438308 560438012
2936203481 -22875301 -43427918 2936203496
560438308 -22875293 -43425676 560438228 560438023
560438228 -22875237 -43426561 560438308 560438558 560438168
2939766622 -22875214 -43421321 558641456 2939766623
2936203496 -22875197 -43427931 2936204709
2939766621 -22875166 -43422147 2939766615 2939766618
2939766618 -22875156 -43422002 2939766621 2939766617 2939766620
2939766620 -22875141 -43421943 2939766619 2939766618
2936204709 -22875086 -43427969 2936203500
2936204704 -22875026 -43429676 437020484
560438552 -22875016 -43426105 560438558
437020478 -22875015 -43428767 2936204704
2936204721 -22875014 -43428704 437020478
437020484 -22875008 -43429974 437020487
560438153 -22875001 -43424784 1308328488 560438023 560438152
2936203487 -22874999 -43428655 2936204721
2936203500 -22874998 -43428027 2936204716
560438558 -22874985 -43426549 560438160 560438228 560438552
2936204706 -22874964 -43428617 2936203487
560438152 -22874937 -43425538 560438153
437020475 -22874927 -43428590 2936204706
558641514 -22874869 -43420312 558641529 558641456 558641457
560438160 -22874866 -43426543 560438558
558641456 -22874826 -43421246 559980531 558641514 2939766622
1308328488 -22874822 -43424801 560438153 560437876
2361727671 -22874820 -43428590 437020475
560437617 -22874811 -43422457 560437613 2939766619 560438116
2939766619 -22874804 -43421919 560437617 559980531 2939766620
559980531 -22874800 -43421616 558641456 2939766619
560437876 -22874756 -43424740 1308328488 3819339098
3819339098 -22874744 -43423167 560437876 560438116 3819339099
560438116 -22874739 -43422483 560437617 3819339098
2361727674 -22874702 -43428590 2361727671
2936204716 -22874608 -43428350 2936203479
2361727677 -22874590 -43428590 2361727674
437020468 -22874555 -43429667 437020470
2936204717 -22874548 -43429753 437020468
437020473 -22874542 -43428625 2361727677
2936204719 -22874529 -43429809 2936204717
2936204701 -22874528 -43428682 437020473
558642014 -22874525 -43424794 558642015
437020470 -22874524 -43428755 2936204701
558641977 -22874502 -43422974 558641975
437019918 -22874500 -43426972 559985055 437019919
558641966 -22874493 -43422482 558641967
2936204720 -22874477 -43429854 2936204719
559985055 -22874451 -43427177 437019918 559985466 559985105
437019919 -22874443 -43426742 437019918 3819339102
2936203499 -22874443 -43429146 2936203490
2936203495 -22874438 -43429398 2936203499
2936203490 -22874436 -43428731 2936204710 2936203494
2936203494 -22874432 -43428606 2936204711
2936203479 -22874423 -43428543 2936203480
2936204710 -22874409 -43428656 2936204707
2936204711 -22874406 -43428508 2936204718
437020465 -22874391 -43429909 2936204720
2936204707 -22874383 -43428607 2936203497
2936203477 -22874376 -43429609 2936203495
2936203480 -22874351 -43428673 2936204702
2936204718 -22874344 -43428448 2936203486
2936204702 -22874324 -43428756 2936204703
2936203482 -22874322 -43429526 2936203491
2936204715 -22874320 -43429436 2936203482
2936203497 -22874320 -43428591 2936203493
559985466 -22874318 -43427564 437019917 559985055 559985476
2936203478 -22874314 -43429738 2936203477
2936203485 -22874304 -43429073 2936204715
2936203491 -22874302 -43429590 2936204708
2936204703 -22874301 -43428890 2936203485
437020463 -22874290 -43429991 437020465
2936203486 -22874262 -43428371 2936203484
2936203493 -22874257 -43428609 2936203488
2936204708 -22874249 -43429645 2936204713
2936203492 -22874247 -43429851 2936203478
2936204714 -22874235 -43429465 2936203489
2936203488 -22874231 -43428655 2936203498
2936203483 -22874228 -43429371 2936204714
2936203498 -22874209 -43428733 2936203483
2936203484 -22874193 -43428266 2936203498 437019917
2936203489 -22874193 -43429626 559985044
437019917 -22874192 -43428012 559985466 2936203484
2936204713 -22874188 -43429682 559985044
558641529 -22874091 -43420293 558641514
559985044 -22874076 -43429697 559985402
559985102 -22874033 -43426680 559985145 559985105
559985105 -22874010 -43427154 559985356 559985055 559985102
558641799 -22873917 -43420697 558641797
3819339102 -22873871 -43425551 559985264 437019919
559985264 -22873846 -43425500 3819339102 559985263 558642015
559985476 -22873714 -43427571 559985494 559985466 559985462
559985494 -22873654 -43429315 559985476 559985497
559985356 -22873488 -43427138 559985151 559985105 559985462
559985462 -22873485 -43427569 559985356 559985354 559985476
558642015 -22873478 -43424755 559985264 3819339091 558642014
559985354 -22873414 -43428547 559985497 559985345 559985462
559985497 -22873387 -43429322 559985354 559985402 559985494
559985402 -22873367 -43429846 559985497 559985404 559985335
3819339091 -22873303 -43424391 3819339095 558642015
3819339095 -22873186 -43424149 3819339091 558641975
559985145 -22873052 -43426649 559985102 559985169 559985151
559985151 -22873028 -43427140 559985356 559985345 559985178 559985145
559985345 -22872936 -43428516 559985354 559985151 559985335 559985349
559985335 -22872839 -43429943 559985345 559985310
559985178 -22872839 -43427135 559985303 559985151 559985169
559985169 -22872831 -43426646 559985076 559985145 559985178
558641797 -22872750 -43420439 558641798 558641793 558641799
558641798 -22872730 -43420765 558641797 558641973
559985303 -22872721 -43427137 559985289 559985178 559985349
558641973 -22872715 -43420946 558641978 558641798
559985349 -22872676 -43428498 559985303 559985345 2331204436
2331204436 -22872659 -43428731 559985310 2331204439 559985349
558641978 -22872634 -43422113 558641973 558641967 558641991
558641967 -22872614 -43422365 558641978 558641975 558641966
558641975 -22872550 -43422829 3819339095 558641977 558641967 558641991
558641991 -22872278 -43422200 558641978 558641975 559984683 558641806
559984683 -22872183 -43422286 559984706 558641991
559985289 -22872151 -43427147 559985303 2331204439 559985054
2331204439 -22872069 -43428698 559985278 559985289 2331204436
559985263 -22871969 -43425444 559985264
559985076 -22871866 -43426612 559985169 559985054
559985054 -22871851 -43427152 559985289 559985076
558641806 -22871765 -43421172 559984804 558641794 558641991
559984804 -22871400 -43421221 559984802 558641806
559984802 -22871281 -43421213 559984804 559984800
559984800 -22871147 -43421153 559984798 559984802
559984798 -22871020 -43421084 559984796 559984800
559984796 -22870886 -43420981 559984798 559984794
559984794 -22870799 -43420964 559984708 559984796
559984819 -22870771 -43420107 559984708 559984806 559984818
559984708 -22870694 -43421007 559984706 559984819 559984794
559984706 -22870625 -43422206 559984694 559984708 559984683
559984818 -22870451 -43420106 559984817 559984819
559984693 -22870388 -43420500 559984694
559984817 -22870356 -43420183 559984818
559984694 -22870277 -43422188 559984706 559984686 559984693
559984686 -22869653 -43422156 559984694 2331204441 559984682
559984682 -22869122 -43422129 559984686 559984685 443987039
443987039 -22868505 -43422097 559982008 559982274 559984682 559982834
443986345 -22868409 -43429327 559984941 590050867
590050867 -22868369 -43428984 443986345 590050866 590228373
559982834 -22868327 -43423842 559982808 443987039 559982832
559982808 -22868200 -43425084 559982882 559982706 559982834
559982882 -22868152 -43425548 443986349 559982808 559982881
590228373 -22868151 -43427146 443986349 590228415 590050867
443986349 -22868055 -43426337 559982628 559982882 590228373
559982815 -22867920 -43422895 559982832
559982274 -22867841 -43422037 559982272 443987039 559982349 559982482
559982832 -22867827 -43423781 559982813 559982815 559982831 559982834
559982482 -22867770 -43422706 559982274
559982813 -22867730 -43424698 559982832
559982697 -22867422 -43422775 559982470 559982831
559982628 -22867343 -43426380 443986349 559982644 559984533
559982831 -22867327 -43423694 559982706 559982830 559982697 559982832
590050866 -22867318 -43429478 590050871 590050865 590050867
559982881 -22867295 -43425444 559982644 559982882
559982644 -22867248 -43425461 559982628 559982881 559982659
559982706 -22867200 -43424921 559982808 559982831 559982659
590228754 -22867181 -43428458 590228415 590228756
590228756 -22867161 -43428684 590228754 590228757
559982272 -22867161 -43421934 559982274 559982468 559982524 559982470
590228415 -22867093 -43427591 590228754 590228364 590228373
559982470 -22867090 -43422672 559982272 559982696 559982697
590228757 -22867072 -43428930 590228756 590228758
559984533 -22867042 -43426406 559982628 559984646
559982659 -22867042 -43424955 559982644 559982706 559982826
559982696 -22866973 -43422646 559982830 559982694 559982470
590228758 -22866934 -43429134 590228763 590228757
590228364 -22866895 -43427675 590228415
559984646 -22866892 -43426388 559984533 559984648
559982830 -22866879 -43423659 559982696 559982702 559982826 559982831
559982702 -22866837 -43424123 559982830
559984648 -22866710 -43426337 559984650 559984646
590228763 -22866637 -43429317 590228758
559982524 -22866513 -43421860 559982241 559982523 559982272 559982526
590229243 -22866489 -43428115 590229248
559982826 -22866486 -43423600 559982830 559982659 559982660
559982526 -22866473 -43422406 559982524 559982694
559982694 -22866441 -43422526 559982526 559982666 559982696
590229248 -22866400 -43428190 590229243 590229253
590229253 -22866341 -43428437 590229248 590229258
559982660 -22866299 -43423144 559982663 559982826
590229258 -22866282 -43428587 590229253 590229262
559984650 -22866269 -43426275 559984648 593721379
559982666 -22866228 -43422509 559982665 559982694
559982663 -22866204 -43422723 559982660 559982665
559982665 -22866180 -43422603 559982663 559982666
590229609 -22866054 -43428287 590229608
593721379 -22866024 -43426202 1753585784
593721543 -22866019 -43426296 559984650
559982547 -22865995 -43421111 559982545 559982549 559982549 559982552
593721386 -22865980 -43425358 2940003650
2940003650 -22865961 -43425084 2940003651
559982241 -22865951 -43421797 559982549 559982524
559982549 -22865943 -43421764 559982241 559982552 559982547 559982552 559982547
593721383 -22865938 -43425680 593721386
590229262 -22865936 -43428705 590229258 590229265
2940003649 -22865929 -43426341 593721543
1753585784 -22865927 -43426133 1753585788
2940003648 -22865908 -43426151 1753585788 2940003647
2940003647 -22865904 -43426280 2940003648 1753585761
590229608 -22865896 -43428351 590229607 590229609
2940003651 -22865880 -43423944 2940003655
1753585788 -22865874 -43426028 593721383 2940003648 2940003632
1753585761 -22865860 -43426399 2940003649 2940003642 2940003647
593721394 -22865826 -43424468 2940003654
590229265 -22865817 -43428802 590229262 590229284
2940003654 -22865815 -43424106 144372557
2940003632 -22865805 -43425926 1753585788 2940003633
2940003653 -22865795 -43424965 593721394
144372557 -22865794 -43423722 2940003655
1753585747 -22865784 -43426757 1753585761
559982552 -22865784 -43421093 559982240 559982549 559982549 559982547
2940003642 -22865784 -43426497 2940003641 1753585761
590229607 -22865768 -43428501 590229606 590229608
2940003655 -22865757 -43423262 144372559
595259180 -22865715 -43424448 2940003652
2940003657 -22865713 -43424049 595259180
2940003633 -22865710 -43425853 2940003634 2940003632
593722256 -22865705 -43425649 2940003653
144302228 -22865690 -43423665 2940003657
2940003652 -22865689 -43424891 144302230
2940003641 -22865682 -43426562 2940003642 2940003640
144372559 -22865670 -43422754 144372561
590229606 -22865649 -43428684 590229284 590229607
1753585782 -22865631 -43426059 593722256
144302230 -22865630 -43425329 593723339
2940003656 -22865630 -43423173 144302228
590229605 -22865609 -43429435 590229604 590229284
1753585742 -22865603 -43427549 1753585747
2940003634 -22865599 -43425818 2940003633 2940003635
590229604 -22865590 -43429756 590229603 590229605
590229284 -22865590 -43428877 590229606 590229265 590229605
1753585748 -22865585 -43426386 1753585782
593723339 -22865578 -43425629 1753585740
2727455859 -22865575 -43424148 2727455860
2727455860 -22865570 -43424745 2727463624
2940003640 -22865566 -43426587 2940003641 2940003639
2727463624 -22865544 -43425009 3130613108 595259154
2727455858 -22865543 -43423608 2727455859
144302226 -22865537 -43422678 2940003656
3130613108 -22865523 -43425154 2940003658
144372553 -22865516 -43426769 1753585748
1753585740 -22865512 -43426015 1753585757
2727455857 -22865493 -43423050 2727455858
2940003635 -22865482 -43425823 2940003634 2940003636
2727459394 -22865458 -43422339 144302226 2727455857
2940003639 -22865449 -43426569 2940003638 2940003640
1753585757 -22865443 -43426387 1753585764
2940003658 -22865431 -43425782 2940003636
2727455856 -22865430 -43422704 2727455857
1753585764 -22865377 -43426747 2940003665
2822911186 -22865376 -43422032 2727459394
2940003636 -22865374 -43425869 2940003637 2940003635
2506859890 -22865371 -43422433 2727455856
2940003638 -22865344 -43426511 2940003646 2940003639
1753585776 -22865337 -43428426 1753585742
144372561 -22865322 -43421269 144372562
2727455855 -22865308 -43422144 2506859890
2940003637 -22865285 -43425950 2940003636 2940003643 1753585785
2940003646 -22865262 -43426419 2940003661 2940003645 2940003638
2727455854 -22865233 -43421733 2727455855
2940003643 -22865225 -43426058 2940003637 2940003644
2940003645 -22865213 -43426305 2940003646 2940003644
1753585752 -22865202 -43428877 1753585776
2940003644 -22865200 -43426180 2940003643 2940003645
2940003660 -22865176 -43426138 2940003644
2940003661 -22865163 -43426935 2940003662
2727455853 -22865152 -43421342 2727455854
595259154 -22865148 -43424942 595259415 2727463624 595259151
2940003659 -22865142 -43426114 2940003660
2940003667 -22865139 -43426245 2940003666 2940003668
2940003668 -22865136 -43426374 2940003667 2940003669
2940003666 -22865124 -43426161 2940003667 1753585785
2727455852 -22865104 -43420897 2727455853 2822911186
2940003669 -22865083 -43426704 2940003668 2940003670
1753585785 -22865072 -43426127 2940003659 2940003666 593577578
2940003662 -22865045 -43427578 2940003664
595259414 -22865042 -43424141 595259307 595259413 595259454
595259413 -22865031 -43423870 595259412 595259414
595259307 -22865030 -43424532 595259415 595259414 595259249
595259151 -22865029 -43425518 595259154 595259186
595259415 -22865004 -43424913 595259193 595259154 595259307
1753585763 -22864999 -43429609 144372553 1753585752
595259412 -22864986 -43423445 595259411 595259413
595259186 -22864948 -43425604 595259181 595259193 595259151
2940003664 -22864919 -43428759 2940003665
595259411 -22864910 -43422950 595259412 2940003673 595259755
2940003670 -22864905 -43427447 2940003669 2940003671
2940003671 -22864873 -43427718 2940003670
2940003665 -22864868 -43429539 593715674
595259755 -22864850 -43422471 595259411
593577578 -22864836 -43426346 593577576 1753585785
2940003673 -22864796 -43422959 2940003674 595259411 595259454
593577576 -22864684 -43426527 2940003672 593577578
595259181 -22864681 -43425894 595259194 595259186 595259183
595260424 -22864662 -43427686 595260427
593715930 -22864623 -43428727 593715920
2940003672 -22864596 -43426572 593577575 593577576
593577575 -22864446 -43426598 593577574 2940003672
595259194 -22864432 -43426159 595259074 595259181 595259208
595259193 -22864354 -43424789 595259415 595259183 595259186
2940003674 -22864176 -43423000 2940003673
593715920 -22864122 -43428960 593715930 595260427 593715862
593577574 -22864086 -43426623 593716028 595259074 593577575
595259074 -22864078 -43426534 595259036 595259194 593577574
595259454 -22864049 -43423941 595259414 595259455 2940003673 595259249
595260427 -22864024 -43427814 595260424 593715920 593716026
593716026 -22864013 -43427696 595260427 593716028 595260344
593716028 -22863922 -43426626 593577573 593577574 593716026
593715862 -22863813 -43429103 593715860 593715920
595259183 -22863812 -43424698 595259193 595259181 595259251
595259249 -22863812 -43424274 595259307 595259251 595259454 3144444805
595259251 -22863761 -43424690 595259209 595259183 595259249
595259627 -22863759 -43423492 3144444806
595260344 -22863677 -43427980 595260342 593716026 3819977624
593577573 -22863635 -43426657 593716028 593718301
595260342 -22863624 -43427857 595260341 595260344
3144444806 -22863608 -43423449 595259627 595259629
595260341 -22863604 -43427696 595260339 595260342
595260339 -22863584 -43427310 595260338 595260341
595260338 -22863555 -43427171 595260336 595260339
593718301 -22863526 -43426660 593718192 593577573 595260256
595260336 -22863505 -43426956 595260256 595260338
595259629 -22863489 -43423381 3144444806 595259538
593718192 -22863457 -43426662 593577572 593718301
595259208 -22863406 -43424746 595259194 595259209
595259538 -22863392 -43423324 595259629 3144444807 595259455
595259209 -22863387 -43424655 595259176 595259251 595259208
595260256 -22863380 -43426799 595260336 593718301 595260151
3144444805 -22863334 -43424205 3144444804 595259249
3144444807 -22863321 -43423230 595259538 595259632
593577572 -22863308 -43426667 593718192 595260253
595259455 -22863288 -43423785 595259538 595259454 3144444802
3144444804 -22863277 -43424190 595259537 3144444805
595260249 -22863248 -43426860 595260251 595260151
595259537 -22863232 -43424162 3144444803 3144444804
595260251 -22863228 -43426742 595260249 595260253
3144444803 -22863215 -43424118 595259537 3144444802
3144444802 -22863215 -43424061 3144444803 595259455
595259036 -22863189 -43425250 595259073 595259074 595259034
595260151 -22863158 -43427009 595260256 593719535 595260249
595260253 -22863149 -43426645 593577572 595260251 595258887
3819977624 -22863119 -43428452 595260344 593718028 3819977625
595258887 -22863061 -43426632 593577570 595258909 595260253
3819977625 -22863045 -43427600 3819977624
3819977623 -22863028 -43429510 3819977622
595258909 -22863021 -43426452 595258910 595258887
595259632 -22863001 -43422965 3144444807 595259634
595259176 -22862971 -43424596 595259169 595259209
595259034 -22862922 -43425325 595259032 595259036
593719535 -22862878 -43427274 593718495 593719534 595260151
595259073 -22862873 -43424864 595259072 595259036 595259773
595258910 -22862863 -43426184 595258909 595258911
595259634 -22862830 -43422846 3144444808 595259632
595259533 -22862813 -43423448 595259304 595259534
593718495 -22862794 -43427354 593719535 593715393
593718028 -22862781 -43428737 593715405 593718026 3819977624
3144444808 -22862772 -43422798 3144444809 595259634
595259773 -22862764 -43424896 595259073 595258942
595259534 -22862744 -43423394 595259533 595259535
595259304 -22862734 -43424070 595259533 595259532
595259032 -22862714 -43425336 595259030 595259034
593718026 -22862705 -43428030 593718028
3144444809 -22862693 -43422784 3144444808 3144444810
595259072 -22862675 -43424564 595259073 595259169
595259532 -22862645 -43424392 595259304 595259169
595259169 -22862608 -43424486 595259071 595259072 595259176 595259532
3144444810 -22862602 -43422796 3144444809 595259636
595259636 -22862549 -43422815 3144444810 3144444811
593719534 -22862547 -43427172 593719533 593719535
595259071 -22862536 -43424403 595259070 595259169
595259535 -22862507 -43423448 595259536 595259534
3144444811 -22862507 -43422834 595259636 595259637
595259637 -22862463 -43422870 3144444811 3144444812
595258911 -22862418 -43425754 595258910 595258913
3144444812 -22862381 -43422973 595259637 595259638
3819977622 -22862335 -43429638 593715407 593717525 3819977623
593715407 -22862330 -43429586 3819977620 3819977622
593577570 -22862330 -43426528 593577567 595258887
3819977620 -22862325 -43429488 593717975 593715407 3819977621
593717975 -22862313 -43429199 593717972 593715405 3819977620
593715405 -22862310 -43429135 593715403 593717975 593718028
593719533 -22862290 -43427129 593719532 593719534
595259638 -22862259 -43423062 3144444812 3144444813 3144444822
593715403 -22862241 -43428352 593715405 593715396
595258942 -22862240 -43424778 595259030 595259773 595259774
3144444822 -22862226 -43422757 595259638 3144446338
593715396 -22862191 -43428169 593715403 593715393
3144444813 -22862177 -43423091 3144444814 595259638
3144446338 -22862173 -43422522 3144444823 3144446339 3144444822
595259030 -22862157 -43425230 595258936 595258942 595259032 595259801
595258936 -22862131 -43425368 595259030 595258914
3144444823 -22862126 -43422311 3144446338 3144444827
595258913 -22862121 -43425540 595258911 595258914
3144444827 -22862113 -43422279 3144444823 3144444826
593719532 -22862102 -43427172 593719531 593719533
3144444826 -22862092 -43422253 3144444827 3144444828
593577567 -22862083 -43426528 593577570 595258877
593715393 -22862053 -43427955 593718495 593715396 593719536
595258914 -22862052 -43425368 595258936 595258913 595258935
3144444828 -22862046 -43422235 3144444826 3144446329
3144444814 -22862044 -43423129 3144444815 3144460843 3144444813
3144460843 -22862009 -43423005 3144444814 3144460844
595258877 -22861989 -43426567 593577563 593577567 595258875
3144460844 -22861939 -43422844 3144460843 3144460845
3144446329 -22861913 -43422203 3144444828 3144446330
3144446339 -22861902 -43422591 3144446338 3144460847
3144460845 -22861896 -43422745 3144460844 3144460846
3144444815 -22861887 -43423180 3144444814 3144444816
595259536 -22861874 -43423695 595259535 595259070
3144460846 -22861866 -43422651 3144460845 3144460847
3144460847 -22861852 -43422602 3144446339 3144446340 3144460846
595258875 -22861844 -43426012 595258874 595258877
3144446340 -22861842 -43422603 3144460847 3144446341
593577563 -22861826 -43426635 595258859 595258877
595258874 -22861805 -43425486 595258875
3144446330 -22861784 -43422170 3144446329 3144446331
593717972 -22861756 -43429274 593717975
3144444816 -22861750 -43423201 3144444815 3144444817 3144446402
595258859 -22861747 -43426681 595258840 593577563 595258857
593719531 -22861737 -43427451 593719530 593719532
3144446341 -22861736 -43422608 3144446340 3144446401
3144446331 -22861705 -43422152 3144446332 3144446330
3819977621 -22861689 -43429576 3819977620
3144446402 -22861683 -43423189 3144446403 3144444816
3144446403 -22861637 -43423153 3144446402 3144446404
3144444817 -22861635 -43423233 3144444816 595259988
3144446332 -22861634 -43422161 3144446379 3144446371 3144446331
3144446401 -22861621 -43422601 3144446342 3144446341 3144446404
3144446342 -22861617 -43422596 3144446401 3144446371
3144446404 -22861601 -43423120 3144446401 3144446403 595259988
593719536 -22861601 -43428334 593719530 593715393 593718497
595259988 -22861593 -43423233 3144444818 3144444817 595259989 3144446404
3144446379 -22861580 -43422147 3144446332 3144446333
3144444818 -22861571 -43423233 3144444819 595259988
3144446371 -22861562 -43422591 3144446342 3144446343 3144446332
595258840 -22861544 -43426798 595258826 595258859 595258839
595259774 -22861508 -43424660 595258942 595259775
3144444819 -22861489 -43423223 3144444818 3144444820
595259070 -22861489 -43423770 595259071 595259536 595259989
3144446343 -22861480 -43422582 3144446371 3144446407
3144446333 -22861467 -43422119 3144446379 3144446374
3144446407 -22861452 -43422579 3144446343 3144446344
595259989 -22861441 -43423742 3144446409 595259988 595259070
595259775 -22861429 -43424553 595259843 595259774
3144444820 -22861399 -43423192 3144444819 3144444821
3144446374 -22861347 -43422054 3144446375 3144446333 3144446334
3144446344 -22861338 -43422565 3144446407 3144446398
595258826 -22861337 -43426918 593577560 595258840 595258825
595259843 -22861322 -43424526 595259775 595259776 595259776 595259801 595259801
3144446334 -22861318 -43422039 3144446374 3144446335
3144446398 -22861311 -43422559 3144446345 3144446344
593719530 -22861282 -43427858 593719531 593577557 593719529 593719536
3144446375 -22861276 -43422080 3144446374 3144446376
3144444821 -22861270 -43423120 3144444820
593577560 -22861252 -43426968 593577557 595258826
595259801 -22861223 -43425030 595259030 595259843 595259843 595259799 595259799
595258857 -22861212 -43425433 595258859
3144446376 -22861208 -43422128 3144446375 3144446377
3144446345 -22861203 -43422534 3144446372 3144446398
3144446335 -22861183 -43421935 3144446334 3144446362
3144446362 -22861149 -43421907 3144446335 3144446336
3144446377 -22861130 -43422203 3144446376 3144446378
3144446336 -22861125 -43421888 3144446361 3144446362
3144446372 -22861109 -43422502 3144446345 3144446346
3144446346 -22861090 -43422495 3144446372 3144446347
3144446361 -22861085 -43421860 3144446337 3144446336
3144446378 -22861044 -43422301 3144446377 3144446347
595259799 -22861042 -43424992 595259777 595259801 595258935 595259777 595259801
3144446337 -22861039 -43421845 3144446361 3144446360
595258839 -22861014 -43425476 595258840
595258935 -22861014 -43425154 595258934 595258914 595259799
595259776 -22861004 -43424446 595259843 595259843 595259777 595259793 595259777
3144446360 -22861004 -43421850 3144446337 3144446359
595259793 -22860994 -43424349 595259776 595259794
3144446347 -22860951 -43422445 3144446346 3144446348 3144446378
3144446359 -22860947 -43421866 3144446358 3144446360
595259794 -22860935 -43424252 595259793 595259795
593719529 -22860916 -43428137 593719530 593719190
595259777 -22860894 -43424960 595259776 595259776 595259796 595259799 595259799
595258819 -22860885 -43427117 595258714 593577557
593577557 -22860877 -43427279 593577560 593599587 593719530 593577553 595258819
3144446358 -22860843 -43421917 3144446357 3144446359
3144446348 -22860787 -43422383 3144446347 3144446368
3144446357 -22860750 -43421982 3144446356 3144446358
3144446368 -22860740 -43422360 3144446348 3144446349
593599587 -22860708 -43427161 593577557 595258783
593719190 -22860699 -43428298 593719670 593719528 593719529
595258714 -22860698 -43426248 595258712 595258818 595258819
3144446409 -22860692 -43423422 595259069 595259989
595258825 -22860678 -43425358 595258826
3144446356 -22860666 -43422054 3144446355 3144446357
595259797 -22860618 -43424200 595259796 595259798
3144446349 -22860606 -43422296 3144446354 3144446368
3144446355 -22860582 -43422169 3144446354 3144446356
595259798 -22860530 -43424006 595259797
595259796 -22860528 -43424882 595259027 595259777 595259797
3144446354 -22860528 -43422258 3144446349 3144446350 3144446355
595258783 -22860515 -43427077 593599587 595258781 595258688
593577553 -22860471 -43427654 593577549 593577557
595258818 -22860470 -43425443 595258714 595258817
3144446350 -22860462 -43422227 3144446354 3144446351
595259069 -22860456 -43423321 3144446409
595258817 -22860431 -43425218 595258818
595258781 -22860421 -43426752 595258776 595258783
595259795 -22860421 -43424167 595259794
595258712 -22860411 -43426291 595258711 595258714
593719528 -22860372 -43428459 593719527 593719190
595258773 -22860371 -43426538 595258776
3144446351 -22860354 -43422176 3144446390 3144446350
595258776 -22860332 -43426752 595258773 595258781
3144446390 -22860317 -43422172 3144446353 3144446351
3144446353 -22860287 -43422169 3144446390
595258711 -22860253 -43425883 595258712 595258710
593718497 -22860234 -43429478 593718498 593719536 593718695
593577549 -22860214 -43427805 593577544 593577553
595259027 -22860193 -43424810 595259796
595258710 -22860184 -43425594 595258711
593719745 -22860145 -43428674 593719670 593719751
593719527 -22860125 -43428491 593719754 593719528
593719670 -22860109 -43428807 593719745 593719190 593718695
593719751 -22860096 -43428556 593719745 593719754
595258934 -22860095 -43424950 595258935
595258686 -22860085 -43426269 595258685 595258688
595258684 -22860035 -43425851 595258685
593724861 -22860007 -43427075 593724864
