1179233550 -22939647 -43322799 1179233303
1179233303 -22939617 -43322928 1179233550 1179233157
1179232779 -22939593 -43329251 3655892333 1179233280
1179233280 -22939590 -43329305 1179232779 1179232817
3655892333 -22939578 -43329209 1179232779 1179232834
1179232817 -22939570 -43329346 1179233424 1179233280
1179232300 -22939564 -43325335 1179233467 3655892327
1179232306 -22939558 -43323964 1179232273 1179233595
1179233157 -22939553 -43323100 1179232430 1179233303
1179233595 -22939545 -43324359 1179232306 1179232503
1179232834 -22939541 -43329147 3655892333 1179233119
1179233424 -22939536 -43329395 1179233547 1179232817
1179232430 -22939504 -43323255 1179233066 1179233157
3655892327 -22939486 -43325322 1179233118 1179232300
1179232273 -22939479 -43323716 1179232306 1179233066
1179233547 -22939475 -43329405 1179233267 1179233424
1179233066 -22939445 -43323504 1179232273 1179232430
1179232503 -22939429 -43325047 1179233118 1179233595
1179233119 -22939386 -43328894 1179233149 1179232834
1179233118 -22939382 -43325269 1772895761 1179232503 3655892327
1179233149 -22939307 -43328738 1179233119 1179233254
1179233254 -22939209 -43328478 1179233149 1179232301
1772895761 -22939186 -43325532 1179233118 3655892284 3655892315
3655892315 -22939048 -43325713 1772895761 1179232243
1179232301 -22939006 -43327696 1179233126 1179233254
1179232243 -22939006 -43325789 1179232475 3655892315
1179233267 -22939000 -43329270 1179233262 1179233547
1179232475 -22938973 -43325883 3655892310 1179232243
1179233126 -22938946 -43327344 1179232400 1179232301
3655892310 -22938942 -43326032 1179232950 1179232475
1179232950 -22938915 -43326274 1179232400 3655892310
1179232400 -22938911 -43326908 1179233126 1179232950
1179233262 -22938830 -43329261 1179232549 1179233267 3655892293
1179232549 -22938757 -43329283 1179233262 1179232596
3655892293 -22938705 -43329060 1179233262 3655892252
1179232596 -22938655 -43329360 1179232549 3655892283
3655892287 -22938621 -43323665 3655892172
3655892284 -22938580 -43325243 1772895761 3655892264
3655892283 -22938576 -43329455 1179233084 1179232596
1179233084 -22938527 -43329550 3655892277 3655892283
3655892279 -22938513 -43329858 1179232775 1179233405
3655892277 -22938502 -43329666 1179233405 1179233084
1179233405 -22938498 -43329756 3655892279 3655892277
3655892264 -22938416 -43325192 3655892284 3655892256
3655892256 -22938334 -43325186 1772895743 3655892264
3655892252 -22938291 -43328674 3655892293
1772895743 -22938257 -43325228 3655892256 3655892236
3655892236 -22938007 -43325506 1772895743 1772895729
3655892235 -22938007 -43321924 3655892233 3655892234
3655892234 -22937999 -43321989 3655892225 3655892235
3655892233 -22937979 -43321877 3655892235 3655892217
1772895729 -22937919 -43325578 3655892236 1772895725
3655892225 -22937821 -43322286 3655892218 3655892234
1772895725 -22937820 -43325621 1772895729 1772895718
3655892218 -22937778 -43322321 3655892225 1782389635
3655892217 -22937743 -43321837 3655892233
1772895718 -22937431 -43325587 1772895695 3655892198 1782389610 1772895725
3655892198 -22937421 -43325843 1772895718 3655892180
1782389610 -22937399 -43325347 1772895718 3655892172
1772895716 -22937348 -43329953 3655892190 1772895722
3655892194 -22937334 -43328674 3655892193 2991497641
3655892193 -22937332 -43328612 1772895715 3655892194
1772895715 -22937318 -43328550 3655892193 3655892184
3655892190 -22937259 -43329641 1772895705 1772895716
1782389647 -22937221 -43321853 1782389615 1782389645
1782389615 -22937219 -43321715 1782389647 1782389630
1772895705 -22937212 -43329475 2991497641 3655892190
2991497641 -22937193 -43329343 3655892194 1772895705
1782389645 -22937176 -43322010 1782389647 1782389635
3655892184 -22937150 -43328017 1772895715 1772895701
1772895701 -22937132 -43327945 3655892181 3655892184
3655892181 -22937129 -43327899 3655892152 3655892180 1772895701
3655892180 -22937126 -43327846 3655892198 3655892181
1782389630 -22937030 -43321188 1782389615 1782389632
3655892172 -22937014 -43323708 1782389650 1782389610 3655892287
1782389632 -22936940 -43320707 1782389644 1782389630
1782389644 -22936895 -43320450 1782389632 1782389617
1782389635 -22936886 -43322576 3655892218 1782389616 1782389645
1782389617 -22936841 -43320267 1782389644 1782389622
1782389616 -22936841 -43322685 1782389614 1782389635
1782389614 -22936823 -43322802 1782389650 1782389616
1782389650 -22936822 -43322891 3655892172 1782389614
1782389622 -22936791 -43320167 1782389640 1782389617
1782389640 -22936723 -43320070 1782389622 1782389629
3655892156 -22936640 -43327700 3655892152
3655892152 -22936620 -43327830 3655892181 3655892149 3655892156
3655892149 -22936599 -43327977 3655892152
1772895695 -22936495 -43325450 1772895691 1772895718
1772895691 -22936400 -43325470 1772895695 3655892125
3655892125 -22936313 -43325511 1772895691 1772895687
1772895687 -22936223 -43325586 1772895684 3655892125
1772895684 -22936152 -43325687 1772895667 1772895687
3655892012 -22936109 -43328142 1772895681
1772895681 -22936030 -43328223 3655892012 1772895610 1772895662
1772895662 -22935754 -43327922 1772895597 1772895681
1782389653 -22935734 -43320801 1782389639 1782389612
1772895667 -22935697 -43326627 1772895684 1772895608
1772895658 -22935687 -43324192 1772895659 1772895657 1772895570
1772895659 -22935680 -43323985 1772895641 1772895658
1782389612 -22935664 -43320885 1782389653 1782389646
1772895657 -22935599 -43324581 1772895634 1772895638 1772895658
1772895641 -22935470 -43323247 1772895621 1772895659
1782389646 -22935469 -43321071 1782389651 1782389612
1772895638 -22935412 -43324529 1772895657 1772895627
1782389651 -22935259 -43321219 1782389637 1782389646
1772895634 -22935250 -43325491 1772895657 1772895630
1772895627 -22935137 -43324719 1772895618 1772895638
1782389637 -22935132 -43321354 1782389651 1782389654
1772895630 -22935128 -43325680 1772895634 1772895613
490935603 -22935110 -43329813 2991497638 1772895624
1782389654 -22934997 -43321588 1782389637 1782389627
1772895624 -22934986 -43329631 490935603 1772895610
1772895621 -22934943 -43322471 1782389619 1772895641
1782389627 -22934918 -43321819 1782389654 1782389648
1782389619 -22934902 -43322366 1782389642 1772895621
1772895613 -22934897 -43325908 1772895630 1772895606
1772895618 -22934883 -43325049 1772895627 1772895602
1782389648 -22934882 -43322056 1782389642 1782389627
1782389642 -22934881 -43322220 1782389648 1782389619
1772895606 -22934857 -43325982 1772895613 1772895598
1772895610 -22934828 -43329445 1772895624 1772895597 1772895681
1772895608 -22934805 -43327830 1772895667 1772895599 490934880
1772895598 -22934647 -43326813 1772895599 1772895606
1772895599 -22934643 -43327007 1772895598 1772895608
1772895597 -22934558 -43329125 1772895610 3655891939 1772895662
1772895602 -22934505 -43325231 1772895618 1772895595
1772895595 -22934323 -43325373 1772895602 1772895593
3655891939 -22934279 -43328792 1772895597 3655891936
3655891938 -22934218 -43328684 3655891939
1772895593 -22934209 -43325402 1772895578 1772895595
3655891936 -22934187 -43328728 3655891935
3655891935 -22934127 -43328707 3655891933
490934880 -22934124 -43328568 3655891938 1772895608 3655891934
1772895578 -22934100 -43325383 3655891927 1772895593
1772903780 -22934099 -43329990 1772903768 1772903782
3655891934 -22934096 -43328606 3655891925
3655891933 -22934069 -43328712 3655891925
3655891932 -22934065 -43328499 490934880
3655891930 -22934039 -43328585 3655891928
3655891929 -22934028 -43328517 3655891930
3655891928 -22934026 -43328659 3655891925
3655891927 -22934021 -43325348 1772895578 1772895567
3655891925 -22933988 -43328752 1772903768
1772895574 -22933988 -43328432 3655891932 3655891929
1772895567 -22933954 -43325287 3655891927 1772895560
3655891924 -22933939 -43323550 3655891922 1772895570
1772895563 -22933917 -43324418 1772895560
1772895570 -22933912 -43323731 3655891924 1772895658
1772895560 -22933898 -43325179 1772895563 1772895567
3655891922 -22933644 -43323470 3655891924
1772903768 -22933560 -43329359 1772903780 3655891920
3655891920 -22933521 -43329418 3655891914 2500239252
2500239252 -22933245 -43329829 546049428
546049428 -22933156 -43329959 490933273
490920090 -22933086 -43327386 1772895574
3655891914 -22932866 -43328650 3655891920 3655891911
3655891911 -22932805 -43328630 3655891914
490932968 -22932336 -43329618 1776099770
1776099770 -22932274 -43329454 2644165401 1776099761
2644165401 -22932234 -43329333 1776099759
1776099761 -22931386 -43329796 1776099756 1776099765 1776099770
1776099759 -22931343 -43327041 1776099751 3600348363
3772317445 -22931340 -43325337 490920090
3772317443 -22931232 -43325210 3772317445
3600348363 -22931130 -43326504 490932965
2644165392 -22931048 -43324994 3772317443
1776099756 -22931025 -43329000 1776099761
490932965 -22930936 -43326008 490932961
490920084 -22930928 -43324824 2644165392
2644165393 -22930891 -43324911 2644165392
2644165395 -22930834 -43324886 2644165393
490920080 -22930806 -43324633 490920084
490932961 -22930803 -43325617 2644165400
2644165396 -22930782 -43324887 2644165395
2644165397 -22930734 -43324909 2644165396
3600348361 -22930697 -43324950 2644165397
2644165400 -22930684 -43325170 2644165399 490932955
2644165398 -22930677 -43324999 3600348361
490920074 -22930675 -43324443 490920080
2644165399 -22930668 -43325065 2644165398
490932955 -22930634 -43324970 2991353270
1776099751 -22930596 -43327373 1776099759 1776099723
3600348360 -22930591 -43324267 490920074
3600348359 -22930544 -43324130 3600348360
3600348358 -22930523 -43324018 3600348359
490920061 -22930508 -43322782 2991353276
2991353276 -22930507 -43323374 3600348357 490920066
490920069 -22930504 -43323888 3600348358
490920066 -22930495 -43323728 490920069
490920058 -22930494 -43322675 490920061
3600348357 -22930480 -43323437 2991353275
2991353275 -22930461 -43323474 2991353274
3600348356 -22930455 -43322573 490920058
2991353274 -22930426 -43323505 2991353273
490920054 -22930399 -43322496 3600348356
2991353273 -22930392 -43323519 2991353272
2991353272 -22930354 -43323519 2991353271
490920049 -22930335 -43322420 490920054
2991353271 -22930318 -43323505 2991353277
2991353277 -22930292 -43323475 2991353270
3600348355 -22930258 -43322388 490920049
3600348354 -22930246 -43322340 490920049
3600348353 -22930222 -43322384 3600348355
3600348352 -22930183 -43322394 3600348353
2991353270 -22930183 -43323241 490932952
2991353279 -22930157 -43322411 3600348352
2991353280 -22930127 -43322449 2991353279
490932952 -22930110 -43322942 3600348351 2991353284
2991353281 -22930107 -43322501 2991353280
2991353284 -22930099 -43322748 2991353283
2991353282 -22930095 -43322566 2991353281
2991353283 -22930092 -43322654 2991353282
490920038 -22930081 -43322248 3600348354
3600348351 -22930049 -43322715 490932943
490932943 -22929986 -43322540 3600348350
3600348350 -22929910 -43322399 490932939
3651384199 -22929894 -43320903 3651384198 3651384197
3651384198 -22929889 -43320951 3651384199 3651384196
3651384197 -22929881 -43320858 3651384199 3651384190
3651384196 -22929872 -43320985 3651384195 3651384198
3651384195 -22929845 -43321012 3651384193 3651384196
1776099723 -22929844 -43327761 1776099751 1776099712
490932939 -22929842 -43322308 3600348348
3600348349 -22929769 -43322107 490920038
3600348348 -22929747 -43322206 3635589977 3600348346
3600348346 -22929658 -43322137 2991353286
3600348347 -22929654 -43322046 3600348349
3651384193 -22929624 -43321079 3651384191 3651384195
2991353285 -22929586 -43322009 3600348347
2991353286 -22929571 -43322080 490932930
1776099719 -22929541 -43327216 1776099715 1776099713
1776099713 -22929532 -43327133 1776099719 3651384188
3651384191 -22929520 -43321087 3651384193 3651384189
1776099712 -22929512 -43327911 1776099723 3651384174
490920026 -22929507 -43321941 2991353285
1776099715 -22929505 -43327350 1776099709 1776099719
3651384190 -22929487 -43320206 3651384197 3651384177
3651384189 -22929469 -43321102 3651384181 3651384191
3651384188 -22929468 -43327047 1776099713 1776099711
490932930 -22929434 -43322018 3635589979
3651384185 -22929409 -43321565 3651384184
3651384184 -22929408 -43321614 3651384179
490920023 -22929407 -43321819 490920026
3651384182 -22929398 -43321491 3651384185
1776099709 -22929376 -43327496 1776099690 1776099715
3651384181 -22929375 -43321153 3651384175 3651384189
3651384180 -22929370 -43321766 490920023
1776099711 -22929368 -43326949 3651384188 1776099705 1776099706
3651384179 -22929367 -43321696 3651384178
3651384178 -22929364 -43321726 3651384180
3651384176 -22929331 -43321266 3651384182
3651384175 -22929322 -43321192 3651384176 3651384181
3651384174 -22929313 -43327951 1776099712 3651384167
490920016 -22929302 -43321658 3651384180
3651384172 -22929270 -43321147 3651384175
1776099692 -22929251 -43324410 3651384171 1776099688
1776099705 -22929248 -43326781 1776099711 1776099683
3651384171 -22929232 -43324236 3651384169 1776099692
1776099706 -22929231 -43327113 1776099711 1776099685
3635589979 -22929199 -43321937 490932927 3635589970
3651384169 -22929188 -43324141 3651384166 3651384171
1776099690 -22929172 -43327587 1776099671 1776099709
3635258030 -22929155 -43321325 490920016
1776099688 -22929133 -43325164 1776099692 1776099681
3651384167 -22929125 -43327953 1776099694 3651384174
3651384166 -22929117 -43324069 3651384169 3651384164
1776099683 -22929105 -43326302 1776099705 1776099681
1776099681 -22929105 -43325850 1776099688 1776099683
1776099685 -22929097 -43327235 3651384161 1776099706
3635589977 -22929090 -43323307 3600348348 3635589974
490932927 -22929060 -43321888 490932923
3651384164 -22929035 -43324021 3651384166 3651384157
3651384161 -22929001 -43327275 1776099676 1776099685
490920003 -22928996 -43320932 3635258030
3651384157 -22928958 -43324012 3651383796 3651384164
1776099676 -22928903 -43327275 3651384161 1776099648
1776099694 -22928894 -43327922 3651384167 1776099667
490932923 -22928888 -43321816 490932917
1776099671 -22928861 -43327609 1776099690 1776099646
490919997 -22928853 -43320549 490920003 3651384172
3635589974 -22928853 -43323578 3635589977 3635589969
490932917 -22928765 -43321749 490932903
3635589971 -22928728 -43320007 490919993
490919993 -22928720 -43320151 490919997
1776099667 -22928700 -43327860 1776099694 3651384128
490932903 -22928641 -43321659 490932900
3635589970 -22928635 -43323175 3635589967 3635589979
3635589969 -22928589 -43323790 3635589965 3635589974
3651384132 -22928531 -43328762 1776099660 1776099661
1776099660 -22928524 -43328689 3651384126 3651384132
1776099646 -22928521 -43327542 1776099671 3651384125
1776099661 -22928507 -43328840 1776099653 3651384132
3651384128 -22928470 -43327719 1776099667 1776099629
1776099653 -22928469 -43328930 1776099661 3651383821
3651384126 -22928463 -43328530 1776099660 1776099639
3651384125 -22928453 -43327560 3651383824 1776099646
3635589967 -22928438 -43323452 3635589966 3635589970
490932900 -22928433 -43321446 2644165391
1776099629 -22928422 -43327659 3651384128 3651383824
3651383824 -22928422 -43327611 1776099629 3651384125
1776099639 -22928388 -43328382 1776099593 3651384126
3651383821 -22928381 -43328996 1776099653 3651383811
1776099648 -22928294 -43327091 1776099676 1776099608
3651383811 -22928291 -43329037 3651383821 1776099617
3635589966 -22928271 -43323592 3635589963 3635589967
3635589965 -22928220 -43323986 3651383789 3635589969
1776099608 -22928169 -43327073 1776099583 1776099648
3635589963 -22928070 -43323667 3635589966 3635589960
1776099619 -22928031 -43329835 3651383790 1776099696
1776099617 -22927958 -43329097 3651383787 3651383811
2644165391 -22927905 -43320790 490932896
3651383796 -22927904 -43324236 3651383792 3651384157
3651383792 -22927841 -43324236 3651383789 3651383796
3651383790 -22927811 -43329779 3651383786 1776099619
3651383789 -22927806 -43324199 3651383792 3635589965 3635589961
3651383787 -22927691 -43329135 1776099617 1776099581
1776099593 -22927690 -43327454 3651383785 1776099639
3635589961 -22927589 -43324278 3651383789 3635589959
3635589960 -22927577 -43323862 3635589958 3635589963
3651383786 -22927532 -43329729 3651383773 3651383790
3651383785 -22927529 -43327282 3651383780 1776099593
490932896 -22927529 -43320337 490932892
1776099583 -22927513 -43327056 1776099608 3651383781
3651383781 -22927490 -43327092 1776099583 3651383780
3635589959 -22927488 -43324273 3635589961 3635589956
3635589958 -22927484 -43323854 3635589952 3635589960
3651383780 -22927483 -43327184 3651383781 3651383785
3651383773 -22927421 -43329691 3651383786 1776099568
1776099581 -22927393 -43329151 3651383787 3651383765
490932892 -22927328 -43320050 2991353269 3772317437
3635589956 -22927308 -43324186 3635589959 3635589946
1776099568 -22927300 -43329627 3651383773 3651383760
3651383765 -22927217 -43329131 1776099581 1776099564
3651383760 -22927170 -43329517 1776099548 1776099568
1776099564 -22927087 -43329087 3651383765 3651383756
3651383756 -22926959 -43329038 1776099536 1776099564
1776099548 -22926937 -43329301 1776099518 3651383760
3635589952 -22926813 -43323484 3635589958 3635589943
1776099536 -22926813 -43328949 3651383749 3651383756
3635589946 -22926495 -43323624 3635589956 3635589945
3651383749 -22926493 -43328734 1776099536 3651383748
1776099518 -22926455 -43328837 3651383747 1776099548
3651383748 -22926446 -43328751 3651383749 3651383747
3651383747 -22926439 -43328790 3651383748 1776099518
3635589945 -22926405 -43323599 3635589946 3635589939
3635589943 -22926364 -43323255 3635589952 3635589935
3635589939 -22926258 -43323583 3635589945 3635589922
3635589935 -22926027 -43323189 3635589933 3635589943
3635589933 -22925844 -43323173 3635589926 3635589935
3635589926 -22925476 -43323153 3635589933 3635589924
3635589924 -22925375 -43323132 3635589923 3635589926
3635589922 -22925317 -43323639 3635589939 3651383732
3635589923 -22925272 -43323067 3635589910 3635589924
3651383732 -22925183 -43323611 3635589922 3635589911
3635589911 -22925079 -43323559 3635589893 3651383732
3635589910 -22925013 -43322865 3635589904 3635589923
3635589904 -22924912 -43322820 3635589910 3651383728
3635589893 -22924646 -43323243 3635589911 3635589856
3635589885 -22924312 -43321817 3635589876 3635589884
3635589884 -22924309 -43321730 3635589885 3635589867
3651383728 -22924250 -43322639 3635589851 3635589904
3635589876 -22924170 -43321767 3635589866 3635589885
3635589867 -22923987 -43321288 3635589884 3635589853
3635589866 -22923986 -43321660 3635589845 3635589876
3635589856 -22923811 -43323092 3635589893 3635589852
3635589853 -22923744 -43320863 3635589848 3635589867
3635589851 -22923663 -43322307 3635589846 3635589850 3651383728
3635589850 -22923657 -43322174 3635589847 3635589851
3635589848 -22923636 -43320781 3635589853 3635589841
3635589847 -22923602 -43322037 3635589843 3635589850
3635589852 -22923596 -43323057 3635589840 3635589849 3635589856
3635589845 -22923588 -43321345 3635589866 3635589842
3635589846 -22923587 -43322612 3635589844 3635589851
3635589849 -22923571 -43322944 3635589852 3635589844
3635589844 -22923562 -43322791 3635589849 3635589846
3635589843 -22923474 -43321820 3635589847 3635589839
3635589842 -22923470 -43321322 3635589845 3635589838
3635589841 -22923460 -43320737 3635589848 3635589824
3635589840 -22923387 -43323038 3635589799 3635589852
3635589839 -22923376 -43321715 3635589836 3635589843
3635589838 -22923345 -43321319 3635589802 3635589842
3635589836 -22923264 -43321631 3635589800 3635589839
3635589824 -22922976 -43320684 3635589841 3635589793
3635589818 -22922892 -43322345 3635589816 3635589817
3635589817 -22922889 -43322300 3635589818 3635589815
3635589816 -22922885 -43322388 3635589813 3635589818
3635589815 -22922874 -43322253 3635589817 3635589812
3635589813 -22922867 -43322423 3635589796 3635589816
3635589812 -22922843 -43322204 3635589815 3635589808
3635589808 -22922790 -43322145 3635589812 3635589805
3635589805 -22922737 -43322107 3635589801 3635589808
3635589803 -22922731 -43324502 3635589795
3635589800 -22922679 -43321511 3635589798 3635589836
3635589802 -22922678 -43321435 3635589798 3635589838
3635589801 -22922675 -43322075 3635584291 3635589805
3635589799 -22922650 -43323111 3635589840 3635589797
3635589798 -22922639 -43321478 3635589800 3651383725 3635589802
3635589797 -22922566 -43323087 3635589799 3635589794
3635589796 -22922566 -43322833 3635589813 3635584292
3635589795 -22922523 -43324291 3635584282 3635589803
3635589794 -22922506 -43323048 3635589797 3635584292
3635589793 -22922493 -43320743 3635589824 3635584280
3635584292 -22922489 -43322991 3635589794 3635589796
3651383725 -22922475 -43321494 3651382724 3635589798
3635584291 -22922469 -43321982 3635589801 3635584290
3651382724 -22922400 -43321515 3651382723 3651383725
3635584290 -22922380 -43321919 3635584291 3635584287
3651382723 -22922341 -43321549 3651382722 3651382724
3635584287 -22922338 -43321856 3635584290 3635584285
3651382722 -22922300 -43321586 3651382721 3651382723
3635584285 -22922294 -43321770 3635584283 3635584287
3651382721 -22922272 -43321647 3635584283 3651382722
3635584283 -22922272 -43321708 3635584285 3651382721
3635584282 -22922234 -43324081 3635584276 3635589795
3635584280 -22922177 -43320828 3635589793 3635584271
3635584276 -22922147 -43324004 3635584282 3635584272
3635584272 -22922066 -43323982 3635584270 3635584276
3635584271 -22921945 -43320936 3635584280 3635584268
3635584270 -22921940 -43323984 3635584269 3635584272
3635584269 -22921821 -43323963 3635584265 3635584270
3635584268 -22921596 -43321255 3635584267 3635584271
3635584267 -22921437 -43321317 3635584262 3635584268
3656253890 -22921361 -43329933 3656253893
3635584266 -22921342 -43322417 3635584264 3635584263
3635584265 -22921303 -43323802 3635584258 3635584269
3635584264 -22921301 -43322291 3635584260 3635584266
3635584263 -22921291 -43322569 3635584266 3635584261
3656253888 -22921291 -43329814 3656253890
3635584262 -22921289 -43321304 3635584267 3635584259
3656253886 -22921219 -43329697 3656253888
3635584261 -22921202 -43322698 3635584263 3635584257
3656253884 -22921146 -43329581 3656253886
3635584260 -22921135 -43322124 3635584253 3635584264
3656253883 -22921125 -43329951 3656253881
3656253882 -22921071 -43329466 3656253884
3635584259 -22921061 -43321255 3635584262 3635584256
3656253881 -22921050 -43329829 3656253879
3656253880 -22920995 -43329353 3656253882
3656253879 -22920974 -43329708 3656253875
3656253877 -22920917 -43329240 3656253880
3635584258 -22920899 -43323606 3635584255 3635584265
3656253875 -22920897 -43329588 3656253873
3635584257 -22920887 -43323110 3635584254 3635584261
3656253874 -22920837 -43329129 3656253877
3656253873 -22920817 -43329469 3656253872
3635584256 -22920814 -43321156 3635584252 3635584259
3635584255 -22920810 -43323510 3635584254 3635584258
3635584254 -22920790 -43323312 3635584255 3635584257
3656253872 -22920736 -43329352 3656253871
3656253871 -22920653 -43329236 3656253870
3635584253 -22920641 -43321704 3635584249 3635584260
3635584252 -22920305 -43320890 3635584256 3635584251
3635584251 -22920245 -43320871 3635584252 3635584250
3635584250 -22920214 -43320884 3635584251 3635584248
3635584249 -22920185 -43321158 3635584247 3635584253
3635584248 -22920160 -43320948 3635584247 3635584250
3635584247 -22920143 -43321036 3635584249 3635584248
