332238848 -22.9682243 -43.1797334 1108187393
148199729 -22.9682164 -43.1792838 2368196616
1108187847 -22.9681176 -43.1798358 332238848
1108187561 -22.9676105 -43.1782232 148199729
2368196615 -22.9675858 -43.1781785 1108187561
332238424 -22.967414 -43.1778885 2368196615 3487920993
1108187393 -22.9674096 -43.1783336 2368196614
2368196614 -22.9673961 -43.1783085 332238425
3487920993 -22.9673521 -43.1780675 332238425 3487920392
332238425 -22.9673185 -43.1781648 3487920392 1108187877
3487920392 -22.9672663 -43.1780699 1108187884
1108187884 -22.9672099 -43.1779671 148201823
1108187877 -22.9671752 -43.1782518 332238426
148201823 -22.966766 -43.1771581 332239013
332238873 -22.9667047 -43.1765125 332238424
1105622658 -22.9666471 -43.1772272 148201823
857592894 -22.966378 -43.1799114 857592893 857592895
332238876 -22.9663699 -43.1758556 332238873
1108187687 -22.966339 -43.1789583 1108187873
857592893 -22.9662989 -43.1799007 857592892 857592894
332238426 -22.9662571 -43.1788095 1108187498 1108187687
857592892 -22.9662495 -43.1799436 857592893 857592891
1108187551 -22.9661856 -43.1786796 332238426
332239013 -22.9661344 -43.1758876 332239010
1108187498 -22.9661198 -43.1788952 857592860
331953986 -22.9659402 -43.1763452 1108187520
1108187634 -22.9658394 -43.1776968 1105622658
1108187568 -22.9657902 -43.1779612 1108187551
332239010 -22.9657683 -43.1750907 331388216
857592860 -22.9657289 -43.1791402 857592858 857592862
148823597 -22.965693 -43.1777819 1108187634 1108187568
331388132 -22.965662 -43.1743298 332238876
1108187712 -22.9656429 -43.1776911 148823597
2122087676 -22.9656426 -43.1742849 331388132
1108187692 -22.965578 -43.1778488 148823597
331388087 -22.9655318 -43.1740277 2122087676 148201822
331388216 -22.9654677 -43.1744283 2122087677
763827809 -22.965465 -43.175333 1108187993
2122087677 -22.9654469 -43.1743763 148201822
148201822 -22.965371 -43.1741867 148201821 1105622654
1108187520 -22.9653055 -43.1766738 148823598 331953986
148199735 -22.9652989 -43.1735126 331388087
1108187787 -22.9652667 -43.176992 1108187712
148201821 -22.9652658 -43.1739616 148203072
857592862 -22.9652581 -43.179425 331954212
1105622654 -22.9652303 -43.1742552 1108187605
1105680050 -22.9652252 -43.1733912 148199735
857592858 -22.9652092 -43.1780632 1108187692
148823598 -22.9651474 -43.1767556 1108187512 1108187787 1108187520
1901583847 -22.9651425 -43.1732848 1105680050
148203072 -22.9651379 -43.173697 1901583751 378676491
1108188024 -22.9651192 -43.1766932 148823598
331387700 -22.9650788 -43.1732552 1901583847
1901583751 -22.9650613 -43.1736078 1901583808
2122078221 -22.9650577 -43.1729722 148199735
153790216 -22.9650357 -43.1729215 2122078221
1901583802 -22.9650163 -43.1732573 331387700
1108187512 -22.9650017 -43.1768311 331954211
1901583808 -22.9649848 -43.1736011 378675892
378676491 -22.96494 -43.1732687 378677193 1901583802
743696322 -22.9649134 -43.1799888 2172902424
378675892 -22.9648908 -43.1736508 2122078223
2172902424 -22.9648901 -43.1799438 332238427
2122078223 -22.9648332 -43.1736813 2122083658
378677193 -22.9648263 -43.173017 2122078220
2122078222 -22.9648135 -43.1733263 378676491
2122078220 -22.9648016 -43.1729584 153791884
1108187993 -22.9647977 -43.1756898 763827809 148823599
2422410183 -22.9647895 -43.1731555 378677114
331391051 -22.9647821 -43.1759319 1108188024
2162367376 -22.9647821 -43.1731911 2422410183
2162367388 -22.964781 -43.1733417 2162367371 2122078222
331954212 -22.9647793 -43.1783132 331954211 857592858
378677114 -22.9647668 -43.1730442 2122078225
378675924 -22.9647644 -43.1733495 2162367388
331387255 -22.9647631 -43.172251 153790216
2162367371 -22.9647601 -43.1732977 2162367392
332238427 -22.9647562 -43.1797538 2172902433 857592862
2162367392 -22.9647551 -43.1732548 2162367376
2162389883 -22.9647481 -43.1798725 332238427
2122078225 -22.9647432 -43.172989 378676445
378676445 -22.9646982 -43.1728767 153791884
148823599 -22.9646967 -43.1757438 331391051 1108187993
153791884 -22.9646612 -43.1726361 2422408124
1108187450 -22.964661 -43.1756583 148823599
2172902433 -22.9646521 -43.1795893 2172902421
2172902421 -22.9646263 -43.1795425 148824299
2422408124 -22.9644873 -43.1722189 153791883
331387252 -22.9644444 -43.1715239 331387255
1108187605 -22.964367 -43.1746755 331388086
153791883 -22.964365 -43.1719021 331387296
148823600 -22.9643377 -43.174928 1108187450
153790221 -22.9643154 -43.1712084 331387252
468169877 -22.964314 -43.173598 468169885 378675924
331954211 -22.9642979 -43.1771955 2170087804 331954210
331388086 -22.9642531 -43.1747309 148823600 1105622644
2169947675 -22.9642504 -43.1786207 331954212
2122083658 -22.9642338 -43.1739983 378675155
2169947670 -22.9642285 -43.1786334 2169947675
378675155 -22.9641749 -43.1740295 146168810
1105622644 -22.9641556 -43.1747784 331388085
331387296 -22.9641185 -43.1713284 153791881
148824299 -22.9640988 -43.1787088 2169947670 1014667980
1108187969 -22.9640967 -43.1743743 331388086
2122083657 -22.9640927 -43.1737146 468169877
2122083659 -22.9640699 -43.1743131 1108187969
378675338 -22.9640442 -43.1737407 2122083657
1014667980 -22.9640365 -43.1786131 2169947136
2169947136 -22.9640144 -43.1785787 454457684
146168810 -22.9639887 -43.174128 378675501 2122083659
468170548 -22.9639208 -43.1739732 146168810
468169885 -22.9638889 -43.1725282 2422408133
468170508 -22.963859 -43.1738322 378675338 468170548
378675501 -22.9638581 -43.174197 2203304141
153791881 -22.9638566 -43.1707002 153791880
331954210 -22.9638544 -43.1761659 148823599 331388085
468170555 -22.9638169 -43.1737385 468170508
2203304141 -22.9637963 -43.1742295 2203304108
2203304103 -22.9637612 -43.1738822 468170508
378675584 -22.9637265 -43.1738999 2203304103
2170087804 -22.9636464 -43.1775267 2170087752
2170087752 -22.9636121 -43.1775441 148824300
3749803938 -22.9635576 -43.1731703 468170555
454457684 -22.9634992 -43.1777843 2170087680
468170373 -22.96349 -43.1730122 3749803938 3749803937
2170087680 -22.9634823 -43.1777568 148824300
2422408133 -22.9634249 -43.1727766 468170563
2422408146 -22.963419 -43.1728515 468170373
148824300 -22.9634135 -43.1776451 331388499
331388085 -22.9634124 -43.1751396 2170359668 2162367380
468170563 -22.9634106 -43.1727986 2422408146
2162367380 -22.9633905 -43.1750888 2170359666
2170359666 -22.96337 -43.1750411 2170359670
2170359670 -22.9633447 -43.1749823 378673751
2170359668 -22.963338 -43.1751756 2162384039
2203304108 -22.9632913 -43.174495 378673751
378673751 -22.9631646 -43.1745643 378673758 378674564
378673758 -22.9631258 -43.1744742 378674410
378674410 -22.9630388 -43.1742721 378675584
378674564 -22.9630284 -43.1746359 2203304106
2203304106 -22.9629697 -43.1746635 2203304015
2203304111 -22.9629532 -43.1743182 378674410
2170087634 -22.9629445 -43.1766153 331954210
378674835 -22.9628999 -43.174348 2203304111
2170087606 -22.9628939 -43.1766403 2170087634
331388499 -22.9627925 -43.1766904 2170087606 148824301
148824301 -22.9627162 -43.1765672 2170087586
2200767018 -22.9627039 -43.1767378 331388499
2170087586 -22.9626936 -43.1765302 2162389881
2422406716 -22.9623553 -43.170252 2422406718 468169919
2422406718 -22.9623219 -43.1702571 2422406716 468170388
2162384039 -22.9623094 -43.1756742 2162389886
468170388 -22.9622801 -43.1702489 2422406718 2422406686
2422406686 -22.9622612 -43.1702369 2422406692 468170388
2162389881 -22.9622478 -43.1758225 2170087466
2422406692 -22.9622438 -43.1702062 2422406686 527726642
2170087466 -22.9622109 -43.1757765 2170087389
2162371230 -22.9621913 -43.1770123 2200767018
2162389886 -22.9621819 -43.1757066 148824302
2170087389 -22.962174 -43.1757454 148824302
3749803937 -22.9621719 -43.1737305 468170373 3749803933
2162371229 -22.9621406 -43.1770339 2162371230
148824302 -22.9621234 -43.1757188 146168814 2170087347
331388498 -22.9620998 -43.1770362 2162371229
2203304015 -22.9620969 -43.1751298 378672269
2162371231 -22.9620626 -43.1770221 331388498
2170087347 -22.9620449 -43.1757556 331388083
378672269 -22.9620421 -43.1751574 1105680026
2162371232 -22.9620278 -43.1769752 2162371231
1105680026 -22.962006 -43.1751767 2203304028
2203304028 -22.9619976 -43.1751811 378673118
2203303998 -22.9619655 -43.1748176 378674835
378672335 -22.9619084 -43.174848 2203303998
378673118 -22.961891 -43.1752375 146168814
378673120 -22.9617655 -43.1749241 378672335
331388083 -22.9615231 -43.1759628 2162371232
1105680104 -22.9614807 -43.1747514 468170368
146168814 -22.9614742 -43.175458 1402823582
2203274305 -22.9613852 -43.1756173 331388083
198137895 -22.9613755 -43.1788928 248494389
1402823582 -22.9613487 -43.1755296 2496759555 2203274305
2838778150 -22.9613344 -43.1717444 2838778149
2838778149 -22.9613044 -43.1717069 2838778150 2838778148
3749803933 -22.9612941 -43.174197 468170368 3749803937
2838778148 -22.9612564 -43.1716581 2838778147 2838778149
468170368 -22.9612396 -43.174228 3749803933 1105680033 1105680104
2838778147 -22.961201 -43.1716239 2838649711 2838778148
248494389 -22.9611688 -43.1788175 198137894
2838649711 -22.9611561 -43.1715914 2838778147 2838778146
1105680033 -22.96113 -43.1739789 468170368
2838778146 -22.9610795 -43.1715148 2838778145 2838649711
857630435 -22.9610617 -43.170024 2422404947 2422404911
2422404947 -22.961 -43.1700808 857630433 857630435
198137894 -22.9609409 -43.1787298 198138976
857630433 -22.9609336 -43.1700887 2422404925 2422404947
2838778145 -22.9609251 -43.1713454 2838778182 2838778146
2422404925 -22.9608985 -43.1700825 2422404926 857630433
2838778182 -22.9608721 -43.171286 2838778145 2838778144
2496759555 -22.9608533 -43.1757952 146155462
2422404926 -22.9608391 -43.1700355 2422404918 2422404925
2838778144 -22.9607931 -43.1711972 2838778172 2838778182
2422405565 -22.9607883 -43.1705011 2422405562
2838778172 -22.9607381 -43.1711149 2838778143 2838778144
2422405562 -22.960717 -43.1705261 857630412 2422405565
2838778143 -22.9607137 -43.1710784 2838778142 2838778172
2496759568 -22.9607136 -43.1754754 378673120
2838778142 -22.9606612 -43.1710116 2838778141 2838778143
2422404916 -22.9606441 -43.1705935 2422404924 857630412
857630412 -22.9606385 -43.1705433 2422404916 2422405562 2422404948
2422404924 -22.9606113 -43.1706593 2422404916 857630407
2838778141 -22.9606057 -43.1709872 2838778140 2838778142
198138976 -22.9605611 -43.178629 198138977 198137892
2838778140 -22.9605502 -43.1710035 2838778163 2838778141
2422404948 -22.9605367 -43.1704485 2422404938 857630412
857630407 -22.9605178 -43.1707258 2422404937 2422404924
2422404938 -22.9605177 -43.1704087 857630415 2422404948
2838778163 -22.9605137 -43.1710133 2838778139 2838778140
198137892 -22.9604855 -43.1785209 198137891
2838778139 -22.9604168 -43.1710393 2838778163 2838778138
198138977 -22.9603664 -43.1786108 198138979
198137891 -22.9603331 -43.1783721 198137889
2838778138 -22.9603238 -43.1710686 2838778139 2838778137
2422404937 -22.9602742 -43.1708492 857630405 857630407
857630405 -22.9602321 -43.1708579 2422404937 2422404919
2838778137 -22.9601889 -43.1710702 2838778136 2838778138
2422404919 -22.9601538 -43.170838 857630405 2422404946
2422404946 -22.9601191 -43.1708043 857630401 2422404919
857630401 -22.9600988 -43.1707671 2838778127 2422404946
2838778136 -22.960045 -43.17108 2838778135 2838778137
2838778127 -22.9600364 -43.1704954 2838803703 2838778128 857630401
2838778128 -22.9600225 -43.1706485 2838778127 2838778129
2838778129 -22.9600165 -43.170769 2838778128 2838778130
2838778130 -22.9600075 -43.1708097 2838778129 2838778131
