529726965 -22.8599994 -43.2523623 529726954 1779400620
529739092 -22.8598772 -43.2560888 1779400618
1779400619 -22.8598388 -43.2536673 3196291574 529726965
1015728341 -22.8597083 -43.2593316 1015727847 1015728131 1015728329
1779400618 -22.8596968 -43.2561629 1779400614 1779400621 1779400613
1015728329 -22.8593926 -43.2587041 1015728341
1779400616 -22.8593885 -43.2578722 2366960751 1779400621 1779400614
2366960747 -22.8592358 -43.2582758 618142076 618141302
1015728131 -22.8592136 -43.2596652 618141299 618141302 1015728341
529726967 -22.8592085 -43.2535983 1779400619
1779400615 -22.8591059 -43.2510734 1779400607 1779400613 1779400620
2366960751 -22.8590006 -43.2580029 2366960750 1779400616
1779400614 -22.8588678 -43.2564393 1779400612 1779400616
529726968 -22.8587735 -43.2533923 529726967
1779400613 -22.8587051 -43.2533181 529726968 1779400615 1779400618
618141302 -22.8586965 -43.2584546 2366960746 2366960747 1015728131
2366960746 -22.8585785 -43.2584937 486210752 618141302
1779400612 -22.8584882 -43.2565463 2013148860 1779400610
2366960750 -22.8584584 -43.2581856 1779400611 2366960751
2013148860 -22.8583527 -43.2565995 529739090
1779400611 -22.8583245 -43.2582307 1779400605 2366960750
529726972 -22.8583227 -43.2529031 1779400613
529739090 -22.8582373 -43.2566867 529739087
486210752 -22.8581209 -43.2586455 2366960746 618141515
529726973 -22.8580063 -43.2526284 529726972
1779400610 -22.857947 -43.2536341 1779400612 529726975
529739087 -22.8579151 -43.2570497 2993854179
1779400609 -22.8577879 -43.2517237 529726975 1779400608
529726975 -22.8577849 -43.2525426 1779400610 1779400609 529726973
618141515 -22.8576742 -43.2587947 486210743 486210752 618141391
2993854179 -22.8576583 -43.2573099 1779400606
1779400608 -22.8576445 -43.2511014 1779400609 1779400607
1779400607 -22.8575998 -43.2508272 1779400615 1779400604 1779400608
1779400606 -22.8575898 -43.2573718 529739083
1779400605 -22.8575445 -43.2585394 1779400611
1779400601 -22.8573005 -43.2552666 1779400597
529739083 -22.8571402 -43.2577477 2895527527
1779400600 -22.8569586 -43.2539856 1779400597 1779400599
1779400599 -22.8569473 -43.2538512 1779400600 1779400598
1779400598 -22.8568656 -43.2537503 1779400599 1779400592
2895527527 -22.8567022 -43.2581742 1779400594
1779400597 -22.8566969 -43.255135 1779400601 1779400600
529726976 -22.8566934 -43.2523108 529726975 1779400595
486210743 -22.8566815 -43.2591262 486210730 618140123 618141515
486210730 -22.85646 -43.2591948 486210743 2676255679
2676255679 -22.8562994 -43.2593158 486210730 486210720
1779400594 -22.8562066 -43.258575 1779400591 3327663420
486210720 -22.8560725 -43.2594867 618139139 2676255679
1779400593 -22.8558377 -43.2522788 529726976 1779400592
529726977 -22.855776 -43.2522765 1779400593
618139139 -22.8557391 -43.2597471 486210708 486210720
529726978 -22.855689 -43.2522765 529726977
1779400592 -22.8556699 -43.2524285 1779400598 1779400589 1779400593
529726980 -22.8554596 -43.2522422 529726978
1779400591 -22.8553635 -43.2592444 529739080 1779400578
2255097816 -22.8553469 -43.2521624 529726980
2255097812 -22.8552419 -43.2521656 2255097816
2255097822 -22.8551683 -43.2521793 2255097812
1779400589 -22.8551006 -43.2529367 1779400587 1779400592
1779400587 -22.854997 -43.2532047 2993854174 1779400589
529739080 -22.8548782 -43.2596532 1779400586
2255097811 -22.85487 -43.252381 2255097822
1779400586 -22.8548535 -43.259697 2366984981 1779400571
2255097814 -22.8548489 -43.2523941 2255097811
3327663415 -22.8547804 -43.2529012 3327663414
3327663416 -22.854775 -43.2530237 3327663415
3327663414 -22.8547616 -43.2525529 2255097814
2993854174 -22.8547295 -43.2543386 1779400584 1779400587
2255097820 -22.8546841 -43.252425 2255097814
529726833 -22.8546608 -43.2503968
1779400584 -22.8546498 -43.2546873 2895527526 2993854174
1779409320 -22.8545223 -43.2506195 529726833
2895527526 -22.8545027 -43.2551305 1779400580 1779400584
529726816 -22.8544472 -43.2507401 1779409320
3327663417 -22.8543587 -43.2548003 3327663416
1779400580 -22.854317 -43.2553774 2895527527 2895527526 3327663418 1779400575
3327663418 -22.8542257 -43.2552477 3327663417
1779400578 -22.8542098 -43.2578461 1779400563 1779400571
1779400575 -22.8540313 -43.2554932 1779400580 3327663419
3327663420 -22.8539396 -43.2558482 1779400594 3327663419
2255097818 -22.8539222 -43.2522812 2255097820
3327663419 -22.8537865 -43.2556121 1779400563 3327663420 1779400575
1779400571 -22.8537387 -43.2583617 1779400586 1779400578
1779409314 -22.8536739 -43.2521599 529726816 2255097818 1779409309
1779400569 -22.8536052 -43.2544651 3327663419 1779400564
1779400568 -22.8533287 -43.2528615 1779400569 1779409314
1779409309 -22.8533122 -43.2519562 1779409306 1779409314 1779409305
1779409310 -22.8532873 -43.2529401 1779400568 1779409305
1779400563 -22.8530053 -43.2562982 1779400559 3327663419
1779400564 -22.8529752 -43.2546313 1779400559 1779400569
1779409306 -22.8529041 -43.2515331 1779409303 1779409301 1779409309 1779409318
1779409307 -22.8529026 -43.2536697 1779409310 1779409299
1779409305 -22.8527618 -43.2527113 1779409302 1779409310 1779409309
529726818 -22.8526597 -43.2541305 1779409307
1779409303 -22.8525853 -43.2510042 1779409297 1779409300 1779409306
1779409302 -22.8525505 -43.2526371 1779409301 1779409305
1779400559 -22.8524108 -43.2554981 1779400555 1779400564
1779400560 -22.852406 -43.2574205 1779400583
1779409300 -22.8523412 -43.2505865 1779409296 1779409303 3327700173 3327700172
1779409301 -22.8523163 -43.2523119 1779409297 1779409302 1779409306
3327700172 -22.8521197 -43.250705 1779409295 1779409300 3327700171
1779400555 -22.8521071 -43.2549646 1779409290 529726818
1779400558 -22.852098 -43.2580136 1779400535
1779409299 -22.8520903 -43.2531896 1779409290 1779409293 1779409307
1779400554 -22.8520228 -43.2590699 1779400565 1779400548
1779409297 -22.8520011 -43.2518127 1779409303 1779409301 3327700171
529726821 -22.8517264 -43.2553922 1779400555
1779400552 -22.8517206 -43.2585776 1779400554
3327700171 -22.851702 -43.2512297 1779409295 1779409297 3327700172
1779409295 -22.8515984 -43.2509838 3327700172 1779409291 3327700171
1779409293 -22.8515655 -43.2526694 1779409283 1779409299
1779400550 -22.8515365 -43.2583136 1779400552 1779400529
1779400548 -22.8514846 -43.2594102 1779400537 1779400554
1779409290 -22.8514127 -43.2541925 1779409285 1779409299 1779400555 1779409266
1779400547 -22.8513838 -43.2556626 1779400560 529726821
1779400542 -22.8511007 -43.257626 1779400550 1779400520
1779400537 -22.8510604 -43.2599214 1779400529 1779400548 1779400536
529726823 -22.8510304 -43.2559415 1779400547
1779400535 -22.8508317 -43.2561013 529726823
1779409285 -22.8506521 -43.2548938 1779409284 1779409290 1779409269
1779400530 -22.850628 -43.2569599 1779400523 1779400542
1779409284 -22.8505976 -43.2549444 1779409278 1779409285
1779409283 -22.8505742 -43.2515876 1779409281 1779409293
1779400529 -22.8504708 -43.2591461 1779400524 1779400550
1779409281 -22.850324 -43.2512607 1779409280 1779409283 1779409270
1779400528 -22.8502949 -43.2565331 1779400535 1779409274 1779400530
1779409280 -22.8502304 -43.2508825 1779409279 1779409281
1779409278 -22.8501842 -43.2553185 1779409274 1779409284 3196291564
1779409279 -22.8501508 -43.2503649 1779409286 1779409280
1779400524 -22.8498977 -43.2596915 1779400532 1779400519 1779400518
1779400520 -22.8497711 -43.2587001 1779400542 1779400519
1779400523 -22.8497219 -43.2577324 1779400530 1779400516
529726824 -22.8496858 -43.257023 1779400528
1779409274 -22.8496046 -43.2557943 1779409246 1779409278 3196291562 1779400528
3196291564 -22.8494652 -43.254491 3196291563 1779409278 3196291562
1779409271 -22.8493459 -43.2514847 1779409270 1779409268
1779409263 -22.8493345 -43.2522251 1779409261 1779409233 1779409266
1779400519 -22.8493296 -43.2592032 1779400512 1779400516 1779400520
1779409270 -22.8493248 -43.2514237 1779409267 1779409271 1779409281
1779409269 -22.8493231 -43.2534171 1779409260 1779409285
1779409266 -22.8493193 -43.2520065 1779409290 1779409268 1779409263
1779409268 -22.8493176 -43.2518121 1779409271 1779409266
1779409267 -22.8493023 -43.2513585 1779409259 1779409270
1779409262 -22.8492763 -43.2575522 529726824 1779409258
1779409261 -22.8492063 -43.2527274 1779409263
1779409260 -22.8490753 -43.2531787 3196289060 1779409269
3196291563 -22.8490563 -43.2540641 1779409256 3196291564
1779409259 -22.8489916 -43.2504854 1779409257 1779409267
1779409258 -22.8489151 -43.2571868 1779409237 1779409246 1779409262
3196291562 -22.8488939 -43.2550718 1779409274 3196291564 3196291561
1779400516 -22.848873 -43.2587762 1779400523 1779409247
1779409257 -22.8488249 -43.2500693 1779409255 1779409253 1779409259
1779409256 -22.8487632 -43.2538164 1779409242 3196291563
1779409253 -22.8487257 -43.2500233 1779409250 1779409257
1779409250 -22.8486271 -43.2500111 1779409248 1779409253
1779409248 -22.8485777 -43.2500291 1779409249 1779409250 1779409245
3196291561 -22.8485662 -43.2547387 1779409238 3196291562
1779409247 -22.8485595 -43.2584863 1779409262 1779409237
1779409246 -22.8485186 -43.2567855 1779409274 1779409235 1779409240 1779409258
1779409245 -22.8484891 -43.2504665 1779409248 1779409243
1779409243 -22.848368 -43.2511877 1779409245
1779409242 -22.8483582 -43.2536047 1779409256
3196289060 -22.8481949 -43.2528168 1779409236 1779409260
3196289059 -22.8480664 -43.2533972 1779409238
1779409240 -22.8480121 -43.2571576 1779409231 1779409246 1779409229
1779409237 -22.8479268 -43.257915 1779409231 1779409258 1779409247
1779409239 -22.8479131 -43.2502829 1779409233 1779409230 1779409241
1779409238 -22.8479093 -43.2540718 1779409234 3196291561 3196289058 3196289059
3196289058 -22.8478555 -43.2541199 3196289057 1779409238
1779400499 -22.847826 -43.2594044 1779409208 1779400512 1779409247
1779409235 -22.8477375 -43.2559772 1779409246
1779409233 -22.8476323 -43.2517925 1779409236 1779409239 1779409224 1779409263
529726825 -22.8476214 -43.2596665 1779400499
1779409234 -22.8475914 -43.2539208 1779409238 1779409228
3196289057 -22.8475521 -43.2547477 3196289058
1779409231 -22.8475286 -43.2575717 1779409237 1779409240 1779409216
1779409236 -22.8474469 -43.2526367 1779409233 1779409214 1779409228 3196289060
1779409228 -22.8473117 -43.2538772 3196289056 1779409236 3196289052 1779409234
1779409230 -22.8472548 -43.250074 1779409232 1779409224 1779409239 1779409217
3196289056 -22.8472384 -43.2545607 1779409228
1779409229 -22.8472193 -43.2564723 1779409220 1779409240
1779409226 -22.8470208 -43.2553372 1779409225
1779409225 -22.8469939 -43.255326 1779409226 1779409222
1779409224 -22.8469045 -43.2515935 1779409230 1779409212 1779409233
1779409222 -22.8467731 -43.2552912 1779409221 1779409213 1779409225
1779409221 -22.8467496 -43.2556641 1779409222 1779409220
1779409220 -22.8466918 -43.256112 1779409229 1779409221 1779409216
1779409216 -22.8466149 -43.2568179 1779409231 1779409220 1779409211
3196289053 -22.8464207 -43.2529145 3196289052
3196289052 -22.8463644 -43.2537184 1779409204 3196289053 1779409228 3196289051
1779409214 -22.8462974 -43.2523231 1779409206 1779409236
3196289051 -22.8462973 -43.2547393 3196289052
1779409213 -22.8461703 -43.2551964 1779409211 1779409210 1779409222
1779409212 -22.8461177 -43.2513783 1779409205 1779409224
1779409211 -22.8460242 -43.2565706 1779409213 1779409207 1779409216
1779409210 -22.8458673 -43.2551487 1779409213 1779409203
501029139 -22.8457774 -43.2592475 1779409209 501028239
1779409209 -22.8457545 -43.2589068 1779409208 1779409227
1779409208 -22.8456501 -43.257355 501029072 1779400499
501029072 -22.8456429 -43.2572477 501029088 501029315
501029315 -22.8456034 -43.2566898 1779409207
1779409207 -22.8455578 -43.2564131 501029303 1779409211
501029250 -22.8455084 -43.2520893 501029243
1779409206 -22.8455061 -43.2521108 1779409214 501029250
501029303 -22.8454847 -43.2559688 501029119 501029295
501029243 -22.8454768 -43.251805 1779409205 501029526
1779409205 -22.8454 -43.2511685 1779409212 501029236
501029273 -22.8453768 -43.2533322 1779409206 501029428
501029526 -22.84536 -43.2519114 501029250 501029468 501029243
501029286 -22.8453423 -43.2539175 1779409204
1779409204 -22.8453423 -43.2536166 501029280 3196289052
501029280 -22.8453423 -43.2535827 501029428 501029273
501029295 -22.8453265 -43.2552049 1779409203
1779409203 -22.845317 -43.2550656 501029290 1779409210
501029236 -22.845311 -43.2504313 501029825 501029501
501029290 -22.8452949 -43.2547414 501029286
501029428 -22.845241 -43.2534559 501029468 501029423 501029273
501029825 -22.8452 -43.2501838 501029818
501029423 -22.8450734 -43.2536085 501029413 501029428
501028239 -22.8449878 -43.258875 501028210 501029139 501028728
501029115 -22.8449627 -43.2580116 501029088
501029088 -22.8449144 -43.2569324 501029092 501029115 501029072 501029119
501029119 -22.8448359 -43.2557722 501029303 501029749 501029088
501029501 -22.8446342 -43.2510552 501029474 501029526 501029236
501029468 -22.8445556 -43.2526441 501029474 501029383 501029526
501029413 -22.8445276 -43.2541063 501029399 501029423
501029399 -22.8444485 -43.254132 501029392 501029413
501029392 -22.8443615 -43.2540891 501029399 501029383
2990681811 -22.8443544 -43.2598835 501027910 2990681812 501027919
501027919 -22.8442903 -43.2596509 2990681811 501027923
501029749 -22.8442666 -43.2555997 501029761 501029119
501026262 -22.8440795 -43.2502168 501029501 146437172
501027923 -22.844053 -43.2593248 501027919 501027927
501027927 -22.8438948 -43.2592647 501027923 501027936
501029474 -22.8438653 -43.2518125 146437172 501029501
501029383 -22.8438078 -43.2533252 501030097 501029468 501029392
501027936 -22.843705 -43.2592733 501027944 501027927
501030097 -22.8436022 -43.2535741 501029864 501029383
501029864 -22.8433174 -43.2540891 501029761 501030097 501029295
146437172 -22.8432648 -43.2509551 2368379490
501029092 -22.8431434 -43.2561661 501029088 501029098 501029158
501028728 -22.8431162 -43.257992 501028739 501029158 501028239
2368379490 -22.8431074 -43.251093 501026242
2251338710 -22.842951 -43.250695 1779426563 2251338704
501028324 -22.8429019 -43.2596508 501028515 501028337
501029761 -22.8428999 -43.2549858 501029749 501026236 501029864
501028337 -22.8428943 -43.2596105 501028324 501027944
501028515 -22.8428922 -43.2597027 501028324 501028510
501027944 -22.8428746 -43.2595754 501027936 501028337 501028347
2368379487 -22.8428714 -43.250768 2251338710
501028510 -22.8428707 -43.2597367 501028487 501028515
501028347 -22.8428449 -43.2595498 501027944 501028365
501028487 -22.8428399 -43.2597606 501028477 501028510 2990681825
501028365 -22.842809 -43.2595367 501028393 501028347
501028477 -22.8428034 -43.2597717 501028487 501028462
501028462 -22.8427656 -43.2597686 501028454 501028477
501028393 -22.8427541 -43.259543 501028365 501028406
501028454 -22.8427311 -43.2597516 501028440 501028462
501028406 -22.8427215 -43.259564 501028393 501028416
501028440 -22.8426989 -43.2597143 501028454 501028173 501028433
501028416 -22.8426975 -43.2595959 501028424 501028406
501028433 -22.8426855 -43.2596759 501028424 501028440
501028424 -22.842685 -43.2596347 501028416 501028433
501029158 -22.8426846 -43.2577884 501029092 501028728 501029166
501028739 -22.8425501 -43.2582605 501028728 501028746
501028746 -22.8423682 -43.2584407 501028739 501028754
501029098 -22.8423644 -43.255829 501029092 501028697 501029166
501028754 -22.8421863 -43.2587326 501028746 501028762
501028762 -22.8419411 -43.25893 501028754 501028771
501029166 -22.8417196 -43.2578743 501029158 501029098 501028691
501028697 -22.8416358 -43.2555137 501029098 146437171 501028665
501029850 -22.8416326 -43.2531278 501029864
146481156 -22.8414581 -43.2520647 2368379487
501028771 -22.8414507 -43.2590158 501028762 501028780
501028665 -22.8413241 -43.2565525 3196321197 501028697 501028691
501026242 -22.8413192 -43.252744 501029850 2368379489
501028150 -22.8411659 -43.2599256 501028173 501028143 501028780
2251338713 -22.8411431 -43.2501966 3819158787 2251338704
501028691 -22.8408891 -43.2579258 501028665 501028998 501029166
501028780 -22.8408732 -43.2590072 501028150 501028846 501028771
3819158787 -22.8407257 -43.2513626 2251338713 2251338701
501028846 -22.8406274 -43.2583482 501028998 3819158788 501028780
2251338701 -22.8406243 -43.2515377 3819158787 3230477035
3230477035 -22.8405963 -43.2515633 2251338697 2251338701
3196321197 -22.8405231 -43.25616 501028665 501029019 3196321195
501028998 -22.8404698 -43.2579258 501028846 501029011 501028691
3819158788 -22.8403452 -43.2586359 501028846 3819158789 501028143
2368379489 -22.840323 -43.2536639 501026236
501029011 -22.8403195 -43.2576854 501028998 501029019
501028143 -22.8402167 -43.2587669 3819158790 3819158788
501026236 -22.8402032 -43.2537745 501029761 146437171
3196321195 -22.8401389 -43.2559997 3196321197 501026219 3196321194
3819158790 -22.8401117 -43.2588779 501027371 501028143 3819158791
501029019 -22.8400822 -43.2575138 501029011 3196321197 3196321194
2368379492 -22.8400661 -43.2533423 146481156
