144349087 -22899364 -43689138 144349085 144349089
144349085 -22898241 -43688005 1314997532 144349087
1314997532 -22897970 -43687689 144349085 1314997520
1314997520 -22897796 -43687430 1314997532 144349083
144349083 -22897292 -43686692 144349081 1314997520
2288215851 -22896970 -43680014 2288213232 2288213233 2288215850
2288213233 -22896656 -43680536 2288215851
144349081 -22896597 -43685207 144349079 144349083
145063276 -22896585 -43681407 145063277
145063277 -22896585 -43681055 145063279
145063279 -22896498 -43680737 145063280
145063274 -22896466 -43681750 145063276
145063280 -22896213 -43680428 145063281
1314997508 -22895925 -43682586 145063274
145063281 -22895838 -43680226 3005417651
3005417653 -22895789 -43680513 1314997507
1314997517 -22895784 -43680623 3005417653
1314997507 -22895754 -43680400 1314997519
1314997538 -22895746 -43680740 1314997517
1314997516 -22895677 -43680895 1314997538
1314997519 -22895648 -43680230 1314997554
145063273 -22895639 -43682980 1314997508
1314997551 -22895633 -43680869 1314997538
1314997562 -22895623 -43680987 1314997516
3005417651 -22895574 -43680041 3005417652
144349079 -22895532 -43681918 144349081 1314997515
1314997535 -22895509 -43680912 1314997551
1314997563 -22895504 -43681233 1314997562
1314997515 -22895494 -43681686 1314997583
1314997582 -22895479 -43681400 1314997563
1314997583 -22895478 -43681532 1314997582
1314997569 -22895376 -43680912 1314997535
145063272 -22895351 -43683403 145063273
1314997522 -22895257 -43680842 1314997569
1314997584 -22895174 -43683980 145063272
1314997587 -22895153 -43680676 1314997522 144349079
145067519 -22895149 -43682369 145067520
145067520 -22895130 -43683179 145067522
145067516 -22895110 -43681378 145067519
145067522 -22895083 -43683754 145067523
145063270 -22895062 -43684690 1314997584
145067523 -22894962 -43684784 1314983880
145067515 -22894947 -43680357 145067516
145063269 -22894921 -43685623 145063270
1314983880 -22894807 -43685723 1314983804
1314983661 -22894675 -43686907 145063269
1314983804 -22894603 -43686885 1314983625
1314983605 -22894557 -43687505 1314983661
1314983625 -22894486 -43687448 3005417627
