590224457 -22799830 -43579342 590224454 590224459
590224459 -22799534 -43579203 590224457 590224462
590224462 -22799306 -43579009 590224459 590224464
590224464 -22799070 -43578726 590224462 1762269360 1762269607 1762269548
1762269360 -22798908 -43578553 1762269444 590224464
1762269607 -22798908 -43578315 590224464 590224466
1762269444 -22798705 -43578210 1762269490 1762269360 1762269448
590224466 -22798643 -43577926 1762269607 590224469
590224469 -22798455 -43577679 590224466 590224471
1762269490 -22798413 -43577791 1762269525 1762269444
1762269411 -22798344 -43579631 1762269340
1762269448 -22798336 -43578484 1762269581 1762269604 1762269444
1762269525 -22798260 -43577636 1762269356 1762269490
1762269604 -22798127 -43578133 1762269448 1762269464 1762269389
1762269340 -22798122 -43579907 1762269315 1762269364 1762269411 1762269553
1762269548 -22798018 -43578800 1762269581 590224464
1762269464 -22797910 -43577768 1762269317 1762269604 1762269325
1762269581 -22797844 -43578850 1762269448 1762269270 1762269548
1762269356 -22797794 -43577300 1762269321 1762269525 1762269325
1762269325 -22797711 -43577433 1762269321 1762269546 1762269356 1762269464
1762269270 -22797676 -43578945 1762269581 1762269553
1762269321 -22797508 -43577094 1762269280 1762269356 1762269325 1762269438
590224471 -22797496 -43576960 590224469 590224473
1762269280 -22797429 -43577037 1762269321 1762269369
1762269553 -22797355 -43579183 1762269450 1762269270 1762269340
590224493 -22797308 -43570244 1762932442 590224494
590224489 -22797288 -43571081 590224487 590224492
1762932442 -22797283 -43570519 590224493 1762932329 590224492
590224492 -22797278 -43570566 590224489 1762932442
590224473 -22797269 -43576767 590224474 590224471
590224487 -22797269 -43571553 590224489 1762932035
1762932035 -22797264 -43571598 590224487 1762932186 1762932050
1762269369 -22797162 -43576804 1762269280 1762269238
1762932050 -22797159 -43572574 1762932423 1762932035 1762932465
590224474 -22797120 -43576574 590224473 590224475
1762932423 -22797094 -43573180 1762932430 590224484 1762932050
1762269238 -22797090 -43576695 1762269496 1762269369 1762269554
1762269496 -22797024 -43576595 1762269536 1762269238
590224475 -22797021 -43576274 590224474 1762269236
1762269236 -22796988 -43575470 1762269410 590224475 590224482 1762932448
590224484 -22796972 -43574310 1762932423 590224482
1762269536 -22796964 -43576456 1762269531 1762269496
590224482 -22796962 -43574857 1762269236 590224484
1762269466 -22796934 -43579585 1762269364 1762269497
1762269450 -22796928 -43579501 1762269497 1762269553 1762269389
1762269531 -22796915 -43576268 1762269410 1762269536 1762269268
1762932329 -22796914 -43570501 1762932442 1762931816 1762932084
1762269410 -22796909 -43575964 1762269531 1762269236
1762269497 -22796894 -43579526 1762269564 1762269450 1762269466
1762932084 -22796880 -43570390 1762932329 1762932111
1762269389 -22796709 -43579143 1762269317 1762269604 1762269516 1762269450
1762932430 -22796672 -43573210 1762931922 1762931802 1762932423
1762932448 -22796578 -43575525 1762931920 1762931808 1762269236
1762931922 -22796569 -43574456 1762932430 1762932457
1762931920 -22796564 -43575132 1762932448 1762932457
1762932457 -22796563 -43574809 1762931920 1762931922
1762269564 -22796562 -43579765 1762269462 1762269497 1762269524
1762269438 -22796544 -43577782 1762269421 1762269321 1762269417
1762269317 -22796500 -43578802 1762269546 1762269575 1762269389 1762269464
1762269554 -22796494 -43577525 1762269268 1762269499 1762269238
1762269421 -22796464 -43577755 1762269402 1762269438
1762269499 -22796443 -43577599 1762269402 1762269417 1762269554
1762269402 -22796435 -43577679 1762269421 1762269499
1762931816 -22796390 -43570523 1762932329 1762931837
1762931802 -22796287 -43573238 1762932303 1762932430 1762932119
1762269546 -22796282 -43578446 1762269317 1762269443 1762269325
1762932119 -22796263 -43573630 1762931802 1762931987 1762932106
1762931987 -22796237 -43574036 1762932394 1762932119 1762932108
1762269268 -22796237 -43577187 1762269531 1762269554 1762269302
1762932108 -22796225 -43574445 1762931933 1762931987 1762931981
1762931808 -22796217 -43575574 1762932431 1762269282 1762932448
1762931981 -22796213 -43574826 1762932351 1762932108 1762932369
1762932351 -22796202 -43575174 1762932360 1762931981 1762932431
1762932431 -22796192 -43575388 1762932351 1762931808
1762269417 -22796154 -43578017 1762269348 1762269499 1762269438
1762932465 -22795896 -43572674 1762932417 1762932050
1762269302 -22795876 -43576692 1762269268 1762269582
1762269582 -22795831 -43576591 1762269467 1762269302
1762269467 -22795812 -43576445 1762269582 1762269282
1762931837 -22795797 -43570480 1762931816 1762932091
1762269348 -22795728 -43578634 1762269443 1762269417
1762269282 -22795728 -43575640 1762269467 1762931808 1762932428
1762932047 -22795648 -43578237 1762932206
1762269443 -22795456 -43579055 1762269233 1762269348 1762269501 1762269546
1762932428 -22795392 -43575687 1762269282 1762932305 1762931813
1762932206 -22795390 -43576114 1762932047 1762931813
1762932186 -22795381 -43571542 1762932427 1762932035
1762931813 -22795362 -43575876 1762932428 1762932206
1762932360 -22795288 -43575295 1762931982 1762932351 1762932369
1762932369 -22795279 -43574875 1762931933 1762932360 1762931981
1762932091 -22795278 -43570432 1762931837 1762931820
1762931933 -22795271 -43574483 1762932394 1762932369 1762932108
1762932394 -22795263 -43574091 1762931933 1762931846 1762931987
1762932417 -22795253 -43572738 1762931829 1762932465
1762269557 -22795228 -43579149 1762269233 1762269501
1762269501 -22795225 -43579226 1762269557 1762269381 1762269443
1762269233 -22795174 -43579086 1762269443 1762269557 1762269597
1762931982 -22794942 -43575341 1762932360 1762931846 1762932445
1762932427 -22794907 -43571506 1762931804 1762932186
1762931846 -22794907 -43574111 1762931982 1762932446 1762932394
1762269575 -22794903 -43579936 1762269317 1762269381 1762269516
1762931820 -22794788 -43570410 1762932091 1762931979 1762932147
1762931979 -22794640 -43570421 1762931820 1762932293
1762932445 -22794630 -43575383 1762931982 1762931806
1762932305 -22794619 -43575795 1762932428 1762931889
1762269381 -22794615 -43579676 1762269501 1762269575 1762269542
1762269542 -22794566 -43579631 1762269392 1762269381 1762269597
1762931889 -22794531 -43575807 1762932305 1762931849 1762931806
1762931806 -22794521 -43575426 1762932446 1762932445 1762931889
1762932446 -22794505 -43574134 1762931846 1762932106 1762931806
1762932106 -22794501 -43573771 1762931990 1762932446 1762932119
1762269392 -22794328 -43579934 1762269633 1762269542 1762269498 1762269431
1762931849 -22794150 -43575860 1762932116 1762931889 1762932105
1762932116 -22794125 -43574305 1762931849 1762931990
1762931990 -22794117 -43573802 1762932303 1762932106 1762932116
1762932303 -22794111 -43573394 1762932247 1762931802 1762931990
1762269597 -22794100 -43579204 1762269233 1762269498 1762269542
1762931804 -22794086 -43571511 1762932440 1762932427
1762932105 -22793784 -43575882 1762931849 1762932180
1762932180 -22793700 -43575882 1762932105 1762931995
1762269498 -22793552 -43579255 1762269392 1762269597 1762269398
1762931995 -22793541 -43575856 1762931915 1762932180 1762932382
1762932247 -22793507 -43573425 1762932036 1762931829 1762932303
1762931915 -22793503 -43575733 1762931995 1762932090
1762931912 -22793498 -43574434 1762932044 1762932090
1762932020 -22793493 -43573791 1762932044 1762932036
1762932090 -22793478 -43574671 1762931915 1762931912
1762932044 -22793472 -43573876 1762931912 1762932020
1762932036 -22793463 -43573549 1762932247 1762932020
1762931829 -22793448 -43572847 1762932247 1762932417 1762932027 1762931831
1762931831 -22793398 -43572084 1762931829 1762932440
1762932440 -22793374 -43571452 1762931804 1762931831 1762932293 1762931957
1762932293 -22793359 -43570331 1762932440 1762931826 1762931864 1762931979
1762269398 -22793042 -43579303 1762269576 1762269633 1762269498
1762932382 -22792874 -43575748 1762931814 1762931995
1762269576 -22792805 -43579326 1762269327 1762269398
1762269341 -22792726 -43579583 1762269327 1762269380
1762932287 -22792637 -43579820 1762269319 1762932040
1762269327 -22792468 -43579397 1762269576 1762269357 1762269341
1762931814 -22792423 -43575646 1762932382 1762932103
1762931864 -22792355 -43570258 1762932146 1762932031 1762932293
1762932040 -22792316 -43579547 1762932287 1762932034
1762269357 -22792212 -43579256 1762269327
1762931957 -22792143 -43571355 1762932440 1762932301
1762932103 -22792018 -43575555 1762931814 1762932291
1762932034 -22791885 -43579251 1762932385 1762932040
1762932291 -22791816 -43575474 1762932103 1762932038
1762932038 -22791662 -43575437 1762932085 1762932291
1762932031 -22791559 -43570201 1762932397 1762931864
1762932085 -22791495 -43575438 1762932038 1762932278 1762932260
1762932397 -22791440 -43570201 1762932031 1762932144
1762932278 -22791351 -43575420 1762932085 1762931851
1762932260 -22791260 -43576118 1762932085 1762932202
1762932301 -22791227 -43571263 1762931993 1762931957
1762931851 -22791207 -43575372 1762932278 1762932419
1762932144 -22791143 -43570255 1762932089 1762932397
1762931993 -22791109 -43571247 1762932192 1762932301
1762932202 -22791094 -43576601 1762932295 1762932260
1762932419 -22791089 -43575270 1762931968 1762931851 1762932297
1762932295 -22790957 -43577014 1762932243 1762932202
1762932297 -22790945 -43575217 1762932419 1762931817
1762931817 -22790792 -43575233 1762932104 1762932297
1762931968 -22790644 -43576472 1762932024 1762932419
1762932027 -22790604 -43573055 1762931829 1762932029
1762932243 -22790565 -43578200 1762932295 1762931909
1762931909 -22790510 -43578296 1762932385 1762932243
1762932104 -22790505 -43575329 1762931817 1762931801
1762932385 -22790451 -43578447 1762932034 1762932095 1762931909
1762932029 -22790441 -43573067 1762932027 1762932081
1762931801 -22790397 -43575330 1762932104 1762932253
1762932253 -22790184 -43575261 1762932455 1762931801
1762932024 -22790179 -43577829 1762931968
1762932455 -22790030 -43575254 1762932253
1762932095 -22789897 -43578087 1762932385 1762932032
1762932032 -22789778 -43578065 1762932095
1762932089 -22789753 -43570330 1762932450 1762932144
1762932081 -22789506 -43573162 1762931842 1762932029
1762931842 -22789442 -43573109 1762932145 1762932081
1762932192 -22789412 -43571392 1762931869 1762931993 1762932313
1762932145 -22789407 -43573049 1762931842 1762931861
1762931861 -22789360 -43572476 1762932145 1762932149 1762932232
1762932450 -22789308 -43570330 1762931869 1762932289 1762932089
1762932149 -22789287 -43571608 1762931861 1762932313
1762932313 -22789279 -43571504 1762931869 1762932192 1762932149
1762931869 -22789264 -43571268 1762932192 1762932450 1762932313
1762932232 -22788042 -43572572 1762931838 1762931861
1762931838 -22787958 -43572577 1762932131 1762931880 1762932232
1762932131 -22787869 -43572416 1762931809 1762931838
1762931809 -22787825 -43572234 1762932131 1762931833
1762931833 -22787632 -43570705 1762931809 1762931900
1762931880 -22786875 -43572642 1762931827 1762931838
1762931827 -22786811 -43572615 1762931880 1307840799
1307840799 -22786539 -43572384 1307841059 1307841369 1762931827
1307841059 -22786146 -43572413 1307841604 1307840799 1307841341
1762932178 -22785851 -43573725 1762932169
1762932169 -22785802 -43573040 1762932226 1762932178
1307841604 -22785766 -43572441 1307840807 1307841059 1762932307
1762932226 -22785708 -43572680 1762932169 1762932307
1762932307 -22785689 -43572446 1307841604 1307841028 1762932226
1307841028 -22785380 -43572469 1307841602 1762932307 1307841029
1762931985 -22785139 -43573377 1762931884
1762931884 -22785075 -43573287 1762931866 1762931985
1762931866 -22785026 -43573179 1762931884 1762932200
1307841029 -22785010 -43572496 1307841028 1762932341 1307840729
1307840729 -22784983 -43572097 1307841368 1307841029 1307841470
1762932200 -22784976 -43572567 1762931866 1762932341
1762932341 -22784967 -43572498 1307841029 1762931908 1762932200
1307841470 -22784955 -43571690 1307841063 1307840729 1307840649
1307840649 -22784927 -43571282 1307841470 1307841031 1307841049
1307841031 -22784852 -43570191 1307840649 1307840895 1307840925
1307840925 -22784803 -43570388 1307841031 1307841037
1762932148 -22784709 -43573184 1762931908
1307841037 -22784704 -43570689 1307841279 1307840925
1762931908 -22784635 -43572512 1762932341 1307841514 1762932148
1307841279 -22784600 -43570882 1307841037 1307841049
1307841049 -22784486 -43571300 1307841279 1307841367 1307840649
1307840678 -22784429 -43570208 1307841183 1307841257 1307841423
1307841367 -22784397 -43571574 1307841063 1307841049
1307841514 -22784367 -43572523 1307841368 1762931908 1307841007
1307841368 -22784363 -43572136 1307841063 1307841514 1307840729
1307841063 -22784358 -43571724 1307841367 1307841368 1307841470
1307841423 -22784292 -43570601 1307841103 1307841519 1307840678
1307841007 -22784199 -43572529 1307841514
1307841519 -22784159 -43570981 1307841105 1307840685 1307841423
1307841294 -22784145 -43573258 1307841255 1307840976
1307840914 -22784046 -43572534 1307841140
1307840685 -22784018 -43571384 1307841405 1307840646 1307841519
1307840976 -22783972 -43572720 1307841294 1307840901 1307841140
1307841140 -22783912 -43572534 1307840976 1307840657 1307840914
1307840646 -22783883 -43571772 1307841021 1307841291 1307840685
1307840657 -22783823 -43572180 1307841351 1307841291 1307841140
1307841291 -22783823 -43572035 1307840657 1307840646
1307841103 -22783498 -43570155 1307841105 1307841183 1307841423 1307840695
1307841105 -22783329 -43570517 1307841405 1307840967 1307841519 1307841103
1307841405 -22783158 -43570869 1307841021 1307841105 1307840685 1307841512
1307841021 -22782977 -43571243 1307841351 1307841405 1307841185 1307840646
1307841351 -22782798 -43571613 1307841021 1307840657 1307840901 1307841096
1307840901 -22782626 -43571968 1307840976 1307841487 1307841255 1307841351
1307841255 -22782453 -43572325 1307841570 1307841294 1307840901
1307841096 -22780330 -43570221 1307841487 1307841185 1307841351
1307841487 -22780091 -43570554 1307841570 1307840901 1307841096
