2353494716 -22859825 -43564889 2353494705 2353494699
2353494705 -22859528 -43565340 2353494716 2353494707
2353494707 -22859350 -43565597 2353494701 2353494705
2353494713 -22859202 -43569986 2353494700 2353494712
2353494712 -22858787 -43569567 2353494713 2353494710
2353494701 -22858787 -43565898 2353494702 2353494707
2353494710 -22858628 -43569224 2353494712 2353494697
2353494702 -22858490 -43566252 2353494696 2353494701
2353494697 -22858418 -43568490 2353494708 2353494710
2353494708 -22858253 -43567958 2353494697 2353494711
2353494696 -22858230 -43566795 2353494702 2353494711
2353494711 -22858164 -43567336 2353494708 2353494696
3016959352 -22857371 -43560519 3016959351 3016959353
3016959353 -22857034 -43560576 3016959352 3016959354
3016959354 -22856809 -43560348 3053724371 3016959355 3053724372 3016959353
3053724371 -22856791 -43560667 3053724370 3016959354
3053724370 -22856717 -43561259 3053724371 3053724369
3053724369 -22856680 -43561690 3053724370
3016959355 -22856577 -43560470 3016959354 3016959356
3016959356 -22855565 -43561332 3016959355 613518931
613518931 -22855459 -43561472 613518930 3016959356
3053724367 -22855359 -43563316 3053724366
613518930 -22855347 -43561550 3053724364 613518931
3053724366 -22855314 -43563171 3053724367 3053724358
3053724364 -22855220 -43561672 613518930 3053724358 3053724363
3053724361 -22855107 -43563510 3053724355
3053724363 -22855062 -43561545 3053724364 3053724362
3053724362 -22854789 -43561152 3053724363 3053724357
3053724359 -22854603 -43563966 3053724344
3053724358 -22854597 -43562172 3053724366 3053724364 3053724355
3053724357 -22854517 -43560791 3053724362
3053724355 -22854313 -43562401 3053724342 3053724358 3053724344 3053724361
3053724348 -22853847 -43563561 3053724345 3053724346
3053724346 -22853824 -43563613 3053724338 3053724348
3053724345 -22853803 -43563419 3053724340 3053724348
3053724344 -22853795 -43562810 3053724355 3053724341 3053724359
3053724342 -22853619 -43561488 3053724355
3053724341 -22853572 -43563003 3053724344 3053724340
3053724340 -22853567 -43563060 3053724341 3053724345
3053724338 -22853458 -43563929 3053724346
2353496516 -22850848 -43569750 2353496508 2353496517
2353496517 -22850529 -43569402 2353496525 2353496516
2353496525 -22850143 -43568630 2353496507 2353496517
2353496507 -22849483 -43567175 2353496511 2353496525
2353496505 -22849404 -43566263 2353496500 2353496511
2353496511 -22849402 -43566731 2353496507 2353496505
2353496500 -22849313 -43566098 2353496531 2353496505
2353496531 -22849147 -43565994 2353496500 2353496512
2353496512 -22848850 -43565801 2353496531 2353496502
2353496502 -22848312 -43565265 2353496527 2353496512
2353496527 -22847837 -43564922 2353496515 2353496502
2353496515 -22847368 -43564643 2353496533 2353496527
2353496533 -22847009 -43564505 2353496501 2353496515
2353496501 -22846703 -43564494 2353496533 2353496513
2353496513 -22846374 -43564568 2353496518 2353496501
2353496518 -22845346 -43564874 2353496521 2353496513
2353496521 -22844253 -43565169 2353496519 2353496518
2353496519 -22843682 -43565433 2353496514 2353496521
2353496514 -22842716 -43565952 2353496524 2353496519
3053752618 -22842244 -43569962 3053752645 3053752608
3053752608 -22841980 -43569833 3053752618 3053752607 3053752606
3053752607 -22841944 -43569855 3053752602 3053752608
3053752606 -22841885 -43569204 3053752580 3053752608
3053752602 -22841830 -43569963 3053752607 3053752600
3053752600 -22841811 -43569984 3053752605 3053752598 3053752602
3053752598 -22841720 -43569942 3053752600 3053752595
3053752595 -22841530 -43569711 3053752592 3053752598
3053752592 -22841475 -43569696 3053752595 3053752587
2353496524 -22841430 -43566601 3053752580 2353496514
3053752587 -22841401 -43569729 3053752592 3053752584
3053752584 -22841330 -43569788 3053752587 3053752569
3053752580 -22841289 -43566664 2353496523 2353496524 3053752606
2353496523 -22841262 -43566676 3053752580 2353496528
2353496528 -22841136 -43566683 2353496522 2353496523
2353496522 -22840966 -43566633 2353496520 2353496528
2353496520 -22840565 -43566402 2353496522 2353496536
2353496536 -22840002 -43566048 2353496510 2353496520
