148950649 -22.8199739 -43.3205773 146846905
148950654 -22.8199289 -43.3203707 1636454298
148950667 -22.8198889 -43.3202707 148950670
1636454304 -22.8198399 -43.3219941 146813442
146813442 -22.8196478 -43.3219738 146813441
146846905 -22.819457 -43.3207284 146833001 146846904
1636454298 -22.8193735 -43.3205395 146821064
146828891 -22.819339 -43.3204294 148950667
146830365 -22.8191869 -43.320423 146828891
146846904 -22.8191601 -43.3208067 146846903
146821064 -22.8190979 -43.3206422 146821062
146833001 -22.8190902 -43.3209008 146833000
1636454297 -22.8190896 -43.3204019 146830365
146827866 -22.8190714 -43.3205545 146828891
146830368 -22.8189996 -43.3203272 1636454297
146846903 -22.8189514 -43.3208799 146846901
1636454296 -22.8189343 -43.3202508 146830368
1636454295 -22.8189003 -43.3201501 1636454296
146830369 -22.8188852 -43.3200343 1636454295
146832995 -22.8188799 -43.3219561 146832994
146821062 -22.8188796 -43.3207677 146821061
146827868 -22.8188549 -43.3206758 146827866
146846901 -22.8187859 -43.3209665 1636454292
146833000 -22.8187375 -43.3210861 1636454294
146832996 -22.8187287 -43.3219268 146832995
1636454294 -22.8186263 -43.3211984 146832999
146821061 -22.8185976 -43.3209663 146845672
1636454293 -22.8185881 -43.3218398 146832996
1636454292 -22.8185718 -43.3211013 146845672
146827870 -22.818564 -43.3209004 146827868
146832999 -22.8185313 -43.3213709 146832998
146832997 -22.8185097 -43.3216921 1636454293
146832998 -22.8184832 -43.3215383 146832997
146813441 -22.8183849 -43.3221387 1636454290
146845672 -22.8183694 -43.3212296 146821060
1636454291 -22.8182968 -43.3211769 146827870
146853527 -22.8181091 -43.3207214 146853526 2096304484
1636454290 -22.8180981 -43.3221877 146813439
146813439 -22.8178366 -43.3222817 146813437
146827872 -22.8176629 -43.3220329 1636454291
146821060 -22.8174948 -43.3224117 146813436
146813437 -22.8174727 -43.3225478 146813436
1636454289 -22.8173342 -43.3224013 146811983
146813436 -22.8171761 -43.3228959 1893873051
2096304484 -22.8170401 -43.3200686 1779453401 1779453418 146853527
146827874 -22.8170313 -43.3229841 146827872 1636454289
1779453413 -22.8170154 -43.3227011 146853527 1779453401
1893873051 -22.8170011 -43.323217 146849697 146813989
146849697 -22.8169235 -43.3234968 146849694
146849694 -22.8166183 -43.3240755 146849693
146849693 -22.8164284 -43.3245562 146849692
146849692 -22.8163018 -43.3249081 146849690
146811984 -22.8162227 -43.324436 146827874
146849690 -22.8161594 -43.3250712 2368475181
2368475181 -22.8160778 -43.3251834 146849688
1779453402 -22.8160059 -43.3244774 1779453413
1779453401 -22.8159776 -43.3220054 1779453390 2096304484 1779453413 1779453397
146849688 -22.8159221 -43.3253973 146848495
2582330879 -22.8158683 -43.3250285 146811984
146853531 -22.8158588 -43.3247536 1779453402
1779453399 -22.8156723 -43.3250687 146853531 2096318928
2096318928 -22.8156526 -43.3247096 1779453398
146813989 -22.8156214 -43.3257492 146848495
1779453398 -22.8155196 -43.3244576 1779453402 1779453390
146848495 -22.8155028 -43.3259981 535965741
1779453397 -22.8154725 -43.3217078 1779453385 1779453404 1779453401 1779453392
2582330880 -22.815448 -43.3255399 1779453399 2582330879
535965741 -22.8151647 -43.3266095 146869854
146853533 -22.8151388 -43.3260926 2582330880
535965744 -22.8150693 -43.3265404 2582330879
1779453392 -22.814973 -43.3213851 1779453381 1779453387 1779453397
146869854 -22.8149569 -43.3269852 2201067998
2201067999 -22.8149452 -43.3264436 146853533
535965719 -22.8149219 -43.3264858 2201067999
2368475180 -22.8148881 -43.3264673 2201067999
2201068000 -22.8148777 -43.3264716 2368475180
2201067998 -22.8148763 -43.327131 146848493 146869853
1779453390 -22.8148715 -43.3240294 1779453385 1779453398 1779453379 1779453401
535965743 -22.8148681 -43.3269074 535965744
631344269 -22.8148306 -43.3264741 2201068000
535965721 -22.8147755 -43.3267553 535965719
2201067994 -22.8147521 -43.3267976 535965721 2201068002
146869853 -22.8147512 -43.3276289 146869852
2201068002 -22.8147346 -43.3267233 631344232
631344232 -22.814712 -43.3266813 2096318906
1779453387 -22.814643 -43.3211299 1779453404 1779453392 1779453386 1779453382
535965723 -22.8145949 -43.3274059 535965743
1779453386 -22.8144388 -43.3211838 1779453387 2096318910
1779453385 -22.8143816 -43.3237044 1779453381 1779453372 1779453390 1779453397
146869852 -22.8143318 -43.3284872 535965727
1779453382 -22.8141459 -43.3202048 2317805260 2317805266 1779453387 631344474
2317805260 -22.8140602 -43.3202646 1779453376 1779453382 2317805250
146853534 -22.8139363 -43.3282727 2201067994
1779453381 -22.8138921 -43.3233891 1779453374 1779453385 1779453392 1779453366
631344268 -22.8138397 -43.3259953 631344269
1779453379 -22.813805 -43.3259714 631344268 1779453390
535965724 -22.8137658 -43.3285828 535965723 146853534
2096318906 -22.8137518 -43.3261952 1779453378
1779453378 -22.8136872 -43.3261647 1779453359 1779453370
1779453376 -22.8135661 -43.3206093 578492834 2317805260 1779453363
2096318910 -22.8134734 -43.3230098 1779453374 1779453386
1779453375 -22.8134576 -43.3291433 535965724 1779453367
1779453374 -22.8134023 -43.3230895 1779453381 1779453368 1779453357 2096318910
1779453372 -22.8132811 -43.3257132 1779453379 1779453385
1779453370 -22.8131475 -43.3259156 1779453352 1779453364
578492834 -22.8129759 -43.3210212 1779453360 1779453376 631344475
1779453368 -22.8129528 -43.3227941 1779453361 1779453374 631344266
1779453367 -22.8129011 -43.328786 1779453359 2099666374 1779453375
1779453366 -22.8127655 -43.3254592 1779453372 1779453381
1779453364 -22.8126577 -43.3256841 631344233 1779453346
1779453361 -22.8126392 -43.3225873 1779453355 2096318953 1779453368
1779453360 -22.8124264 -43.3214086 578479967 578492834 1779453344
1779453359 -22.8124157 -43.3284744 1779453352 1012993077 1779453367 1779453378
631344267 -22.8123315 -43.3252417 1779453366
1779453357 -22.8122666 -43.3252012 631344267 1779453374
631344233 -22.8122329 -43.3254458 1779453354
1779453355 -22.8122144 -43.3228854 631344265 1779453326 1779453361
1779453354 -22.8121445 -43.3254065 631344234 1779453348
2096318953 -22.8121187 -43.3222488 1779453351 1779453361
1779453351 -22.8120001 -43.3221053 2096318949 2096318953
1779453352 -22.811928 -43.3281609 1779453359 1779453346 1779453370 1779453340
2096318949 -22.8118944 -43.3219067 578479967 1779453351
578479967 -22.8118778 -43.3218155 2099733268 631344404 2096318949 1779453360
2096318935 -22.8118052 -43.3249818 1779453357
631344266 -22.8117464 -43.3249468 2096318935 1779453368
631344234 -22.8117181 -43.3251853 1779453347
631344404 -22.8116991 -43.3214275 578479967 631344391 631344440
1779453348 -22.8116204 -43.3263473 1779453338 1779453354
1779453347 -22.8116099 -43.325133 631344235 1779453329
1779453346 -22.8114572 -43.3278447 1779453338 1779453352 1779453330 1779453364
631344440 -22.8114462 -43.3208327 631344423 631344404 2099733264
2099733268 -22.8114248 -43.3221348 578479967 631344390 631344388
631344265 -22.8112216 -43.3246936 631344266 1779453355 631344235
631344423 -22.811195 -43.3202476 631344393 631344437 631344440
631344235 -22.8111342 -43.3248973 631344265 1779453332 1779453336
1779453340 -22.8110134 -43.3298561 1779453330 1012993077 1779453352
1779453338 -22.8109806 -43.3275505 1779453325 1779453329 1779453346 1779453348
2099733264 -22.8109636 -43.3209478 631344392 631344440
1779453336 -22.8109248 -43.3251679 1779453293 1779453328 631344235
631344264 -22.8109084 -43.3245335 631344265
1779453332 -22.8106034 -43.3246534 2099666385 631344237
1779453330 -22.8105343 -43.3295426 1779453325 2099666393 1779453340 1779453346
1779453329 -22.810492 -43.3272372 1779453323 1779453338 1779453315 1779453347
1779453328 -22.8104278 -43.3261073 1779453323 1779453336
631344263 -22.8103287 -43.3242933 631344264
1779453326 -22.8102605 -43.3242568 631344263 1779453355
631344237 -22.8102507 -43.3244979 1779453324
1779453325 -22.8100551 -43.3292303 1779453315 1779453330 1779453289 1779453338
1779453323 -22.8100208 -43.3269223 1779453291 1779453328 1779453312 1779453329
631344262 -22.8099917 -43.3241675 1779453326
1779453324 -22.8099813 -43.3244246 631344239 1779453322
1779453322 -22.8097919 -43.324575 1779453324 1779453269
631344388 -22.8096634 -43.3233767 2096318927 2099733268 631344389
631344389 -22.8096411 -43.3231639 631344390 631344408 631344388
1779453315 -22.809572 -43.3288865 1779453291 1779453325 1779453274 1779453329
631344390 -22.8095242 -43.3225588 631344391 631344406 2099733268 631344389
1779453312 -22.8095122 -43.3266104 1779453293 1779453323 1779453281
631344391 -22.80939 -43.3219252 631344390 631344392 631344404 631344405
631344392 -22.8092701 -43.3213319 631344391 631344393 2099733264 2099733269
2099733263 -22.8091846 -43.321468 2099733287
2099733269 -22.8091652 -43.3213656 631344392 2099733263
1779453293 -22.8091584 -43.3263743 1779453287 1779453336 1779453312
631344393 -22.809148 -43.3207104 631344392 631344394 631344423 631344402
1779453291 -22.8090896 -43.3285888 1779453315 1779453264 1779453323 1779453281
631344394 -22.8090375 -43.3201362 631344393 631344395 631344437 631344439
1779453287 -22.809033 -43.326297 2099666376 1779453293 1779453267
2096318927 -22.8088252 -43.3239453 631344262 631344388
2099666376 -22.8087817 -43.3261422 1779453282 1779453287
2099666385 -22.8087722 -43.3259652 1779453282 1779453332
331673791 -22.808711 -43.323928 631344239 2096318927
631344239 -22.8086783 -43.3241323 2099733286 331673791 2099689762
1779453282 -22.8086337 -43.3260386 2099666376 2099666365 2099666385 1779453269
1779453281 -22.8086095 -43.3282776 1779453267 1779453291 1779453312 1779453241
2099689762 -22.8085729 -43.3241704 631344239 2099733285
2099666365 -22.8085269 -43.326068 1779453282 1779453261
2099733273 -22.8083697 -43.3242122 2099733280
2099733285 -22.8083581 -43.3243185 2099733273 2099666387 2099689762
2099733280 -22.8083538 -43.3241368 2099733286
2099733286 -22.8082821 -43.324071 631344240
631344261 -22.808159 -43.3238146 331673791
1779453269 -22.8081505 -43.3257535 1779453282 1779453322 1779453232
631344240 -22.8081494 -43.3240454 631344241
1779453267 -22.8081316 -43.3279775 1779453249 1779453234 1779453287 1779453281
1779453261 -22.8079722 -43.3270633 1779453232 1779453249 2099666365
631344241 -22.8078893 -43.3240554 631344242
631344260 -22.807803 -43.3238039 631344261 631344408
631344408 -22.8077492 -43.3235895 631344260 631344406 631344389 631344381
631344242 -22.8076615 -43.3241162 2099666379
1779453249 -22.807644 -43.3276381 1779453247 1779453267 2099666396 1779453261
631344406 -22.807621 -43.3230029 631344390 631344408 631344405 631344380
2099666396 -22.8075973 -43.3277873 1779453249 331673295
331673666 -22.80759 -43.3239231 631344260
1779453247 -22.8075778 -43.3276005 1779453229 1779453249 1779453201
631344405 -22.8075115 -43.3224004 631344391 631344379 631344406 631344403
2099733287 -22.8074712 -43.3218657 2099733289
2099733265 -22.8074548 -43.3239708 331673666
2099733289 -22.807447 -43.3217721 631344403 2099733269
631344403 -22.8073841 -43.3217835 631344405 631344402 2099733271 2099733289
631344402 -22.8072479 -43.321144 631344393 631344377 631344403 631344439
631344439 -22.8071387 -43.3205557 631344394 631344402 631344449 631344376
1779453234 -22.8071161 -43.3298207 1779453267 331673295 1779453241
1779453232 -22.8070902 -43.3265149 2099666392 1779453261 1779453269 1779453215
1779453229 -22.8070404 -43.3272418 1779453222 1779453247 1779453197
2099666392 -22.8067897 -43.3263151 2099666387 1779453232
331673295 -22.8067179 -43.3293615 1779453234 2099666396 1779453218
1779453222 -22.8066312 -43.3269976 1779453229 1779453215
1779453218 -22.8065913 -43.3292238 1779453209 331673295
1779453215 -22.8065399 -43.3268856 1779453222 1779453232 1779453189
2099666387 -22.8063886 -43.3256772 2099689748 2099666379 2099733285 2099666392
1779453212 -22.8063155 -43.3298421 331673294 1779453211
331673294 -22.8062801 -43.3298064 1779453212 1779453202
1779453211 -22.8062216 -43.3299934 1779453208 1779453212
1779453209 -22.8061643 -43.3287628 1779453201 1779453218
2099666379 -22.8061034 -43.325208 631344244 2099666387 331673627
331673627 -22.806034 -43.3249777 2099666379 1779453207 2099733265
1779453201 -22.8060245 -43.3286962 1779453247 1779453209 1779453197
1779453202 -22.8059551 -43.3294583 1779453160 331673294
1779453207 -22.8059538 -43.3246108 1779453149 631344381 331673627
631344381 -22.8058262 -43.3240172 1779453207 631344408 631344350 631344380
631344380 -22.8057055 -43.3234262 631344379 631344351 631344406 631344381
2099733271 -22.805698 -43.3221687 631344403 631344378
631344379 -22.8055939 -43.3228274 2099733279 631344405 631344352 631344380
2099733279 -22.8055124 -43.3224144 631344378 631344379
631344378 -22.805474 -43.3222199 631344377 2099733279 2099733271 2099733267
1779453197 -22.8054653 -43.3283825 1779453229 1779453189 1779453201
631344377 -22.8053633 -43.3215871 631344378 631344402 631344354 631344376
2099733267 -22.8052681 -43.3222644 631344378 2099733292
631344376 -22.8052466 -43.3209992 631344377 631344375 631344439 631344355
631344375 -22.8051303 -43.3204059 631344449 631344374 631344376 631344356
631344244 -22.8051079 -43.3259103 1779453163
631344259 -22.8050183 -43.3257097 331673627
1779453189 -22.8048772 -43.3280447 1779453179 1779453197 1779453215
1779453179 -22.8046526 -43.3279116 1779453189 2099666382
2099666382 -22.8045437 -43.3275861 2099666368 1779453179
2099666368 -22.8044458 -43.3275596 2099666386 2099666382
1779453171 -22.8044345 -43.3271292 1779453161
2099689748 -22.8044279 -43.3270655 1779453171 2099666387 2099689556
1779453163 -22.8043779 -43.3264062 631344245
2099689706 -22.8043756 -43.3265615 2099689748
1779453162 -22.8043516 -43.3298543 1779453159 1779453173
1779453161 -22.8043484 -43.3274365 2099689556 2099666386
2099666386 -22.8043481 -43.3275915 2099689658 1779453161 2099666368
2099689696 -22.8043462 -43.3284123 1779453160 2099689658
1779453160 -22.804346 -43.3285008 1779453159 2099689696 1779453202
1779453159 -22.8043449 -43.3289771 1779453160 1779453162
2099689658 -22.8043449 -43.3279377 2099689696 2099666386
2099689556 -22.8043041 -43.3271592 2099689558 2099689748 2099689745
631344349 -22.8042731 -43.3261069 631344258
2099689558 -22.8042727 -43.3271868 2099689590 2099689556
631344245 -22.8042671 -43.3265025 631344246 2099689785 2099689706
2099689785 -22.8042536 -43.3264274 2099689659 631344245
2099689659 -22.8042523 -43.3264166 2099689785 2099689709
2099689709 -22.8042346 -43.3263143 2099689595 2099689659
2099689595 -22.8042295 -43.3262871 631344258 2099689709
631344258 -22.8042251 -43.3262593 631344259 2099689609 2099689595
2099689745 -22.8042208 -43.3266369 631344245
2099689861 -22.8041663 -43.3263014 631344258
2099689609 -22.8041367 -43.3261702 631344272
1779453149 -22.8041187 -43.3250297 631344349 1779453207
2099733292 -22.8040399 -43.3225396 631344353 2099733267
1779453134 -22.8040351 -43.3299919 1779453138 1779453130
631344350 -22.8040086 -43.3244461 1779453149 631344381
2099689803 -22.8040022 -43.3275379 2099689590
1779453130 -22.8039455 -43.3294045 1779453127 1779453134
1779453127 -22.8039296 -43.329306 1779453114 1779453125 1779453130
631344351 -22.8038984 -43.3238674 631344350 631344380
1779453125 -22.8038959 -43.3290966 1779453122 1779453095 1779453127
2099689590 -22.8038637 -43.3274842 2099689604 2099689558 2099689803
1779453122 -22.8038522 -43.3288248 1779453125
631344246 -22.8038017 -43.3268141 631344247
631344352 -22.8037736 -43.3232686 631344351 631344379
631344272 -22.8037263 -43.3241419 631344271 631344225
631344224 -22.8036733 -43.3266377 2099689861 631344225
631344353 -22.8036593 -43.3226266 631344352 2099733292 631344368
631344271 -22.8035827 -43.3234495 631344255 631344368
1779453114 -22.8035818 -43.3293922 1779453104 1779453127
1779453112 -22.8035474 -43.3297274 1779453104 1779453116
631344354 -22.8035233 -43.3220094 631344353 631344377
631344368 -22.8034538 -43.3226662 631344353 631344366
631344247 -22.8034392 -43.3270624 631344248
1779453104 -22.8034201 -43.3294715 1779453114 1779453099 1779453112
631344355 -22.8034106 -43.32144 631344354 631344376
1779453099 -22.8034003 -43.3294317 1779453104 1779453076
1779453095 -22.8033485 -43.3291913 1779453125 1779453076
631344356 -22.8032873 -43.3208191 631344355 631344375
631344257 -22.8032861 -43.3268666 631344224 631344270
631344225 -22.8032811 -43.3245415 631344224 631344270 631344272
631344357 -22.8032725 -43.3201191 631344356
1779453076 -22.8032444 -43.3292901 1779453095 1779453068 1779453099
631344366 -22.8032371 -43.3215728 631344365
2099689604 -22.803206 -43.3274655 631344248 2099689590
631344365 -22.8031782 -43.3207843 3819977698
631344298 -22.8031645 -43.3230529 631344297 631344296
3819977698 -22.8031582 -43.3203369 631344364 3819977675
631344364 -22.8031487 -43.3201256 3819977693
631344296 -22.8031249 -43.323246 631344285 631344298 631344299
631344297 -22.8031052 -43.3227954 631344283 631344298
1779453068 -22.8030919 -43.32928 1779453066 1779453076
631344299 -22.8030755 -43.3236108 631344296 631344300
1779453066 -22.8030681 -43.3293729 1779453072 1779453068
631344248 -22.8030573 -43.327338 331673554 2099689604
331673554 -22.8029477 -43.3271917 631344257 631344295 631344304 631344248
631344295 -22.8027293 -43.3272371 331673554 631344294
631344283 -22.8026898 -43.3210466 631344284 631344297 3819977674
3819977675 -22.8026811 -43.3202602 3819977698 3819977674 3819977676 3819977699
631344270 -22.8026782 -43.3252316 631344257 631344255 631344225
631344304 -22.8026601 -43.3267543 631344303 331673554
631344294 -22.8026502 -43.3272479 631344295 631344293
3819977674 -22.8026436 -43.3205813 631344283 3819977675 3819977699
631344284 -22.8025909 -43.3213899 631344283 631344285
3819977699 -22.8025775 -43.3202884 3819977680 3819977700 3819977674 3819977675
631344293 -22.8025612 -43.3271728 631344292 631344294
631344300 -22.8025315 -43.3242974 631344305 631344299 631344256
631344255 -22.8024493 -43.3246159 631344254 631344256 631344270 631344271
631344256 -22.8024154 -43.324499 631344255 631344300 631344254
3819977700 -22.8023213 -43.3203821 3819977699
631344285 -22.8022645 -43.3229456 631344284 631344296 631344286
122364371 -22.8022433 -43.3299018 828570325
631344254 -22.8021854 -43.3248983 631344255 631344256 631344301
631344303 -22.8021656 -43.325424 631344304 631344302
631344305 -22.8021557 -43.323997 631344300 631344286
631344302 -22.802126 -43.3252523 631344303 631344301
631344292 -22.8021161 -43.3260999 631344291 631344293
631344301 -22.8021161 -43.3251236 631344254 631344302
122364372 -22.8021088 -43.3290692 122364371
122369408 -22.802085 -43.3296185 122369407
631344286 -22.801971 -43.3239552 631344305 631344285 631344287
618242184 -22.8019405 -43.3297098 828581043 618242191
122369407 -22.8019268 -43.3288461 122369404
631344287 -22.8019183 -43.3241365 631344286 631344288
828581043 -22.8018825 -43.3294513 618242181 618242184 828581293
618242181 -22.8018515 -43.3293128 828581043 833972717
122364373 -22.8018239 -43.3282538 122364372
631344291 -22.8018194 -43.3251987 631344292 631344290
631344288 -22.8018194 -43.324673 631344289 631344287
631344290 -22.8017897 -43.3250377 631344289 631344291
631344289 -22.8017897 -43.3248983 631344288 631344290
833972717 -22.8017724 -43.329044 618242181 833972716
828581293 -22.8017023 -43.3297012 828581043 828581295
122369404 -22.8016894 -43.3282281 122369403
833972716 -22.8016735 -43.328647 833972714 833972717 835197342
828581295 -22.8015342 -43.3297549 828581293 828581298
833972714 -22.8015152 -43.3282715 833972711 833972716
828581298 -22.8014847 -43.3298622 828581302 828581295
833972711 -22.8012581 -43.3277673 835197331 833972714
122364374 -22.8012305 -43.327138 122364373
835197355 -22.8012222 -43.3286576 835197354
122369403 -22.8011593 -43.3272325 122369401
828581321 -22.8011583 -43.3299265 828581323
835197354 -22.8011431 -43.3284645 835197353 835197355
835197331 -22.8011015 -43.3275003 833972708 835197343 833972711
833972708 -22.8010504 -43.3274132 833972703 835197331
835197353 -22.8010145 -43.3280032 835197343 835197354
835197342 -22.8010032 -43.3288671 835197232 833972716 835197341
835197232 -22.8009552 -43.3288829 835197231 835197342
835197343 -22.8008966 -43.3276184 835197330 835197331 835197353
122364375 -22.8008744 -43.3263484 122364374
122369401 -22.8007874 -43.3264256 122369399
833972703 -22.8007536 -43.3268017 835197549 833972708 835197369
835197341 -22.8007277 -43.3279924 835197330 835197342
122364384 -22.8006925 -43.3224946 122364382
122364385 -22.8006766 -43.3219367 122364384
122364376 -22.8006687 -43.3256446 122364375
122364382 -22.8006608 -43.3231126 122364380
835197330 -22.8006387 -43.3277671 835197343 835197341
835197549 -22.8006358 -43.3265248 833972698 833972703 835197547
122364388 -22.8006054 -43.3213359 122364385
122369390 -22.8005975 -43.3221255 122369389
122364380 -22.8005896 -43.3237992 122364379
122364378 -22.8005817 -43.3251468 122364376
833972698 -22.8005756 -43.3263833 833978787 835197549
122369393 -22.8005738 -43.3227521 122369390
835197231 -22.8005497 -43.3289902 835197232 835197367 835197370
122364379 -22.8005421 -43.3245374 122364378
122369399 -22.8005342 -43.3255673 122369396
833978787 -22.8005225 -43.3261988 835197505 833972696 833972698
122369389 -22.8005184 -43.3214475 2242740239
122369394 -22.800463 -43.3237821 122369393
835198346 -22.8004487 -43.3220786 833973459 835198240 833974141
122369396 -22.8004313 -43.3247348 122369394
835198240 -22.800431 -43.3223812 835198346 833973831
833974141 -22.8004281 -43.3219499 835198346 835198243 833975803
835197367 -22.8004211 -43.328604 835197231 835197368
835198243 -22.8004211 -43.321759 833974141 835198244
833973831 -22.8003976 -43.3226282 833973452 835198240 835198239
835198239 -22.8003914 -43.3229391 833973796 833973831
835198244 -22.8003914 -43.3214907 835198243 835198247
833972696 -22.8003778 -43.3256966 833972694 833978787
833973796 -22.8003617 -43.3232395 833973832 835198239
835198247 -22.800342 -43.3212118 835198244 835198249
833972694 -22.8003185 -43.3252567 833972691 833972696
835197547 -22.8003024 -43.3264797 835197549 835197545
835197368 -22.8002925 -43.3279173 835197367 835197369
835198249 -22.8002925 -43.321008 835198247 833974930 835198398
833972962 -22.8002888 -43.3236903 833972965
833972691 -22.8002591 -43.324613 833972694 833973120
835198398 -22.8002343 -43.3206943 833974362 835198249 835198450
835197370 -22.8002173 -43.3290912 835197230 835197372 835197231
835198450 -22.8001886 -43.3204615 833974933 835198398 835198254
835198254 -22.8001441 -43.3202355 835198466 835198450 835198255
833973120 -22.8001306 -43.3246141 833972691 833972965 833978756
835197369 -22.8000892 -43.3271653 833972703 833985840 835197368
835197372 -22.8000353 -43.3285825 835197371 835197370
