474442928 -22859836 -43330426 474442926 474442929
474442926 -22859804 -43330846 474442925 474442928
474442925 -22859693 -43331078 474442924 474442926
474363227 -22859586 -43338350 474363191 474363228
474363228 -22859484 -43338358 474363227 474363229
474442924 -22859462 -43331470 474442925 3326782169 474443176
474443795 -22859432 -43330108 474443793 474443797
3326782169 -22859410 -43331432 474442924 3326782168
474443176 -22859329 -43331816 474442924 474443179
474363015 -22859219 -43337234 474363048 474362735 474362954
474363229 -22859213 -43338817 474363175 474363176 474363228
474443179 -22859203 -43331902 474443176 474443181
3326782168 -22859130 -43331023 474443793 3326782169
474443793 -22859116 -43330941 3326782168 474443795 3326782170
474450038 -22859066 -43339813 474450036 474450584 474449805
3326782170 -22859033 -43330879 474443793 3326782171
474362954 -22858930 -43337114 474363015 474362955
474362955 -22858732 -43336985 474362956 474362954
3326782171 -22858723 -43330732 3326782170
474444496 -22858689 -43332863 474444499
474450036 -22858686 -43339550 474450034 474450038
474363175 -22858685 -43338513 474363174 474363229
474363171 -22858677 -43337663 474363048 474363172
474363172 -22858669 -43338049 474363173 474363171
474363048 -22858669 -43337431 474362956 474363015 474363171
474363174 -22858574 -43338453 474363173 474363175
474363173 -22858558 -43338315 474363172 474363174
474362956 -22858519 -43336642 474363048 474362955 474362957
474362957 -22858511 -43336350 474362956 474362958
474443991 -22858499 -43331559 474443995
474450034 -22858493 -43339769 474450036 474449805
474362958 -22858416 -43336101 474362957 474362959
474362959 -22858218 -43335852 474362958 474362960
474444736 -22858167 -43333447 474444740
474444122 -22858088 -43330975 474444128
474444740 -22858009 -43333533 474444749 474444736
474444749 -22857922 -43333498 474444740 474444751
474362960 -22857791 -43335372 474362959 474362961
474444751 -22857740 -43333481 474444749 474444959
474444959 -22857591 -43333501 474444753 474444751 474444955
474444955 -22857574 -43333773 474444951 474444959
474362961 -22857562 -43335037 474362962 474362960
474444951 -22857510 -43334031 474444955
474362962 -22857356 -43334642 474362963 474362961
474443995 -22857163 -43331816 474362967 474443991 474443181
474362963 -22857142 -43334333 474362962 474362964
474443181 -22857081 -43332349 474443995 474443179 474444499
474444499 -22856957 -43333150 474444753 474444496 474443181
474362964 -22856929 -43334247 474362963 474362965
474444753 -22856889 -43333592 474362966 474444499 474444959
474362965 -22856850 -43334110 474362964 474362966
474362966 -22856850 -43333844 474444753 474362965
474471248 -22856522 -43330941 3326782165 474472077 474471814
474471814 -22856363 -43333112 474471810 474471248
474471499 -22856308 -43333739 474471810
474471810 -22856269 -43333743 474471497 474471499 474471805 474471814
474471805 -22856150 -43334425 474471810
474472077 -22855968 -43330924 1640608840 474471068 474471248 474472076
474472073 -22855747 -43333801 474472071 474472076
474472076 -22855731 -43333378 474472073 474472077
474472067 -22855707 -43334760 474472069
474472071 -22855707 -43334142 474472069 474472073
474472069 -22855675 -43334434 474472067 474472071
474471497 -22855145 -43333868 474471810 474471494
474471068 -22855068 -43330897 474470944 474470946 474472077
474471494 -22855035 -43333850 474471493 474471497
474471493 -22855003 -43333507 474471290 474471494
474470944 -22854979 -43331868 474471290 474471068
474471290 -22854854 -43333464 474470818 474470944 474471493
474470818 -22854845 -43333584 474470820 474471290
474470820 -22854703 -43333601 474470818 474470824
474458393 -22854449 -43339635 474458388 474457520
474458386 -22854442 -43339026 474458388
474457520 -22854410 -43339678 474457523 474457938 474458393
474458388 -22854402 -43339301 474458386 474458393
474470824 -22854402 -43333670 474470825 474470820
474361629 -22854346 -43330424 474361628 474361607 2085668181
474457938 -22854291 -43339498 474457520 474457940
474457940 -22854268 -43339155 474457938 474457941
474361607 -22854242 -43331117 474361612 2085666465 474361629
474457941 -22854236 -43338983 474457940 474457943
474470825 -22854165 -43333885 474470824 474470827
474457943 -22854157 -43338880 474457944 474457941
2085666465 -22854050 -43332638 474470474 474361607
2085671218 -22853992 -43330119 2085672220
474470827 -22853959 -43334116 474470825 474470829
474470829 -22853880 -43334254 474470469 474470827
2085672220 -22853861 -43330089 2085671218 2085671219 2085672218
474457944 -22853793 -43338786 474457943 474454353
474470469 -22853738 -43334391 474470829 474470471 474470831
474470474 -22853707 -43332749 474470473 474361609 2085666465
474454353 -22853690 -43338803 474457944 474458252 474454355
2085671219 -22853643 -43330038 2085672220
474470473 -22853627 -43333807 474470474 474470471
474458252 -22853619 -43338365 474458255 474454353
474470831 -22853619 -43334528 474470469 474470833
474470471 -22853595 -43334013 474470469 474470473
474361612 -22853591 -43330918 474361606 474361607 474361620
474454355 -22853572 -43339275 474454353 474461744 474466600
474361609 -22853569 -43332810 474361610 474470474 474470319
474361620 -22853536 -43331432 474361612 474361621
474458255 -22853524 -43338339 474458252 474458257 474466903
474361610 -22853520 -43332522 474361609 474361611
474361628 -22853512 -43330282 474361629
474470313 -22853469 -43334923 474470833
474361621 -22853457 -43331852 474361620
474361606 -22853417 -43330865 474361449 474361612
474466903 -22853413 -43338125 474466900 474458255
474458257 -22853405 -43338365 474458255 474458264
474361611 -22853401 -43332007 474361610
474470833 -22853341 -43334529 474470315 474470313 474470831
474466900 -22853334 -43337962 474466896 474466903
474470315 -22853326 -43334486 474470833 474470317
474466896 -22853318 -43337790 474466894 474466900
474470317 -22853239 -43334202 474470315 474470319
474466894 -22853231 -43337661 474466891 474466896
474466891 -22853200 -43337524 474466894
474470319 -22853034 -43332993 474470317 474361025 474361609
474361449 -22852848 -43330728 474361397 474361606 474361450
474458264 -22852796 -43338022 474458257 474458266 474466600
474361025 -22852658 -43333101 474361397 474465567 474470319
474466600 -22852487 -43338876 474466602 474458264 474454355
474458266 -22852472 -43337730 474458264 474360181
474361397 -22852420 -43333053 474361449 474467886 474361025
474360181 -22852405 -43337715 474466605 474462562 474458266
474467143 -22852314 -43336168 474465816
474465567 -22852251 -43334940 474361025 474465571
474465816 -22852203 -43336460 474465819 474467143
474466602 -22852172 -43338760 474466603 474466600
474361384 -22852105 -43330390 474361385 474361390 474361382
474466603 -22852100 -43338768 474466602 474466605
474465571 -22852061 -43335224 474465567 474465157
474467886 -22852046 -43332937 474361397 474467884 474468038
474466605 -22851777 -43338486 474462026 474466603 474360181
474465157 -22851768 -43335627 474465574 474465154 474465571
474459345 -22851760 -43339644 474461721 474461744 474462020
474467884 -22851721 -43334494 474467881 474467886
474467881 -22851586 -43334829 474467878 474467884
474468038 -22851584 -43332739 474468035 474361382 474467886
474465574 -22851578 -43335910 474465577 474465157
474462562 -22851509 -43337593 474462795 474463226 474360181
474361390 -22851500 -43330220 474361380 474361381 474361384 474361396
474361382 -22851492 -43332673 474361384 474361381 474468038
474462020 -22851420 -43339481 474459345 474462026
474468035 -22851404 -43333636 474468033 474468038
474467878 -22851381 -43335052 474467875 474467881
474465577 -22851333 -43336125 474465574 474465819
474465154 -22851333 -43335739 474465152 474465157
474468033 -22851333 -43333850 474468035 474468031
474468031 -22851238 -43333936 474468033 474467893
474462026 -22851179 -43339219 474466605 474459116 474462795 474462020
474467875 -22851143 -43335198 474466275 474467878
474465819 -22851079 -43336313 474465577 474465580 474465816
474361396 -22850968 -43330059 473455761 473455755 474361390
474361381 -22850933 -43332274 474361390 473455755 474361382
474465580 -22850811 -43336511 474465819 474462218
474463224 -22850795 -43337206 474463226
474466278 -22850740 -43334803 474466275 474468122
474466275 -22850724 -43335309 474467871 474467875 474465152 474466278
474468122 -22850705 -43334588 474466278 474467893 474468416
474467893 -22850634 -43334150 474468122 474466281 474468031
474462795 -22850622 -43338689 474462026 474463227 474462562 474462797
474466281 -22850613 -43334022 474466285 474467893
474465152 -22850606 -43335988 474465149 474465154 474466273 474466275
474463226 -22850575 -43337466 474463227 474462218 474462562 474463224
474466273 -22850550 -43336314 474465152
474466285 -22850503 -43333945 474466281 474466289
474466289 -22850344 -43333945 474466285 474466292
474468416 -22850289 -43334614 474468424 474468122
473455755 -22850122 -43331715 474361396 473455754 474361023 474361381
474361056 -22850111 -43330316 474361055 472909263 474361305
474467871 -22850107 -43335412 474469236 474466275
474466292 -22850091 -43333859 474466289 474464614
474463227 -22850041 -43338136 474462795 474463229 474462033 474463226
474469236 -22850029 -43335421 474467871 474467869 474469232 474467869 474469232
474361055 -22850016 -43330694 474361023 474361056
474468424 -22849989 -43334563 474468416 474468426
474465149 -22849743 -43336142 474465147 474465152
474361023 -22849716 -43331380 473455755 474361055 474469863
474462218 -22849666 -43337343 474462462 474462462 474465580 474463226 474462033 474462033
474468426 -22849656 -43334434 474468424 474468429
474469229 -22849633 -43335378 474467869 474469232
474467869 -22849625 -43335464 474467867 474469236 474469236 474469229
474469232 -22849609 -43335241 474469236 474469236 474469504 474469229
474469863 -22849597 -43331237 474361088 474361023 474469856
474462033 -22849451 -43337575 474463227 474462462 474462218 474462218 474463402
474465147 -22849316 -43336168 474465149 474465145
473455754 -22849244 -43332908 473455755 474360915 474464614
474469856 -22849229 -43331696 474469863
474464614 -22849198 -43333370 474466292 474468649 473455754 474468429
474462462 -22849134 -43337288 474463550 474462218 474462033 474462218
474468649 -22849103 -43333250 474464614 474464723
474360915 -22849082 -43333129 473455754 474360852 474464723
474468429 -22848992 -43334039 474468432 474469504 474468426 474464614
474464723 -22848970 -43333282 474360915 474468434 474468649
474463229 -22848793 -43339653 474463227 474462797 474463402 474463231
474469504 -22848780 -43334732 474469508 474467867 474469232 474468429
474468432 -22848767 -43333866 474469508 474468429
474463550 -22848692 -43337242 474360178 474462462 474463717
474468434 -22848591 -43333800 474464723 474360914
474469508 -22848545 -43334604 474467864 474468432 474469504 474469513
474467867 -22848539 -43335518 474467864 474469504 474467869 474465145
474360914 -22848438 -43334009 474468434 474469513 474360913
474465145 -22848367 -43336078 474465141 474360178 474467867 474465147
474467864 -22848279 -43335489 474465141 474469508 474467862 474467867
474463402 -22848219 -43339084 474463229 474463406 474463717 474462033
474469513 -22848153 -43334398 474360797 474469508 474360914
474360852 -22848134 -43331586 474360915 474360917 474360851
474465141 -22848115 -43336036 474467864 474360424 474465145
474360178 -22848031 -43337174 474464123 474463550 474463717 474465145
474360797 -22847794 -43334888 474469513 474467395 474360806
474464123 -22847753 -43337145 474360178 474464119 474460689
474467862 -22847750 -43335378 474467395 474467864
474463717 -22847649 -43338518 474360178 474463402 474460406 474463550 474463843
474360917 -22847634 -43330865 474360852 474360923 474360921
474464119 -22847632 -43337627 474464123
474467395 -22847485 -43335311 474360797 474360601 474467862
474360851 -22847453 -43332076 474360850 474360852
474360601 -22847414 -43335408 474467395 474360424 474360419
474360850 -22847287 -43332256 474360913 474360851
474463843 -22847173 -43339095 474463718 474463717
474360923 -22847090 -43330080 474360917 474360918 474360935
474360424 -22847044 -43335912 474360601 474360599 474465141 474360300
474360913 -22846916 -43332880 474360850 474360841 474360912 474360914
474460689 -22846913 -43337056 474464123 474460407 474460460
474360300 -22846859 -43336165 474360424 474360176 474360299
474360839 -22846852 -43333595 474360838 474360840
474360838 -22846821 -43333741 474360839 474360806
474360840 -22846813 -43333423 474360839 474360841
474460460 -22846793 -43337155 474460406 474460689
474460406 -22846751 -43337254 474463717 474460407 474460460
474360841 -22846656 -43333318 474360840 474360842 474360913
474360921 -22846639 -43331612 474360917 474360922
474463718 -22846635 -43339747 474463843 472986370 472986373
474360806 -22846607 -43334161 474360797 474360838 474360849
474360842 -22846607 -43333286 474360841 474360843
474460407 -22846588 -43337022 474360176 474460689 474460406
474360922 -22846481 -43331810 474360921 474360912
474360843 -22846457 -43333329 474360842 474360866
474360849 -22846441 -43334264 474360848 474360806
472986373 -22846437 -43339506 474463718 473448534
474360866 -22846386 -43333406 474360868 474360843 474360844
474360844 -22846314 -43333483 474360866 474360845
474360848 -22846291 -43334230 474360849 474360847
474360299 -22846259 -43336075 474360298 474360300
474360176 -22846235 -43337018 474360175 474360300 474463947 474460407
474360847 -22846172 -43334144 474360846 474360848
474360912 -22846172 -43332307 474360936 474360913 474360922
474360846 -22846109 -43334024 474360845 474360847
474360845 -22846109 -43333827 474360853 474360844 474360846
474360298 -22846046 -43336007 474360297 474360299
474463947 -22845986 -43337357 474360176 474463843
474360297 -22845864 -43335878 474360345 474360298
474360175 -22845840 -43336968 474360176
474360935 -22845729 -43331157 474360936 474360923
474360868 -22845713 -43332857 474360866 474360869
473448534 -22845701 -43338562 473449014 472986373 472986376
473455085 -22845699 -43339920 473455084
474360419 -22845690 -43334281 474360599 474360601 474360718
472986376 -22845440 -43338227 473448534 473455495
474360936 -22845382 -43331757 474360954 474360935 474360912
474360599 -22845378 -43334838 474360345 474360424 474360419 474360600
473455495 -22845369 -43338141 474463947 472986376 472986380
472986380 -22845195 -43337926 473455495 472986382
474360345 -22845070 -43335450 474360297 474360599 474360199
474360953 -22844954 -43330651 474360918 474360954
474360869 -22844796 -43332213 474360868 474360856
474360856 -22844630 -43332127 474360853 474360857 474360869
474360954 -22844627 -43331231 474360881 474360936 474360953
474360857 -22844606 -43331955 474360858 474360856
474360858 -22844543 -43331767 474360857 474360859
474360859 -22844369 -43331672 474360858 474360860
474360853 -22844305 -43332685 474360845 474360856 474360865
473449014 -22844281 -43339965 473452577 473448534 473447543 473448529
472986382 -22844230 -43336905 1909475288 472986380
474360860 -22844179 -43331689 474360859 474360861
474360861 -22844108 -43331758 474360862 474360860 474360880
474360865 -22844068 -43332728 474360864 474360853
472988328 -22844063 -43330396 540823089 540812518
474360881 -22843968 -43330772 474360954 472987723
472987720 -22843937 -43330802 474360881
474360864 -22843926 -43332625 474360863 474360865
473455360 -22843895 -43339096 473448529
474360863 -22843815 -43332513 474360862 474360864
540812518 -22843794 -43330018 2158202755 540813147 472988328
474360862 -22843791 -43332333 474360861 474360863 474360879
474360880 -22843732 -43331477 472987717 474360861 474360879
540823089 -22843722 -43330693 472988330 540812523
540812523 -22843533 -43330474 540823089 540812518 540823070
472988330 -22843510 -43330888 540813208
473448529 -22843508 -43339079 473449014 473455360 473447544
472987717 -22843462 -43331275 472987720 474360880
2366873398 -22843400 -43331369 472987717
474360879 -22843386 -43332073 474360862 2074419233 474360880
540813208 -22843336 -43331072 540812525 472988331
540812525 -22843253 -43330965 540813251 540812523 540813208
2689953497 -22843245 -43337506 2689953496
2074419233 -22843234 -43331975 474360870 474360879
472987713 -22843225 -43331635 2366873398
472988331 -22843194 -43331223 472938247
472987700 -22843162 -43334055 472987702
474360718 -22843151 -43332668 474360721 474360419
474360199 -22843148 -43334196 474360345 472987700
472987697 -22843130 -43334382 474360199
472987702 -22843099 -43333678 474360600
474360870 -22843086 -43331880 2074419233 472987713
472987695 -22843035 -43334673 472987697
472987711 -22843035 -43331970 474360870
474360600 -22843005 -43333327 474360599 472987704
474360721 -22842992 -43332634 474360718 474360723
472938247 -22842988 -43331507 540823112
472987704 -22842972 -43333206 472987705
2366873397 -22842953 -43334909 472987695
472987709 -22842948 -43332322 472987711
472987705 -22842925 -43332854 472987707
474360723 -22842923 -43332505 474360721 472987709
540823112 -22842920 -43331651 540821796 472938256
472987707 -22842909 -43332605 474360723
472987693 -22842869 -43335146 2366873397
472938256 -22842814 -43331876 472938263
1909475288 -22842756 -43335399 472987693 483643199 472986382
483643199 -22842756 -43335300 483643203
483643203 -22842742 -43335212 483643212
483643212 -22842703 -43335162 1909475254
472938263 -22842696 -43332331 540823435
540823435 -22842677 -43332442 540822670 472938270
1909475254 -22842658 -43335108 1909475287
472938270 -22842633 -43332992 472938277 2158202789
472938277 -22842601 -43333584 472938283
1909475287 -22842565 -43335065 483643215 1909475278
472987416 -22842553 -43335703 1909475288
472938283 -22842522 -43334297 472938312
1909475260 -22842500 -43335784 472987416
472938312 -22842466 -43334795 2366873400
2366873400 -22842457 -43334827 483643215
1909475278 -22842442 -43335107 1909475308
483643215 -22842418 -43334958 483643218 1909475308
483644013 -22842394 -43335833 1909475260
472987414 -22842371 -43335978 1909475260
1909475308 -22842368 -43335146 472938323
472938323 -22842333 -43335279 483644573 483645180
483644534 -22842325 -43335862 483644013
483645180 -22842325 -43335184 483645187
1909475299 -22842249 -43335958 1909475247
483645187 -22842246 -43335073 483645193
483644552 -22842232 -43335843 1909475299 483644534
1909475247 -22842211 -43336083 472987077
473451121 -22842201 -43339193 473447544 473451120 473447543
483644573 -22842181 -43335540 483644561 472938332
483644561 -22842175 -43335725 483644552
472987077 -22842149 -43336167 472987070
2689953496 -22842145 -43336286 2689953497 472987414
483645193 -22842143 -43334970 483645202
472938332 -22842126 -43335653 472938345
472987412 -22841968 -43336527 2689953496
483645202 -22841953 -43334867 483643218
1909475305 -22841895 -43336627 472987412
473447544 -22841894 -43338830 473451121 473448529 473455361
472987070 -22841857 -43336579 1909475282
472938345 -22841842 -43336082 472938362
483643218 -22841779 -43334772 483643215 483646299
1909475282 -22841711 -43336835 1909475305 472987407
472938362 -22841604 -43336322 472938373
473451120 -22841422 -43339978 473447704 473449016 473452640 473451121
472938373 -22841391 -43336460 552833060 472938387
472987407 -22841366 -43337317 1909475282 472987406
552833060 -22841348 -43336282 472938373 552833058
2158202789 -22841260 -43331476 472938270
552833058 -22841142 -43336119 552833060 552833055
472987406 -22841105 -43337617 472987404 472987407
472938387 -22841082 -43336674 499211710
552833055 -22840921 -43336007 552833050 552833058
552833050 -22840866 -43335922 552833048 552833055
499211710 -22840818 -43336808 499212570 472938406
472987404 -22840749 -43337987 472987402 472987406
552833048 -22840676 -43335604 552833043 552833050
552833043 -22840628 -43335372 552833048 552833038
472938406 -22840608 -43336915 472938419
499212570 -22840588 -43336781 499211710 499212579
552833038 -22840502 -43335235 552833037 552833043
552833037 -22840438 -43335115 552833034 552833038
472987402 -22840401 -43338356 473455415 472987404
473455361 -22840367 -43338616 473447544 473447549 473447704 473455415
473447704 -22840351 -43338753 473447549 473451120 473455361
473455415 -22840349 -43338397 473447549 472987402 473455361
499212579 -22840335 -43336721 499212570 499212586
552833034 -22840272 -43334995 552833037 552833031
483646299 -22840221 -43334306 483646306 483643218
552833031 -22840185 -43334917 552833029 552833034
473447549 -22840133 -43338565 473455415 473447704 472987400 473455361
499212586 -22840082 -43336567 499212594 499212579
472987400 -22840037 -43338639 473447549 472987398 473452729
