593609649 -22.8595689 -43.4069625 593609646 593609654
593609654 -22.8589779 -43.4059925 593609649 593609657
593609657 -22.8588593 -43.4057671 593609654 593609662
593609662 -22.8585331 -43.4056169 593609657 593609666
593609666 -22.8581475 -43.4054775 593608835 593609662
593608835 -22.8579399 -43.4054453 593609666
144372568 -22.8569774 -43.4011841 593582330
463205264 -22.8462 -43.4067997 463205283
463205282 -22.845583 -43.4073233 463205296
463205283 -22.8453566 -43.4055065 463205264 463205263 463205296
463205123 -22.8450689 -43.4027743 463205122 463205320
463205260 -22.844879 -43.407804 463205258
463205296 -22.8447337 -43.4060321 463205265 463205258 463205282 463205283
463205320 -22.8446378 -43.4035205 463205321 463205123 463205263
463205122 -22.8445231 -43.4020104 463205121 463205123
463205263 -22.8443671 -43.4039892 1272147465 463205320 463205283
463206941 -22.8443491 -43.4082074 1272143719
1272147465 -22.8441021 -43.4044479 463205265 463205263 1272147463
1272147463 -22.8439412 -43.4043433 1272147465 463205317
463206957 -22.843914 -43.4087224 463205297
463205265 -22.8439101 -43.4047801 1272147465 463205253 463205296
463205258 -22.8438824 -43.4067053 463205260 1272143719 463205257 463205296 463206866
463205321 -22.8438824 -43.4028773 463205320 463205322
463205121 -22.8437638 -43.400989 463205120 463205122
463205253 -22.84374 -43.4050745 463205265 1272147456
463205257 -22.8437242 -43.4063792 463205258 463205256
1272147456 -22.8436311 -43.4054361 463205253 463205255 1272147461
463205256 -22.8436293 -43.40595 463205255 463205257
463205255 -22.8436056 -43.4055209 463206896 1272147456 463205256
463206866 -22.8435897 -43.4063706 463205258 463206867
463205322 -22.8435265 -43.4025511 463205321 463205323
1272143719 -22.8433883 -43.4070842 463205258 463206941 463205297 463206944
463205120 -22.8433604 -43.4004912 463205319 463205124 463205121
463205323 -22.8433208 -43.4022679 463205319 463205322 463205327
463206867 -22.8433129 -43.4061818 463206868 463206866 463206893
1272147461 -22.8432936 -43.4052123 1272147437 1272147456
463207249 -22.8432496 -43.4092974 463205298
463206893 -22.843218 -43.4061045 463206867 463206895
463206896 -22.8432093 -43.405914 463205255 463205616 463206895
463206895 -22.8431942 -43.4060273 463206896 463206893
3494102893 -22.8430685 -43.4056126 3494102292 3494102894
463205616 -22.8430519 -43.4060702 463206896 463206868 3494102292
463205317 -22.843036 -43.4034094 463205318 1272147463 463205327
1272147437 -22.8429673 -43.4050085 1272147461 463205318
463206868 -22.8429216 -43.4062038 463205616 463206867 463206944
3494102894 -22.8428509 -43.4053578 3494102893
3494102292 -22.8428467 -43.4058211 3494102893 463205616 463205615
463205318 -22.8428383 -43.4049201 1272147437 1272147471 463205317
463205297 -22.8428304 -43.4075121 1272143719 463206958 463205298 463206957
463206944 -22.8427711 -43.406358 463206868 463206958 1272143719 463205884
1272147471 -22.842641 -43.4048529 463205318 1272147457
463207296 -22.8425852 -43.409821 460849374
1272147457 -22.8424482 -43.4047135 1272147471 463207743
463205319 -22.842427 -43.4009118 463205120 463205323 463205324
463205327 -22.8423479 -43.4027142 463205323 463207818 463207743 463205317
460849374 -22.8423188 -43.4095597 463206749 463205839 463207296
463206958 -22.8422872 -43.4068542 463207248 463206944 463205297 463206959
463205615 -22.842253 -43.4051003 3494102292
463207818 -22.8422104 -43.4025805 463207825 463207824 463205327
463205298 -22.8421897 -43.4081473 463205839 463207248 463205297 463207249
463207742 -22.8421185 -43.404551 463207741 463207743
463207743 -22.8421152 -43.4043229 463207742 463207822 463205327 1272147457
463205884 -22.8421106 -43.4055552 463207738 463206959 463206944
463207741 -22.8420789 -43.4046969 463207742 463207740
463207740 -22.841984 -43.4048085 463207741 463207739
463207825 -22.8418806 -43.4024674 463207818 463207824 463207819
463207739 -22.8418575 -43.40486 463207738 463207740
463207819 -22.8418496 -43.4024567 463207825 463207820
463207824 -22.8417388 -43.402122 463207825 463207818 1272147470
1272147470 -22.8416377 -43.4019615 463207824 463207885
463207248 -22.8416365 -43.4075213 463206958 463205629 463207247 463205298
463205839 -22.8416043 -43.4087309 463206748 463205298 460849374 463205629
463206959 -22.8415832 -43.4060819 463205884 463206958 463206960 463207247
463207738 -22.8415148 -43.4048886 463205884 463206960 463206946 463207739
463207820 -22.8414303 -43.4024825 463207821 463207819
463207885 -22.8413178 -43.4012982 463207886 463207926 1272147470
463205629 -22.8410427 -43.4081301 463207248 463205839 463205885 463206747
463206748 -22.8410127 -43.409325 463205839 463205840 463206749 463206747
463207821 -22.8410032 -43.4025769 463207822 463207820
463207247 -22.8409282 -43.406736 463205885 463207248 463206959 463206503
463207926 -22.840887 -43.4004554 463207927 463207885 463205589
463207886 -22.8408845 -43.4015641 463207885 463207887
463205589 -22.8407342 -43.4001564 463205577 463207926 463205509
463207927 -22.8406868 -43.4006199 463207926 463207928
463207822 -22.8406648 -43.4026866 463207821 463206946 463207743 463207889
463206960 -22.8406156 -43.4049973 463207738 463206959 463206961 463207246
463207887 -22.8405681 -43.4016928 463207886 463207888
463206747 -22.8404696 -43.4087187 463206746 463206748 463205629 463206625
463207928 -22.8404099 -43.4008002 463207927 463207929
463205885 -22.8403229 -43.4073405 463206746 463207247 463205629 463206502
463207888 -22.8402517 -43.4017958 463207887 463207889
463206503 -22.8401331 -43.4058127 463206502 463207246 463207247
463207929 -22.8400619 -43.4009203 463207928 463207930
