2964894839 -22.9799718 -43.340082 2989684645
1772826566 -22.9790764 -43.3414681 2989684646 2964894844 1772826561
2989684646 -22.9789658 -43.3412414 1772826558 2964894843 1772826566 2989684644
2989684644 -22.9788572 -43.3410187 2989684646 2989684645 2989684501 2964894841
2989684645 -22.9787512 -43.3408013 1772826559 2989684502 2964894839 2989684644
1772826559 -22.9786455 -43.3405846 2989684643 2989684498 2964894837 2989684645
1772826561 -22.9786005 -43.3417271 1772826558 1772826540 1772826566
2989684643 -22.9785342 -43.3403564 1772826559 2989684642 2989684499 2964894835
1772826558 -22.9784922 -43.3415031 2964894842 2989684646 2989684501 1772826561
2989684642 -22.9784251 -43.3401328 2989684643 2989684497 2989684500 2964894833
2989684501 -22.9783859 -43.3412833 2989684502 1772826558 2964894840 2989684644
2989684502 -22.9782855 -43.3410757 2989684498 2964894838 2989684501 2989684645
2989684498 -22.978179 -43.3408555 2989684502 2964894836 1772826559 2989684499
2989684499 -22.9780687 -43.3406275 2989684500 2989684498 2989684643 2964894834
2989684500 -22.9779613 -43.3404055 1772826537 2989684499 2964889532 2989684642
1772826537 -22.9778554 -43.3401861 1772826536 2989684500 2964889530 2989684497
1772826540 -22.9778481 -43.3421365 2964894842 1772826561
2964894842 -22.9777226 -43.3419284 2964894840 1772826540 1772826558
2964894840 -22.977622 -43.3417122 2964894838 2964894842 2989684501
2964894838 -22.9775323 -43.3415195 2964894836 2964894840 2989684502
2964894836 -22.9774266 -43.3412925 2964894838 2989684498 2964894834
2964894834 -22.97732 -43.3410635 2964894836 2964889532 2989684499
2964889532 -22.9772173 -43.3408429 2964889530 2989684500 2964894834
2964889530 -22.9771154 -43.3406193 1772826530 1772826537 2964889532
1772826530 -22.9769998 -43.3403486 2964889530 1772826536 2989684496
2989684496 -22.9768997 -43.3401408 1772826530 2989684512 2964889525
2961635712 -22.968451 -43.3492147 2213741877 2961635713
1179232576 -22.9678272 -43.3459247 1179233296
1179233296 -22.9676494 -43.3458496 1179232735 1179232576
1179232735 -22.9675111 -43.3457638 1179233472 1179233296
1179233472 -22.967358 -43.3456833 1179232678 1179232735
1179233517 -22.9671901 -43.3446212 1179232655 1179232492
1179232678 -22.9671851 -43.3454956 1179232351 1179233472
1179232655 -22.9671654 -43.3443905 1179232527 1179233517
1179232492 -22.9671555 -43.3448787 1179233517 1179232351
1179232527 -22.9671357 -43.3442135 1179232655 1179232346
1179232351 -22.967116 -43.3451362 1179232492 1179232678
1179232346 -22.9670863 -43.3440901 1179232527 1179232754
1643079653 -22.9670069 -43.3486961 1643079628
1179232754 -22.9669777 -43.3439131 1179232473 1179232346
1643079628 -22.9669748 -43.3488141 1643079634 1643079653
1643079634 -22.9669057 -43.3493076 1643079628 1643079603 1643079599
1643079603 -22.9668587 -43.349659 1643079634 1643079623 1643079620
1179232473 -22.9668542 -43.3437682 1179233545 1179232754
1643079620 -22.9668069 -43.3499755 1643079603 1643079600
1179233545 -22.9667603 -43.3436717 1179232473 1179232278
1643079599 -22.9667501 -43.3492593 1643079634 1643079583
1643079623 -22.9666329 -43.3495516 1643079589 1643079603
1643079600 -22.9665797 -43.3498762 1643079620 1643079561
1643079583 -22.96655 -43.3490743 1643079640 1643079589 1643079599
1179232278 -22.9664936 -43.3435805 1179232382 1179233545
1643079589 -22.9663377 -43.3493827 1643079623 1643079561 1643079583
1179233604 -22.9663059 -43.3413381 1179232235 1179232540
1179232540 -22.9663059 -43.3412094 1179233249 1179233604
1643079640 -22.9662833 -43.3488195 1643079594 1643079583 1643079619
1179233249 -22.9662565 -43.3410807 1179232810 1179232540
1179232382 -22.9662121 -43.3434625 1179232375 1179232278
1179232235 -22.9662121 -43.3414776 1179233604 1179232494
1643079561 -22.9661821 -43.3496027 1643079589 1643079600 1643079635
1179232494 -22.9661182 -43.34166 1179232235 1179232234
1643079635 -22.9660759 -43.3497529 1643079574 1643079643 1643079561
1643079619 -22.9660586 -43.3484225 1643079640 1643079607
2213741877 -22.9660384 -43.3476096 1643095234 2961635711 2961635712
1179232375 -22.9660343 -43.3433337 1179232382 1179232378
1772851506 -22.9660306 -43.3437068 1772851505 1772851504
1179232234 -22.9660244 -43.3418853 1179232231 1179232494
1179233605 -22.9660195 -43.3424057 1179232240 1179232504
1179232240 -22.9660145 -43.3422823 1179233605 1179232233
1772851505 -22.966006 -43.3435995 1772851503 1772851506
1772851504 -22.9659895 -43.3438051 1772851502 1772851506
1643095243 -22.9659894 -43.3480416 1643095199 1643095207
1179232233 -22.9659799 -43.3421374 1179232231 1179232240
1179232231 -22.9659799 -43.3420302 1772851488 1179232234 1179232233
1643095207 -22.9659771 -43.3481167 1643095243 1643079607
1643079594 -22.9659697 -43.3492191 1643079640 1643079575
1643095199 -22.9659549 -43.3479665 1643095234 1643095243
1179232378 -22.9659454 -43.3432532 1179232328 1179232375
1643079643 -22.9659353 -43.3499763 1643079644 1643079648 1643079553 1643079635
1179232810 -22.9659306 -43.3403886 1179233249 1772851501
1772851503 -22.9658949 -43.34347 1772851498 1772851505
1643079607 -22.9658931 -43.3483232 1643095210 1643079619 1643095207
1179232328 -22.9658812 -43.3431567 1179232504 1179232378 1772851500
1179232504 -22.9658762 -43.3430387 1179233605 1179232328
1643095234 -22.965868 -43.347904 1643095267 2213741877 1643095199
1772851502 -22.9658496 -43.343881 1772851504 1772851497
1643079575 -22.9658339 -43.3494095 1643079594 1643079554
1772851501 -22.9658338 -43.340124 1772851499 1772851488 1179232810
1772851500 -22.9658246 -43.3433014 1179232328 1772851498
1643095210 -22.965819 -43.3483796 1643079607 1643095238
1643079554 -22.9657894 -43.3495115 1643079575
1643095267 -22.9657845 -43.34787 1643095246 1643095234
1772851498 -22.9657703 -43.3434035 1772851496 1772851503 1772851500
1643095246 -22.96575 -43.3478805 1643095267 1643095265
1643095238 -22.9657104 -43.3484037 1643095210 1643095264
1643079648 -22.9656857 -43.3498521 1643079621 1643079643
1772851497 -22.9656851 -43.3439168 1772851502 1772851493
1772851496 -22.9656604 -43.3433449 1772851498 1772851490
1643095264 -22.9656116 -43.348393 1643095212 1643095238
1643095265 -22.965543 -43.3482083 1643095212 1643095246
1643079556 -22.9655177 -43.3499218 1643079616 1643079642
1643095212 -22.9654713 -43.348317 1643095264 1643095205 1643095265
1772851493 -22.9654547 -43.34389 1772851497 1772851487
1643079621 -22.9654091 -43.3497421 1643079648 1643079596
1643079642 -22.9653844 -43.3498736 1643079639 1643079556
1772851492 -22.9653602 -43.3422586 1772851491
1643079650 -22.9653528 -43.3492721 1643079647
1772851491 -22.9653397 -43.3431656 1772851492 1772851490
1772851490 -22.9653351 -43.343327 1772851496 1772851491 1772851489 1772851477
1772851489 -22.9653273 -43.3435989 1772851487 1772851490
1643079596 -22.9653078 -43.3497234 1643079621
1772851488 -22.9652934 -43.341677 1179232231 1772851481 1772851501
1643079647 -22.9652905 -43.3493103 1643079650 1643079591
1643079564 -22.9652861 -43.3490039 1643079568
1772851487 -22.9652585 -43.3438591 1772851493 1772851489 1772851485
1772851485 -22.9652327 -43.3439564 1772851487 1772851483
1643079639 -22.9651621 -43.3498441 1643079642
1643079563 -22.9651058 -43.3497281 1643079605
1643079571 -22.9650465 -43.3499963 1643079636
1643079566 -22.9649947 -43.3486283 1643079611
1772851483 -22.9649833 -43.3446536 1772851482 1772851485
1772851482 -22.9648553 -43.3448431 1772851478 1772851483
1772851481 -22.9648178 -43.3414323 1772851488 1772851480
1643079586 -22.9648045 -43.3484245 1643079582
1643095205 -22.9647522 -43.3478968 1643095212 1643095236
1643079591 -22.9647299 -43.3492568 1643079592 1643079647 1643079629
1643079592 -22.9647077 -43.3495517 1643079591 1643079552
1772851480 -22.9646955 -43.3413612 1772851486 1772851481 1772851471
1643079649 -22.9646736 -43.3481724 1643079652
1643095236 -22.9646415 -43.3478854 1643095205
1643079655 -22.9645798 -43.347247 1643079584
1772851478 -22.9645644 -43.3451717 1772851482 1772851473
1643079572 -22.9645625 -43.3469627 1643079565
1643079552 -22.9644711 -43.3495269 1643079592
1643079618 -22.9644538 -43.3475018 1643079645
2961635711 -22.9644078 -43.3464016 1643079612 2213741877
1772851477 -22.964367 -43.3432229 1772851490
1643079627 -22.9643575 -43.3478237 1643079597
1643079629 -22.9642459 -43.3492105 1643079591 1643079638 1643079595
1643079638 -22.9642291 -43.3494625 1643079629
1772851473 -22.9642071 -43.3456302 1772851478 1772851472
1643079605 -22.9642044 -43.3496637 1643079563 1643079630
1772851472 -22.9641295 -43.34569 1906608017 1772851473
1772851471 -22.964122 -43.3410281 1772851479 1772851480 1772851470
1643079568 -22.9640829 -43.3489053 1643079564 1643079631
1772851470 -22.9640673 -43.3409963 1772851466 1772851471
1906608017 -22.9640589 -43.3456659 1906608027 1772851472
1643079595 -22.9640187 -43.3491888 1643079629 1643079581 1643079614
1643079614 -22.9639945 -43.349484 1643079595
1643079636 -22.9639574 -43.3499212 1643079559 1643079571
1906608027 -22.963871 -43.345576 1906608020 1906608017
1643079612 -22.9637043 -43.3459482 433562187 2961635711 1178801277
1772851466 -22.9636717 -43.3405414 1772851470 1772851464
1643079584 -22.963606 -43.3471712 1643079645 1643079565 1643079655
433562187 -22.9636022 -43.3460098 1643079612 433562185
1643079565 -22.9636007 -43.3468935 1643079572 1643079584 433562185
1178801277 -22.9635993 -43.3458831 1643079612 1178801289 2961635710
1643079645 -22.9635868 -43.3474328 1643079618 1643079597 1643079584
433562185 -22.9635864 -43.3461385 1643079565 433562187
1643079597 -22.9635641 -43.3477416 1643079598 1643079645 1643079627
1643079598 -22.9635634 -43.3477517 1643079652 1643079597
1178801289 -22.9635499 -43.3460213 433562193 1178801277
1772851464 -22.9635485 -43.3401918 1772851463 1772851459 1772851466
1643079652 -22.9635401 -43.3480741 1643079598 1643079582 1643079649
1772851463 -22.9635298 -43.3400295 1772851461 1772851464 1772851468
1643079582 -22.9635227 -43.3483154 1643079611 1643079652 1643079586
1643079611 -22.9635106 -43.348482 1643079566 1643079631 1643079582
1643079631 -22.9634857 -43.3488947 1643079611 1643079581 1643079568
1643079581 -22.9634672 -43.3491361 1643079630 1643079631 1643079595
1772851459 -22.9634365 -43.3403168 1772851464 1772851458
1643079630 -22.963432 -43.3495918 1643079559 1643079581 1643079605
433562193 -22.9634183 -43.3463206 1178801289 433562192
1643079559 -22.9634098 -43.349879 1643079636 1643079622 1643079630
1643079622 -22.9634086 -43.3498952 1643079602 1643079559
433562192 -22.9633493 -43.3467822 433562193 1178801222
1772851458 -22.9633143 -43.3405348 1772851459 1772851456
1772851456 -22.9632212 -43.3407433 1772851455 1772851458
1178801222 -22.9631932 -43.3490879 433562192 1643079626 1178801235
1772851455 -22.9631078 -43.3409013 1772851451 1772851456
1772851453 -22.9630642 -43.3402284 1772851454 1772851452
1772851452 -22.9630525 -43.340538 1772851450 1772851453
1772851451 -22.9630438 -43.3408887 1772851450 1772851455
1772851450 -22.9630409 -43.3406738 1772851451 1772851452
2961635710 -22.9627386 -43.3452171 2961635709 1178801277
1178801235 -22.9625621 -43.349035 1178801222 2841019701 1178801156
1906608020 -22.9624237 -43.3444924 1906608018 1906608027
2961635709 -22.9623968 -43.3449272 2961635708 2961635710
1906608018 -22.9621721 -43.3443194 1906608022 1906608020
1178801156 -22.961993 -43.3489872 2841019401 1178801235 1178801158
2961635708 -22.961956 -43.3446244 2961635707 2961635709
1906608022 -22.9619498 -43.3442014 1906608021 1906608018
2961635707 -22.9615302 -43.3444518 2961635706 2961635708
1178801158 -22.9614488 -43.3489416 2841019201 1178801208 1178801156
1178801208 -22.960895 -43.3488951 2841018705 1178801158 1178801149
2961635706 -22.9604746 -43.3440512 2961635705 2961635707
1178801149 -22.9603322 -43.3488479 1178801208 1178801308 2995991152
