1497227667 -22919982 -43350963 1497227699 1497227717
1497227648 -22919967 -43351512 1497227665 1497227703
1497223392 -22919926 -43358562 3620961674 1497223357 1497223438
1497227665 -22919917 -43351510 1497227648 1497227713
1497227713 -22919872 -43351479 1497227688 1497227665
1497223519 -22919861 -43354314 1497223469
1497223438 -22919795 -43357837 1497223339 1497223392
1497223339 -22919779 -43357757 1497223521 1497223438
1497227699 -22919769 -43351191 1497227667 2957060960
1497227688 -22919763 -43351280 2957060960 1497227713
2957060960 -22919756 -43351239 1497227699 1497227688
1497227767 -22919753 -43352791 1497223448 1497227671 1497223445
1497223521 -22919738 -43357710 1497223339 1497223353
1497223353 -22919682 -43357675 1497223443 1497223521
3620960860 -22919656 -43356263 1497223496 1772969957
1497223443 -22919604 -43357671 1497223537 1497223353
1497227626 -22919536 -43353683 1497223448
1497223328 -22919450 -43354857 1497223496 1497223510
1497223445 -22919443 -43352169 1497223465 1497227767 1497223429
1497227671 -22919328 -43353003 1497227767
1497223429 -22919181 -43351644 1497223445 1497223383 1497223349
1497223465 -22919111 -43352352 2962122594 1497223445
1776152692 -22919083 -43355424 1776152688 1776152691
2962122594 -22919056 -43352333 2962122582 1497223465
1497223383 -22919038 -43351315 1497223429
1497223349 -22918877 -43351822 2962122582 1497223429
1497223510 -22918870 -43353647 1497223328 1497223565
2962122582 -22918865 -43351867 1497223349 2962122594
1776152691 -22918805 -43354811 1776152689 1776152692
3039852508 -22918647 -43357056 3039852507 1772969957
1497223537 -22918630 -43357991 1497223443 3620961673 2962122557
2962122557 -22918618 -43357832 3039852507 1497223537 2962122554
3039852507 -22918611 -43357368 3039852508 2962122557
1772969957 -22918608 -43356586 3620960860 1772969955 3039852508
2962122554 -22918540 -43357836 2962122529 2962122557
1772969955 -22918475 -43355985 1772969954 1772969957
1772969954 -22918433 -43355888 1776152688 1772969955
1776152689 -22918404 -43354950 1776152687 1776152691
1497223565 -22918350 -43352603 1497223510 1497223343
1776152688 -22918324 -43355729 1776152686 1776152692 1772969954
1776152687 -22918253 -43355002 1776152686 1776152689
2962122529 -22918252 -43357838 2962122554
1776152686 -22918033 -43355268 1772969933 1776152688 1776152687
1497223343 -22917716 -43351286 1497223565 1497223564
1772969949 -22917675 -43353449 1772969947 1772969950
1772969947 -22917639 -43353130 1772969949 1772969942
1772969950 -22917627 -43353498 1772969945 1772969949
1772969942 -22917493 -43352722 1772969947 1772969940
1497223564 -22917490 -43350818 1497223343 1497223326
1772969945 -22917488 -43353535 1772969941 1772969950
1772969943 -22917478 -43355975 1772969928
1772969941 -22917418 -43353473 1772969939 1772969945
1497223326 -22917376 -43350619 1497223564 1497223375
1772969940 -22917336 -43352171 1772969942 1772969938
1772969939 -22917246 -43353105 1772969937 1772969941
2962122472 -22917218 -43359701 2962122424 1772969946
1497223375 -22917159 -43350173 1497223326 1497223371
1772969938 -22917145 -43351748 1772969936 1772969940
1772969937 -22916969 -43352259 1772969936 1772969927 1772969939
1772969936 -22916803 -43351925 1772969937 1772969938
1772969933 -22916625 -43353290 1776152686 1772969930 2962122422
2962122424 -22916545 -43359433 2962122472 2962122408 2962122387
1772969930 -22916539 -43352810 1772969933 1772969927
2962122422 -22916510 -43353793 3039852462 1772969933 1772969926
1772969928 -22916482 -43356523 1772969943 2962122405 1772969952
1772969927 -22916432 -43352522 1772969921 1772969930 1772969937
2962122408 -22916332 -43359808 2962122424 2962122430
2962122405 -22916229 -43355861 1772969928 1772969925
1772969926 -22916225 -43355045 2962122398 1772969924 2962122422
2962122398 -22916169 -43355470 1772969926 1772969925
1772969925 -22916151 -43355704 2962122398 2962122405 2962122384
2962122387 -22916076 -43359025 2962122424 1772969918
2962122384 -22916071 -43355882 1772969925 2962122367
2962122367 -22915835 -43357083 2962122349 2962122384
2962122362 -22915769 -43353821 1772969924
1772969921 -22915682 -43350949 1772969912 1772969927
1772969918 -22915642 -43358702 2962122349 2962122387 3039852448
2962122349 -22915628 -43358613 3620961671 2962122367 1772969918
3039852462 -22915584 -43353417 3039852435 2962122422
1772969924 -22915466 -43354783 1772969909 2962122362 1772969926
3039852435 -22914947 -43353299 3039852462 2962122344
1776082264 -22914788 -43356362 3620961671 1776082263
1776082263 -22914664 -43356278 1776082264 1776082249 1776082262
2962122344 -22914655 -43353418 3039852435
1776082262 -22914617 -43356438 1776082263 1776082261
3620961671 -22914407 -43358188 1776082264 1772969911 2962122349
1776082261 -22914358 -43356761 1776082250 1776082262
1772969911 -22914309 -43358206 3620961671 3040162502 1776082244
1776082250 -22914291 -43356915 1776082241 1776082235 1776082261
1776082249 -22914177 -43356140 1776082233 1776082263
3040162502 -22914112 -43358119 1772969911 3040162501
1772969909 -22914014 -43354271 1772969903 1772969924
1776082244 -22914008 -43359704 1772969911 1772969905 1776082216
3040162501 -22913992 -43358028 1776082235 3040162502
1776082241 -22913989 -43356754 1776082250 1776082226
1776082235 -22913880 -43357896 1776082250 1776082227 3040162501
1772969903 -22913819 -43354157 1772969889 1772969909
1776082233 -22913753 -43356016 1776082222 1776082249
1776082227 -22913674 -43357640 3039852015 1776082235
1776082226 -22913596 -43356441 1776082241 1776082217
3039852015 -22913569 -43357574 3039852014 1776082227
3039852014 -22913446 -43357560 3039852015 3039852011
1772969889 -22913446 -43353815 1772969867 1772969903
1776082222 -22913429 -43355900 1776082219 1776082233
3039852011 -22913341 -43357587 3039852010 3039852014
3039852010 -22913244 -43357673 3039852009 3039852011
3039852009 -22913169 -43357785 3039852007 3039852010
1776082219 -22913090 -43355713 1776082215 1776082222
3039852007 -22913082 -43357994 3039852009 1776082224
3620961672 -22913042 -43358538 1776135460 1776082224
1776082217 -22913022 -43356229 1776082226
1776082224 -22913018 -43358204 3039852007 3620961672
1776135460 -22912952 -43358715 1776135459 3620961672
1776082215 -22912883 -43355556 1776082214 1776082219
1776135459 -22912822 -43358737 1776135458 1776135460
1776135458 -22912688 -43358671 1776135459 1776135457
1776082216 -22912678 -43359615 1776082209 1776082244
1772969867 -22912672 -43353539 1772969889 1776082210
557521679 -22912653 -43357529 557521689
1776082213 -22912582 -43356424 1776082211 1776082212
1776082214 -22912561 -43355265 1776082203 1776082215
1776082208 -22912524 -43357170 1776082205 1776082212
1776082212 -22912515 -43357037 1776082213 1776082208
1776082211 -22912514 -43356088 1776082202 1776082213
1776082210 -22912500 -43353510 1776082179 1772969867
1776082209 -22912422 -43359708 1776082197 1776082216
557521689 -22912394 -43357679 557521679 3040162500
1776082202 -22912380 -43355825 1776082211 1776082198
1776135457 -22912374 -43358424 1776135456 1776135458
1776082205 -22912315 -43357251 1776082182 1776082208
1776135456 -22912275 -43358367 1776135455 1776135457
1776082198 -22912245 -43355707 1776082200 1776082202
1776082203 -22912235 -43354993 3039852003 1776082187 1776082214
3039852003 -22912234 -43355181 1776082203 1776082200
1776082179 -22912227 -43353506 3039851994 1776082210
1776082200 -22912182 -43355343 3039852003 1776082198
1776082197 -22912066 -43359606 1776082185 1776082209
1776082187 -22912012 -43354773 1776082203 1776082176
1776082185 -22912007 -43359624 1776082183 1776082197
1776135455 -22911983 -43358351 3040162498 1776135456
1776082183 -22911951 -43359699 1776082185 1776082177
1776082182 -22911902 -43357371 1776082205 1776082171
3040162500 -22911882 -43357726 3040162499 557521689
1776082177 -22911872 -43359874 3620961670 1776082183
1776082171 -22911753 -43357400 1776082182 1776082168
1776082176 -22911704 -43354448 1776082170 1776082187
3040162499 -22911704 -43357788 3040162497 3040162500
3039851994 -22911664 -43353587 1776082179 1776082164
1776082168 -22911593 -43357487 1776082171 1776082167
1776082167 -22911500 -43357485 1776082168 3039851988
3040162498 -22911488 -43358375 1776135453 1776135455
1776082170 -22911473 -43354152 1776082166 1776082176
1776082164 -22911385 -43353747 1776082153 3039851994
3040162497 -22911385 -43357840 3040162499 557521703
3039851988 -22911366 -43357429 1776082167 1776082163
1776082166 -22911350 -43354105 1776082160 1776082170
557521703 -22911250 -43357840 3040162497 557521715
1776082163 -22911203 -43357304 3039851988 3040162496
1776135453 -22911119 -43358377 3040162498 1776135452
3040162496 -22911115 -43357217 1776082161 1776082163
557521715 -22911090 -43357819 557521703 3040162495
1776082161 -22911019 -43357080 1776082159 3040162496
1776082159 -22910956 -43356945 1776082161 1776082158
3040162495 -22910944 -43357764 557521715 3040162494
1776082160 -22910918 -43354084 1776082154 1776082166
1776082153 -22910902 -43353847 1776082154 1776082164
1776082158 -22910882 -43356527 1776082159 1776082155
1776135452 -22910854 -43358331 1776135453 3040162493
3040162494 -22910847 -43357694 3040162495 557521720
1776082155 -22910837 -43356168 1776082145 1776082158
1776082157 -22910826 -43354437 1776082156
1776082156 -22910807 -43354452 1776082157 1776082150
557521720 -22910772 -43357601 3040162494 557521732
1776082145 -22910760 -43355949 1776082139 1776082155
1776082154 -22910721 -43354045 1776082160 1776082143 1776082153
1776082150 -22910707 -43354484 1776082148 1776082156
1776082148 -22910666 -43354519 1776082142 1776082150
3040162493 -22910648 -43358250 3040162492 1776135452
1776082143 -22910622 -43354121 1776082121 1776082154
557521732 -22910619 -43357384 557521747 557521720
1776082139 -22910614 -43355672 1776082145 1776082134
1776082142 -22910601 -43354566 1776082137 1776082148
1776082137 -22910531 -43354639 1776082135 1776082142
3040162492 -22910493 -43358140 1776135451 3040162493
453552327 -22910486 -43359992 453552324
1776082134 -22910453 -43355464 1776082139 1776082118
1776082135 -22910447 -43354735 1776082137 1776082124
557521747 -22910401 -43356918 1241677524 557521732
1776082118 -22910355 -43355296 1776082120 1776082134
1776082124 -22910352 -43354900 1776082135 1776082123
1776082123 -22910344 -43354957 1776082120 1776082124
1241677524 -22910339 -43356847 557521747 557521763
1776082121 -22910338 -43354315 1776082117 1776082143
1776082120 -22910331 -43355047 1776082118 1776082123
1776135451 -22910319 -43357967 1776135450 3040162492
1776135450 -22910217 -43357777 1776135449 1776135451
1776082117 -22910206 -43354357 1776082121 1776082115
1776152685 -22910199 -43353784 1776152684
2959089948 -22910158 -43359798 453552327
1776135449 -22910093 -43357334 1776135448 1776135450
557521763 -22910088 -43356677 1241677524 557521774
1776152684 -22910083 -43353894 1776152682 1776152685 1776152683
453560912 -22910081 -43359936 3039851963
1776082115 -22910028 -43354408 1776082117 1776082114
1776152683 -22909986 -43353979 1776152679 1776152684
1776135448 -22909984 -43357136 1776135447 1776135449
1776082114 -22909936 -43354406 1776082112 1776082115
1776135447 -22909855 -43356980 1776135446 1776135448
1776082112 -22909835 -43354395 1776082111 1776082114
557521774 -22909799 -43356567 557521763 557521778
1776152682 -22909785 -43353424 1776152684 1776152680
1776152679 -22909732 -43354148 1776152683
1776152680 -22909727 -43353449 1776152682 1776152673 1776152675
1776082111 -22909655 -43354370 1776082109 1776082112
3039851963 -22909582 -43359654 453560916
1776082109 -22909566 -43354321 1776082108 1776082111
1776152675 -22909556 -43353127 1776152674 1776152680
557522394 -22909546 -43359261 2959089948
557521778 -22909462 -43356306 557521774 557521817
1776082108 -22909451 -43354149 1776082106 1776082109
557522410 -22909434 -43359245 557522394
453560916 -22909379 -43359527 557522437 2303600829
3039851961 -22909370 -43359272 557522410
1776135446 -22909361 -43356667 1776135447 1776135444
1776152674 -22909357 -43352600 1776152675
557522424 -22909332 -43359315 3039851961
557522437 -22909320 -43359444 557522426
557522426 -22909313 -43359380 557522424
1776152673 -22909285 -43353749 1776152671 1776152680
1776152672 -22909241 -43352085 1776152666
1776152670 -22909227 -43353588 1776152668 1776152671
1776082106 -22909215 -43354031 1776082105 1776082108
1776152671 -22909204 -43353757 1776152670 1776082105 1776152673
1776152668 -22909190 -43353483 1776152670 1776152657
2303600829 -22909127 -43359334 453560920
3039851958 -22909097 -43358937 557522524
557522524 -22909091 -43358996 557522523
3039851957 -22909083 -43358878 3039851958
1776082105 -22909072 -43353989 1776152662 1776082106 1776152671
557522523 -22909057 -43359048 3039851956
3039851956 -22909013 -43359073 557522484
557522525 -22909006 -43358756 3039851957 557522394
1776152667 -22909006 -43353699 1776152664 1776152665
1776152665 -22908999 -43353646 1776152656 1776152667
1776152664 -22908994 -43353756 1776152667 1776152662
1776152666 -22908988 -43352234 1776152672 1776152657
557522484 -22908955 -43359082 557522482
1776135444 -22908911 -43356228 1776135443 1776135446
557522482 -22908897 -43359077 453560920
1776152663 -22908875 -43351325 1776152654
557521860 -22908857 -43354471 557521847 3040162490
3040162490 -22908843 -43354277 557521860 3040162489
557521847 -22908842 -43354659 3040162486 557521860
557521817 -22908829 -43355666 557521778 3040162487
453560920 -22908819 -43359049 453560922
1776152662 -22908816 -43353934 3040162484 1776152664 1776082105
3040162489 -22908800 -43354122 3040162490 557521873
3040162487 -22908757 -43355558 557521817 3040162485
3040162486 -22908753 -43355011 1776082101 557521833 557521847
557521873 -22908742 -43353984 3040162484 3040162489
3040162485 -22908717 -43355449 3040162487 557521829
3040162484 -22908709 -43353923 1776152662 557521873 3040162482
557521833 -22908705 -43355186 557521829 3040162486
557521829 -22908694 -43355315 557521833 3040162485
1776135443 -22908684 -43356057 1776082082 1776135444
3040162482 -22908612 -43353794 3040162484 557521888
453552332 -22908610 -43358445 557522525
1776082101 -22908563 -43354949 1776082096 3040162486
1776152658 -22908512 -43353603 1776152655 557521888
557521888 -22908503 -43353681 1776082099 1776152658 3040162482 3040162481
1776152657 -22908502 -43352620 1776152668 1776152649 1776152666
1776152655 -22908500 -43353562 1776152658 1776152650
1776152656 -22908499 -43352973 1776152641 1776152650 1776152665
453560922 -22908489 -43358717 3039851952
1776152654 -22908484 -43351376 1776152663 1776152651
1776082100 -22908428 -43355361 1776082087
1776082099 -22908397 -43353922 557521888 1776082088
1776082098 -22908396 -43354786 1776082096 1776082088
3040162481 -22908387 -43353593 557521893 557521888
1776082096 -22908364 -43354851 1776082101 1776082095 1776082075 1776082098
1776152651 -22908338 -43351433 1776152654 1776152645
453552335 -22908320 -43358285 453552332
1776082095 -22908276 -43355012 1776082096 1776082087
1776082088 -22908229 -43354394 1776082099 1776082080 1776082098
557521893 -22908229 -43353509 3040162481 1776152643
1776152650 -22908221 -43353185 1776152656 1776152648 1776152655
1776082090 -22908216 -43355352 3040162480 1776082087
3039851952 -22908210 -43358482 453560924
1776082087 -22908203 -43355288 1776082074 1776082095 1776082090 1776082100
3040162480 -22908166 -43355585 1776082090 1776082082
1776152649 -22908107 -43352188 1776152657 1776152647
1776082082 -22908105 -43355789 3040162480 3040162479 1776135443
1776152648 -22908049 -43352965 1776152638 1776152650
453552338 -22908024 -43358159 453552335
1776152647 -22907986 -43352074 1776152649 1776152646
453560924 -22907971 -43358337 453560926
3040162479 -22907943 -43355735 3040162478 1776082082
1776152645 -22907918 -43351691 1776152640 1776152651
1776152646 -22907908 -43352023 1776152647 1776152644
1776082080 -22907860 -43354259 1776082057 1776082088
1776152641 -22907842 -43352076 1776152644 1776152656 1776152639 1776152638
1776152644 -22907840 -43352023 1776152641 1776152646
1776152642 -22907838 -43353242 1776152637 1776152643
1776152640 -22907820 -43351807 1776152645 1776152639
1776152643 -22907814 -43353360 557521893 1776152642 1776082072
1776152639 -22907772 -43351961 1776152640 1776152641
3040162478 -22907755 -43355715 3040162479 1776135442
1776082079 -22907755 -43354435 1776082056 1776082075
453560926 -22907753 -43358232 3040289221
1776082075 -22907715 -43354588 1776082096 1776082070 1776082079
1776082074 -22907646 -43355109 1776082070 1776082087
1776082072 -22907587 -43353291 557521902 3040289222 1776152643
1776152638 -22907566 -43352320 1776152648 1776152641 1776152637
1776135442 -22907549 -43355722 1776135437 3040162478
1776082070 -22907535 -43355057 1776082053 1776082074 1776082075
3040289222 -22907495 -43353606 1776082072 1776082058 3040289220
2959089949 -22907410 -43357948 453552338
1776082058 -22907395 -43353947 1776082057 1776082052 3040289222
1776152637 -22907387 -43352632 1776152642 1776152638 1776152636
3040289221 -22907375 -43358107 453560931
1776082057 -22907343 -43354052 1776082080 1776082058 1776082056
1776135441 -22907336 -43351874 1776135440 1776135438
1776135440 -22907326 -43351576 1776135439 1776135441
1776135439 -22907305 -43351336 1776135440
1776152636 -22907287 -43352732 1776152637 1776152635
1776135438 -22907286 -43352147 1776135436 1776135441
1776082056 -22907275 -43354226 1776082057 1776082079 1776082054
1776135437 -22907267 -43355748 1776135414 1776135442
557521902 -22907247 -43353208 1776082055 557521914 1776082072
3040289220 -22907241 -43353518 1776082051 3040289222
1776082055 -22907211 -43353317 557521902 1776082051
1776082054 -22907209 -43354361 1776082049 1776082048 1776082056
1776135436 -22907187 -43352464 1776135438 1776135426
1776082053 -22907186 -43354893 1776082049 1776082070
1776082052 -22907129 -43353870 1776082050 1776082058
1776152635 -22907124 -43352865 1776152636 1776135434
1776082051 -22907100 -43353458 1776082055 1776082045 3040289220
1776135428 -22907062 -43351692 1013009300 1776135435
1776082050 -22907046 -43353832 1776082042 1776082044 1776082052
557521914 -22907046 -43353269 557521902 557521925
1776135435 -22907042 -43351810 1776135428 1776135416
1776135433 -22907037 -43352886 1776135426 1776135434
1776135434 -22907025 -43352939 1776152635 1776135432 1776135433
1776082049 -22907016 -43354725 2989888732 1776082053 1776082054
1776082045 -22907011 -43353546 1776082051 1776082044
1776135432 -22906993 -43353057 1776135420 1776135434
1776082048 -22906987 -43354233 1776082054 1776082042
1776135426 -22906966 -43352699 1776135417 1776135436 1776135433
1013009300 -22906962 -43351456 1776135421 3040289217 1776135428
1776082044 -22906933 -43353706 1776082045 1776082032 1776082050
2989888732 -22906926 -43354673 1776082049 1776082037 2989888731
1776135424 -22906884 -43350284 1776135415 1776135398
1776135420 -22906883 -43353115 1776135410 1776135432
1776135422 -22906823 -43352387 1776135416
1776135421 -22906806 -43351130 3040289219 1776135418 1013009300
1776082042 -22906797 -43354091 1776082050 1776082048
1776135418 -22906786 -43351017 1776135421
1776135416 -22906708 -43352243 3040289217 1776135422 1776135402 1776135435
1776135417 -22906694 -43352810 1776135426 1776135406
1776082037 -22906684 -43354528 2989888732 1776082035
557521925 -22906679 -43353443 557521914 1776135411
1776135415 -22906637 -43350102 1776135391 1776135424
1776135414 -22906574 -43355766 3040289216 1776135437
1776082035 -22906559 -43354406 3040289218 1776082037
1776135411 -22906544 -43353516 557521936 1776135410 557521925
3040289219 -22906542 -43351520 1776135421 1776135403
3040289218 -22906498 -43354213 1776082032 1776082035
3040289217 -22906487 -43352055 1776135403 1776135416 3040289203 1013009300
1776135410 -22906481 -43353294 1776135411 1776135420 1776135406
3040289216 -22906441 -43355744 1776135414 1776135400 3040289207
557521936 -22906426 -43353512 1776135411 557521982
1776082032 -22906424 -43354104 3040289218 1776082030 1776082044
2989888731 -22906420 -43355168 2989888730 2989888732
1776135406 -22906404 -43352974 1776135417 1776135410 1776135404
1776135404 -22906328 -43352904 1776135406 1776135402
1776082030 -22906324 -43354020 3040289210 1776082032
2989888730 -22906322 -43355228 2989888729 2989888731
3040289215 -22906282 -43354299 3040289212 3040289214
3040289214 -22906270 -43354253 3040289211 3040289215
1776135403 -22906269 -43351871 3040289217 3040289219 3040289205
3040289212 -22906264 -43354514 3040289215
2989888729 -22906231 -43355257 2989888728 2989888730
3040289210 -22906208 -43353942 1776082028 1776082030
3040289211 -22906199 -43354137 3040289209 3040289214
440043171 -22906196 -43357553 2959089949
1776135402 -22906169 -43352840 1776135416 1776135404 3040289203
3040289209 -22906155 -43354116 3040289211 3040289208
453560931 -22906155 -43357730 440043166
557521982 -22906141 -43353477 557521936 1776135399
3040289208 -22906124 -43354104 3040289209 3040289206
1776082028 -22906123 -43353911 1776082026 3040289210
1776135400 -22906100 -43355688 1776135395 3040289216
2989888728 -22906094 -43355189 557522078 2989888729
1776135398 -22906087 -43351401 1776135391 1776135424
3040289207 -22906079 -43357030 3040289204 3040289216 3040289192
1776135399 -22906053 -43353532 557521982 557521995
557522028 -22906046 -43354378 557522041 3040289206
557522041 -22906022 -43354576 557522028 557522055
3040289205 -22906005 -43352201 1776135403 1776135387
3040289206 -22905988 -43354112 1776082026 557522028 3040289208
3040289203 -22905977 -43352669 1776135390 3040289217 1776135402
557521995 -22905975 -43353618 1776135399 557522009
3040289204 -22905965 -43357481 440043171 3040289207
1776082026 -22905963 -43353998 1776082028 557522019 3040289206
1776135395 -22905939 -43355605 1776135388 1776135400
557522055 -22905927 -43354748 557522041 557522067
1776135397 -22905924 -43352015 1776135383
557522019 -22905924 -43353872 557522009 1776082026 1776135385
557522009 -22905921 -43353736 557521995 557522019
1776135392 -22905862 -43353205 1776135379
1776135391 -22905847 -43351212 1776135415 1776135373 1776135398
1776135390 -22905840 -43352546 1776135379 3040289203 1776135387
557522067 -22905817 -43354851 557522055 557522078
1776135385 -22905816 -43353799 1776135382 557522019
1776135387 -22905780 -43352480 3040289205 1776135390
1776135388 -22905775 -43355484 1776135386 1776135395
3040289193 -22905751 -43351709 3040289176
3014387433 -22905719 -43352245 3040289190
1776135386 -22905699 -43355378 1776135388 1776135384
3040289192 -22905687 -43356899 3040289207 3040289188
557522078 -22905667 -43354885 2989888728 557522085 557522067
3040289190 -22905625 -43352173 3040289174 3040289189 3014387433
1776135383 -22905622 -43351787 1776135378 1776135397
1776135384 -22905607 -43355288 1776135376 1776135386
1776135379 -22905527 -43352916 1776135390 1776135369 1776135392
557522085 -22905508 -43354876 557522099 557522078
1776135381 -22905496 -43350234 3040289186 1776135353
3040289189 -22905495 -43352360 3040289190
1776135378 -22905467 -43351767 1776135383 1776135348
1776135382 -22905464 -43353445 1776135369 1776135385
3040289188 -22905458 -43356830 3040289175 3040289192
1776135373 -22905443 -43350874 1776135391 3040289176 557523639
1776135376 -22905436 -43355193 1776135365 1776135384
3040289186 -22905423 -43350129 1776135358 1776135381
1776135370 -22905405 -43352602 1776135334
2959089947 -22905398 -43357303 3040289204
440043166 -22905343 -43357464 1760562778
1776135369 -22905277 -43353234 1776135382 1776135379 1776135336
557522099 -22905271 -43354790 557522085 557522111
1776135365 -22905178 -43355150 1776135376 1776135352
3040289176 -22905176 -43351235 3040289193 1776135348 1776135373
3040289175 -22905142 -43356681 3040289188 3040289163
3040289174 -22905122 -43351738 1776135346 3040289190 3040289168
557522111 -22905105 -43354765 557522099 557522129
3040289172 -22905083 -43358621 1776137591
3040289171 -22905072 -43357144 2959089947
1776135348 -22905048 -43351408 3040289169 3040289176 1776135378
3040289169 -22905008 -43351461 1776135346 1776135338 1776135348
1776135353 -22905007 -43350896 1776135381 1776135338 1776135332
1760562778 -22904997 -43357366 440043162
3040289168 -22904975 -43351931 3040289174
557522129 -22904971 -43354833 557522111 557522174
1776135352 -22904961 -43355161 1776135365 557522174
1776135343 -22904946 -43353327 3040289158
1776135346 -22904939 -43351579 1776135339 3040289174 3040289169
1776137591 -22904925 -43357826 1776137590 3040289172
1776137590 -22904786 -43357762 1776137585 1776137591
1776135339 -22904773 -43351781 1776135334 1776135346 1776135317
1776135338 -22904759 -43351241 1776135353 1776135323 3040289169
557522174 -22904734 -43355160 557522129 3040289152 1776135352
3040289164 -22904723 -43357598 1776137582
3040289163 -22904694 -43356432 3040289175 3040289155
2991599470 -22904681 -43356921 3040289171
1776135334 -22904663 -43351949 1776135339 1776135318 1776135370
1776135336 -22904661 -43354039 1776135369
1776137585 -22904630 -43357971 3040289154 1776137590
440043162 -22904601 -43357146 557523082
3040289161 -22904563 -43353815 1776135308
1776135332 -22904558 -43350500 1776135358 1776135353 1776135322
3040289158 -22904472 -43352900 3040289157 1776135343
3040289157 -22904438 -43352831 3040289158 1776135318
557523082 -22904402 -43357031 1776137581 1776137582
2959089950 -22904397 -43356766 2991599470
1776137582 -22904345 -43357366 557523082 3040289164 3040289154 557521521
3040289155 -22904313 -43356220 3040289153 3040289163
1776135323 -22904301 -43350857 1776135317 1776135338 1776135314
3040289154 -22904268 -43357720 1776137585 1776137582
1776135322 -22904266 -43350257 3040289160 1776135314 1776135332
557521521 -22904256 -43357508 557523041 1776137582 557521531
3040289153 -22904195 -43356153 3040289155 3040289152
557521531 -22904179 -43357780 3040289151 557521521
1776135318 -22904172 -43352596 1776152634 1776135334 3040289157
1776135319 -22904165 -43354376 3040289146
1776152634 -22904098 -43352700 1776152633 3040289149 1776135318
3040289152 -22904075 -43356060 3040289153 557522174 2959089952
1776135317 -22904075 -43351173 1776135339 1776135323
3040289151 -22904049 -43357935 557521531 557521541
2959089951 -22904026 -43356526 2959089950
1776135314 -22904001 -43350604 1776135323 1776135322 1776135310
3040289150 -22903985 -43358636 557521558 3040289148
3040289149 -22903959 -43352883 1776135308 1776152634
557521541 -22903959 -43358072 3040289151 3040289148
1776137581 -22903957 -43356667 1776137580 440043158
557521558 -22903938 -43358789 3040289150 557521572
3040289148 -22903927 -43358283 557521541 3040289150
1776137579 -22903912 -43356939 1776137580 1776137578
1776137580 -22903912 -43356774 1776137581 1776137579
2959089952 -22903838 -43356384 2959089951 3040289152 440043158
1776137578 -22903829 -43357043 1776137579 3040289143
1776135308 -22903760 -43353145 1776135293 3040289149 3040289161 3040289145
440043158 -22903758 -43356507 3040289142 2959089952
1776135310 -22903736 -43350378 476909795 1776135314
1776135304 -22903707 -43354923 1776135297 1776135280
1776135300 -22903599 -43355173 1776135297
3040289146 -22903590 -43353860 3040289144 1776135319
3040289145 -22903572 -43352984 1776135296 1776135308
3040289144 -22903563 -43353750 1776135293 3040289146
1776135297 -22903554 -43355137 1776135271 1776135304 1776135300
557521572 -22903548 -43358910 557521558 557521587
3040289143 -22903532 -43357215 1776137578 1776137577
1776135296 -22903495 -43353039 3040289137 3040289145
557523041 -22903414 -43357895 1776137575 557521521
1776135293 -22903410 -43353614 1776135308 1776135280 3040289144
1776137577 -22903368 -43357270 1776137576 3040289143
3040289142 -22903327 -43356215 557523400
1776137576 -22903303 -43357321 1776137574 1776137577
1776152633 -22903301 -43352054 1776152634
557521587 -22903231 -43359168 557521572 557521632
1776137574 -22903226 -43357576 1776137576 1776137573
1776137575 -22903217 -43358055 557523027 557523041 1776137573
557521632 -22903057 -43359314 557521587
1776137573 -22903053 -43357784 1776137574 1776137575
557523027 -22902965 -43358302 1776137575 557521438
3040289137 -22902932 -43352520 1776135296
1776135280 -22902909 -43354292 1776135276 1776135293 1776135304
3040289136 -22902907 -43352431 1776135258
1776135277 -22902878 -43350659 1776135269
557521438 -22902873 -43358465 557523027 557523014 557521465
1776203480 -22902861 -43359951 1776203478 1776203466
1776203478 -22902861 -43359776 1776203476 1776203480
1776135276 -22902860 -43354356 1776135271 1776135280 1776135257
1776203476 -22902833 -43359637 1776203471 1776203478
1776203471 -22902793 -43359550 1776203445 1776203476
1776135274 -22902778 -43350042 1776135261
1776135271 -22902740 -43354525 2959089953 1776135276 1776135297
1776203445 -22902700 -43359493 1776203435 1776203471
1776203435 -22902636 -43359542 1776203445 1776203433
1776135269 -22902616 -43351027 1776135263 1776135254
1776203433 -22902582 -43359653 1776203416 1776203435
557523014 -22902496 -43359159 557523006 557521438
1776203416 -22902492 -43359714 557523006 1776203433
557523006 -22902346 -43359683 557522996 1776203416 557523014
1776135264 -22902306 -43357031 1776135242 557521465
1776135263 -22902291 -43351476 1776135258 1776135246
2959089953 -22902188 -43355289 557523400 1776135271 2959089952
1776135258 -22902119 -43351717 1776135253 3040289136
557523400 -22902105 -43355410 476940315 2959089953 3040281329
1776135257 -22902065 -43353707 1776135276
3040281329 -22901945 -43355609 557523400 3040281328
557521465 -22901885 -43357623 1776135264 557521438 1776203352
1776135254 -22901851 -43350378 1776135259 1776135269 1776135246
1776135253 -22901801 -43352083 1776135247 1776135222
3040281328 -22901786 -43355824 1776152632 3040281329
1776135250 -22901713 -43350119 1776135233 1776135245
1776135247 -22901624 -43352324 1776135218 1776135243
1776135245 -22901594 -43350273 1776135250 1776135223
1776135246 -22901542 -43350827 1776135241 1776135263 1776135254
1776152632 -22901533 -43356165 557523626 3040281328 1776152631
557523626 -22901483 -43356234 1776152632 1776135242
1776135243 -22901475 -43352526 1776135240 1776135214
1776135242 -22901451 -43356278 1776135264 557522847 557523626
557522847 -22901418 -43356323 557522744 557522837 1776135242
1776135241 -22901411 -43350724 1776135246
1776135240 -22901333 -43352719 1776135202 1776135232
2984703361 -22901303 -43359608 1776203409
3040281327 -22901218 -43358407 1776135200
1776135235 -22901140 -43350931 1776135198
557522744 -22901127 -43356675 557522757 1776135200 557522847
1776135232 -22901104 -43353030 1776135219 1776135197
1776135228 -22901060 -43351213 1776135222
1776135222 -22900983 -43351352 1776135253 1776135228 1776135218
1776203367 -22900907 -43359832 1776203356 1776203377
1776135219 -22900900 -43353307 2959089954 1776135196
1776135218 -22900776 -43351608 1776135247 1776135222
1776135214 -22900758 -43351948 1776135243
1776203356 -22900751 -43359389 1776203367 1776203352
1776203352 -22900727 -43359241 1776203356 557521465
1776152631 -22900720 -43355479 1776152632
1776135205 -22900646 -43351582 1776135191
557522837 -22900598 -43355640 557522847
1776135204 -22900480 -43351854 1776135188
1776135202 -22900463 -43351977 1776135240
557522794 -22900440 -43355760 557522800
1776135200 -22900423 -43357705 557523611 557522744 3040281327
2959089954 -22900388 -43354098 2959089953 476940315
557522757 -22900353 -43355949 557522744
476940315 -22900301 -43354224 476933875 557522800
1776135198 -22900280 -43350156 1776135216 1776135235
1776135197 -22900099 -43352099 1776135232
1776135196 -22900072 -43352580 1776135219
