2353497099 -22.8399218 -43.5258687 617015441 2353497104
617015064 -22.8399079 -43.5222054 617015065 617015063
617014976 -22.839819 -43.5213685 617015042 617014936
617015441 -22.8396706 -43.5259927 617015440 2353497099
617015071 -22.8396706 -43.5226882 617015072 617015070
617015042 -22.8396509 -43.5214866 617015040 617014976
617015063 -22.8396014 -43.5223127 617015062 617015064
617015143 -22.8395718 -43.5212827 617015141 617015040
617015072 -22.8395223 -43.5228491 617015071 617015073
617015040 -22.8394729 -43.5214866 617015042 617015143
617015440 -22.8394531 -43.5258961 617015441 617015439
617015141 -22.8394432 -43.5211218 617015139 617015143
617015073 -22.8393938 -43.5228706 617015072
617015027 -22.8393443 -43.521905 617015025 617015089
617015439 -22.8392455 -43.5257566 617015440 617015438
617015062 -22.8392158 -43.522377 617015063
617015089 -22.8392158 -43.5219157 617015027 617015094
617015139 -22.8391367 -43.5215295 617015141 617015137
617015094 -22.8391169 -43.5220445 617015089 617015097
617015438 -22.8390378 -43.5256493 617015437 617015439
617015137 -22.8389093 -43.5217011 617015139 617015135
617015097 -22.8388104 -43.5223127 617015094 617015098
617015100 -22.8387412 -43.5226775 617015098
617015098 -22.8387412 -43.522538 617015097 617015100
617015437 -22.8387214 -43.5256064 617015436 617015438
617015135 -22.8386819 -43.5218942 617015133 617015137
617015133 -22.8385039 -43.5220981 617015132 617015135
617015132 -22.838405 -43.5222698 617015130 617015133
617015436 -22.8383852 -43.5256708 617015435 617015437
617015130 -22.8382864 -43.5224307 617015129 617015132
617015129 -22.8380392 -43.5228169 617015128 617015130
617015435 -22.8379403 -43.5257137 3053723522 617015436
617015128 -22.8378711 -43.5229886 617015129
3053723522 -22.8376885 -43.5257638 3053723497 617015435
3053723497 -22.8374995 -43.5258606 3053723522 3053723441
3053723441 -22.8372896 -43.5258777 3053723497 3053723339
3053723339 -22.8368434 -43.5257695 3053723310 3053723441
3053723310 -22.8366597 -43.525667 3053723303 3053723339
3053723303 -22.8365968 -43.5255474 3053723289 3053723310
3053723289 -22.8365338 -43.5253537 3053723303 3053723271
3053723271 -22.8364498 -43.5252797 3053723289 3053723237
3053723237 -22.8362819 -43.5252342 3053723160 3053723271
3053723160 -22.8357622 -43.5250405 3053723123 3053723237
3053723123 -22.8356153 -43.5250975 3053723160 3053722913
3053722913 -22.8352426 -43.5253367 3053722849 3053723123
3053722849 -22.834954 -43.5254506 3053722695 3053722913
3053722695 -22.8347388 -43.5255645 3053722665 3053722849
3053722665 -22.8345656 -43.5256784 3053722644 3053722695
3053722644 -22.8344186 -43.5257695 3053722665
3053680498 -22.8234783 -43.5247116 3053680492 3053680496
3053680496 -22.823475 -43.5235103 3053680498
3053680494 -22.823397 -43.5294943 3053680485 3053680493
3053680493 -22.823397 -43.5292648 3053680494 3053680489
3053680492 -22.8233896 -43.5248996 3053680486 3053680498
3053680489 -22.8233562 -43.5291883 3053680493 3053680483
3053680486 -22.8233228 -43.524952 3053680492 3053680479
3053680485 -22.8233116 -43.5296796 3053680494 3053680477
3053680483 -22.8232597 -43.5291158 3053680489 3053680480
3053680480 -22.8231298 -43.5290313 3053680468 3053680483
3053680479 -22.8230555 -43.5250217 3053680486 3053680471
3053680471 -22.8228662 -43.5250728 3053680464 3053680479
3053680468 -22.8227957 -43.528846 3053680480 3053680458
3053680464 -22.8226074 -43.5250541 3053680457 3053680471
3053680463 -22.8225433 -43.5268849 3053680456 3053680460
3053680462 -22.8225322 -43.5256567 3053680459 3053680452
3053680460 -22.8225025 -43.5265185 3053680453 3053680463
3053680459 -22.8224802 -43.5254513 3053680462 3053680443
3053680458 -22.8224691 -43.5287212 3053680468 3053680442
3053680457 -22.8224663 -43.5248971 3053680445 3053680464
3053680456 -22.8224654 -43.5273963 3053680440 3053680463
3053680453 -22.8224394 -43.5264117 3053680460 3053680450
3053680452 -22.8224357 -43.5259305 3053680462 3053680450
3053680450 -22.8223949 -43.526152 3053680453 3053680452
3053680445 -22.8223438 -43.524736 3053680438 3053680457
3053680443 -22.8222909 -43.5252782 3053680459 3053680433
3053680442 -22.8222835 -43.5286165 3053680437 3053680458
3053680440 -22.8222575 -43.5278071 3053680456 3053680435
3053680438 -22.8222401 -43.5245348 3053680445 3053680434
3053680437 -22.8222093 -43.528399 3053680442 3053680435
3053680435 -22.8221833 -43.5281091 3053680437 3053680440
3053680434 -22.8221428 -43.524498 3053680438 3053680329
3053680433 -22.8220757 -43.5251292 3053680330 3053680443
3053680330 -22.8220221 -43.5249616 3053680433 3053680328
3053680329 -22.8220166 -43.524502 3053680327 3053680434
3053680328 -22.8219776 -43.5247522 3053680330 3053680327
3053680327 -22.8219776 -43.5246354 3053680328 3053680329
