799921901 -22979938 -43365979 2795495226
2972094419 -22979782 -43365340 3315539645
2788344274 -22979700 -43365751 2788344280
2788344282 -22979666 -43365525 3315539647
1694839865 -22979613 -43365994 799921901
3315539648 -22979611 -43365720 2788344274
799921958 -22979610 -43365947 799921901
3315539647 -22979602 -43365559 2788344278
2788344278 -22979578 -43365645 3315539648
171554585 -22979560 -43365777 2788344280
1694839861 -22979391 -43365909 799921958
3315539645 -22979385 -43365242 2972094420
3315539641 -22979361 -43365475 1694839863
2972094424 -22979360 -43365761 171554585
171566718 -22979239 -43365967 1694839865
1694839863 -22979227 -43365480 171550496
171554584 -22979160 -43365731 2972094424
2972094420 -22979115 -43365140 1694839799
171550496 -22979031 -43365482 2972094422
2456220079 -22979005 -43365843 1694839861
163555894 -22978893 -43365664 171554584
2972094422 -22978869 -43365456 1694839858
171566716 -22978730 -43365874 171566718
1694839858 -22978703 -43365419 171550495
2741453380 -22978495 -43365786 2456220079
171550495 -22978451 -43365321 3065405878
1694839856 -22978393 -43365448 163555894
2741453415 -22978284 -43365754 2741453380
171566715 -22978248 -43365799 171566716
2741453404 -22978160 -43365709 2741453415
2972106386 -22978038 -43365779 171566715
2934191031 -22977875 -43365687 2934191033
2934191033 -22977849 -43365634 2972106385
2934191030 -22977820 -43365750 2934191031
1694839854 -22977716 -43365799 2972106386 2934191030
2666292658 -22977618 -43362620 376212108
3211751228 -22977608 -43365593 2666292656
2972106387 -22977604 -43365483 3211751228
2972106385 -22977580 -43365528 2934191032
2666292656 -22977576 -43365685 2972106388
2666292657 -22977554 -43365395 2972106387
2972106388 -22977483 -43365746 2666292655
2741453393 -22977389 -43365289 2666292657 2741453404
3211751230 -22977375 -43362837 2666292658
2666292655 -22977292 -43365754 2666292652
2934191032 -22977245 -43365460 2934191029
2666292653 -22977178 -43363125 3211751230
2666292652 -22977125 -43365725 2666292650
2934191029 -22977043 -43365467 2934191028
171566714 -22976964 -43365816 1694839854
2666292651 -22976915 -43363936 2666292653
2934191028 -22976894 -43365453 2934191027
2934191027 -22976804 -43365356 2934191026
1694839852 -22976787 -43365773 171566714
2666292650 -22976779 -43365629 2666292649
2934191026 -22976702 -43365026 2666292651
2666292649 -22976657 -43365524 2666292648
3211751229 -22976625 -43365309 2934191026
2741454534 -22976619 -43365720 1694839852
2666292648 -22976611 -43365425 3211751229
3211751227 -22976525 -43364894 2741453393
171566712 -22976441 -43365629 2741454534
3065405878 -22975915 -43364167 171550490
3065405877 -22975899 -43364245 1694839856
171566709 -22975815 -43365211 171566712
3211751226 -22975201 -43364335 3211751227
1178801319 -22974994 -43363036 1178801174
1178801174 -22974989 -43362797 1178801258
1178801294 -22974982 -43363307 1178801319
1178801258 -22974954 -43362564 1178801253
1178801309 -22974953 -43363478 1178801294
1694839847 -22974914 -43363633 1178801309
1178801253 -22974911 -43362351 1178801290
2741453372 -22974907 -43364215 3211751226
3065418190 -22974886 -43363172 1178801163
1178801173 -22974875 -43362894 3065418190
1178801163 -22974874 -43363370 3065418189
1178801288 -22974865 -43363819 1694839847
1694839848 -22974863 -43362659 1178801173
3065418189 -22974844 -43363497 1694839842
1178801233 -22974833 -43362456 1694839848
1178801290 -22974817 -43362082 1178801159
1694839842 -22974804 -43363577 3065418188
1178801310 -22974801 -43363934 1178801288
1178801162 -22974717 -43364051 1178801310
1178801159 -22974716 -43361877 1178801157 1694839839
3065418188 -22974706 -43363711 1178801209
1178801202 -22974663 -43362001 1178801233
1178801164 -22974641 -43364117 1178801162
1178801209 -22974611 -43363787 3065418187
1178801157 -22974561 -43361639 1178801282
3828303351 -22974545 -43364155 1178801164
3065418187 -22974539 -43363811 1694839840
2741453382 -22974510 -43364118 2741453372
1694839839 -22974487 -43361518 1694839838
1694839840 -22974481 -43363810 1178801210
1178801197 -22974472 -43364160 3828303351
1178801153 -22974426 -43361619 1178801202
1178801210 -22974411 -43363788 1178801231
1178801282 -22974394 -43361430 1178801201
1694839838 -22974345 -43361269 1694839836
615279926 -22974310 -43364153 171566709 1178801197
1694839836 -22974240 -43360881 1694839832
1178801201 -22974220 -43361260 3065405873
2741453396 -22974212 -43364068 2741453382
1694839832 -22974153 -43360463 1694839829
3065405875 -22974129 -43364154 615279926
1694839829 -22974088 -43360163 1694839813
1694839827 -22974077 -43360602 1694839816
2741453419 -22974072 -43364025 2741453396
1694839817 -22974061 -43360424 1694839827
3065405873 -22974043 -43361123 1178801317
1694839816 -22974025 -43360777 1694839814
1178801216 -22974020 -43361232 1178801153
3065405872 -22973989 -43364196 3065405875
1694839815 -22973989 -43360057 1694839817
1178801231 -22973952 -43363506 1178801268
1694839814 -22973917 -43360867 1694839809
2741453388 -22973911 -43363950 2741453419
3065405870 -22973889 -43364250 3065405872
1178801268 -22973853 -43363479 1178801267
1178801317 -22973833 -43360996 1178801284
1178801259 -22973774 -43364332 3065405870
1694839809 -22973758 -43360920 1178801284
1178801267 -22973740 -43363474 1178801299
2741453384 -22973718 -43363836 2741453388
3828303324 -22973697 -43364455 1178801259
1694839807 -22973660 -43364425 1178801259
1178801206 -22973645 -43364578 3828303324
1178801284 -22973628 -43360910 3065405867
1178801299 -22973621 -43363502 2213798632
1178801302 -22973610 -43364715 1178801206
3828303323 -22973597 -43364496 1694839807
1178801213 -22973594 -43364855 1178801302
3005764567 -22973583 -43366513 3298368644 3828303322
1367347013 -22973582 -43367467 1367347015
3828303322 -22973581 -43366276 3828303321
1367347015 -22973581 -43367189 3005764567
3828303321 -22973581 -43366197 3005764575
3005764575 -22973579 -43365942 1178801213
3065405868 -22973569 -43364541 3828303323
1178801281 -22973567 -43360950 1178801216
1694839799 -22973562 -43362560 1694839735
3298368644 -22973545 -43366422 3298368643
3005764574 -22973540 -43366006 3005764575
3828303316 -22973540 -43364606 3065405868
2741453398 -22973528 -43363692 2741453384
615280052 -22973519 -43364688 3828303316
3298368643 -22973510 -43366373 2770901292
3828303313 -22973500 -43364795 615280052
2213798632 -22973492 -43363565 3065418185
615280043 -22973490 -43364939 3828303313
3828303312 -22973485 -43366192 3005764573
2770901292 -22973485 -43366351 3828303312 2905708175
3005764573 -22973484 -43366050 615280043 3005764574
3298368637 -22973484 -43366471 2770901292
171550490 -22973450 -43362993 1694839748
163555888 -22973422 -43363067 3065405877
2905708173 -22973420 -43366073 3005764573
2905708175 -22973419 -43366318 2770901278
3065418185 -22973397 -43363663 1178801246
2905708159 -22973371 -43366074 2905708173
2770901278 -22973369 -43366311 2770901267
1178801246 -22973334 -43363785 1178801271 1694839761
3298368594 -22973329 -43366066 2905708159
1178801271 -22973310 -43364033 3298368583
2741453370 -22973306 -43363490 2741453398
1367346991 -22973302 -43367194 1367346976 3733760591
2770901267 -22973296 -43366325 1367346991 3005764569
3828303272 -22973291 -43366184 2770901267
3298368583 -22973289 -43365923 2770901268
3065405867 -22973288 -43360789 1178801180
2770901268 -22973286 -43366046 3828303272 3298368594
1694839767 -22973279 -43360869 1178801281
3298368577 -22973252 -43366016 2770901268
3005764569 -22973250 -43366352 3828303242
1694839761 -22973242 -43364015 1694839759
3828303244 -22973217 -43365967 3298368577
3828303242 -22973209 -43366393 3005764570
1694839759 -22973189 -43364323 3005764571
3005764571 -22973188 -43365910 3828303236 3828303244
3065405866 -22973187 -43363865 1694839759
3828303236 -22973183 -43366113 3828303232
3828303232 -22973182 -43366179 3005764570
1367346976 -22973179 -43368097 3733760590
3659687413 -22973179 -43367536 1367346976
1772815382 -22973179 -43367168 3659687413 3659687412
3005764570 -22973175 -43366460 1772815382
1178801180 -22973164 -43360759 3065405865
3733760590 -22973150 -43369249 2641491994 3733760591
615278805 -22973149 -43363691 3065405866
3659687412 -22973141 -43367216 3659687409
2641491994 -22973138 -43369716 3828303220 2641491992
3659687411 -22973131 -43367449 3659687413
2641491992 -22973107 -43369869 3069302828
615278801 -22973072 -43363550 615278805
1178801280 -22973064 -43360840 1694839767
2425629827 -22973055 -43363266 2741453370
3065405865 -22973054 -43360744 1178801272
3659687410 -22973031 -43367401 3659687411
1694839735 -22973024 -43362248 163546675
3659687409 -22973011 -43367268 3659687407
1694839748 -22972970 -43362783 1694839725
3659687408 -22972946 -43367401 3659687410
1694839732 -22972921 -43360839 1178801280
3659687407 -22972911 -43367243 1772815289
3659687405 -22972877 -43367339 3659687403 3659687404
1178801272 -22972872 -43360753 1178801165
3659687404 -22972872 -43367272 3659687405 1772815289
3659687403 -22972862 -43367403 3659687408 3659687402 3659687405
1772815289 -22972846 -43367212 3659687404 3659687400
3659687402 -22972827 -43367458 3659687398 3659687403
1694839725 -22972803 -43362672 1694839720
3659687400 -22972802 -43367165 3659687399 1772815289 3659687393
3065405864 -22972800 -43362781 163555888
3659687399 -22972778 -43367058 3659687396
3659687398 -22972776 -43367497 3659687390 3659687402
3659687397 -22972773 -43367616 3659687402
3659687396 -22972770 -43365869 3659687395
1694839728 -22972766 -43360857 1694839732
3659687395 -22972759 -43365752 3659687392
3659687393 -22972746 -43367137 3659687400 3659687389
3659687392 -22972734 -43365691 3659687388
3659687390 -22972717 -43367514 3659687398 3659687387
3659687389 -22972685 -43367131 3659687393 3659687383
3659687388 -22972678 -43365688 3659687386
3659687387 -22972656 -43367509 3659687390 3659687381
3659687386 -22972646 -43365745 1772815295
3651472636 -22972644 -43368872 3652041866 3659687384
3659687385 -22972631 -43367632 3651472636
2972094418 -22972628 -43362668 3065405864
3659687383 -22972626 -43367148 3659687380 3659687389
3659687382 -22972625 -43367061 3659687380
1772815295 -22972624 -43365847 1772815209 3659687382
3659687381 -22972600 -43367481 3659687385 3659687379 3659687387
1694839724 -22972590 -43360895 1694839728
3659687380 -22972575 -43367187 3659687378 3659687383
1694839720 -22972561 -43362503 171550489
3659687379 -22972556 -43367433 3659687377 3659687381
3659687378 -22972540 -43367242 3659687380 3659687376
3659687377 -22972530 -43367373 3659687376 3659687379
3659687376 -22972524 -43367306 1772815210 3659687378 3659687377
163546675 -22972479 -43361857 1694839692 1694839708
1178801179 -22972441 -43360987 1694839724
3065405863 -22972414 -43362479 2972094418
1694839708 -22972385 -43361687 1178801194
1178801200 -22972367 -43361085 1178801179
1178801194 -22972330 -43361551 1178801275
1178801185 -22972305 -43361196 1178801200
1178801275 -22972300 -43361373 1178801185
171550489 -22972297 -43362281 171550488
3815487895 -22972183 -43362557 615278801 2425629827
171550488 -22972120 -43362107 171550486
1178801166 -22972086 -43361334 1178801185
1178801165 -22972074 -43360880 1178801278 1178801279
1178801151 -22971951 -43361341 1178801166
1178801278 -22971938 -43361006 1178801276
1178801276 -22971872 -43361110 1178801252
1178801252 -22971866 -43361247 1178801151
1178801279 -22971839 -43360936 1178801273
171550486 -22971811 -43361763 3212569961
1694839692 -22971697 -43361244 1178801262
1178801273 -22971682 -43360928 3065405862
3065405862 -22971514 -43360885 1694839683
1694839683 -22971366 -43360803 2370472692
163555887 -22971295 -43361500 3815487895 3065405863
3652041866 -22971189 -43368851 3651472636 3652041864
163555885 -22971186 -43361580 3815487895
3652041865 -22971185 -43368894 3652041866
3652041864 -22971179 -43368809 3652041862
3652041863 -22971167 -43368932 3652041865
3652041862 -22971157 -43368773 3652041860
3652041861 -22971139 -43368962 3652041863
2370472692 -22971135 -43360633 1178801262
1772815209 -22971131 -43365860 1772815210 3747600508 1772815295
3652041860 -22971125 -43368748 3652041858
1772815210 -22971117 -43367309 1772815209 3659687376
3652041859 -22971103 -43368980 3651472634 3652041861
3652041858 -22971087 -43368736 3652041856
3652041857 -22971063 -43368983 3652041859
3652041856 -22971047 -43368739 3652041854
3652041855 -22971025 -43368971 3652041857
3652041854 -22971011 -43368757 3652041852
3652041853 -22970993 -43368946 3652041855
3652041852 -22970983 -43368787 3652041850
3652041851 -22970971 -43368910 3652041853
3652041850 -22970965 -43368825 1772815208
1772815208 -22970961 -43368868 3652041851
3212569961 -22970930 -43360673 2988653270
1178801262 -22970824 -43360417 171550481
3678989494 -22970739 -43361178 163555885
3212569963 -22970689 -43361134 3678989494
2988653270 -22970376 -43360085 2988653276 171550481
495308029 -22970366 -43360846 3212569963
2988653276 -22970259 -43360077 2988653271
2988653271 -22970178 -43360078 2988653272
2988653272 -22970117 -43360118 2988653273
2213759919 -22970107 -43360430 163555887
163555881 -22970102 -43360616 495308029
2988653273 -22970072 -43360165 2988653274
2988653275 -22970056 -43360325 2213759919
2988653274 -22970046 -43360233 2988653275
3747600508 -22969567 -43365852 1772815209
163555879 -22969487 -43360043 163555881
