1661218710 -22959998 -43705878 1661218722 1661218687 1661218719
1661218709 -22959991 -43705004 1661218692 1661218687 1661218749 1661218719
2981747035 -22959779 -43700714 2981747036
1661218708 -22959769 -43703757 1661218713 1661218682 1661218715 1661218685
1661218695 -22959657 -43702297 1661218711 1661218683 1661218678
1661218692 -22959655 -43704728 1661218680 1661218709 1661218715 1661218682
1661218687 -22959551 -43705724 1661218710 1661218680 1661218709
1661218685 -22959379 -43703421 1661218708 1661218663 1661218711 1661218678
1661218683 -22959334 -43702067 1661218695 1661218657 1661218677
1661218682 -22959271 -43704416 1661218660 1661218708 1661218692 1661218663
1661218680 -22959148 -43705589 1661218660 1661218692 1661218687
1661218678 -22959070 -43703156 1661218655 1661218695 1661218657 1661218685
1661218677 -22959048 -43701862 1661218666 1661218683
1661218666 -22958870 -43701791 1661218653 1661218677
1661218663 -22958848 -43704216 1661218655 1661218651 1661218685 1661218682
1661218660 -22958742 -43705389 1661218680 1661218651 1661218682
1661218657 -22958696 -43702868 1661218647 1661218653 1661218683 1661218678
1661218655 -22958506 -43703863 1661218647 1661218645 1661218678 1661218663
1661218653 -22958338 -43702650 1661218649 1661218666 1661218657
1661218651 -22958328 -43705189 1661218660 1661218645 1661218663
1661218649 -22958165 -43702803 1661218632 1661218653
1661218647 -22958154 -43703592 1661218657 1661218655 1661218632 1661218630
1661218645 -22957899 -43704889 1661218655 1661218651 1661218630
1661218632 -22957807 -43703327 1661218628 1661218649 1661218647
1661218630 -22957516 -43704615 1661218628 1661218647 1661218645
1661218628 -22957209 -43704365 1661218632 1661218630 1661218626
1661218626 -22956811 -43704140 1661218628 1661218624
1661218624 -22955975 -43703500 1661218626 1661218622
1661218622 -22955224 -43702834 1661218624 1661218620
1661218620 -22954841 -43702517 1661218622 1661218618
1661218618 -22954412 -43702201 1661218620 1661218615
1661218615 -22954044 -43701818 1661218612 1661218618
1661218612 -22953622 -43701435 1661218594 1661218615
