3149017328 -22.8599559 -43.2279009 3149017322
3101297133 -22.8599337 -43.22769 2507002098
277537458 -22.8597222 -43.2208914 277537457
277537461 -22.8596796 -43.2201088 277538674 277537460
3014218756 -22.8596654 -43.2207435 277537458
277537727 -22.8596654 -43.2200287 277537461
277537684 -22.8596505 -43.2211852 277537683
277537460 -22.8596403 -43.2202555 277537459
3014252860 -22.8596313 -43.2205802 3014218756
277537459 -22.8596254 -43.2204245 3014252860
277537683 -22.8595429 -43.2209374 277537682
277537682 -22.8594809 -43.2207074 277537681
277537728 -22.859401 -43.2200526 3014252863
277537681 -22.8593814 -43.2201146 277537728 277537680
3766724796 -22.8593344 -43.2281231 3101297133
3149017322 -22.8590769 -43.2285374 277483989
3766724795 -22.8589828 -43.2283799 3766724796
277483989 -22.8588177 -43.2287366 3766724794
2334142123 -22.8587277 -43.2285551 3766724795
3766724794 -22.8586965 -43.2288431 277483988
277485675 -22.8585924 -43.2286338 2334142123
277483988 -22.8585459 -43.2289951 3766724793 3149195382
3766724793 -22.8584525 -43.229046 2334142125
2334142125 -22.8584022 -43.2290594 277485717
277485717 -22.8583497 -43.2290566 2334142124
2334142124 -22.8583051 -43.2290333 277485718
277485719 -22.8582905 -43.2288473 277485675
277485718 -22.8582735 -43.2289876 3718044162
3766724784 -22.8582659 -43.2288912 277485719
3718044162 -22.8582612 -43.22894 3766724784
3766724778 -22.8582052 -43.2287812 277485675
3766724777 -22.8582037 -43.2293522 3149195382
3766724776 -22.8582035 -43.2292507 3766724777
3766724775 -22.858182 -43.2291412 3766724776
3149195382 -22.8581798 -43.2294904 3766724760
3766724769 -22.8581315 -43.2290586 3766724775
3766724765 -22.8580604 -43.2289948 3766724769
3766724762 -22.8579499 -43.2289513 3766724765
744111083 -22.8577708 -43.2289207 3766724778 3766724762
3766724754 -22.8573986 -43.2289895 744111083
3766724750 -22.8572492 -43.2290334 3766724754
3766724748 -22.8571223 -43.2290882 3766724750
3766724746 -22.8569838 -43.2291806 3766724748
3766724745 -22.8568558 -43.2292874 3766724746
3766724742 -22.85675 -43.2293953 3766724745
277485679 -22.8566433 -43.2295483 3766724742
744111063 -22.8564388 -43.2299057 277485679
277591247 -22.8414382 -43.2268758 277591242 501423730
277591242 -22.8411376 -43.2271545 277591247 3768353800
3768353802 -22.8409981 -43.2275746 3768353800
3768353801 -22.8409834 -43.2274935 3768353802
3768353800 -22.8409794 -43.2276586 277591226
501423730 -22.8409588 -43.226049 277591247 277591248
3768353799 -22.8409354 -43.2274457 3768353801
277591226 -22.840926 -43.2277441 277540241
3768353796 -22.8408659 -43.2274109 3768353799
3768353795 -22.8407711 -43.227408 3768353796
277591227 -22.8406817 -43.2274457 277591242 3768353795
277591248 -22.8405309 -43.2253573 501423730
277590942 -22.8404808 -43.2297644 277540162 277590941
277591185 -22.8404045 -43.2291909 277591163
277540162 -22.8402184 -43.2293136 3768353781 277591185
277540241 -22.8401687 -43.2282897 3768353784 3768353789
3768353790 -22.8401086 -43.2286722 277591185
3768353789 -22.8400781 -43.228386 3768353787
3768353788 -22.8400686 -43.228602 3768353790
3768353787 -22.8400552 -43.2284426 3768353786
3768353786 -22.8400485 -43.228531 3768353788
