2124723644 -22937476 -43238417 2124723643
2124723643 -22937470 -43238496 2124723641
2124723642 -22937435 -43238325 2124723644
2124723641 -22937430 -43238562 2124723636
2124723640 -22937402 -43237985 2124723638 2124723639
2124723639 -22937374 -43237908 2124723629 2124723640
2124723638 -22937367 -43238030 2124723634 2124723640
2124723637 -22937359 -43238299 2124723642
2124723636 -22937321 -43238579 2124723632
2124723634 -22937306 -43238130 2124723638 2124723633
2124723633 -22937298 -43238299 2124723637 2124723634
2124723632 -22937261 -43238559 2124723630
2124723631 -22937203 -43238297 2124723633
2124723630 -22937165 -43238449 2124723626
2124723629 -22937148 -43237732 2124723639 2124723615
2124723628 -22937126 -43238270 2124723631
2124723626 -22937113 -43238404 2124723624
2124723624 -22937041 -43238351 2124723621
2124723623 -22937012 -43238191 2124723628
2124723621 -22936951 -43238318 2124723618
2124723618 -22936833 -43238306 2124723613
2124723617 -22936733 -43238014 2124723623
2124723616 -22936682 -43237966 2124723617
2124723615 -22936623 -43237304 2124723629 2124723611
2124723614 -22936530 -43237926 2124723616
2124723613 -22936522 -43238424 2124723610
2124723612 -22936434 -43237928 2124723614
2124723611 -22936365 -43237189 2124723615 2124723608
2124723610 -22936276 -43238568 1391956217
2124723609 -22936191 -43237957 2124723612
1391956217 -22936174 -43238650 374193311
2124723608 -22936147 -43237123 2124723611
2124723607 -22936067 -43237971 2124723609
2124723606 -22935921 -43237959 2124723607
2124723605 -22935784 -43237917 2124723606
2124723604 -22935709 -43237858 2124723605
2124723603 -22935658 -43237458 2124723600
819331538 -22935658 -43234778 819331535
2124723602 -22935633 -43237763 2124723604
2124723601 -22935633 -43237355 2124723603
2124723600 -22935615 -43237677 2124723602
2124723599 -22935514 -43237217 2124723601
2124723598 -22935471 -43237174 2124723599
819331513 -22935431 -43233909 819331509
2124723597 -22935409 -43237073 2124723598
2124723595 -22935377 -43237007 2124723597
2124723593 -22935286 -43236906 2124723595
2124723591 -22935220 -43236863 2124723593
2124723590 -22935215 -43237472 2124723586
2124723589 -22935208 -43237531 2124723590
2124723587 -22935170 -43237573 2124723589
2124723586 -22935164 -43237384 2124723584
819331509 -22935154 -43233952 819331505 819331513
2124723585 -22935134 -43236851 2124723591
2124723584 -22935113 -43237301 2124723581
2124723583 -22935108 -43237590 2124723587
2124723582 -22935089 -43236890 2124723585
2124723581 -22935083 -43237228 2124723580
2124723580 -22935053 -43237118 2124723579
2124723579 -22935043 -43236991 2124723582
2124723578 -22935036 -43237529 2124723583
2124723577 -22935002 -43237465 2124723578
819331505 -22934986 -43233952 819331509 819331497
2124723575 -22934965 -43237357 2124723577
2124723573 -22934899 -43237235 2124723575
819331535 -22934877 -43234810 819331538 819331533
2124723571 -22934851 -43237136 2124723573
374193311 -22934850 -43239560 1391956217 1659751197 837056792
2124723569 -22934802 -43237066 2124723571
2124723568 -22934790 -43237573 2124723566
2124723567 -22934754 -43237752 2124723568
2124723566 -22934750 -43237409 2124723563
2124723565 -22934739 -43237018 2124723569
2124723564 -22934697 -43237002 2124723565
815686364 -22934688 -43237950 2124723567
2124723563 -22934679 -43237305 2124723561
2124723562 -22934641 -43237030 2124723564
819331497 -22934630 -43233802 819331495 819331505
2124723561 -22934623 -43237190 2124723560
2124723560 -22934620 -43237109 2124723562
819331533 -22934581 -43234725 819331532 819331535
1659751197 -22934331 -43239896 1659751192 249089378
819331532 -22934304 -43234585 819331529 819331533
819331495 -22934166 -43233577 819331494 819331497
837056792 -22934021 -43238352 374193311 815686364 2456015555
819331408 -22933731 -43232257 819331406
819331529 -22933652 -43234242 836931116 819331532
819331494 -22933484 -43233362 836919234 819331495
819331406 -22933445 -43232160 819331393 819331408
2456015555 -22933271 -43237241 837056792 815686356
819331393 -22933208 -43232214 819331387 819331406
836919234 -22933031 -43233266 819331491 819331494 819331358 819331424
836931116 -22933018 -43234007 819331424 819331529
819331387 -22933010 -43232150 819331393 819331384
836919343 -22933008 -43238963 837056792 249089378
819331364 -22932941 -43232622 819331358 819331369
819331424 -22932921 -43233963 836931116 1398146446 836919234
819331358 -22932911 -43232836 836919234 819331364
819331491 -22932793 -43233244 836919234 819331490
819331384 -22932704 -43231892 819331387 819331380
815686356 -22932662 -43236384 815686359 2456015555
819331369 -22932625 -43232321 819331364 819331373
819331380 -22932516 -43231710 819331376 819331384
1398146446 -22932476 -43234043 819331430 819331424
819331490 -22932447 -43233094 819331491 819331458
819331373 -22932447 -43232042 819331369 819331376
819331376 -22932407 -43231881 819331373 819331380
819331430 -22932361 -43234091 1398146446 836919248
836919248 -22932219 -43234175 819331430 1398146461
819331458 -22932170 -43232804 819331460 836919266 819331490
1398146461 -22932123 -43234255 836919248 819331437
819331437 -22932033 -43234282 819331441 1398146461
815686499 -22932016 -43236966 815686503 1334341483
815686503 -22932013 -43237059 815686499 1334341440
1334341483 -22932007 -43236934 815686499 815686359
1334341440 -22931987 -43237115 815686503 249089377
1784229951 -22931983 -43239818 1784229893
815686359 -22931975 -43236882 815686356 1334341483 815686492
3762137982 -22931954 -43239755 1784229951
249089377 -22931950 -43237154 836919343 815686479 1334341440
1784229756 -22931926 -43239878 1334341437
815686492 -22931908 -43236836 815686359 1334341486
1334341471 -22931898 -43239628 836919343 3762137982
815686479 -22931877 -43237185 815686481 249089377
1334341486 -22931855 -43236826 815686492 815686489
819331460 -22931842 -43232311 819331458
1334341437 -22931823 -43239668 1334341471 1784229949
815686489 -22931799 -43236837 815686327 1334341486
815686481 -22931798 -43237176 1334341458 815686479
1334341458 -22931748 -43237145 815686344 815686481
836919266 -22931739 -43233164 836919264 819331458
815686327 -22931732 -43236885 815686489 815686486
815686344 -22931721 -43237114 1334341458 836919330 815686484
815686486 -22931694 -43236963 815686327 815686484
815686484 -22931690 -43237031 815686344 815686486
819331441 -22931607 -43234320 819331437 1398146432 1398146427
815645027 -22931589 -43239022 1334341471
1784229949 -22931581 -43239189 248974159
1398146432 -22931539 -43234416 819331441 1398146424
248974159 -22931526 -43239097 1481814181
1398146427 -22931509 -43234266 1398146442 819331441
1784229831 -22931496 -43238868 815645027
1398146424 -22931465 -43234467 1398146432 819331486
1481814181 -22931453 -43238981 1784229817
1784230003 -22931419 -43238751 1784229831
1398146442 -22931419 -43234221 1398146475 1398146427
819331486 -22931380 -43234483 819331485 1398146424 837021151
1398146397 -22931375 -43234379 819331486
1784229817 -22931367 -43238858 1784229995
1398146394 -22931353 -43234262 1398146397
1784229936 -22931350 -43238663 1784230003
819331485 -22931340 -43234698 1398146395 772815162
1398146475 -22931328 -43234197 1398146394 1398146442
1398146395 -22931321 -43234584 1398146428
837021151 -22931314 -43234440 837021150
1784229966 -22931289 -43238589 1784229936
249087720 -22931284 -43234132 1398146475 1398146447
1398146428 -22931276 -43234493 1398146440
1784229995 -22931245 -43238699 1784229824
1398146447 -22931242 -43234203 837021143
772815162 -22931238 -43234902 819331485 3626002500
837021150 -22931229 -43234379 1398146412
1398146440 -22931198 -43234429 1398146430
1784229837 -22931189 -43238482 1784229966
837021143 -22931169 -43234266 1398146409
1784229824 -22931142 -43238577 1784229751
1398146412 -22931127 -43234345 249088533
1398146430 -22931115 -43234390 249088533
1784229751 -22931084 -43238502 1784229822
1398146409 -22931080 -43234295 249088533
1784229854 -22931027 -43238297 1784229837
836919264 -22931012 -43233733 836919266 249087720
1784229822 -22930973 -43238369 1393190194
249088533 -22930927 -43234323 3027212239
836919330 -22930909 -43238158 815686344 1784229854
1393190194 -22930886 -43238267 1784229864
3451427051 -22930825 -43231388 3451426557
1784229864 -22930746 -43238118 1784229938
815645030 -22930688 -43237925 836919330
1784229938 -22930626 -43237998 1784229871
3626002500 -22930612 -43235978 3626002501 772815162
3626002501 -22930582 -43236033 836919321 3626002500
1784229934 -22930533 -43237776 815645030
836919321 -22930517 -43236154 815686327 3626002501
1784229871 -22930512 -43237890 248974157
1784229904 -22930401 -43237650 1784229934
248974157 -22930358 -43237750 1784229909
1481790112 -22930329 -43239796 2026686142
1784229964 -22930302 -43237562 1784229904
1784229909 -22930234 -43237644 1784230001
1784229929 -22930147 -43237442 1784229964
2411532952 -22930132 -43231440 1834845037
1784230001 -22930065 -43237508 1435901870
1435901871 -22929967 -43237314 1784229929
1435901872 -22929950 -43237163 836919321
1435901870 -22929922 -43237401 772815159
1334341461 -22929895 -43237266 1435901872 1435901871
772815159 -22929855 -43237358 1435901873 1334341461
1435901881 -22929816 -43237220 1334341461
1435901882 -22929794 -43237521 772815159
1435901873 -22929776 -43237308 1784229758
3451426557 -22929776 -43232227 836919264 3451427051
1834844380 -22929670 -43235413 772815162
1784229758 -22929614 -43237210 1784229790
1834844384 -22929605 -43235451 1834844380
1834845037 -22929603 -43232017 2411532952 3451426557
1834844386 -22929558 -43235501 1834844384
836919205 -22929531 -43238342 1435901882
3027212239 -22929506 -43234025 3027212240
249087269 -22929474 -43238518 836919205
249087268 -22929397 -43238680 249087269
1784229790 -22929347 -43237072 836919216
3027212240 -22929331 -43233989 837021206
1398146464 -22929272 -43238905 249087268
634187745 -22929202 -43231483 1834845037 634187695
3026245106 -22929123 -43231386 634187745
1784229819 -22929104 -43239168 1398146464
1398146426 -22928945 -43239357 1784229819
837021206 -22928927 -43233904 836919191 837021205
837021205 -22928908 -43233979 1834844381
249087267 -22928829 -43239456 1398146426
836919312 -22928789 -43236655 1435901881 1834844386
836919216 -22928766 -43236773 249087945 1401473899
1834844381 -22928709 -43235031 1834844383
1834844383 -22928682 -43235139 1834844382
1401473899 -22928658 -43236975 815663356 836919216
1834844382 -22928649 -43235222 1834844388
1784229821 -22928556 -43239561 1398828787
642547327 -22928549 -43239643 1784229821 249087267
1398828787 -22928541 -43239522 1784229946
634187747 -22928537 -43230685 3026245106
1834844388 -22928537 -43235405 837021183
3451426504 -22928517 -43230662 3451426549 634187747
1784229946 -22928502 -43239477 249088103
1496796691 -22928499 -43239675 642547327
1496796693 -22928490 -43239838 1481790113
815594068 -22928394 -43239737 1496796691 1496796693
836919191 -22928284 -43233721 634187695 1834845037
772815156 -22928208 -43239822 1496796692 815594068
815663356 -22928165 -43237838 1401473899
1496796692 -22928136 -43239735 1398830204
1398830192 -22928036 -43239723 1398830203
1398830203 -22928032 -43239662 1398830204
1398830194 -22928026 -43239782 1398830192
1398830191 -22928001 -43239827 1398830194
1398830204 -22928000 -43239609 2486780564
1398830201 -22927972 -43239860 1398830191
837021183 -22927938 -43236188 249087945 836919312
1398830193 -22927922 -43239893 1398830201 772815156
249087945 -22927840 -43236309 1473562139 1473562107
634187695 -22927701 -43233496 1784229794
1398829129 -22927647 -43239935 1398830193
1473562139 -22927418 -43237001 249088103 1473562137
815645032 -22927287 -43235783 837021183
836919139 -22927242 -43232427 634187747
1784229794 -22927183 -43233261 837021154
837021154 -22927037 -43233200 249088527
249088103 -22926922 -43237832 249088102
1473562107 -22926868 -43235626 2452487274
837021231 -22926831 -43233038 836919139
249088527 -22926778 -43233109 837021217 837021231
837021217 -22926720 -43233083 634187691
1435894235 -22926650 -43234550 837021154 1784229794
2486780562 -22926638 -43238059 815594068
2486784082 -22926607 -43238098 2486780562
1435894229 -22926555 -43234491 1435894235 1435894233
2486784080 -22926550 -43238171 2486784082
2486780564 -22926520 -43238212 1398835265 2486784080
1473562137 -22926500 -43236236 1473562139 815663346
837021156 -22926411 -43235177 815645032 1435894235
2452487274 -22926376 -43235268 837021156 248974155
1435894233 -22926236 -43235049 837021156
815645006 -22926215 -43233529 1435894231
815663346 -22926198 -43235984 1473562137
836919133 -22926131 -43231472 836919139 476504092
1428557594 -22926119 -43230058 1428558003
1428558003 -22926070 -43230116 1428558004
1435894231 -22926026 -43233824 815645006 1435894227
1435894227 -22925985 -43233888 1435894231 1435894224
1435894224 -22925884 -43234070 1435894229
837021172 -22925823 -43231923 836919133 3040109833
1784229798 -22925724 -43234880 248974155
1401473898 -22925720 -43234932 1784229798
248974155 -22925711 -43234797 815645033 1784229914
1401473902 -22925704 -43234974 1401473898
1401473904 -22925670 -43234460 1435894224
1784229991 -22925661 -43234491 1401473904
815645033 -22925660 -43234617 1784229991 1435894233
1784229914 -22925610 -43234694 1568505496
1435894237 -22925553 -43233480 1435894227
1428558004 -22925454 -43230723 1391990335
1435894222 -22925442 -43233381 1435894237
815645035 -22925405 -43234321 815645033
1568505496 -22925401 -43234456 346011685
634187691 -22925380 -43232571 1784229867 837021172
1391990335 -22925316 -43230902 836919068
1784229867 -22925302 -43232679 634187679
346011685 -22925186 -43234198 248974154
3040109833 -22925181 -43231493 836919068 837021172
1401486896 -22925161 -43233990 815645035
836919050 -22925158 -43230068 836919051 476504088
249088102 -22925094 -43235894 1401473902 1568505470
634187679 -22925019 -43233069 1435894222 1401473906
836919068 -22925002 -43231373 3040109833 248975111
1398835271 -22924882 -43236381 2486780562
1398835265 -22924809 -43236597 248535998
815594069 -22924781 -43236307 1398835271 249088102
1401473906 -22924775 -43233405 1401486896 248974154
1568505461 -22924756 -43234945 1568505470
1787996615 -22924745 -43236356 815594069
836919148 -22924726 -43230693 836919050
248974154 -22924706 -43233499 249088181 2973857369
1787996501 -22924692 -43236435 1787996615
1398835268 -22924689 -43236265 815594069
248535998 -22924646 -43236505 1393195153 1787996501
2246481143 -22924645 -43236323 2246679291
2246679290 -22924640 -43236298 2246481143
2246679291 -22924637 -43236362 2246481148
2973857368 -22924624 -43233197 1401473906
2246481150 -22924609 -43236241 1398835268 2246679290
2246481148 -22924607 -43236400 2246679293
2973857370 -22924594 -43233155 2973857368
1568505470 -22924590 -43235200 249088181 1568505461
2246679293 -22924556 -43236424 1393195153
1784229802 -22924537 -43235281 1568505470
1393195153 -22924504 -43236445 633485437
2973857369 -22924500 -43233217 2973857367
836919069 -22924479 -43231045 836919148 836919068
248975111 -22924473 -43232061 1391990338 634187691
2973857367 -22924461 -43233163 634187673
1568505475 -22924294 -43235605 1784229802
1784229905 -22924250 -43235636 1568505475
1568505489 -22924202 -43235654 1784229905
815645039 -22924180 -43232585 2973857370
248973696 -22924178 -43237450 1393195152
1393195152 -22924173 -43237196 248535998 642547268
642547268 -22924169 -43237045 1398835275
633485321 -22924163 -43238478 633485322 248973696
1568505472 -22924163 -43235657 1568505489
1473562080 -22924159 -43238736 633485321
1568505458 -22924125 -43235640 1568505472
1391990338 -22924085 -43231844 1748167936
1834821239 -22924055 -43231674 836919069
1748167936 -22924051 -43231812 248968579
1398835275 -22924047 -43236417 633485437
249088181 -22924039 -43234422 634187791 642547446
1748167937 -22924034 -43231722 1834821239
248968579 -22924032 -43231772 1748167937
2973857364 -22923932 -43232225 815645039
1398835274 -22923905 -43236025 815593082
1398835266 -22923894 -43235953 1398835274
2973857366 -22923892 -43232168 2973857364
815593082 -22923883 -43236020 633485437 2246481150
634187673 -22923871 -43232356 2973857365
1398835267 -22923868 -43235881 1398835266
2973857365 -22923796 -43232246 2973857363
1568505491 -22923790 -43235337 1568505458
633485437 -22923764 -43236186 1787996527 634187804
2973857363 -22923759 -43232191 279560170
1568505494 -22923727 -43235281 1568505491
2894474833 -22923693 -43235252 1568505494
1568505485 -22923660 -43235234 2894474833
2894474832 -22923634 -43235240 1568505485
1568505479 -22923603 -43235261 1398835267 2894474832
634187804 -22923571 -43236319 1473562096
634187791 -22923525 -43235129 1568505479
1615678358 -22923495 -43235064 634187791
1398955106 -22923464 -43230478 836919069
2452487271 -22923363 -43230080 2452487264
2452487266 -22923349 -43231378 2973857366
2452487264 -22923336 -43230196 836919070
1391988684 -22923321 -43231326 2452487266
836919070 -22923316 -43230374 1398955109 1398955106
1398955109 -22923304 -43230578 815645043
2452487272 -22923302 -43231269 1391988684
815645043 -22923300 -43230920 1391988687 2452487270
2452487270 -22923295 -43231216 2452487272
2452487269 -22923256 -43230323 836919070
891939205 -22923229 -43235923 815593082
2452487273 -22923218 -43230309 2452487269
1391988687 -22923171 -43231056 279560170
1616851236 -22923114 -43234461 1615678358
642547446 -22923064 -43232705 642547561
279560170 -22923044 -43231133 1391988686 1398970881
2933604760 -22923042 -43235780 2933604759
1787996576 -22923033 -43235720 2933604760
2933604759 -22923026 -43235836 1787996581
1787996581 -22922998 -43235891 2933604758 891939205
1398970881 -22922982 -43231033 836919026
2933604758 -22922943 -43235959 1787996547
1391988686 -22922931 -43231175 1398970883
1473562096 -22922924 -43236713 634187739 1473562088
1787996547 -22922890 -43236000 1787996537
1787996537 -22922847 -43236020 1787996527
1604718510 -22922842 -43235325 1787996576
1787996527 -22922788 -43236030 1473562088
1398970883 -22922781 -43231180 1398970880
634187744 -22922752 -43238356 642547267 248973696
1473562138 -22922710 -43235090 1604718510
1398965719 -22922655 -43230215 2452487273
1398970880 -22922655 -43231147 1398977463
642547267 -22922611 -43238075 634187739 642547268
891939243 -22922606 -43234953 1473562138
1604718511 -22922599 -43235819 1787996581
1473562088 -22922542 -43235989 1616133030
633485322 -22922514 -43239612 633485321 633485320
836919026 -22922463 -43230189 1398965719 1398970876
248973693 -22922440 -43232907 1616851236 642547446
1398835273 -22922428 -43234792 891939243
1398970876 -22922411 -43230080 279560327
1398977463 -22922384 -43230992 642547561
1398970884 -22922307 -43230049 1398970878
1398835272 -22922284 -43234686 1398835273
1398970889 -22922274 -43230102 1398970884
642547561 -22922217 -43230844 1398977466
1398970887 -22922211 -43230156 1398970889 836919026
1473562143 -22922190 -43234640 1398835272
1398977472 -22922147 -43230175 1398970887
634187739 -22922138 -43237221 1616133028 634187729
1398977470 -22922112 -43230115 1398970887
1398977471 -22922097 -43230221 1398977472
1473562102 -22922079 -43234608 1473562143
1398977466 -22922078 -43230418 836918966 1398977467
1398977467 -22922077 -43230282 1398977471
1616133030 -22922062 -43235909 1400531718
1615678356 -22922062 -43238795 634187744 633485322
1398977464 -22922006 -43230015 1398977470
836918966 -22921984 -43230130 1473525356 1398977468
891939247 -22921950 -43234597 1473562102
2933604757 -22921803 -43235695 1604718511
816173461 -22921775 -43233847 816173457 1473562136
1400531674 -22921771 -43234605 891939247
1398859276 -22921758 -43235687 2933604757
1400531718 -22921740 -43235861 1400531671
1473562136 -22921712 -43233694 875956282 816173461
1400531671 -22921689 -43235852 2933395945
875956282 -22921571 -43233202 1473562136 248973693
1616133028 -22921519 -43236036 1616133031
815593096 -22921518 -43235635 1398859276
2933395946 -22921487 -43234676 1400531674
2933395945 -22921478 -43235805 1616133029
1616133031 -22921466 -43235943 2933395942 2933395944
1473562085 -22921449 -43232176 3775148571 248973693
2933395944 -22921441 -43235932 2933395943
3775148571 -22921413 -43232254 3775148570
2933395943 -22921396 -43235927 1618233262
2933395942 -22921396 -43235816 1616133029
1473525377 -22921385 -43230910 248973693
1618233262 -22921348 -43235938 634187803
1616133029 -22921336 -43235748 2933395940
1989459805 -22921335 -43239386 1615678342 1989459812
1615678342 -22921281 -43239290 1989459805 1615678356
2933395941 -22921245 -43235500 815593096
1473562131 -22921230 -43234777 2933395946
1400531675 -22921199 -43234820 1473562131
2933395940 -22921179 -43235661 2933395939 2933395933
1400531704 -22921170 -43234884 1400531675
2933395939 -22921154 -43235629 2933395938
634187731 -22921141 -43239380 1615678342
2933395938 -22921135 -43235583 2933395937
2933395937 -22921075 -43235357 2933395935
2933395936 -22921074 -43235164 1400531704
642547266 -22921068 -43239260 642547267 634187731
2933395935 -22921063 -43235297 2933395934
2933395934 -22921059 -43235255 2933395936
1473525363 -22921007 -43230006 1473525356 1473525367
1473525367 -22920981 -43230052 1473525362 1473525363
1473525362 -22920940 -43230088 1473525377 1473525370 1473525367
2933395933 -22920932 -43235526 875956141
1473525370 -22920886 -43230108 1473525361 1473525362
1473525366 -22920867 -43231785 1473562085
1473525361 -22920824 -43230102 1473525360 1473525370
1473525360 -22920771 -43230078 1473525361 1473525375
1473525357 -22920760 -43230001 1565193512 1473525373 1473525374
1473525375 -22920714 -43230012 1473525374 1473525360
1989459815 -22920711 -43239653 634187731 1989459806
1473525373 -22920555 -43230032 1473525369
3696201478 -22920554 -43238274 642547266
634187729 -22920528 -43238222 3696201478 601720475
875956141 -22920512 -43235282 248535995 815584065
816173457 -22920510 -43234232 2933395930 816173461
2933395930 -22920444 -43234212 816173457 875956259
1473525369 -22920421 -43230063 1473525359
1473562141 -22920376 -43235076 1473562131 2933395941
875956259 -22920317 -43233779 875956282 2933395930
1473525359 -22920306 -43230103 815547608
634187805 -22920295 -43239901 1989459815 601720475
2933395929 -22920231 -43231336 1473525366
815547608 -22920221 -43230165 3843267522
