349352605 -22.9799698 -43.6437665 3659469090 3659469088
158788674 -22.9799684 -43.6481116 1540945806
1540945722 -22.9799472 -43.6455168 3659469087 1540945930 3659469089 1540946081
3659469090 -22.9799421 -43.6426023 349352604 349352605 3659469065
349352604 -22.9799381 -43.6424361 615203372 3659469090
615203372 -22.9799001 -43.642047 615203371 3659469107 349352604
3659469107 -22.9798481 -43.6415151 615203372 3659469109 349352603
349352603 -22.9798433 -43.6414662 3659469107 3659469149
3659469087 -22.9798368 -43.6464076 3659469086 1540721142 1540945722
1540721142 -22.9797397 -43.6471905 158790838 3659469087 3659469064
3659469149 -22.9797261 -43.6408896 349352602 3659469148 349352603
158790838 -22.9796577 -43.6480548 3659469081 1540945806 1540721142
1540945806 -22.9796317 -43.6481314 158790838 3659469037 1540945897
349352602 -22.9795589 -43.6400672 3659469151 349352601 3659469149
1540945897 -22.9795349 -43.6490564 1540721146 1540945806 1540945902
3659469110 -22.979162 -43.642307 3659469109
3659469109 -22.9791503 -43.6416888 3659469107 3659469106 3659469110
3659469065 -22.9788518 -43.6431798 1540945930 1540721140 3659469090
1540945930 -22.9788445 -43.6454843 1540721148 1540945722 3659469064 3659469065
3659469151 -22.9787849 -43.6402657 3659469150 349352602 3659469147
3659469064 -22.978781 -43.6471435 1540945930 1540721142 1540721145
3659469148 -22.9787765 -43.6411051 1540945793 3659469149
3659469106 -22.9787447 -43.6417898 3659469109 3659469105
1540945902 -22.9787027 -43.6490788 1540945745 1540721144 1540945897
3659469150 -22.9786812 -43.6402923 3659469151 1540945756
3659469108 -22.978527 -43.6424745 3659469105
3659469105 -22.9785225 -43.6418341 3659469106 1540945686 3659469108
1540945756 -22.9784454 -43.6403268 3659469146 3659469150
1540945793 -22.9784182 -43.6411347 3659469148 3659469145
1540721140 -22.9780331 -43.6436134 1540721148 3659469091 3659469065
1540721148 -22.978021 -43.6454396 1540721140 1540945930 1540721145 1540945956
1540721145 -22.9779913 -43.6471047 3659469062 1540721148 3659469064 1540721143
1540721143 -22.9779521 -43.6480189 158790838 1540721145 1540721144
1540945686 -22.977912 -43.6418374 3659469144 3659469105
3659469145 -22.9778696 -43.6411287 1540945743 3659469144 3659469146 1540945793
3659469144 -22.9778695 -43.6418371 1540945686 1540945934 3659469104 3659469145
3659469146 -22.9778694 -43.6403359 1540945965 3659469147 1540945756 3659469145
3659469104 -22.9778649 -43.6424105 3659469144 3659469139
1540721144 -22.9778629 -43.6490252 1540945840 1540721143 1540721141 1540945902
3659469139 -22.977795 -43.6425008 1540945868 3659469104 3659469103
3659469103 -22.9777697 -43.6425336 3659469102 3659469139
3659469091 -22.9772164 -43.6440459 1540721140 3659469092
1540945956 -22.9771438 -43.64544 1540721148 1540945726 3659469062 3659469063
3659469063 -22.9771211 -43.6441789 1540945956
3659469062 -22.9771119 -43.6470898 1540721149 1540721145 1540945956
1540945840 -22.9770136 -43.6490251 3659450428 3659450429 1540721144
3659469092 -22.9768581 -43.6441888 3659469091 3659469093
3659469093 -22.9766449 -43.644243 3659469092 3659469094
3659469102 -22.9766359 -43.6431494 3659469101 3659469103
3659450429 -22.9765437 -43.6490201 3659450414 1540945840
3659469101 -22.9764907 -43.6431937 3659469115 3659469102
3659469094 -22.9764318 -43.644243 3659469093 3659469054
3659469054 -22.9763234 -43.6442414 1540945726 3659469094 3659469060
1540945726 -22.9763139 -43.64544 3659469059 3659469053 1540945956 3659469054
3659469053 -22.9762595 -43.646972 1540721149 1540945726
1540721149 -22.9762568 -43.6470753 3659469062 3659469061 3659469052 3659469053
3659469037 -22.9762556 -43.6480492 3659469030 3659450414 3659469038
3659469038 -22.9762549 -43.6479873 3659469039 1540721143 3659469037
3659469039 -22.9762504 -43.6477355 3659469052 3659469038
3659469052 -22.9762408 -43.6476923 3659469039 1540721149 3659469040
3659469040 -22.9762023 -43.6475198 3659469041 3659469052
3659450414 -22.9761339 -43.6490158 3659450420 3659450429 3659450427 3659469037
1540945743 -22.9760778 -43.6411186 1540945965 1540945934 1540946055 3659469145
1540945934 -22.9760777 -43.6418266 3659469144 1540945743 1540945868 1540945824
1540945868 -22.9760645 -43.6424947 1540945934 3659469115 1540945717 3659469139
1540945965 -22.9760599 -43.6403711 3659469146 1540945743 1540945803 1540945883
3659469115 -22.9760507 -43.6431908 1540945868 3659469101 1540946034
3659469041 -22.9760469 -43.6472286 3659469058 3659469040
3659469060 -22.9759965 -43.6442367 3659469116 3659469054 3659469095
3659469116 -22.9759822 -43.6450069 3659469059 3659469060
3659469059 -22.9759744 -43.6454279 1540945726 1540945886 3659469061 3659469116
3659469061 -22.9759319 -43.6470555 1540721149 3659469059 3659469058
3659469058 -22.9759303 -43.6471174 3659469041 3659469061 3659469042
3659469030 -22.9759246 -43.6480412 158788673 3659469031 3659450420
3659469032 -22.9759193 -43.647765 3659469031 3659469033
3659469031 -22.9759192 -43.647981 3659469030 3659469038 3659469032
3659469033 -22.9758876 -43.6476567 3659469034 3659469032
3659469042 -22.9758604 -43.6470508 3659469055 3659469058
3659469034 -22.9758195 -43.6475483 3659469035 3659469033
3659450420 -22.9758043 -43.6490123 1540945781 3659450414 3659469030 3659450426
3659469035 -22.9757379 -43.6474449 1540946088 3659469034
158788673 -22.9756459 -43.6480344 3659469050
158790839 -22.975559 -43.6479743 3659469031
1540946088 -22.975272 -43.647067 3659469035 3659469047 1540946013
1540945781 -22.975001 -43.6489909 3659450433 3659450420 3659450425
3659450433 -22.9745568 -43.6489742 1540945775 1540945781
3659469051 -22.9742778 -43.6479396 158790839 3659469050
3659469050 -22.9742738 -43.648 3659469049 1540945775 3659469051
1540945824 -22.9742603 -43.6418111 1540946055 1540945934 1540945787 1540945717
1540946055 -22.9742601 -43.6411083 1540945743 1540945803 1540945824 1540946044
1540945717 -22.9742389 -43.6425361 1540945663 1540945868 1540945824 1540946034
1540945803 -22.9742302 -43.6403875 1540945998 1540945965 1540946055 1540946011
1540946034 -22.9742199 -43.6431787 1540945900 3659469115 1540945717
1540945775 -22.9741709 -43.6489598 1540945763 3659450433 3659469050 3659450412
1540946013 -22.9741411 -43.64615 1540946088 1540945747 3659469057
1540945886 -22.9739646 -43.6453562 3659469059 3659469055
3659469055 -22.9737518 -43.6453909 1540945886 3659469096 3659469042
3659450412 -22.973749 -43.6489372 1540726325 1540945775
3659469047 -22.9734114 -43.6470392 1540946088 3659469048 1540945812
3659469049 -22.9733931 -43.6479779 3659466519 3659469048
3659469048 -22.973393 -43.6479156 3659469049 3659469051 3659469047
1540726325 -22.9733883 -43.6489179 1540726333 1540726323 3659450412
3659469057 -22.9732005 -43.6453872 3659469056 3659469046 1540946013
3659469046 -22.9728495 -43.6451026 3659469045 3659469097 3659469057
3659469045 -22.9726494 -43.6450952 3659469044 3659469046
3659466520 -22.9726225 -43.6478947 3659469048 3659466519
3659466519 -22.9726184 -43.6479585 3659466520 1540726333 158788672
1540726333 -22.9724796 -43.6488964 3659466519 1540726350 1540726345 1540726325
3659469044 -22.97235 -43.6451247 3659469045 1540945682
3659469095 -22.97235 -43.6441838 3659469096 3659469060
1540945900 -22.972341 -43.6431839 1540945663 3659469098 3659469100 1540946034
1540945663 -22.9723324 -43.6424904 1540945787 1540945900 1540945752 1540945717
1540945998 -22.9723319 -43.6404155 1540945808 1540945803 1540945970 1540946044
1540946044 -22.9723169 -43.6410974 1540945998 1540945787 1540945772 1540946055
1540945787 -22.9723024 -43.6417944 1540945820 1540945663 1540945824 1540946044
3659469098 -22.972282 -43.6437799 1540945900 3659469096
3659469096 -22.9722428 -43.6442031 3659469098 3659469043 3659469055 3659469095 3659469097
3659469097 -22.9720486 -43.6444531 3659469096 1541020656 3659469046
1540945682 -22.9719147 -43.6452774 3659469044 3659469056
3659469029 -22.9717967 -43.6443366 3659469028
3659469056 -22.9717876 -43.6453541 1540945682 3659466521 3659469057
3659469043 -22.9717741 -43.6438341 3659469096
3659466521 -22.9717106 -43.6454006 3659469056 1540945904
3659469028 -22.9715518 -43.6444499 3659469029 3659469027
1540945864 -22.9715498 -43.6497053 1540726345 1540726350 1540726300
1540945904 -22.9715319 -43.6455597 1540946005 3659466521
3659469027 -22.9713251 -43.6445681 3659469028 1540726339
3659469100 -22.9712978 -43.6432381 1540945900 3659469099
1540946005 -22.971285 -43.6458494 1540945904 1540945747
1540945752 -22.9712553 -43.642524 1540945663 1541020649
1540945747 -22.9711436 -43.6460804 1540946005 3659469025 1540946013
1540945820 -22.9710993 -43.6418052 1540945787 1541020586
3659469025 -22.9710665 -43.6462675 1540945747 1540945730
1540726339 -22.9710665 -43.6447897 1540726349 3659469131 3659469027
1541020656 -22.9710665 -43.6436568 3659469131 3659469136 3659469097
3659469136 -22.971059 -43.6436232 3659469099 1541020656
3659469131 -22.9710439 -43.6446075 1540726339 1541020656
1540945730 -22.9709906 -43.6465151 3659469025 1540945812
3659469099 -22.9709829 -43.6432866 3659469100 1541020649 3659469136
1540945812 -22.9709511 -43.6469872 3659466523 3659469047 3659466518 1540945730
3659466523 -22.9709344 -43.6473328 158786389 1540945812
158786389 -22.9709096 -43.6478482 3659466520 3659466523
158788672 -22.9708492 -43.6479142 1540726318
1540726345 -22.9708398 -43.6488535 1540945864 1540726333 1540726303
1540726349 -22.9708398 -43.6450126 1540726339 3659469026
1541020649 -22.9708227 -43.6425777 3659469036 1540945752 3659469099
3659469026 -22.9706856 -43.6451641 1540726349 3659469126
1540945808 -22.970672 -43.6404007 1540945998 1541020651
3659469126 -22.970656 -43.6452076 3659469125 3659469026 1540726298
3659469036 -22.9706175 -43.6422627 1541020586 1541020649
1540945772 -22.9706034 -43.6411293 1541020654 1540946044
1540726298 -22.9705314 -43.6453907 3659469126 1540726301
1541020586 -22.9705066 -43.6419554 1540945820 3659469036 1541020361
1541020361 -22.9704058 -43.6416013 1541020654 1541020586
1540726301 -22.970336 -43.6457722 1540726320 1540726298
1541020654 -22.9703288 -43.6410971 1540945772 1541020651 1541020361
1541020651 -22.9702873 -43.6403997 1541020175 1540945808 1541020341 1541020654
3659469125 -22.9702592 -43.6450459 3659469132 3659469126
3659469132 -22.9701911 -43.645032 3659469124 3659469125 3659469135
1540726320 -22.970178 -43.6461799 1540726301 3659466524
3659469135 -22.9701733 -43.6441144 3659469132 3659469133
3659466524 -22.9701723 -43.64622 1540726320 1540726311
3659469133 -22.970164 -43.6436321 3659469135
1540726303 -22.9701338 -43.6480542 1540726318 1540726345
1540726311 -22.9701088 -43.6466648 3659466524 3659466518
3659466518 -22.9700954 -43.646986 3659466522 1540726311 1540945812
3659466522 -22.970082 -43.6473058 1540726347 3659466518
1540726318 -22.9700694 -43.6478946 1540726343 1540726337 1540726303
1540726343 -22.9700694 -43.6478397 158786389 1540726347 1540726318
1540726347 -22.9700693 -43.647609 3659466522 1540726343
3659469124 -22.969969 -43.6449868 3659469132 3659469123
1541020175 -22.9698526 -43.6404855 1540726335 1541020651
3659469123 -22.9697286 -43.6449769 3659469122 3659469124
3659469122 -22.9696016 -43.6450213 3659469121 3659469134 3659469123
3659469127 -22.9694837 -43.6462971 3659469128
3659469134 -22.9694701 -43.6441444 3659469122
3659469128 -22.9694066 -43.6460212 3659469127 3659469129
3659469121 -22.9693386 -43.6451592 3659469122 3659469129
3659469129 -22.9692675 -43.6451937 3659469120 3659469121 3659469130 3659469128
1540726315 -22.9691973 -43.647109 1540726312 1540726329
1540726337 -22.9691806 -43.6478723 158786023 1540726312 1540726297
1540726312 -22.96918 -43.6478123 1540726343 1540726315 1540726337
1540726297 -22.9691432 -43.648471 1540726309 1540726337
3659469120 -22.9691254 -43.6452626 3659469119 3659469129
3659469130 -22.9691072 -43.644243 3659469129
1540726329 -22.969102 -43.6466093 1540726315 3659469118
3659469138 -22.9690755 -43.6438045 3659469137
1540726309 -22.9688839 -43.6494114 1540726327 1540726297
3659469119 -22.9688759 -43.6453513 3659469120 3659469118
3659469118 -22.9687235 -43.6454167 1540726329 3659469137 3659469119
3659469137 -22.9682181 -43.643824 1540726335 3659469118 3659469138
1540728797 -22.9674565 -43.6477593 1540726312 1540728894
1540726335 -22.9674507 -43.641406 3659469137 2272097951 1541020175
2272097953 -22.9673719 -43.6413818 1540726335
1541020305 -22.9673564 -43.6411057 1541020265 2272097949
2272097952 -22.9673496 -43.6413633 2272097953
2272097951 -22.967346 -43.6414322 2272097947
2272097950 -22.9673388 -43.6413354 2272097952
2272097949 -22.9673344 -43.6412826 2272097950
2272097948 -22.9673206 -43.6404872 158783551
2272097947 -22.9673137 -43.6414517 2272097945
2272097945 -22.9672718 -43.6415125 1541020265
1541020599 -22.9672559 -43.6407152 2272097948
1540728894 -22.9672545 -43.6476143 1540728827 1540728797
2272097944 -22.9672514 -43.640524 2272097948
2272097943 -22.9672258 -43.6405277 2272097944
1541020265 -22.9672094 -43.641617 158783854
2272097942 -22.9672074 -43.6408957 1541020599 2272097941
2272097941 -22.9672066 -43.6408062 2272097939
2272097940 -22.9672043 -43.640526 2272097943
2272097939 -22.9671976 -43.6407471 1541020336
158786390 -22.9671903 -43.6477511 1540728797
2272097938 -22.9671853 -43.6405196 2272097940
2272097937 -22.9671726 -43.6405142 2272097938
1541020336 -22.96713 -43.6404936 2272097937 1541020747
158786023 -22.9670876 -43.6478198 158786022
1541020734 -22.9670281 -43.6415632 1541020793 2272097942
1540728827 -22.9669428 -43.6474352 1540728756 1540728894
1540728756 -22.9665482 -43.6473461 1540728830 1540728827
158783854 -22.9663685 -43.6444896 158785542
158784111 -22.9662041 -43.6445396 1541020734
1540728762 -22.9660303 -43.64773 158786390
1540728830 -22.9660148 -43.64733 1540728756 2206022366
158785542 -22.9659816 -43.6456054 2206020673
2206022369 -22.9659746 -43.6475112 2206022367
2272097935 -22.9659671 -43.6476898 1540728762
2206022366 -22.9659653 -43.6473282 1540728830 2206022369
1540728843 -22.9659632 -43.6470732 2206022366
2206022367 -22.9659625 -43.6475902 2272097933
2272097934 -22.9659531 -43.6454197 158784111
2206020674 -22.9659485 -43.6467613 1540728843
158786022 -22.9659454 -43.6477917 2206023415 1540728838
2206020673 -22.965945 -43.6457908 3787387598
2272097933 -22.9659434 -43.6476681 2272097935 2272097932
3787387598 -22.9659218 -43.6460369 2206020676
2206020676 -22.9659211 -43.6461348 2206020674
158784112 -22.9659119 -43.6455642 2272097934
2272097932 -22.9658965 -43.6477199 2206023215
2272097931 -22.9658956 -43.6460373 2206020676
2272097930 -22.965893 -43.645466 2272097934
2210119611 -22.9658649 -43.6460042 2272097931
2272097929 -22.9658325 -43.6454824 2272097930
2272097928 -22.9658252 -43.6459936 2210119611
2206023215 -22.965816 -43.6477702 2206023415
2272097927 -22.9658113 -43.6456515 1541020829
1541020816 -22.965806 -43.6458675 158784112 2272097927
1541020829 -22.9657887 -43.6454742 2272097929 1541020225
2272097925 -22.9657871 -43.6460021 2272097928
3787387597 -22.9657843 -43.6459367 1541020816
2272097924 -22.9657555 -43.6460271 3787387597 2272097925
2206023415 -22.965721 -43.6477892 2272097920
158784113 -22.9656735 -43.6462479 2272097924
2206026046 -22.9655373 -43.6464806 158784113
1541020225 -22.9655227 -43.6446597 1541020813 1541020829
2272097920 -22.9653866 -43.6477762 158785530
1541020813 -22.9652711 -43.643393 1541020793 1541020225
158784114 -22.9652677 -43.646816 2206026046
158785530 -22.9649753 -43.647772 158786021
158784115 -22.9649595 -43.6471336 158784114
2272097891 -22.9648702 -43.6472092 158784115
1541020793 -22.9647772 -43.6423845 1541020734 1541020396 1541020813
158786076 -22.9647031 -43.6473481 2272097891
158786021 -22.9646473 -43.6477697 2272097882
158791208 -22.9645896 -43.6474313 158786076
2272097887 -22.9645784 -43.6473569 158786076
2272097886 -22.9644922 -43.6473754 2272097887
2272097884 -22.9644432 -43.6475277 158791208
2272097883 -22.9644303 -43.6473968 2272097886
2272097882 -22.9644048 -43.6477642 158786019 2272097881
2272097881 -22.9643683 -43.6477399 2272097879
2272097880 -22.9643611 -43.6474374 2272097883
2272097879 -22.964329 -43.6476857 158784116
2272097878 -22.9643199 -43.6474702 2272097880
158784116 -22.9642965 -43.6476088 2272097884 2272097876
2272097877 -22.9642954 -43.6475103 2272097878
2272097876 -22.9642911 -43.6475803 2272097875
2272097875 -22.96429 -43.647551 2272097877
158786019 -22.9641593 -43.6477681 158786018
1541020396 -22.9641054 -43.6416121 1541020793 1541020825
158784117 -22.9640753 -43.6476689 158784116
158786018 -22.9638202 -43.6477836 158786017
158784118 -22.9635551 -43.6477254 158784117
158786017 -22.9635155 -43.6478198 158786016
1541020825 -22.9633131 -43.6408503 1541020252 1541020396
158784119 -22.9631283 -43.6478284 158784118
158786016 -22.9630256 -43.6479485 158786015
1541020252 -22.9628212 -43.6401958 1541020716 1541020825
1541020262 -22.9627797 -43.6494334 1541020465 1540728760
158784120 -22.9627411 -43.648 158784119
158786015 -22.9626462 -43.6481545 158786014
158784121 -22.962338 -43.6482833 158784120
158786014 -22.9623301 -43.6483777 1541020465
1541020465 -22.9621193 -43.6485253 158793541 1541020262
158792257 -22.9603544 -43.6496909 158784121
158793541 -22.9602832 -43.6498111 158793540
