2206789893 -22.8598713 -43.6740124 2206789949 2206789898
2206789898 -22.8595055 -43.6741358 2206789893 2206789961
2206789961 -22.8590683 -43.6741141 2206789953 2206789898
2206789953 -22.8584059 -43.6739961 2206789961 2206789921
2206789921 -22.8577704 -43.6739427 2206789953 2206789895
2206789895 -22.8573629 -43.6740229 2206789928 2206789921
2206789928 -22.8568461 -43.6741841 2206789895 2206789908
2206789908 -22.856572 -43.6742965 2206789928 2206789911
2206789911 -22.8561469 -43.6747149 2206789908 2206789903
2206789903 -22.8560507 -43.6748222 2206794358 2206789911
2206794358 -22.8559335 -43.6750153 2206794346 2206789903
2206794346 -22.8558503 -43.6752756 2206794333
2206794333 -22.855739 -43.6754634 2206794352
2206794352 -22.855635 -43.6755762 2206794350
2206794350 -22.8555141 -43.6756324 2206794354
2206794337 -22.8554595 -43.675139 2206794358
2206794354 -22.8553856 -43.6756189 2206794344
2206794344 -22.8552595 -43.6755626 2206794356
2206794348 -22.8551926 -43.6752302 2206794337
2206794356 -22.8551706 -43.6754848 2206794361
2206794361 -22.8551187 -43.675407 2206794341
2206794341 -22.8551187 -43.6753159 2206794348
