1542808115 -22.8997591 -43.6608485 3818191952 1542808048
3818191953 -22.8995617 -43.6623402 3818191952
1542808048 -22.8994777 -43.6605968 1542808115 1542808042 1542808487 3818191946
1542808042 -22.899175 -43.660326 1542808048 3818191954 1542808405 1542807852
3818191954 -22.898845 -43.6600624 1542808042 1542807792 3818191955
1542808487 -22.8981777 -43.6625544 1542808048
1542807852 -22.8979109 -43.6623076 1542808042
3818191955 -22.8975863 -43.6620075 3818191954
2506908880 -22.8918179 -43.6686836 145081668
2506908826 -22.8916287 -43.6694048 1314997581
144351218 -22.8914725 -43.6675768 2506908880
1314997559 -22.8909898 -43.666027 144351218
1314997581 -22.8908271 -43.6668071 1314997506 1314997540
1314997506 -22.8906461 -43.666057 1314997555
1314997530 -22.8904781 -43.6645925 1314997559
1314997555 -22.890399 -43.6652202 1314997539
1314997545 -22.8903842 -43.6645496 1314997530
1314997553 -22.8903051 -43.6645496 1314997545
1314997540 -22.8902421 -43.6649117 1314997512
1314997539 -22.8902409 -43.6647159 1314997546
1314997546 -22.8902409 -43.6646247 1314997553
1314997588 -22.8893662 -43.661111 1314997578
1314997578 -22.8893563 -43.6611969 1314997521
1314997511 -22.8893479 -43.6608511 1314997559
1314997521 -22.8893019 -43.6612505 1314997577
1314997529 -22.8892876 -43.6606602 1314997511
1314997577 -22.8892278 -43.6612612 1314997524
1314997524 -22.8891536 -43.6611915 1314997525
1314997525 -22.8890867 -43.6610389 1314997565
1314997565 -22.888951 -43.6605907 1314997527
2615831992 -22.8868546 -43.6664859 3784448242 2615831993
2615831993 -22.8860441 -43.6634818 2615831992 1542808426
3784448242 -22.8855907 -43.6693306 2615831992 158840700 1542808449
1542808449 -22.8853475 -43.6691155 3784448242 2206784816 1542850400
1542850400 -22.8851311 -43.668187 1542850042 1542808449
2206784816 -22.8849782 -43.6691351 2206784825 1542808449
1542850042 -22.8848611 -43.6674021 1542850400 1542850150
2206784825 -22.884367 -43.6692113 2206784816 2206784824
1542808426 -22.8841957 -43.6605207 2615831993 3124618855
3124618855 -22.8841403 -43.6604068 1542808426 1542808384 3124618854
1542850150 -22.8839143 -43.6658299 1542850063 1542850042
2206784824 -22.8838703 -43.6693347 2206784825 2206784810
1542850063 -22.8836089 -43.6650113 1542850237 1542850150
1542850237 -22.8832601 -43.6643214 2615820135 1542850233 1542850063
2206784810 -22.8831907 -43.6695814 2206784824 2206784820
1542850233 -22.8822735 -43.6630619 1542850225 1542850237
2615820135 -22.8821604 -43.6645654 1542850237 2615820134
1542850225 -22.8816409 -43.6622679 3124618854 1542850233
3124618854 -22.8815971 -43.6621978 1542850030 1542850225 3124618855
1542850030 -22.881197 -43.6615566 1542850434 3124618854
2615820134 -22.8810707 -43.6648337 2615820135 2615820133
1542850434 -22.880604 -43.6608485 1542850030 1542850207
1542850207 -22.8804853 -43.6605267 1542850434 1542850392
