3613790105 -22.9799936 -43.5880106 1542413922
1542413922 -22.9799135 -43.5880744 3613790104
2626504879 -22.9798839 -43.5879598 3613789388
1542872509 -22.9798487 -43.5855749 1542872556 1542872511
1542872513 -22.979829 -43.5844161 1542872518 1542872511
3613790102 -22.9798257 -43.5880117 2626504879
3613790104 -22.9798177 -43.5881895 3613790103
1542872511 -22.9798092 -43.585017 1542872513 1542872509
1542872518 -22.9797895 -43.5838797 1542872515 1542872513
3613790101 -22.9797642 -43.5880959 3613790102
1542872515 -22.9797105 -43.5832789 1542872520 1542872518
3613790103 -22.9796877 -43.5883583 3613789385
3613789385 -22.97945 -43.5886983 3613789386
3613789389 -22.9793848 -43.5886058 3613790101
3613789386 -22.9792259 -43.5890649 3613789387
3613789390 -22.9791607 -43.5889509 3613789389
3613789387 -22.9791153 -43.5892282 1542413735
1542872520 -22.9790981 -43.5821202 1542872515 1542872572
3613789391 -22.9790642 -43.589108 3613789390
1542413735 -22.9789593 -43.5893699 1542413870
2626504878 -22.9789451 -43.5892374 3613789391
2626504877 -22.9788286 -43.589328 2626504878
1542413870 -22.9787182 -43.5894932 1542413786
1542872572 -22.9786634 -43.581176 1542872444 1542872520
2626504873 -22.9786145 -43.5894191 2626504877
1542872444 -22.9784461 -43.5805752 1542872465 1542872572
1542413786 -22.978321 -43.5896041 3613789383
2626504872 -22.9779453 -43.5895801 2626504873
3613789383 -22.9775807 -43.5897828 1542413826
2626504871 -22.9773502 -43.5896981 2626504872
3613789384 -22.9770786 -43.589752 2626504871
1542413826 -22.9768857 -43.5899184 3613789382
2626504870 -22.9767823 -43.5897866 3613789384
3613789382 -22.9766361 -43.5898999 1542413742
2626504869 -22.976402 -43.5897625 2626504870
1542413742 -22.9763836 -43.5898506 1542413765
2626504868 -22.9762587 -43.589733 2626504869
2626504867 -22.9744758 -43.5893816 2626504868
1542413765 -22.9744165 -43.5894513 2251365471 1542413814
3082441675 -22.9742236 -43.5846045 3082441411
3082441661 -22.97413 -43.5893206 2626504867 3082441407
3082441639 -22.973782 -43.5892593 3082441661 3082441400
3082441427 -22.9736257 -43.5835959 3082441401
3082441415 -22.9734989 -43.5849696 3082441411
3082441413 -22.9734713 -43.5842633 3082441401 3082441402
3082441411 -22.9734623 -43.5847717 3082441374 3082441675 3082441415 3082441402
3082441407 -22.9734465 -43.5852061 3082441661
3082441402 -22.9733749 -43.5842992 3082441411 3082441413
3082441401 -22.9733666 -43.5836617 3082441427 3082441360 3082441413
3082441400 -22.9733364 -43.5866788 3082441392 3082440988 3082441639
3082441398 -22.973331 -43.5827786 3082441349
3082441392 -22.9732718 -43.5863046 3082441384 3082441400
3082441384 -22.9732039 -43.5859119 3082441378 3082441392 3082440840
2626504866 -22.9731374 -43.5891456 3082441639
3082441378 -22.9730707 -43.5851416 3082441375 3082441384
3082441375 -22.9730274 -43.5848911 3082441374 3082441378
3082441374 -22.9730226 -43.5848635 3082441366 3082441375 3082441411
3082441366 -22.9729376 -43.5843718 3082441374 3082441360
3082441360 -22.9728361 -43.5837851 3082441401 3082441349 3082441366
2251365471 -22.9727867 -43.589159 1542414023 2251365472
3082441349 -22.9726886 -43.5829321 3082441398 3082441340 3082441360 3082440839
3082441340 -22.9725257 -43.5819902 3082441010 3082441349
3082441012 -22.9721015 -43.5839002 1542872476
3082440988 -22.971446 -43.5868702 3082441400
2626504865 -22.9711727 -43.5887942 2626504866
1542414023 -22.9706026 -43.588771 1542413731
2626504864 -22.9705666 -43.588703 2626504865
3082440922 -22.9705642 -43.5866846 3082439529
2472140668 -22.970267 -43.5800001 2472140667 2472140669
3082440884 -22.9701453 -43.5851911 3082439532
2626504863 -22.969885 -43.588593 2626504864
1542413731 -22.9697728 -43.5886638 1542413966
2472140669 -22.9697382 -43.5804154 2472140668 2472140670
2626504862 -22.9696455 -43.5885742 2626504863
2472140670 -22.9696377 -43.5805858 1542872440 1542872546 2472140669
1542872546 -22.9695166 -43.580425 3082440843 2472140670
1542872440 -22.9694968 -43.5818841 2472140670 3082440841
1542414088 -22.9694765 -43.5899727 1542413852 1542413966
3082440843 -22.9694332 -43.5801896 1542872546 1542872551
1542413966 -22.9694068 -43.5886879 1542414125 1542414088
2626504861 -22.9693868 -43.5885935 2626504862 1542413784
3082440841 -22.9693516 -43.5830841 1542872440 3082439521 3082440839
3082440840 -22.969349 -43.5863372 1542872544 1542872485 3082441384
3082440839 -22.969343 -43.5831558 3082440841 3082440836 3082441349
1542872544 -22.9693366 -43.5864411 1542872527 3082440840
2626504858 -22.9693245 -43.5886031 2626504861
1542872527 -22.9693075 -43.5865995 1542872544 3082439530
3082440836 -22.9692617 -43.5838279 1542872476 3082439526 3082440839
1542872476 -22.9692413 -43.583996 3082441012 3082440836 3082439531
1542872485 -22.96924 -43.585768 3082439532 3082440840
1542413784 -22.9692394 -43.5879557 2626504861 1542413875
3082439532 -22.9691768 -43.5852807 3082440884 3082439531 1542872485
3082439531 -22.9691726 -43.585248 1542872476 3082439532
3082439530 -22.9690761 -43.5869181 1542872527 3082439529
3082439529 -22.9690599 -43.586968 3082440922 3082439530 1542413875
1542413875 -22.9690347 -43.5870453 1542413784 3082439529
3082439526 -22.9684149 -43.583659 3082440836
1542414125 -22.9683444 -43.588902 2626504860
2626504857 -22.9682735 -43.5888373 2626504858
3082439521 -22.9678868 -43.5829415 3082440841
2626504860 -22.9678352 -43.5890037 2626504859
2626504856 -22.9678032 -43.5889417 2626504857
2626504859 -22.9675587 -43.5891509 1542413703
2626504855 -22.9675047 -43.5890715 2626504856
2626504854 -22.9671998 -43.5893595 2626504855
1542413703 -22.9670324 -43.5896153 1542414072
1542414072 -22.9669133 -43.5897 3613789380
2626504853 -22.9668721 -43.5896364 2626504854
3613789380 -22.9667955 -43.589757 2626504849
2626504849 -22.966682 -43.5897812 3613789381
2626504852 -22.9666197 -43.5897185 2626504853
3613789381 -22.9665431 -43.5898048 1542413890
2626504851 -22.9664375 -43.589733 2626504852
1542413890 -22.9663984 -43.5898063 1542414058
2626504850 -22.9660073 -43.5896457 2626504851
1542414058 -22.9659832 -43.5897269 1542414037
2626504847 -22.9648766 -43.5893157 2626504850
1542414037 -22.9648455 -43.589374 3613789379
3613789378 -22.9646485 -43.5891889 2626504847
3613789379 -22.9646112 -43.5892609 1542413839
2626504846 -22.9645189 -43.5890674 3613789378
1542413839 -22.9644717 -43.5891161 1542414025
2626504845 -22.9636112 -43.5877358 2626504846
1542414025 -22.9635105 -43.5877482 1542413972
2626504844 -22.9632778 -43.5872321 2626504845
2626504843 -22.963136 -43.5869964 2626504844
1542413972 -22.9631204 -43.5871335 3613789377
2626504842 -22.9630466 -43.5867252 2626504843
3613789377 -22.9630339 -43.5869548 1542413843
2626504841 -22.9630041 -43.5863879 2626504842
1542413843 -22.96298 -43.5867715 3613789376
2626504840 -22.9629274 -43.5856847 2626504841
3613789376 -22.9629161 -43.5862277 1542413895
2626504839 -22.9628914 -43.5854647 2626504840
1542413895 -22.9628708 -43.5857609 1542413917
2626504838 -22.9628448 -43.585334 3658458349 2626504839
3658458349 -22.962832 -43.5854025 2626504837
1542413917 -22.962831 -43.585539 2626504837
2626504837 -22.9628083 -43.5854481 3613789374 3658458348
3658458348 -22.962781 -43.5853807 1542413898
3613789374 -22.9627708 -43.5854738 3658458346
3658458347 -22.9627708 -43.5851763 2626504838
3658458346 -22.9627482 -43.585481 3613789375
3613789375 -22.9627189 -43.5854815 2626504836
2626504836 -22.9626854 -43.5854701 3658458345
3658458345 -22.9626665 -43.5854552 2626504835
2626504835 -22.9626471 -43.5854248 2626504834
1542413898 -22.9624736 -43.5848119 2626504833
2626504834 -22.9624275 -43.5849049 2626504833
2626504833 -22.9623629 -43.584624 1542413824
2626504832 -22.9622949 -43.5843744 3658458347
2626504831 -22.9620212 -43.5838865 2626504832
2626504830 -22.9615454 -43.5831044 2626504831
2626504829 -22.9609271 -43.5819461 2626504830
1542413824 -22.9608245 -43.5819849 1542413858
2626504828 -22.9607711 -43.5817438 2626504829
1542413858 -22.9607012 -43.5818267 3658458344
2626504827 -22.9605952 -43.5816085 2626504828
3658458344 -22.9605365 -43.5816839 1542413700
2626504826 -22.9603483 -43.5814896 2626504827
1542413700 -22.9603145 -43.5815845 1542413760
3818219743 -22.9602943 -43.5838433 3818219744 3818219742
3818219742 -22.9602603 -43.5840282 3818219741 3818219743
3818219744 -22.9602546 -43.5837756 3818219743 3818219745
3818219741 -22.9602149 -43.5840683 3818219740 3818219742
