1773037978 -22.9799915 -43.4723139 1773037988
1773037973 -22.9798946 -43.4704347 1773037981 1773037969
1773037969 -22.9798704 -43.4711875 1773037980 1773037973
2693749506 -22.9793453 -43.4785919 2693749505 2693749494
2693749505 -22.9793377 -43.4784546 2693749506 2693749501
2693749503 -22.9793301 -43.4781342 2693749501
2693749501 -22.9793205 -43.4782639 2693749503 2693749505
2693749496 -22.979308 -43.47962 2693749489 2693749479
2693749494 -22.97929 -43.4787178 2693749506 2693749477
2693749489 -22.9792519 -43.4795074 2693749496 2693749471
2693749479 -22.979216 -43.479914 2693749496 2693749465
2693749477 -22.9792118 -43.4789124 2693749494 2693749469
2693749471 -22.9791889 -43.4793625 2693749469 2693749489
2693749469 -22.9791775 -43.479126 2693749477 2693749471
2693749454 -22.9790039 -43.4795189 2693749425 2693749451 2693749448
2693749448 -22.9788971 -43.4792709 2693749454 2693749439
2693749441 -22.9787827 -43.4788284 2693749429 2693749439
2693749439 -22.9787445 -43.4791031 2693749441 2693749428 2693749448
2693749429 -22.9785309 -43.4785347 2693749441
2693749428 -22.9785213 -43.4792709 2693749397 2693749405 2693749439
2693749425 -22.9784927 -43.479969 2693749401 2693749454 2693749405 2693749424
2693749405 -22.9782072 -43.4795467 2693749428 2693749425 2693749378
2693749397 -22.9780979 -43.4788322 2693749428 2693749393
2693749393 -22.9780693 -43.4782867 2693749397
2693749368 -22.9774151 -43.4783592 2693749365
2693749365 -22.9773521 -43.4786949 2693749358 2693749368 2693749360
2693749360 -22.9771919 -43.4795799 2693749354 2693749365
2693749358 -22.9770927 -43.4786873 2693749365
2693749354 -22.9770298 -43.4796143 2693749336 2693749360
2693749336 -22.9765339 -43.4795494 2693749334 2693749354
2693749334 -22.9764996 -43.4796448 2693749346 2693749336
2693749257 -22.975665 -43.479754 2693749234 2693749305
2693749234 -22.975507 -43.4798 2693749257 2693749231
2693748980 -22.9712105 -43.4783249 2693748978 2693748979
2693748979 -22.9711876 -43.4784126 2693748971 2693748980
2693748978 -22.9711685 -43.478157 2693748977 2693748980
2693748977 -22.9711685 -43.4780045 2693748978 2693748972
2693748972 -22.9710674 -43.4778633 2693748977 2693748970
2693748971 -22.9710045 -43.4785767 2693748957 2693748979
2693748970 -22.9709759 -43.4776878 2693748972 2693748969
2693748969 -22.9709492 -43.4775772 2693748970 2693748968
2693748968 -22.9709492 -43.4774475 2693748966 2693748969
2693748966 -22.9709339 -43.4773674 2693748968 2693748958
2693748963 -22.970861 -43.479845 2693748950 2693748974
2693748959 -22.970772 -43.479965 2693748973 2693748928 2693748951
2693748958 -22.9707718 -43.4771996 2693748966 2693748953
2693748957 -22.9707394 -43.4788361 2693748940 2693748971
2693748953 -22.970686 -43.4770279 2693748958 2693748948
2693748951 -22.9706326 -43.4798164 2693748959 2693748937
2693748950 -22.970601 -43.479566 2693748963
2693748948 -22.9705944 -43.4768257 2693748953 2693748943
2693748945 -22.9705505 -43.4761086 2693748944 2693748942
2693748944 -22.9705467 -43.4763031 2693748936 2693748945
2693748943 -22.9705372 -43.4767227 2693748948 2693748935
2693748942 -22.9705181 -43.4759636 2693748945 2693748939
2693748941 -22.970499 -43.475708 2693748926 2693748939
2693748940 -22.9704895 -43.4790115 2693748933 2693748957
2693748939 -22.9704895 -43.475853 2693748942 2693748941
2693748937 -22.9704704 -43.4796829 2693748951 2693748925
2693748936 -22.9704666 -43.4764748 2693748935 2693748944
2693748935 -22.9704647 -43.4766083 2693748936 2693748943
2693748934 -22.9704514 -43.4793587 2693748933 2693748925
2693748933 -22.9704475 -43.4791222 2693748934 2693748940
2693748931 -22.9704361 -43.4752579 2693748926 2693748930
2693748930 -22.9704361 -43.4750137 2693748929 2693748931
2693748929 -22.9704266 -43.4747696 2693748930 2693748918
2693748928 -22.970422 -43.479752 2693748959 2693748880
2693748926 -22.9704132 -43.4754562 2693748941 2693748931
2693748925 -22.9703903 -43.4795418 2693748937 2693748934
2693748918 -22.9703522 -43.4745789 2693748929 2693748917
2693748917 -22.9703522 -43.4743843 2693748916 2693748918
2693748916 -22.9702797 -43.4742088 2693748913 2693748917
2693748913 -22.9702454 -43.4740295 2693748916 2693748912
2693748912 -22.9702415 -43.4737282 2693748913 2693748910
2693748911 -22.9702187 -43.4731712 2693748910 2693748906
2693748910 -22.9702072 -43.4734459 2693748912 2693748911
2693748908 -22.9701691 -43.4726372 2693748906 2693748902
2693748906 -22.9701519 -43.4727821 2693748911 2693748908
2693748902 -22.9700375 -43.4721603 2693748908 2693748896
2693748897 -22.969986 -43.4714012 2693748892 2693748895
2693748896 -22.9699745 -43.4720764 2693748902 2693748891
2693748895 -22.9699726 -43.4712868 2693748893 2693748897
2693748894 -22.9699593 -43.4717636 2693748889 2693748890
2693748893 -22.969944 -43.4711189 2693748895 2693748878
2693748892 -22.9699402 -43.4714928 2693748888 2693748897
2693748891 -22.9699364 -43.4719887 2693748896 2693748889
2693748890 -22.9699268 -43.4716759 2693748888 2693748894
2693748889 -22.969923 -43.4718666 2693748891 2693748894
2693748888 -22.9699211 -43.4715652 2693748890 2693748892
2693748880 -22.9698467 -43.4790611 2693748928 2693748869
2693748878 -22.9698143 -43.4706612 2693748893
2693748869 -22.9695873 -43.4790726 2693748880 2693748858
2693748858 -22.9692059 -43.4791069 2693748869 2693748847
2693748847 -22.9689064 -43.4790573 2693748858
2693748656 -22.966698 -43.479888 2693748645 2693748646
2693748645 -22.966596 -43.479561 2693748617 2693748656
2693748617 -22.965971 -43.478941 2693748598 2693748645
2693748598 -22.965537 -43.478901 2693748582 2693748617
2693748582 -22.965245 -43.478561 2693748562 2693748598
2693748566 -22.964984 -43.476758 2693748562 2693748557
2693748562 -22.964939 -43.477728 2693748582 2693748566
2693748557 -22.964724 -43.476462 2693748535 2693748566
2693748535 -22.96373 -43.476429 2693748519 2693748557
2693748519 -22.963104 -43.475719 2693748498 2693748535
2693748498 -22.962802 -43.475708 2693748484 2693748519
2693748484 -22.962313 -43.475549 2693748498
