616222962 -22.8799983 -43.502218 616222826 616222987 616222964
1848391790 -22.8799973 -43.5013971 1848391779 1848391777 1848391802
612939085 -22.8799914 -43.5016507 442359372
616226233 -22.8799866 -43.5071356 442359581
1848391802 -22.8799751 -43.5011477 1848391790 1848391742
616227115 -22.8799574 -43.5055368 442359577 616227041
442359388 -22.8799562 -43.5073093 442359387
1848391782 -22.8799496 -43.5017271 612939085 1848391710
1848391742 -22.8799429 -43.5009706 1848391765 1848391733 1848391802
1848391733 -22.8799034 -43.5007534 1848391742 1848391728
442359580 -22.879885 -43.5068973 616226233
1848391728 -22.8798571 -43.5005165 1848391733 611708944 1848391732
442359387 -22.879806 -43.5069574 616213481
442359373 -22.8797981 -43.5020479 1848391782
616226941 -22.8797505 -43.506593 442359580 616226930
616222964 -22.8797456 -43.5022786 442359568 616222962
616223567 -22.8797253 -43.5041502 616223566 442359575 616214083
1848391779 -22.8797156 -43.5013327 611708725 1848391790
442359568 -22.8797111 -43.5023483 442359569
442359579 -22.8796953 -43.5064682 616226941
1848391755 -22.8796842 -43.5001169 611709290
1848391809 -22.8796694 -43.5003234 1848391726
442359572 -22.8796557 -43.5036787 442359573
616213481 -22.8796488 -43.5064979 616214015 1848426305
442359573 -22.8796399 -43.5039276 616214083
616214083 -22.8796251 -43.5040648 442359574 616223567 442359379
1848391710 -22.8796242 -43.501558 1848391782 1848391712
611708725 -22.8796237 -43.5013158 611708731 1848391779
442359374 -22.8796162 -43.5023655 442359373
616206972 -22.8795881 -43.5099655 616206969 2990630266
442359574 -22.8795854 -43.5042712 442359575
442359378 -22.8795846 -43.5036958 613746256
442359571 -22.8795846 -43.5032667 442359572
616223052 -22.8795813 -43.5032186 616222987 442359571
616214015 -22.8795775 -43.5063561 442359386 616213859
442359569 -22.8795761 -43.5027242 442359570
442359379 -22.8795615 -43.5040242 442359378 616214089 616214083
613746256 -22.8795614 -43.5035157 442359377 612938894
442359578 -22.8795608 -43.506039 442359579
442359570 -22.8795608 -43.5029148 616223052
611708731 -22.8795414 -43.5012849 611708725 1848391792
442359386 -22.8795371 -43.5062021 616213984
442359377 -22.8795371 -43.5033268 442359376
2990630266 -22.8795352 -43.5099447 2990630267 616206972
613746203 -22.879533 -43.5025677 442359374 613746201
1848391712 -22.8795253 -43.50155 1848391739 1848391710
442359380 -22.8795203 -43.5042671 442359379
442359375 -22.8794993 -43.5026897 613746203
1848391792 -22.8794971 -43.501054 611708731 611708944 1848391798
442359376 -22.8794818 -43.5029834 442359375
2990630267 -22.879479 -43.5099404 2990630266 616206877
442359575 -22.8794525 -43.5049481 442359576
442359381 -22.8794491 -43.5046177 442359380
616213984 -22.8794403 -43.5059348 616213876 442359385
442359577 -22.8794397 -43.5056514 442359578 616227115
616206877 -22.8794239 -43.5099531 2990630267 616206875 616206944
611708944 -22.8794146 -43.5006268 611708941 1848391792 613742115 1848391728
442359576 -22.8794116 -43.505376 442359577
1848391739 -22.8793746 -43.5016063 1848391776 1848391712
442359385 -22.8793714 -43.5057134 616213973
1848426305 -22.879368 -43.5066157 1848426330 616213481 616213851
616206944 -22.8793676 -43.5099872 616206877 616206948
616213973 -22.8793423 -43.5055802 442359384 616213936
442359382 -22.8793423 -43.505133 442359381
613746201 -22.8793421 -43.5024407 613746196 613746203
442359384 -22.8793386 -43.5055111 442359383
442359383 -22.8793367 -43.5053444 442359382
1848391776 -22.8792436 -43.5017163 1848391737 1848391739
1848391737 -22.8791423 -43.5018236 1848391776 1848391740
616206875 -22.8791313 -43.5091415 616206873 616207385 616206877 442359391
613746196 -22.8791247 -43.5022905 613746201 1848391740
616214089 -22.8791226 -43.5039736 616214103 616214082 442359379
616214082 -22.8790172 -43.5039504 616214116 616214089
616213936 -22.8789534 -43.5055688 616214103 616213883 616213973
1848391740 -22.8789393 -43.5021028 1848391737 613746196 1848391800 612939045
612939045 -22.8789177 -43.5020809 612939044 1848391740
1848391773 -22.8788878 -43.5032559 612938894 1848391730
612938894 -22.8788831 -43.5035749 1848391813 1848391773 612938892 613746256
616214116 -22.8788565 -43.5039745 1848391807 616214046 616214082
616214103 -22.8788406 -43.5054668 616213888 616213936 616214089
1848391813 -22.8788359 -43.5037387 612938894 1848391771
1848391730 -22.8788235 -43.5028965 1848391773 1848391767
612939044 -22.8788135 -43.5019986 612939045 613745281
1848391800 -22.8788087 -43.5022769 1848391724 1848391740
1848391807 -22.8787946 -43.5039095 616214116 1848391771
616206873 -22.8787854 -43.5080257 616206871 616206875 1848377147 616207393
1848391767 -22.878784 -43.5026363 1848391724 1848391730
1848391771 -22.878779 -43.5038406 1848391813 1848391807 1848391774
1848391798 -22.8787741 -43.5012201 1848391792
1848391724 -22.8787716 -43.5024593 1848391767 1848391800
612938892 -22.8787465 -43.5035954 612938894 613745483
616214046 -22.8787145 -43.5040831 616214081 616214116 616213888
1848391774 -22.8787074 -43.5039157 1848391741 1848391771
611708941 -22.8786796 -43.5007822 611708944
616207385 -22.8786766 -43.5092702 616207384 616206875
1848391741 -22.878629 -43.5039659 1848391788 1848391774
613745281 -22.8786277 -43.5018311 613744437 613745278 612939044
616207384 -22.8785679 -43.509281 616207385 616207383
616206871 -22.8785383 -43.5075 616206873 616206870
616213888 -22.8785383 -43.5051933 616213934 616213885 616214103 616214046
613745483 -22.8785118 -43.503586 613745481 612938892 613744164
613745481 -22.8784896 -43.5032481 613745483 613745480
616213851 -22.8784736 -43.5066004 616213859 1848426305 1848426324
613745480 -22.8784599 -43.5029986 613745481 613745477 613745767
616213859 -22.878459 -43.5063737 616214015 616213851 616213868
613744437 -22.8784426 -43.5019099 613744435 613745473 613745281
613746767 -22.8784229 -43.5001287 1848391819
616213885 -22.8784196 -43.5053971 616213883 616213888
613745278 -22.8784091 -43.5015745 613744989 613745281
616214081 -22.8784013 -43.5041741 616214080 1848391788 1848391708 616214046
613745477 -22.8784006 -43.502658 1848391736 613745480
616213868 -22.8783999 -43.5061589 616213859 616213876
1848391788 -22.8783935 -43.5040766 1848391708 1848391741 616214081
1848426330 -22.8783933 -43.5070249 616213443 1848426305
613745473 -22.8783808 -43.5020357 613744437 613745475
616213883 -22.8783801 -43.5055688 616213880 616213885 616213936
616213876 -22.8783702 -43.5059443 616213984 616213868 616213880
616213880 -22.8783702 -43.5057726 616213876 616213883
1848391736 -22.8783602 -43.5024737 613745475 613745477 1848391781
1848426324 -22.8783545 -43.5066176 616213851
613745475 -22.8783512 -43.5024327 613745473 1848391736
616206870 -22.8783406 -43.5071674 616213443 616206871
613744989 -22.8783167 -43.5013825 613745278 613744986 613745273
616214080 -22.8782911 -43.5046032 616214081
1848391708 -22.8782875 -43.5041122 1848391788 616214081 1848391759
616213443 -22.8782714 -43.5070762 616206868 1848426330 616206870
613745273 -22.8782498 -43.5010487 613745270 613744989
616207383 -22.8782121 -43.5088733 616207384
1848391759 -22.878204 -43.5041402 1848391805 1848391708
616206868 -22.8781923 -43.5069528 616206866 616213443
613745270 -22.8781608 -43.5008877 613745266 613745273
613534955 -22.8781558 -43.5099182 613537092 613536980
613536980 -22.8781103 -43.5098469 613534955 613534956 613537075
616213934 -22.8781033 -43.5048285 1848391778 616213888
1848391819 -22.8780497 -43.5002802 613746767 613747029
1848377147 -22.8780475 -43.508403 616206873
613744435 -22.8780374 -43.5018774 613744437 613744823
613745266 -22.8780323 -43.5007161 613745270 613745264
1848391778 -22.8780006 -43.5047874 772962295 616213934
613747029 -22.8779816 -43.5001231 1848391819 613747032 613745261
613745264 -22.877973 -43.5005337 613745261 613745266
613534956 -22.8779581 -43.5096071 613534957 613536980
772962295 -22.8779458 -43.5047868 616207477 1848391778
1848391805 -22.8779198 -43.5042582 616206615 1848391759
616206866 -22.8779056 -43.5066095 616207447 616206868
613745261 -22.8778807 -43.5002767 613745264 613747029 1848391820
613744986 -22.8778322 -43.501164 613744984 613744989
613534957 -22.8778 -43.5093389 613534956 613534958
616207477 -22.8777771 -43.5046246 616206862 772962295 1848391761
1848391761 -22.8777221 -43.5045103 616207477 1848391811
613534958 -22.8777011 -43.5090385 613534957 613537123
1848391811 -22.8776546 -43.5044146 616206615 1848391761
616206615 -22.8776199 -43.5043672 1848391805 612938811 1848391811
616207447 -22.8775677 -43.5062046 616206866 616207445 616206864
613537123 -22.8775666 -43.5086994 613534958 613534959 1848377107
613744984 -22.8775356 -43.5011211 613744817 613744986
613745767 -22.877511 -43.503063 613745480
1848391820 -22.8775107 -43.5005291 613745261 613746769
616206864 -22.8774312 -43.5060408 616206862 616207447
613534959 -22.8774244 -43.5083411 613534960 613537123
613746769 -22.877422 -43.5005444 1848391772 613746773 1848391820
613537263 -22.8773919 -43.5099245 1848377150 613537075
1848377150 -22.8772914 -43.5097575 613537263
613744164 -22.8772565 -43.5036719 612938812 613745483 1848391781 613744028
616207468 -22.8772532 -43.5045174 616207456 612938811
612938811 -22.877247 -43.5044533 616206613 612938812 616206615 616207468
613744823 -22.8772356 -43.501906 613744170 613744435 613744820
616206862 -22.8772335 -43.5058048 616207477 616207456 616206864
1848391781 -22.8772257 -43.5025184 613744167 1848391794 1848391736 613744164
612938812 -22.8772249 -43.504283 612938811 613744164
613744167 -22.8772243 -43.5024649 613744170 1848391781
613744820 -22.8772166 -43.5017336 613744817 613744823
1848377122 -22.8771975 -43.5094062 1848377092
613746773 -22.8771972 -43.500472 613746769 1848391769
613744170 -22.8771845 -43.5019034 613744167 613744027 613744823
613744817 -22.8771774 -43.5011211 613744984 613744814 613744820
1848391772 -22.8771757 -43.500179 613746769 613745259 613746922 1848391796
1848391769 -22.8771554 -43.5004637 613746773 613746784 1848391796 1848391706
1848377092 -22.877153 -43.5092506 1848377122 1848377090
613746922 -22.8771526 -43.5001447 1848391772 1848391817
613744814 -22.8771452 -43.5007699 613744817 1848391706
1848391706 -22.8771381 -43.5006836 1848391769 613744814
1848391796 -22.8771352 -43.5002765 1848391772 1848391769
1848391817 -22.8770986 -43.5000211 613746922 613742962
613534960 -22.8770982 -43.5076759 613534959 613534961
1848377107 -22.8770972 -43.5089765 1848377090 613537123 1848377118
616207445 -22.8770654 -43.5064807 616207447 616207444
1848377090 -22.8770156 -43.5090247 613537122 1848377092 1848377107
1848377118 -22.8769503 -43.5088295 1848377107 1848377148
613742960 -22.8769475 -43.500126 613746784 613742962
616206613 -22.8768573 -43.5044992 1848385714 612938811
1848377148 -22.8768399 -43.5086892 1848377074 1848377118
613537122 -22.8768297 -43.5091345 1848377090
613534961 -22.8767818 -43.5071287 613534960 613534963
616207456 -22.8767644 -43.505432 616206862 616206765 616207468
613746784 -22.8767609 -43.5004995 613742960 1848391769 613744067
616207444 -22.876759 -43.5056975 616207445
613744028 -22.876735 -43.5036933 1848391794 613744029 1848391727 613744164
613744029 -22.8767202 -43.5042244 1848391815 613744028
1848391815 -22.8767015 -43.5043521 613744029 1848391734
1848377074 -22.8767007 -43.5087008 1848377135 1848377148
1848391794 -22.8766894 -43.5025854 1848391735 613744027 613744028 1848391781
1848391734 -22.8766743 -43.5043923 1848391815 1848391757
613744027 -22.8766634 -43.5019525 613742957 1848391794 613744170 613744433
613744067 -22.8766481 -43.5005998 613742957 613746784 613744216
613534963 -22.8766138 -43.5066781 613534961 613534964
613744216 -22.8765667 -43.5005324 611702650 613744067
613742957 -22.8765464 -43.5008312 613742955 613744067 613744027
616206765 -22.8765316 -43.5052469 1848385836 616207456
1848385714 -22.8764924 -43.5044918 616206613 613534974
1848391757 -22.8764519 -43.5044165 1848391734 613534974
1848391735 -22.8764363 -43.5025907 1848391775 1848391794
1848385836 -22.8764338 -43.5046748 1848385729 616206765
613742955 -22.876399 -43.5010322 1848409900 613742957
1848385729 -22.8763975 -43.504572 1848385836 1848385832
613534974 -22.8763937 -43.5044441 1848385714 613534970 1848391757
613534964 -22.8763864 -43.5059593 613534965 613534963
611702650 -22.876373 -43.5005468 611702648 613744216 1848410034
1848377137 -22.876354 -43.5097066 613537065 1848377139 613537067
1848385832 -22.8763407 -43.5045559 1848385737 1848385729
1848409900 -22.8763325 -43.5011584 613742955 1848409943
613744433 -22.87633 -43.5020018 1848391744 613744027
1848409943 -22.8763152 -43.5012523 1848409900
613537065 -22.8762915 -43.5096135 1848377137
1848377135 -22.8762782 -43.508749 1848377074 1848377098
1848391727 -22.8762707 -43.5037333 613744028
613534965 -22.8762579 -43.5054443 613534964 613534936
1848391744 -22.8762287 -43.5019577 613744433
1848391775 -22.8762269 -43.5025786 1848391735
613534936 -22.8761986 -43.5052297 613534965 613534966 613534935 613537378
1848410034 -22.8761867 -43.5005361 611702650
1848385737 -22.8761825 -43.5045586 613534970 1848385832
613534966 -22.8761591 -43.5049508 613534936 613534968
613534968 -22.8761393 -43.5047362 613534966 613534970
613534970 -22.8761134 -43.5045019 613534968 1848391780 1848385737 1848385788 613534974
1848377098 -22.8760269 -43.5087616 1848377124 1848377135
1848391780 -22.8760226 -43.5045908 613534970 616204088
613537378 -22.8760108 -43.5054443 613537376 613534936
1848385788 -22.8759519 -43.5045192 613534970 1848385811
613537565 -22.8759219 -43.5022686 613537571
585039089 -22.8758985 -43.5002171 585039091
613537502 -22.8758922 -43.5024724 613537503
1848377124 -22.875891 -43.5087348 1848377142 1848377098
613538029 -22.8758823 -43.5012922 613538033
613534935 -22.875823 -43.5050473 613534936 613534934 613537418
613537474 -22.8758131 -43.5033414 613537476
1848385811 -22.8758012 -43.5045514 1848385788 612938782
1848377142 -22.8757996 -43.5086919 1848377152 1848377124
613538208 -22.8757637 -43.5010562 613538209 613538206
613537376 -22.8757538 -43.5058198 613537378 613537374
616204088 -22.8757408 -43.5046997 1848391780 612938781
1848377152 -22.8757048 -43.5085774 1848377077 1848377142
613538206 -22.8756945 -43.5007451 585039434 613538208
613534934 -22.8756451 -43.5049722 613534935 612938781
1848377077 -22.8756315 -43.5084827 1848377100 1848377152
613536955 -22.8756215 -43.5099853 1848377139
585039434 -22.8755921 -43.5005712 585039091 613538210 613538206
613538033 -22.8755858 -43.5015175 613538029 613537897
612938781 -22.8755543 -43.5048087 612938782 616204088 613534934 616204090
585039091 -22.8755525 -43.5002708 585039434 585039089 585039441
613537374 -22.8755307 -43.5060611 1848385800 613537376
1848377100 -22.8755302 -43.5084156 1848377077 1848377109
612938782 -22.8755049 -43.5046478 613537451 1848385838 612938781 1848385811
1848377109 -22.8754701 -43.5083896 1848377103 1848377100
613537905 -22.8754573 -43.5017428 613537897 613537910
613537476 -22.8754474 -43.5035238 613537474 613537478
613537897 -22.8754375 -43.5016356 613538033 613537905 613538152
1848377103 -22.8754264 -43.5083244 1848377113 1848377109
613537571 -22.8754177 -43.5023866 613537565 613537576
613537451 -22.8754171 -43.5043149 613534870 612938782 613537449
1848377113 -22.8754009 -43.5082475 1848377076 1848377103
1848385838 -22.875391 -43.5047472 612938782 1848385834
1848377076 -22.8753613 -43.5082153 1848377079 1848377113
616204090 -22.8753553 -43.5050431 612938781 616204091
1848385834 -22.8753144 -43.5048437 1848385838 1848385725
1848377079 -22.8753069 -43.5082072 1848377073 1848377076
613534870 -22.8752991 -43.5038672 613537451 616204102 613537478
613538152 -22.8752892 -43.5015283 613537897 613538153
613537910 -22.8752694 -43.5019789 613537905 613537576
1848385725 -22.8752526 -43.504951 1848385834 1848385790
613537478 -22.8752291 -43.5037067 613537476 613534870 613534867
1846668219 -22.8752135 -43.5073958 1846668147 1846668252
1846668147 -22.8752135 -43.5071759 1846668219 1846668223
613534867 -22.8752101 -43.5036633 613534725 613537478
1848377073 -22.8752081 -43.5081616 1848377105 1848377079
613537503 -22.8751904 -43.502687 613537502 613537504
1848385790 -22.8751784 -43.5050744 1848385721 1848385725
1846668252 -22.8751765 -43.507546 1846668219 1846668220
1846668223 -22.8751641 -43.5070149 1846668147 1846668138
613538209 -22.8751311 -43.5012064 613538208 613538210
1848377105 -22.875129 -43.5081589 1848377073 1848377115
613537418 -22.8751212 -43.5056696 1848385840 613534935
1848385800 -22.8751176 -43.5061421 613537374 616203719
1846668220 -22.8751097 -43.5076345 1846668198 1846668252
616204091 -22.8751082 -43.5052576 616204090
1849797879 -22.8751041 -43.5066354 1849797877
1849797877 -22.8750878 -43.5064012 1849797879 1849797732
1848385721 -22.8750845 -43.5051361 1848385790 1848385813
1846668138 -22.8750776 -43.5069318 1846668102 1846668223
613538153 -22.8750717 -43.5015283 613538155 613538152
613538210 -22.8750538 -43.500731 585039434 613538209 613538180
616203719 -22.8750522 -43.506183 1848385800 1849797732
1846668198 -22.8750307 -43.5077928 1846668174 1846668220
1849797732 -22.8750196 -43.506209 616203718 1849797877 616203719
1846668174 -22.8750035 -43.5079001 1846668198
1848385840 -22.8749931 -43.5058147 613537418
1848385813 -22.8749313 -43.5051871 1848385721 1848385767
613537576 -22.8749037 -43.5023651 613534861 613537571 613537910
585038872 -22.8749001 -43.5000455 585038902 585038875
1848377115 -22.8748967 -43.5082716 1848377105
613534725 -22.8748543 -43.5032663 613534724 613534863 613534867
613538179 -22.8748543 -43.5014317 613538180
1846668102 -22.8748407 -43.5068383 1846668138 1846668251
616203718 -22.8748188 -43.5063692 1846668187 1849797732
613538155 -22.8748048 -43.5016034 613538153 613538156
1846668107 -22.8747786 -43.5077686 616203759
616203756 -22.8747655 -43.5071422 1846668251 616203758
616203758 -22.8747444 -43.5073318 616203756 616203759
1846668251 -22.8747404 -43.5068047 616203756 1846668102 616203716
616203759 -22.8747203 -43.5075865 616203758 1846668107
613538180 -22.8747043 -43.5008348 613538210 585039435 613538179
613534863 -22.8746961 -43.503041 613534725 613537504
616203716 -22.8746591 -43.5066806 1846668251 1846668187 1846668115
1846668187 -22.8746456 -43.5065847 616203718 616203716
613537449 -22.8746368 -43.5048971 613537451
1848385767 -22.874615 -43.5052005 1848385813 1848385771
1846668115 -22.874599 -43.5068236 1846668167 1846668116 616203716
613537504 -22.8745657 -43.5028602 613534861 613537503 613534863
613538156 -22.8745478 -43.5017428 613538155 613534857
585039435 -22.8745443 -43.5008823 613538217 613538180 585039441
613538216 -22.8745281 -43.5014424 613538217
613534861 -22.8745182 -43.5027943 613537576 613534860 613537504
1846668116 -22.8744998 -43.5071454 1846668115 616203748
616204102 -22.8744953 -43.5044744 613534870 1848426366
616203748 -22.8744764 -43.5071901 1846668116
1846668167 -22.8744524 -43.5067333 1846668115 1846668215
613538217 -22.8744391 -43.5009275 613538216 613538227 585039435
585039441 -22.8744063 -43.5003627 585039091 583585219 585039435
1848385771 -22.8743934 -43.505197 1848385767 1848385773
1846668215 -22.8742922 -43.5067352 1846668167 1846668118
585038875 -22.8742892 -43.5001963 583585222 583585219 585038872
1848385773 -22.8742822 -43.505146 1848385771 1848385753
1848426366 -22.8742772 -43.5046577 1848426328 616204102
613538227 -22.874271 -43.5010026 613538217
613534860 -22.8742612 -43.5024939 613534861 613534859
583585219 -22.874239 -43.5003761 583584943 585038875 585039441
613534859 -22.8742117 -43.5023866 613534858 613534860
1846668118 -22.8742029 -43.5067998 1846668215 616203737
1848385753 -22.8741834 -43.5050763 1848385809 1848385773
613534858 -22.8741821 -43.5021076 613534857 613534859
613534857 -22.8741228 -43.5019789 613534856 613538156 613534858
616203737 -22.8741095 -43.5071633 1846668118 616203738
613534724 -22.8740536 -43.5040281 613534725
613534856 -22.8740536 -43.5019145 613534726 613534857
1848385809 -22.8740021 -43.504892 1848426328 1848385753
1848426328 -22.8739522 -43.5048405 1848385809 1848385807 1848426366
616203738 -22.8738725 -43.5073498 616203737 1846668255
1848385817 -22.8738613 -43.5053024 1848385775
1848385807 -22.873755 -43.5046372 1848426328 1848385727
583584944 -22.8736755 -43.5013739 583584943 613531986
613531986 -22.8736661 -43.5014959 583584945 613531235 583584944
583584943 -22.8736656 -43.5011808 583585219 583584942 583584944
583584945 -22.8736557 -43.5016314 613534726 613531986
613534726 -22.8736446 -43.5016992 583584945 613531925 613534856
583584942 -22.8736162 -43.5010306 583584943 613531997 613532131
613531925 -22.8736059 -43.5019354 613534726 613531913 583584946
1848385727 -22.8735993 -43.504487 1848385807 1848385719
583584946 -22.8735766 -43.5021142 613531925 583584947
1846668255 -22.8735606 -43.5079675 616203738 1846668128
583584947 -22.8735569 -43.5025433 583584948 583584946
583584948 -22.8735495 -43.5028249 583584949 583584947 613531741
1848385719 -22.8734831 -43.50442 1848385727 1848385757
583584949 -22.873458 -43.5030476 583584948 583584950
1848385775 -22.8734164 -43.5053963 1848385795 1848385817
1848385819 -22.8734115 -43.5048652 1848385708 1848385844
1848385708 -22.8733917 -43.5047633 613534699 1848385819
613532131 -22.8733834 -43.5006543 583584941 583584942 613532128
1848385844 -22.8733719 -43.5050074 1848385819 1848385793
1848385795 -22.873367 -43.5053963 1848385797 1848385761 1848385775
1848385797 -22.8733598 -43.5053524 1848385795 1848385842 1848385857
1848385761 -22.873358 -43.5055457 1848385795 1848385769
1848385857 -22.8733546 -43.5053212 1848385787 1848385797
1846668229 -22.8733506 -43.5086327 1846668222
1848385757 -22.8733349 -43.5043824 1848385719 1848385791
613534699 -22.873332 -43.504704 612938777 1848385708
1848385769 -22.8733209 -43.5056851 1848385761
1848385787 -22.8733077 -43.5052488 1848385755 1848385857
1846668128 -22.8733057 -43.5079081 1846668255
1848385793 -22.8733052 -43.5050905 1848385755 1848385844
1848385755 -22.873283 -43.5051656 1848385793 1848385787
583584950 -22.8732702 -43.503348 583584949 613532400
1848385791 -22.8732657 -43.5043717 1848385757 1848385759
1846668222 -22.8732291 -43.5084928 1846668229 1846668165
1848385759 -22.8732017 -43.5043832 612938778 1848385791
613532400 -22.8731936 -43.503508 583584951 613532399 583584950
612938777 -22.8731625 -43.5045221 612938778 613534699
583584941 -22.8731516 -43.5002796 584993660 613532131
1848385842 -22.8731495 -43.5054258 1848385797 1848385805
1846668165 -22.8731426 -43.5084097 1846668175 1846668222
583584951 -22.8731417 -43.5036162 613532400 583584952
612938778 -22.8730991 -43.5044124 612938777 1848385785 1848385759
583584952 -22.8730725 -43.5039166 583584951 583584953
584993660 -22.8730615 -43.5001348 583584941 583584940 584993655
1848385805 -22.8730491 -43.5054142 1848385842
1846668175 -22.8730437 -43.508466 1846668256 1846668165
1846668100 -22.8730215 -43.5089327 1846668214
1848385785 -22.8729947 -43.5044057 612938778 583584953
1846668214 -22.8729449 -43.5090186 1846668100 1846668195
1846668195 -22.8729424 -43.5091044 1846668214 1846668201
1846668181 -22.8729251 -43.5093994 1846668201 1846668227
1846668201 -22.8729202 -43.5092304 1846668195 1846668181
1846668227 -22.8729128 -43.5095899 1846668233 1846668181
613532128 -22.8729069 -43.5008309 613531234 613532131
583584953 -22.8729049 -43.5044061 583584952 583584954 1848385785
1846668233 -22.8728955 -43.5097615 1846668227 1846668158
1846668256 -22.872893 -43.5084848 1846668175 1846668170
1846668158 -22.8728732 -43.5099922 1846668233 1846668156
1846668170 -22.8727896 -43.5085952 1846668256 1846668204
583584954 -22.8727622 -43.5047073 583584953 583584955 1848426385
1846668204 -22.8727373 -43.5086886 1846668170 1846668160
1846668160 -22.8727027 -43.5087906 1846668204 1846668129
583584955 -22.872601 -43.5049702 583584954 1848426401
1846668129 -22.872589 -43.50893 1846668160 1846668230 1846668236 772960768
613531741 -22.8725338 -43.5029471 583584948 613531817 1848426425
1846668230 -22.8725322 -43.508812 1846668094 1846668129
613531913 -22.8725214 -43.5021076 613531925
1846668236 -22.8725124 -43.5091205 1846668129 1846668133
613532399 -22.8725115 -43.5035131 613532396 613532400
613531817 -22.8725115 -43.5024617 613531741
1846668094 -22.8724407 -43.5086806 1846668130 1846668230
1846668130 -22.8723715 -43.5086511 1846668162 1846668094
1848426401 -22.8723357 -43.5052537 583584956 583584955
1846668133 -22.8723016 -43.5094476 772960768 1846668236
1846668162 -22.8722999 -43.5086484 1846668228 1846668130
1846668203 -22.8722854 -43.5096412 1846668155
583584956 -22.8722817 -43.5053114 1848426352 1848426401
1848426385 -22.8722356 -43.5046811 1848426345 583584954
772963803 -22.872221 -43.5085003 1846668208 1846668228
1848426425 -22.8722034 -43.5029839 613531518 613531741
1846668228 -22.872201 -43.5085384 1846668162 772963803
1846668208 -22.872194 -43.5084476 1846668207 772963803
1846668155 -22.8721915 -43.5097619 1846668203 1846668216
772960768 -22.8721627 -43.509344 1846668129 1846668235 1846668133
613531233 -22.8721358 -43.5006163 613531232 613531234 613531323
1846668207 -22.8721244 -43.5083721 1846668208
1848426345 -22.8721197 -43.5046336 1848426385 1848426469
613531232 -22.8721161 -43.5004447 613531233 613531111
1848426352 -22.8721139 -43.5054445 583584956 583584957 1848426356
613532396 -22.8721062 -43.5034916 613532399
613531234 -22.8721062 -43.5009596 613531233 613531997 613532128
613531997 -22.8720904 -43.5012817 613531234 613531235 583584942
613531111 -22.8720814 -43.5002649 613531102 613531232 583584940
1846668179 -22.8720799 -43.5089703 1846668239
1846668216 -22.8720778 -43.5096949 1846668155 1846668196
613531235 -22.8720666 -43.5017643 613531997 613531516 613531517 613531986
583584957 -22.8720247 -43.5055152 1848426352 583584958
613531516 -22.8720064 -43.5024626 613531235 613531518 613531515
1846668235 -22.871949 -43.5096113 1846668101 772960768
1848426469 -22.8719467 -43.5044968 1848426345 1848426341
613531518 -22.8719328 -43.5029477 613531516 613531523 1848426425
1846668166 -22.8719144 -43.5084043 1846668144
1846668239 -22.8718229 -43.5091661 1846668179 1846668245 1846668097
1846668144 -22.8718031 -43.5082461 1846668141 1846668166
613531523 -22.87177 -43.5029274 613531518 613532529 613532456
1846668101 -22.8717669 -43.5099178 1846668196 1846668235
1848426341 -22.8717614 -43.5043198 1848426469 1848426357
1846668211 -22.8717537 -43.5087101 1846668173
1846668141 -22.871729 -43.5081039 1846668144 1846668105
583584958 -22.8717281 -43.5056654 583584957 583584959
1846668245 -22.8717241 -43.5092868 1846668148 1846668239
612938334 -22.8717212 -43.5099831 1779251353
613532456 -22.8716811 -43.5033629 613531523
1846668148 -22.8716626 -43.5095527 1846668150 1846668245
613531517 -22.8716418 -43.5017384 613531507 613531235 613531515
1846668097 -22.8716227 -43.5088898 1846668127 1846668239
1848426356 -22.8716106 -43.50517 1848426352
1846668150 -22.8715758 -43.5097704 1846668101 1846668148
613531515 -22.8715723 -43.5024192 613531508 613531516 613531517
1846668253 -22.8715585 -43.5068218 1846668254
1779251353 -22.8715552 -43.5098599 1779251348 612938204
1846668095 -22.8715514 -43.5073318 1846668092
1779251344 -22.8715393 -43.5093543 1779251342 612938217
1846668173 -22.8715091 -43.5083587 1846668211 1846668105
2879090759 -22.8714933 -43.509712 1846668150
583584959 -22.871481 -43.5057405 583584958 583584960
612938204 -22.8714567 -43.5097878 2057734262
1846668254 -22.8714473 -43.506964 1846668237 1846668253
1846668127 -22.8714324 -43.5085814 1846668178 1846668097
2879090758 -22.8714264 -43.5096645 2879090759
1846668105 -22.8714064 -43.5081845 1846668141 1846668180 1846668173
1848426357 -22.8713981 -43.504081 1848426341 1848426487
1846668092 -22.8713978 -43.5077096 1846668095 1846668176
612938217 -22.8713881 -43.5096373 2879090758 1779251344
2057734262 -22.8713742 -43.5097347 612938203
613532529 -22.871346 -43.5028285 613531509 613531523 613532527
1846668176 -22.8713459 -43.5078518 1846668092 1846668152
1779251342 -22.871342 -43.508992 1779251321 1779251291 1779251344
1846668180 -22.8713191 -43.5082062 1846668105 1846668145
1846668152 -22.8713138 -43.5079457 1846668176 1846668194
612938203 -22.8712976 -43.509688 612938208 1779251340
613531509 -22.8712729 -43.5028034 613531508 613531524 613532529
613532527 -22.8712681 -43.5031916 1848426349 613532529
613531389 -22.8712561 -43.5013781 613531323 613531393
1846668178 -22.8712545 -43.5083051 1846668127 1846668145
1846668237 -22.8712545 -43.5072563 1846668250 1846668254
1846668194 -22.8712496 -43.5080181 1846668234 1846668152
613531508 -22.8712462 -43.5023866 613531507 613531509 613531514 613531515
583584960 -22.8712338 -43.50588 583584959 583584961
1846668145 -22.8712308 -43.5082483 1846668180 1846668178 1846668164
1848426349 -22.8712177 -43.5033865 1848426384 613532527
1846668164 -22.8711952 -43.5081629 1846668234 1846668145
613531507 -22.8711869 -43.5017107 613531506 613531517 613531508
613531323 -22.8711869 -43.5009382 613531233 613531389 613531324
1846668234 -22.871179 -43.5080482 1846668194 1846668193 1846668164
1846668250 -22.8711758 -43.5074311 1846668237 1846668171
1779251321 -22.871149 -43.5086266 1779251342 1779251309
1846668171 -22.8711387 -43.5075867 1846668250 1846668193
1846668193 -22.8711313 -43.50771 1846668234 1846668171
613531102 -22.8711226 -43.5005654 613531101 1848426298 613531111
1848426384 -22.8711161 -43.5036135 1848426349 1848426383
613531324 -22.8710781 -43.5009167 613531323 613531325
1848426487 -22.8710694 -43.5038048 1848426357 1848426383
1848426383 -22.8710419 -43.5037827 1848426384 1848426487 1848426467
1779251309 -22.8710195 -43.5084639 1779251321 1779251306
583584961 -22.8710065 -43.5061053 583584960 583584962
613531101 -22.8710055 -43.50011 613531100 613531102 583584939
1848426467 -22.8710027 -43.5037513 1848426383
612938220 -22.8709488 -43.5093546 612938217
612938208 -22.870938 -43.5094543 1779251301
613531514 -22.8708903 -43.5023115 613531513 613531508
583584962 -22.8708088 -43.5064165 583584963 583584961
1779251306 -22.8708015 -43.5084084 1779251302 1779251309
613531506 -22.8707025 -43.5016248 613531507 613531505
613531325 -22.8706827 -43.5010562 613531324 1848426415
1779251302 -22.8706788 -43.5084824 1779251291 1779251306
613531393 -22.8706629 -43.5013888 613531389
1779251301 -22.8706519 -43.5093467 1779251275 1779251284
613531505 -22.8705641 -43.5016248 613531506
1779251291 -22.870551 -43.5086348 1779251342 1779251288 1779251302
1779251289 -22.8705494 -43.50812 1779251283
583584963 -22.8705221 -43.5070065 583584962 583584964
613531524 -22.870498 -43.5027182 613531509 1848426365
613531100 -22.8704949 -43.500273 613531101
1779251288 -22.8704948 -43.5086081 1779251283 1779251291
1779251284 -22.8704733 -43.5098978 1779251301 1779251281 1779251325
1779251283 -22.8704676 -43.5083752 1779251289 1779251288
1848426298 -22.8704316 -43.5007463 613531102
613531513 -22.8703999 -43.5022495 613531514
583584964 -22.8703738 -43.5073499 583584963 583584965
1848426415 -22.8703426 -43.5011432 613531325
1848426379 -22.8703105 -43.50036 1848426493
1779251275 -22.8702529 -43.5092124 1779251264 611712359
583584965 -22.8702453 -43.5076181 3819922655 583584964
3819922655 -22.8702172 -43.5076566 583584966 3819922656 583584965
1848426493 -22.870182 -43.5003763 1848426367 1848426379
613530997 -22.8701779 -43.5016282 613530996 613530998
1848426365 -22.8701548 -43.502664 613531524
613530998 -22.8701489 -43.5019145 613530997 1848426296
1848426367 -22.8701202 -43.5003842 1848426342 1848426493
583584966 -22.8700575 -43.5078756 3819922655 583584967
613530996 -22.8700401 -43.5012815 613530997 613530995
1848426296 -22.8700203 -43.5022011 613530999 613530998
1848426432 -22.869987 -43.5033489 1848426304
613530999 -22.8699704 -43.5025054 1848426296 613531000
613530995 -22.8699611 -43.5010455 613530994 613530996
613531000 -22.8699309 -43.5027607 613530999 1848426402 613531017
1848426304 -22.8699178 -43.5032309 1848426402 1848426432
613530992 -22.8699116 -43.5001335 1848426315 613530993
3819922656 -22.8699082 -43.5073012 3819922655 3819923557
613530994 -22.8699018 -43.5005841 1848426342 613530995
1848426402 -22.8698953 -43.503053 613531000 1848426304
1848426342 -22.8698805 -43.5003838 613530993 613530994 1848426367
613530993 -22.8698721 -43.5003052 613530992 1848426342 613531034
583584967 -22.8698212 -43.5081812 583584966 3819923567 3819923568
3819923557 -22.8697288 -43.5070747 3819922656 3819923558
611712359 -22.8697058 -43.5090419 611712357
3819923567 -22.8696864 -43.5083348 3819923566 583584967 583584968
3819922654 -22.8696277 -43.5074109 3819922653
611712091 -22.8696151 -43.5089221 612938220
613531021 -22.8695841 -43.5016966 613531020 613531022
583584968 -22.869577 -43.5084594 613511384 3819923567
613531020 -22.8695459 -43.5019038 613531019 613531021
3819922643 -22.8695437 -43.5084949 3819922644 583584968
611712357 -22.8695414 -43.5089871 613511381
613511383 -22.8695114 -43.5088501 611712091
3819923568 -22.8695005 -43.5077295 583584967 3819923569
613531022 -22.8694901 -43.5014686 613531021 613531023
3819923566 -22.8694745 -43.5079984 3819923567 3819923565
613511384 -22.869471 -43.508669 2879090757 613511388
2879090757 -22.8694669 -43.5087812 613511383
613531034 -22.8694569 -43.500273 613530993 613531035
613531019 -22.8694273 -43.5022364 613531018 613531020
3819923558 -22.8694255 -43.5065084 3819923557 3819923559
613511388 -22.8694195 -43.5087796 613511387
613531017 -22.8694174 -43.5027192 613531018 613531000 1848426390
613511381 -22.8694086 -43.5089681 613511385 613511380
613531023 -22.869404 -43.501181 613531024 613531022
613531018 -22.8693976 -43.5025475 613531019 613531017
613511292 -22.8693871 -43.5086619 3819922643
613531024 -22.8693778 -43.5009489 613531025 613531023
613511387 -22.8693743 -43.5088683 611712091 613511380
3819923569 -22.8693668 -43.5074852 3819923570 3819923568
613511380 -22.8693465 -43.5089071 611712094 613511385
613531035 -22.8693443 -43.5003064 613531025 613531034 613531026
613531025 -22.8693361 -43.500605 613531024 613531035
613511379 -22.8693331 -43.5087743 613511292
611712094 -22.8693312 -43.5088651 613511379 613511387
613531026 -22.8693185 -43.5002086 613531027 613531031 613531035
3819923565 -22.8692886 -43.5076764 3819923566 3819923564
1779251242 -22.8692699 -43.5087804 613511292 1779251230
3819923559 -22.8692658 -43.5062571 3819923558 3819923560
3819922644 -22.8692494 -43.5079878 3819922645 3819922643
3819922648 -22.8692168 -43.506112 3819923560 3819922649
2879090755 -22.8692101 -43.5088786 611712094
613511385 -22.8692053 -43.5089788 611712353
2879090756 -22.869197 -43.5088437 1779251242
3819923570 -22.8691907 -43.5071242 3819923569
3819923560 -22.869188 -43.506164 3819922652 3819922648 3819923559
3819922649 -22.8691712 -43.5058466 3819922648 3819922650
3819922653 -22.8691484 -43.5065934 3819922652 3819922654
611712353 -22.8691126 -43.5089989 611712350
3819922650 -22.8690994 -43.5055493 3819922649 3819922651
613531031 -22.8690714 -43.5002623 613531026 613530488
3819922652 -22.869037 -43.5064359 3819922653 3819923561 3819923560
611712101 -22.8690364 -43.5089316 2879090756 2879090755
3819923564 -22.8690179 -43.5070995 3819923563 3819923565
3819922651 -22.8690114 -43.5049972 3819922650
1848426364 -22.8690105 -43.5016797 1848426355 613530490
1848426355 -22.8689858 -43.5018191 1848426364
613530490 -22.868979 -43.501475 613531036 613530489 1848426364
3819922645 -22.8689429 -43.507372 3819922644 1848456345
611712350 -22.8689149 -43.5090633 611712345
613530489 -22.8689132 -43.5012493 613530488 613530490
3819923561 -22.8688725 -43.5067323 3819922652 3819923562 3819923563
1848426390 -22.8688449 -43.5026882 1848426458 613531017
1779251230 -22.8688323 -43.5079254 1779251242 1779251218
3819923563 -22.8688283 -43.5068118 3819922647 3819923561 3819923564
1848456345 -22.8687711 -43.507069 3819922645 3819923582 3819922647
611712104 -22.868759 -43.50905 611712101
613530488 -22.868755 -43.5002408 613530487 613531031 613530489
1779251228 -22.8687264 -43.5090735 1779251214 611712104
3819922647 -22.8687243 -43.5069992 1848456345 3819922646 3819923563
611712345 -22.8687073 -43.5091599 611712342
3819923562 -22.8686429 -43.5064553 3819923561
3819923582 -22.8686326 -43.5071847 1848456345 1779251218 3819923581
3819922646 -22.8685255 -43.5067031 3819922647
1779251218 -22.8685039 -43.5072922 1848456333 1779251230 3819923582 1848456321
1848426458 -22.8684322 -43.5026399 1848426390
613531036 -22.868366 -43.5014116 613530490 1848426388
1848456321 -22.8683657 -43.5073453 1779251218 1848456340
1848456333 -22.8682447 -43.5069027 1779251218
1848456340 -22.8682051 -43.5074928 1848456355 1848456321
1779251214 -22.8681989 -43.5087713 1779251211 1779251228
613530496 -22.8680927 -43.5001121 613530497 613530493
1848426388 -22.8680714 -43.5014034 613531036
3819923581 -22.8680298 -43.5063032 3819923580 3819923582
1779251211 -22.8680081 -43.5085347 1779251214 3819923571
613530497 -22.8680037 -43.5004768 613530496 613530595
3819923580 -22.8679613 -43.506289 3819923579 3819923581
1848456355 -22.8679456 -43.507702 1848456336 1848456340
3819923579 -22.867919 -43.5062961 3819923580 3819923578
613530595 -22.8679049 -43.5001442 613530497
3819923571 -22.8678733 -43.5082568 1779251211 1779251209
1848456311 -22.8678616 -43.5055348 1848456343
1779251209 -22.8678071 -43.5079726 1848456336 3819923571
1848456336 -22.8677782 -43.5077685 1779251209 1848456355 1779251207
1779251207 -22.8677458 -43.50754 1848456336 3819923587
611712342 -22.8677188 -43.509868 613511856
3819923578 -22.8677135 -43.5065084 3819923577 3819923579
3819923587 -22.8677031 -43.5074147 1779251207 1779251205 3819923588
611712108 -22.8677013 -43.5098117 1779251228
1779251205 -22.8676879 -43.5073699 1779251177 3819923587
3819923577 -22.8676613 -43.5065367 3819923576 3819923578
3819923576 -22.8675994 -43.5065261 3819923577 3819923575
3819923575 -22.8675211 -43.5064306 3819923574 3819923576
3819923574 -22.8674624 -43.5064058 3819923573 3819923575
3819923573 -22.8674363 -43.5064058 3819923572 3819923574
1848456314 -22.8673895 -43.5040113 1848456312
3819923590 -22.8673254 -43.50837 3819923594
3819923594 -22.8672777 -43.5082081 3819923590 3819923593 3819923589
1848456326 -22.8672635 -43.5038396 1848456316
3819923589 -22.8672472 -43.5081046 3819923588 3819923594
1848456343 -22.8672165 -43.5061946 1848456311 1848456346
1848456316 -22.8671572 -43.5038423 1848456326 1848456325
3819923588 -22.8671135 -43.5077259 3819923587 3819923589
1779251177 -22.8670814 -43.5068929 3819923572 1779251205
3819923591 -22.8670287 -43.5084939 3819923593
3819923572 -22.8670234 -43.5068451 1779251177 1779251175 3819923573
1848456325 -22.8669744 -43.5039255 1848456316 1848456315
3819923593 -22.8669622 -43.5082359 3819923591 3819923592 3819923594
1848456328 -22.8669521 -43.504883 1848456323
1779251175 -22.8669113 -43.5067172 3819923572 1848456346
1848456338 -22.8669101 -43.5047382 1848456320
3819923592 -22.8668754 -43.5078993 3819923593
1848456346 -22.8668011 -43.5066003 1779251175 1779251160 1848456343
1848456320 -22.8666358 -43.5048803 1779251125 1848456338
3819923584 -22.8665852 -43.5099238 3819923583 3819923585
1848456312 -22.8665839 -43.5044914 1848456332 1848456314
1848456315 -22.866527 -43.504191 1779251123 1848456325
3819923586 -22.8665265 -43.5087346 3819923585
3819923585 -22.8664841 -43.5097468 3819923584 3819923586
1779251160 -22.8664644 -43.5058969 1848456346 1848456323
1848456332 -22.8663071 -43.5046738 1848456348 1848456312
1848456323 -22.8662004 -43.5054295 1779251160 1848456328 1848456356
1848456356 -22.8661685 -43.505373 1779251125 1848456323 1848456341
1779251125 -22.8660982 -43.5052485 1848456348 1848456320 1848456356
613511538 -22.8660458 -43.509886 613511536
1848456348 -22.8659723 -43.5049321 1779251125 1779251123 1848456332
1848456341 -22.8659093 -43.5056045 1848456356
1779251123 -22.8658531 -43.5046326 1848456348 1779251116 1848456315
613511848 -22.8658161 -43.5098993 613511847
1779251116 -22.8656441 -43.5040316 1779251123
1779251110 -22.8654665 -43.5087304 1779251108 1779251084
1779251108 -22.8654232 -43.5095944 613511538 1779251110
1779251086 -22.8649665 -43.5075056 1779251084
1779251084 -22.8648273 -43.5084467 1779251110 1779251086 1779251082
1779251082 -22.8645814 -43.5083376 1779251084
613511542 -22.8641675 -43.5090063 1779251108
1849797944 -22.8640991 -43.5053264 1849797920
1849797859 -22.864067 -43.5072335 1849797761 1779251057
1849797761 -22.8640547 -43.5071155 1849797859
1779251057 -22.8640358 -43.5076329 1849797859 1779251051
1849797920 -22.8639583 -43.505659 1849797944 1849797926
1779251055 -22.8639495 -43.5070456 1779251040
1849797784 -22.8639458 -43.5041793 1849797823 1849797780
1779251051 -22.8638858 -43.5085758 1779251039 1779251057
1849797926 -22.8638605 -43.506546 1849797920 1779251040
1779251039 -22.8638449 -43.5088617 613511542 1779251051
1779251040 -22.8638008 -43.5070003 1779251055 1779251034 1849797926 1779251038
1849797823 -22.8637518 -43.5040167 1849797928 1849797784
1779251038 -22.8637356 -43.5075997 1779251035 1779251040
1779251037 -22.8636913 -43.504946 1779251033 1849797835
1779251035 -22.8636708 -43.5079104 1779251038 1779251032
1849797928 -22.8636505 -43.5040194 1849797823 1849797818
1779251034 -22.8635611 -43.5069273 1779251040 1779251030
1779251031 -22.8635597 -43.5087339 1779251039 1779251029
1779251033 -22.8635448 -43.5063771 1779251007 1779251037 1779251030
1779251032 -22.8635345 -43.5079325 1779251035 1779251024
1849797835 -22.8635343 -43.5047704 1849797780 1779251037
1779251030 -22.863496 -43.5069323 1779251034 1779251023 1779251033 1779251026
1849797780 -22.8634626 -43.5046551 1849797784 1849797798 1849797835
1779251029 -22.8634583 -43.5086412 1779251024 1779251031
1779251026 -22.8634391 -43.5076108 1779251030 1779251005
1849797798 -22.8634354 -43.5046068 1849797780 1849797755
1849797755 -22.8634107 -43.5045022 1849797830 1849797798
1849797830 -22.8634058 -43.5044244 1849797818 1849797755
1849797818 -22.8633774 -43.5041417 1849797830 1849797932 1849797928
1849797932 -22.8633552 -43.5041516 1849797857 1849797818
1849797861 -22.8633539 -43.5036653 1849797869 1849797802
1849797869 -22.8633503 -43.5037305 1849797861 1849797771
1849797771 -22.8633316 -43.5037834 1849797869 1849797821
1779251024 -22.8633201 -43.5082682 1779251021 1779251029 1779251032
1779251023 -22.8633192 -43.5069458 1779251003 1779251030
1779251021 -22.8632764 -43.5081503 1779251005 1779251024
1849797821 -22.8632638 -43.5038432 1849797833 1849797771
1779251019 -22.8632483 -43.5052049 1849797917
1849797857 -22.8632476 -43.5042313 1849797881 1849797932
1849797956 -22.8632402 -43.5045934 1849797812
1849797917 -22.863227 -43.5060106 1779251007 1849797786 1779251019
1779251007 -22.8632159 -43.5064312 1779250995 1849797917 1779251033
1779251005 -22.8632137 -43.5080727 1779251021 1779250998 1779251026
1779251003 -22.8631789 -43.5069965 1779250995 1779251002 1779251023 1779250996
1849797802 -22.8631562 -43.5034347 1849797861 1849797781
1849797783 -22.8631191 -43.5031343 1849797781
1779251002 -22.8631189 -43.5075295 1779251003 1779250991
1849797786 -22.8630845 -43.5060659 1849797917 1849797815
1849797881 -22.8630845 -43.5043305 1849797776 1849797857
1779250998 -22.8630822 -43.50791 1779250991 1779251005
1779250996 -22.8630739 -43.5070345 1779251003 1779250992
1849797781 -22.8630672 -43.503196 1849797783 1849797802 1849797867
1779250995 -22.863064 -43.5064562 1779251003 1779250988 1779251007
1779250992 -22.8629959 -43.5071088 1779250988 1779250996 1779250990
1779250991 -22.8629821 -43.5078359 1779250987 1779251002 1779250998
1849797815 -22.8629659 -43.5061115 1849797786 1849797925
1849797833 -22.8629524 -43.5040336 1849797914 1849797821
1779250990 -22.8629342 -43.5071676 1779250987 1779250992
1849797812 -22.8628448 -43.5048697 1849797776 1849797956 1849797915
1779250988 -22.8628258 -43.5064954 1849797925 1779250995 1779250992
1779250987 -22.8627925 -43.5076955 1779250984 1779250991 1779250990
1849797925 -22.8627466 -43.5061547 1779250988 1849797952 1849797815
1849797952 -22.8627409 -43.5061303 1849797925 1849797728
1849797915 -22.862736 -43.5049126 1849797812 1849797754
613511847 -22.8627317 -43.5084724 1779250968
1849797776 -22.8627039 -43.5045076 1849797881 1849797914 1849797812
1779250984 -22.8626592 -43.5076752 1779250964 1779250987 1779250970
1849797754 -22.8626396 -43.5049153 1849797923 1849797915
1849797867 -22.8626396 -43.5038746 1849797763 1849797781
613511543 -22.8626352 -43.5083196 1779251031
1849797728 -22.8626174 -43.5056421 1849797918 1849797952
1779250970 -22.8626004 -43.5075837 1779250960 1779250984
1779250972 -22.862595 -43.5099384 1779250968 1779251000
1849797763 -22.8625754 -43.5039336 1849797778 1849797867
1779250968 -22.8625483 -43.5083897 1779250955 1779250972
1849797914 -22.8625473 -43.504241 1849797778 1849797776 1849797853 1849797833
1849797923 -22.8625333 -43.5049662 1849797754 1849797930
1849797918 -22.862521 -43.5053954 1849797728 1849797930
1849797778 -22.8624165 -43.5039973 1849797763 1849797807 1849797914
1779250964 -22.8624143 -43.5076511 1779250950 1779250984
1849797930 -22.8623727 -43.5051218 1849797918 1849797923 1849797805
1779250960 -22.8623653 -43.5070475 1779250948 1779250970
1849797853 -22.8622887 -43.5043734 1849797825 1849797805 1849797914
1779250955 -22.8622553 -43.5082575 1779250924 1779250953
1849797825 -22.8621947 -43.5041857 1849797807 1849797853
1849797807 -22.8621206 -43.504116 1849797825 1849797778 1849797959
1779250950 -22.8620906 -43.5076548 1779250936 1779250964
1849797805 -22.8620613 -43.504529 1849797853 1849797930 1849797726
1779250948 -22.8620553 -43.5063487 1779250960 1849797809
1779250947 -22.8619491 -43.5074577 1779250943
1849797726 -22.8619352 -43.5043761 1849797855 1849797805
1779250945 -22.8618772 -43.5086135 1779250944 1779250930
1779250944 -22.8618484 -43.5085506 1779250945 1779250934
1779250943 -22.861823 -43.5070768 1779250915 1779250947
1779250936 -22.8617772 -43.5078323 1779250923 1779250950
1779250934 -22.8617666 -43.5085432 1779250944 1779250919
1779250921 -22.8617526 -43.5079074 613511543 1779250923
1779250923 -22.8617396 -43.5077963 1779250936 1779250921 1779250915
1849797959 -22.8617276 -43.5040194 1849797767 1849797807
1779250924 -22.8617241 -43.508018 613511845 1779250919
1849797855 -22.8617177 -43.5041776 1849797726 1849797772
1779250919 -22.8616684 -43.5085403 1779250924 1779250934 1779250908
1849797772 -22.8616461 -43.5040757 1849797855 1849797767
1779250915 -22.8615986 -43.5066594 1779250943 1779250911 1779250923
1849797767 -22.8615744 -43.5039792 1849797954 1849797772 1849797959
1849797954 -22.8615398 -43.5039604 1849797767 1849797828
1779250911 -22.8615318 -43.5061212 1779250915
1849797809 -22.8615126 -43.5055134 1779250948 1849797948
1849797828 -22.8614991 -43.5039558 1849797954 1849797922
1779250908 -22.8614918 -43.5085351 1779250900 1779250919
1849797948 -22.8614533 -43.5054463 1849797888 1849797809
1849797888 -22.8614176 -43.5053452 1849797871 1849797948
1848543033 -22.8614128 -43.5021093 1848543112
1849797871 -22.861394 -43.505103 1849797723 1849797888
1849797723 -22.8613619 -43.5049823 1849797871 1849797927
613511545 -22.8613005 -43.5077188 1779250921
1849797774 -22.8612605 -43.5033167 1849797765
1849797922 -22.8612234 -43.5040543 1849797832 1849797910 1849797828
1849797832 -22.8612149 -43.5038164 1849797837 1849797922
613511845 -22.8612093 -43.5077858 613511843
1849797910 -22.861205 -43.5041516 1849797922 1849797924
1849797927 -22.8611963 -43.5045371 1849797800 1849797723
1849797924 -22.8611951 -43.5043018 1849797910 1849797800
1849797837 -22.8611888 -43.5037029 1849797832 1849797826
1849797800 -22.8611715 -43.5044217 1849797924 1849797927
613511546 -22.8611522 -43.5076866 613511545
1849797826 -22.8610677 -43.5035446 1849797837 1849797929
1848543234 -22.8610633 -43.5006401 1848543037
1849797765 -22.861043 -43.5034454 1849797774 1849797929
613511843 -22.8610412 -43.5077536 613511841
1849797929 -22.8610208 -43.503491 1849797765 1849797826
613511548 -22.8609644 -43.5076759 613511546
1848543220 -22.860927 -43.5010133 1848543226
613511841 -22.8609028 -43.5078072 613511826
145035435 -22.8608886 -43.5098223 145035436
1848543035 -22.8608449 -43.5003037 1848543049
145035434 -22.8608411 -43.5089468 145035435
1848543222 -22.8608378 -43.5017933 1848543090
145044432 -22.8608311 -43.5079169 613511826
145044433 -22.8608288 -43.507746 145044432
613511826 -22.8608268 -43.5079723 145035433
1848543217 -22.8608131 -43.5014177 1848543218
145044434 -22.8607658 -43.5075761 145044433 613511548
1848543112 -22.8607612 -43.5023672 1848543068 1848543033
145035433 -22.8607467 -43.5081871 145035434 145044448
144372528 -22.8606969 -43.5095866 144372527
145036220 -22.8606496 -43.5074772 145044434
145044448 -22.8606296 -43.5083079 145044446
1849797876 -22.8605664 -43.5098482 144302252
145034554 -22.8605655 -43.5073163 145036220
1753575074 -22.8605565 -43.5085159 144372528
3788281971 -22.8605412 -43.5074364 145036220
145044446 -22.8605104 -43.508367 145044445
144372531 -22.8604982 -43.5081313 1753575074
145044435 -22.8604373 -43.5074263 3788281971
1848543123 -22.8604372 -43.5064377 145034553 1848543170
144302252 -22.860406 -43.5085423 144302251
1848543087 -22.8604053 -43.5023967 1848543205
145034553 -22.8604018 -43.5066874 1848543123 145034554
1753575094 -22.8603923 -43.507614 144372531
1849797874 -22.8603891 -43.5097808 145042279
145044445 -22.8603633 -43.5083851 145044443
144302251 -22.8603455 -43.5081483 1753575123
1848543068 -22.8603234 -43.503348 1848543225 1848543112
144372532 -22.8602991 -43.5071982 1753575094
1848543225 -22.8602863 -43.5034016 1848543237 1848543068
145044436 -22.8602745 -43.5074393 145044435
1753575123 -22.8602379 -43.5076469 144302249
145042279 -22.8602004 -43.5085129 1849797883
145044443 -22.8601924 -43.5083366 1849797883
1848543218 -22.8601804 -43.5015545 1848543090 1848543226 1848543217
1848543090 -22.860174 -43.5019365 1848543205 1848543218 1848543222
1848543037 -22.8601696 -43.500825 1848543049 1848543234 1848543226
1848543049 -22.8601696 -43.5004193 1848543037 1848543035
1848543226 -22.8601631 -43.5011656 1848543218 1848543037 1848543220
1848543205 -22.8601519 -43.5024334 1848543237 1848543090 1848543087
144302249 -22.8601516 -43.5072507 144302247
1849797883 -22.8601508 -43.5083031 145042277
1848543237 -22.8601138 -43.5034886 1848543231 1848543205 1848543225
145044438 -22.8600839 -43.5075541 145044436
145034552 -22.8600661 -43.5057282 145034553
145042277 -22.8600636 -43.5082329 145044442
1848543170 -22.8600395 -43.5054007 1848543123 1848543060
1849814655 -22.8600338 -43.5062218 144372532
145044442 -22.8600103 -43.5081572 145044440
145037489 -22.8600078 -43.5076333 1849814709 145044438
