3077561280 -22.9395331 -43.5143601 3077561265 3077561306
3077561265 -22.9392222 -43.5144652 3077561257 3077561280
3077561257 -22.9390564 -43.5145477 3077561265 3077561250
3077561250 -22.9388491 -43.5145102 3077561257 3077561231
3077561231 -22.9384069 -43.5144952 3077561250
1871250807 -22.9348983 -43.5199793 1871251143 1871251220
1871251220 -22.9344684 -43.5194687 1871250807 1871250749
1871250749 -22.9342461 -43.5197648 1871251158 1871251220
1871251158 -22.9339892 -43.519915 1871250816 1871250749
1871250816 -22.9330604 -43.5198935 1871251213 1871251158
3081816520 -22.9320728 -43.5162227 3081816518
3081816518 -22.9320027 -43.5162024 3081816512 3081816520
3081816512 -22.9318928 -43.5162354 3081816518 3081816500
1871250961 -22.9317562 -43.5197433 3081816468 1871251209
3081816500 -22.9317479 -43.516243 3081816494 3081816512
3081816494 -22.9316544 -43.5162252 3081816486 3081816500
3081816486 -22.9315211 -43.516243 3081816494 3081816466
3081816476 -22.9313896 -43.510033 3081816473 3081816485
3081816473 -22.9313241 -43.5101396 3081816464 3081816476
3081816468 -22.9312465 -43.5197906 1870780616 1871250961
3081816466 -22.9312196 -43.5163192 3081816450 3081816486
3081816464 -22.9312072 -43.5103046 3081816458 3081816473
3081816458 -22.93106 -43.5103503 3081816446 3081816464
3081816450 -22.9309601 -43.5163877 3081816437 3081816466
3081816446 -22.9309384 -43.510368 3081816441 3081816458
3081816441 -22.9308145 -43.5104239 3081816130 3081816446
3081816440 -22.9307818 -43.5113021 3081816438 3081816131
3081816438 -22.9307748 -43.5114899 3081816132 3081816440
3081816437 -22.9307731 -43.5164232 3081816125 3081816450
3081816132 -22.9307351 -43.5115559 3081816120 3081816438
3081816131 -22.9307187 -43.5111371 3081816440 3081816129
3081816130 -22.9307093 -43.5105711 3081816123 3081816441
3081816129 -22.9306743 -43.5110533 3081816117 3081816131
1870780616 -22.9306519 -43.5195689 1870780641 3081816468
3081816125 -22.9306328 -43.5163928 3081816111 3081816437
3081816123 -22.9306299 -43.5107741 3081816117 3081816130
3081816121 -22.9306275 -43.5118579 3081816092 3081816118
3081816120 -22.9306228 -43.511693 3081816118 3081816132
3081816118 -22.9306182 -43.511759 3081816121 3081816120
3081816117 -22.9306182 -43.5108985 3081816129 3081816123
3081816111 -22.9305487 -43.5164131 3081816105 3081816125
1870780641 -22.9304328 -43.5195174 1870780650 1870780616
3081816105 -22.9303921 -43.5164308 3081816103 3081816111
1870780650 -22.9303514 -43.5194256 1870780766 1870780641
3081816103 -22.9303266 -43.516408 3081816093 3081816105
1870780766 -22.9302741 -43.5192518 1870780803 1870780650
1870780803 -22.9302131 -43.5191842 1870780759 1870780766
3081816093 -22.93017 -43.5162989 3081816103 3081816085
3081816092 -22.930153 -43.5126803 3081816087 3081816121
1870780759 -22.9301192 -43.5191466 1870780658 1870780803
3081816087 -22.9300829 -43.512759 3081816075 3081816092
3081816085 -22.9300554 -43.5163318 3081816093 3081816066
3081816075 -22.9299706 -43.5127692 3081816061 3081816087
1870780658 -22.9299448 -43.519107 1870780759 1870780731
3081816066 -22.9298965 -43.5163877 3081816049 3081816085
3081816061 -22.9298514 -43.5126778 3081816041 3081816075
1870780731 -22.929766 -43.5190664 1870780719 1870780658
3081816049 -22.9297235 -43.5164562 1871790803 3081816066
3081816044 -22.9296831 -43.5121473 3081816038 3081816042
3081816042 -22.9296761 -43.5120153 3081815832 3081816044
3081816041 -22.9296738 -43.5124037 3081816038 3081816061
3081816038 -22.9296457 -43.5122793 3081816044 3081816041
1870780719 -22.9296097 -43.5189859 1870780708 1870780731
1870780653 -22.9296028 -43.5195174 1870780631 1870780672
1870780631 -22.9295996 -43.5196762 1870780630 1870780653
3081815832 -22.9295966 -43.5119468 3081815820 3081816042
1870780630 -22.929565 -43.519762 1870780631 1870780623
1871790803 -22.9295243 -43.5164278 1871790761 3081816049
3081815820 -22.9294961 -43.511962 3081815832 3081815812
1870780708 -22.9294862 -43.518943 1870780719 1870780698
1870780623 -22.9294793 -43.5197588 1870780835 1870780630
1870780672 -22.9294595 -43.519276 1870780694 1870780653
1870780698 -22.9294269 -43.5189484 1870780694 1870780708
1870780694 -22.929417 -43.5191093 1870780672 1870780698
3081815812 -22.9293956 -43.512127 3081815798 3081815820
1870780835 -22.9293723 -43.5197245 1870780788 1870780623
3081815798 -22.9292413 -43.5124011 3081815790 3081815812
3081815790 -22.9291665 -43.512561 3081815769 3081815798
1871790761 -22.9290833 -43.5161213 1871790748 1871790803
1871790748 -22.9289598 -43.5160515 1871790761 1871790866
3081815769 -22.9288883 -43.5127895 3081815748 3081815790
1871790866 -22.9287227 -43.515896 1871790748 1871790826
3077403944 -22.9286949 -43.5114878 3077403939 3077403936
3077403939 -22.928675 -43.5116417 3077403944 3077403934
3077403936 -22.9286507 -43.511382 3077403944 3077403927
3081815748 -22.9286475 -43.5128885 3081815769 3081815524
3077403935 -22.9286396 -43.5101608 3077403929 3077403931
3077403934 -22.9286374 -43.5117499 3077403917 3077403939
1871790826 -22.9286048 -43.515687 1871790850 1871790866
3077403929 -22.9285931 -43.5104421 3077403915 3077403935
3077403927 -22.9285842 -43.5112618 3077403926 3077403936
3077403926 -22.9285776 -43.5111993 3077403927 3077403925
3077403925 -22.9285754 -43.5110022 3077403926 3077403921
1870780788 -22.9285702 -43.5193887 1870780771 1870780835
3077403921 -22.9285555 -43.5109108 3077403919 3077403925
1871790850 -22.9285498 -43.5156385 1871790859 1871790826
3077403919 -22.9285267 -43.5107979 3077403915 3077403921
3077403917 -22.92852 -43.5119157 3077403913 3077403934
3077403915 -22.9285178 -43.5106608 3077403919 3077403929
3077403913 -22.9284735 -43.5120119 3077403907 3077403917
3077403907 -22.9284049 -43.5120912 3077403906 3077403913
1871790859 -22.9283776 -43.5155583 1871790793 1871790850
3081815524 -22.9283717 -43.5129722 3081815501 3081815748
3077403906 -22.9283385 -43.5121249 3077403903 3077403907
3077403903 -22.9282278 -43.5121249 3077403899 3077403906
3081815501 -22.9281333 -43.5129443 3077403872 3081815524
1871790793 -22.928115 -43.5156116 1871790762 1871790859
3077403899 -22.9281082 -43.5121321 3077403903 3077403893
1870780771 -22.9280977 -43.519231 1870780788 1870780757
3077403895 -22.9280506 -43.5103315 3077403894 3081815508
3077403894 -22.9280484 -43.5103916 3077403888 3077403895
3077403893 -22.9280351 -43.5122331 3077403886 3077403899
3077403888 -22.9279931 -43.5107065 3077403882 3077403894
3077403886 -22.9279488 -43.5124302 3077403883 3077403893
3077403885 -22.9279444 -43.5109397 3077403882 3077403884
3077403884 -22.9279421 -43.5110527 3077403881 3077403885
3077403883 -22.9279377 -43.512536 3077403877 3077403886
3077403882 -22.9279311 -43.5108555 3077403885 3077403888
3077403881 -22.9278868 -43.5111705 3077403875 3077403884
3077403877 -22.9278536 -43.5126778 3077403883 3077403872
3077403875 -22.9278049 -43.5113195 3077403868 3077403881
3077403874 -22.9278004 -43.5123773 3077403873 3077403871
1871790762 -22.92776 -43.5156548 1871790789 1871790793
3077403873 -22.9277584 -43.5125143 1870780685 3077403874
3077403872 -22.9277495 -43.5127163 1870780685 3077403877 3081815501
3077403871 -22.9277407 -43.5122138 3077403874 3077403866
3077403868 -22.9277163 -43.5115095 3077403865 3077403875
3077403866 -22.927692 -43.5121105 3077403871 3077403863
3077403865 -22.9276853 -43.5115696 3077403860 3077403868
3077403863 -22.9276676 -43.5119879 3077403861 3077403866
3077403861 -22.9276587 -43.5118364 3077403863 3077403860
1870780685 -22.927656 -43.5126402 1870780789 3077403873 3077403872
3077403860 -22.9276455 -43.5116777 3077403861 3077403865
1871790789 -22.9275814 -43.5158262 1871790821 1871790762
1871790821 -22.9274586 -43.5159713 1870780804 1871790789
1870780636 -22.9274485 -43.5157087 1870780693 1870780675
1870780693 -22.9274188 -43.5154297 1870780696 1870780636
1870780675 -22.9273892 -43.5159018 1870780636 1870780804
1870780789 -22.9273793 -43.5127583 1870780685 1870780717
1870780696 -22.9272805 -43.515022 1870780786 1870780693
1870780804 -22.9272348 -43.5158938 1870780675 1870780689 1871790821
1870780717 -22.9272212 -43.5129836 1870780789 1870780785
1870780786 -22.9271619 -43.5147967 1870780767 1870780696
1870780785 -22.9271491 -43.5132872 1870780717 1870780625
1870780767 -22.9271224 -43.5145392 1870780765 1870780786
1870780625 -22.9271224 -43.51352 1870780785 1870780639
1870780765 -22.9270928 -43.5141745 1870780639 1870780767
1870780639 -22.9270532 -43.5138848 1870780625 1870780765
1870780689 -22.9270335 -43.5157087 1870780804 1870780707
1870780757 -22.9270052 -43.5188403 1870780677 1870122914 1870780771
1870780677 -22.9269781 -43.5187236 1870780816 1870780757
1870780816 -22.9269114 -43.5184755 1870780826 1870780677
1870780826 -22.9268397 -43.5182811 1870780816 1870780657
1870780707 -22.9268358 -43.5154941 1870780790 1870780689
1870780657 -22.9267446 -43.5181403 1870780620 1870780826
1870780790 -22.9266975 -43.5151615 1870780660 1870780707
3077403813 -22.9266208 -43.5112974 3077403806 3077403809
1870780620 -22.9265877 -43.5180236 1870780701 1870780657
3077403809 -22.9265831 -43.5114633 3077403813 3077403800
3077403806 -22.9265455 -43.5109031 3077403813 3077403801
1870780660 -22.9265095 -43.5149899 1870780790 1870780839
3077403802 -22.9264946 -43.5102829 3077403801 3077403799
3077403801 -22.9264857 -43.5106435 3077403806 3077403802
3077403800 -22.9264769 -43.5115691 3077403798 3077403809
3077403799 -22.926468 -43.5101483 3077403796 3077403802
3077403798 -22.9264348 -43.5117061 3077403797 3077403800
3077403797 -22.9264326 -43.5120499 3077403791 3077403798
3077403796 -22.9264282 -43.5101314 3077403799 3077403793
1870780701 -22.9264198 -43.5179699 2626198610 1870780620
3077403793 -22.926375 -43.5102276 3077403796 3077403792
3077403792 -22.9263573 -43.5103646 3077403793 3077403790
1870780839 -22.9263517 -43.515022 1870780660 1870780782
3077403791 -22.9263263 -43.5126076 3077403797 3077403787
3077403790 -22.9263152 -43.5105065 3077403792 3077403788
3077403788 -22.9262577 -43.5105642 3077403790 3077403786
3077403787 -22.9262355 -43.513086 3077403791 3077403776
1870780782 -22.9262161 -43.5151975 1870780730 1870780839
3077403786 -22.926189 -43.5105233 3077403788 3077403783
3077403783 -22.9261558 -43.510456 3077403786 3077403768
3077403776 -22.9260894 -43.5134563 3077403770 3077403787
1870780730 -22.9260849 -43.5155048 1870780676 1870780782
3077403770 -22.9260053 -43.5135668 3077403756 3077403776
3077403768 -22.9259986 -43.510218 3077403783 3077403763
1870780676 -22.9259762 -43.5157623 1870780730 1870780775
3077403763 -22.9259654 -43.5100281 3077403761 3077403768
3077403756 -22.925837 -43.5136221 3077403770 3077403734
2626198610 -22.9258357 -43.517874 1870780701 1870780652
1870780756 -22.9258151 -43.5164951 1870780740 1870780775
1870780775 -22.9257985 -43.5160198 1870780676 1870780756 1870780777
1870780777 -22.9257855 -43.515964 1870780748 1870780619 1870780775
1870780740 -22.9257837 -43.5167011 1870780684 1870780756
1870780652 -22.925735 -43.517894 2626198610 1875092447 2626198609
1870780748 -22.9256965 -43.5156261 1870780777 1870780774
2626198609 -22.9256833 -43.518096 1870122914
1870780684 -22.925652 -43.5170221 1870780820 1870780740
1870780820 -22.9256341 -43.5176998 1870780652
1875092447 -22.9256214 -43.5178856 1875092451
1870783696 -22.9255972 -43.5180777 1870783694
1870780774 -22.9255878 -43.5153632 1870780748 1870780838
1870122914 -22.9255795 -43.5184261 1870780799 1870783696 1870780757
1875092451 -22.9255762 -43.517868 1875092456
1875092456 -22.9255569 -43.5178517 1870783694
1870783694 -22.9255343 -43.5178272 1870780680
1870780686 -22.9254859 -43.5171932 1870780684
1870780680 -22.9254668 -43.5176814 1870780686 1870780820 1870780801
3077403734 -22.9253875 -43.513675 3077403716 3077403756
1870780838 -22.9253754 -43.5151004 1870780635 1870780774
1870780801 -22.9253687 -43.5176667 1870795637 1870780680
1870780799 -22.9253128 -43.5188079 1870122914 1870122947 1870780733
1870122947 -22.9250613 -43.5192005 1870780799 1870122913
1870780635 -22.925008 -43.5147324 1870780838 1870780747
1870122913 -22.9249224 -43.5193988 1870122925 1870780674 1870122947
1870780674 -22.9248245 -43.5193517 1870122913 1870780778
1870780747 -22.9246869 -43.5144641 1870780635 1870780834
1870780834 -22.924598 -43.5144427 1870780705 1870780747 1870780762
3077403716 -22.9245904 -43.5136798 3077403694 3077403734
1870780705 -22.9244695 -43.5144963 1870780834 1870780791
1870795637 -22.9243898 -43.5174322 1870780642 1870780801
1870780762 -22.9243855 -43.514271 1870780834 3077403694
1870780733 -22.924383 -43.5184846 1870780799 1870780726
1870780619 -22.9242939 -43.5165729 1870780777
1870780791 -22.9242225 -43.5146626 1870780705 1870780794
1870780778 -22.9242101 -43.5191337 1870780674 1870780718
1870780726 -22.9241459 -43.5184122 1870780781 1870780643 1870780733
1870780718 -22.9241187 -43.5191069 1870780781 1870780778
1871250779 -22.9240651 -43.519834 1871251264 1871251058
1870780794 -22.9240495 -43.5147538 1870780791 1870780624
1870780781 -22.9240224 -43.5191069 1870780659 1870780718 1870780726
1870780643 -22.9239648 -43.5183807 1870780764 1870780726
1870780624 -22.9238964 -43.514786 1870780794 3613742457
3077403694 -22.923862 -43.5136746 3077403716 1870780671 1870780762
1870780671 -22.9238092 -43.5136144 1870780736 1870780739 3077403694
1870780739 -22.923763 -43.5132357 1870780727 1870780671
3613742457 -22.9237512 -43.5147892 1870780624 1870780752
1870780727 -22.9237432 -43.5127744 1870780739 1870780754
1870780764 -22.9236839 -43.5183961 1870780655 1870780643
1870780754 -22.9236659 -43.5127025 1870780682 1870780727
1870780752 -22.9236071 -43.5147589 3613742456 3613742457
1870780682 -22.923511 -43.512549 1870780683 1870780754
1870780683 -22.9234715 -43.5123345 1870780682 1871790854 1871790878
1871790854 -22.9234411 -43.5120336 1871790751 1870780683
1870780659 -22.9234145 -43.5191639 1870780662 1870780781 1870780655
1871790751 -22.9234023 -43.5119534 1871790777 1871790854
3613742456 -22.9233899 -43.5147332 1870780752 1870780713
1871790777 -22.923348 -43.5118997 1871790751 1871790785
1870780736 -22.9233183 -43.5136053 1871790737 1870780671
1870780655 -22.9233044 -43.5184724 1870780763 1870780764 1870780659
1871790785 -22.9232837 -43.51183 1871790777 1871790795
1871790737 -22.9232041 -43.513607 1870780736 2866717395 1871790742
1870780713 -22.9231662 -43.5147636 3613742456 1870780628
2866717395 -22.9231438 -43.5136123 1870780832 1871790737
1871790795 -22.9231405 -43.5117281 1871790785
1870780832 -22.9231079 -43.5136229 1870780798 2866717395
1870780798 -22.9230575 -43.5136451 1870780656 1870780832
1871790742 -22.9230522 -43.5129203 1871790737 1871790878
1870780662 -22.9229652 -43.5192016 1870780763 1870780644 1870780659
1870780656 -22.922914 -43.5138211 3493920039 1870780798
1870780628 -22.9228824 -43.5148196 1870780629 1870780713
1871790878 -22.9228618 -43.5124108 1870780715 1870780683 1871790742
1870780763 -22.9228595 -43.5185619 1870780800 1870780655 1870780662
3493920039 -22.9228374 -43.5138689 1870780656 1870780729
1870780715 -22.9228292 -43.5124096 1870780837 1871790878
1870780729 -22.9227551 -43.5138955 3493920039 1870780842
1870780779 -22.9227535 -43.5158006 2626198604
2626198604 -22.9226899 -43.5156217 1870780779 1870780796
1870780629 -22.9226694 -43.5147939 1870780827 1870780836 1870780628
1870780796 -22.9226056 -43.5154266 1870780780 2626198604
1870780842 -22.9226019 -43.513917 1870780688 1870780729
1870780644 -22.9225542 -43.5192336 1870780662 1870780728
1870780836 -22.9224759 -43.5146468 1870780813 1870780629
1870780667 -22.922439 -43.5164816 1870780699
1870780827 -22.922435 -43.5149387 1870780629 1870780617
1870780632 -22.9224109 -43.5156487 1870780793
1870780617 -22.9223232 -43.5150391 1870780827 1870780780
1871251058 -22.9222963 -43.5198286 1871251176 1871250779
1870780688 -22.9222726 -43.5139041 1870780709 1870780842
1870780780 -22.9222565 -43.5151115 1870780617 1870780793 1870780796
1871251125 -22.9222468 -43.5129632 1870780622
1870780837 -22.9222017 -43.5123613 1870780722 1870780715
1870780793 -22.9221425 -43.5152376 1870780780 1870780725 1870780632
1870780725 -22.9221017 -43.5152819 2626198605 1870780793
1870780728 -22.9220898 -43.5192551 1870780761 1870780644
1870780622 -22.9220765 -43.5134808 1871251125 1870780709 1870780633
1870780813 -22.9220737 -43.5143736 1870780772 1870780836
2626198605 -22.9219985 -43.5153963 1870780699 1870780725
1870780709 -22.9219793 -43.5138258 1870780688 1870780772 1870780622
1870780761 -22.9219077 -43.5192544 1870780806 1870780728
1870780699 -22.921868 -43.5155364 2626198605 1870780734 1870780667
1870780806 -22.9218583 -43.5192276 1870780761 1870780678
1870780772 -22.921835 -43.5142849 1870780760 1870780813 1870780709
1870780678 -22.9218212 -43.5191793 1870780806 1870780637
1870780800 -22.9218212 -43.5187582 1870780763 1870780637
1870780637 -22.9217666 -43.5188363 1870780800 1871872888 1870780678
1870780734 -22.9216928 -43.5156819 1870780699 1870780712
1870780760 -22.9216903 -43.5142387 1870780710 1870780772
1870780642 -22.9216285 -43.5167708 1870780627 1870795637
1870780633 -22.9215495 -43.5132947 1870780809 1870780622
1871872888 -22.9214927 -43.5187796 1871872891 1870780637
2626198606 -22.921424 -43.5195187 2626198608
1871872891 -22.9214235 -43.5187716 1871872888 1871872974
2626198608 -22.9213844 -43.5193124 2626198607 1871872974 2626198606
1871872974 -22.9212906 -43.5188229 1871872891 2626198608 1871872972 1871872714
1870780712 -22.9212728 -43.5159662 1870780734 1870780792 1870780691
1870780722 -22.9212449 -43.5124074 1870780837
1870780627 -22.921231 -43.5166636 1870780642 1870780792 1870780768
1871872714 -22.9212132 -43.5183652 1871872821 1871872974 1871872747
1870780809 -22.9212103 -43.5132282 1870780751 1870780633
1870780691 -22.9212012 -43.51573 1870780746 1870780712
1870780710 -22.9211962 -43.514067 1870780720 1870780760
1870780746 -22.9211913 -43.51562 1870780687 1870780691
1871872972 -22.9211839 -43.5188547 1871872902 1871872974
1871872747 -22.9211401 -43.5179216 1871872897 1871872681 1871872714
1870780792 -22.9211332 -43.5161646 1870780712 1870780627
1871872897 -22.9211143 -43.5177581 1871872747
1870780720 -22.9210406 -43.5139839 1870780640 1870780710
1870780687 -22.9210085 -43.5143353 1870780746
1870780768 -22.9208578 -43.5167065 1870780627 1870780814
1870780640 -22.9208323 -43.5137941 1870780833 1870780720
2626198607 -22.9208132 -43.5192992 2626198608
1870780833 -22.9206982 -43.5136442 1870780787 1870780640 1871790833
1871872681 -22.9206561 -43.5179162 1871872747
1871872902 -22.9205638 -43.518844 1871872972
1870780787 -22.9205359 -43.5134428 1870780833 1870780751
1871872821 -22.9205095 -43.5183853 1871872714
1870780814 -22.9202155 -43.5168299 1870780768 1870780807
1870780751 -22.9201957 -43.5132329 1870780809 1870780649 1870780787
1870780807 -22.9200492 -43.5168974 1870780738 1870780814
