837616870 -22799963 -43288401 837616876 837616867
835517471 -22799914 -43289486 2933333213 2933333214
2933333213 -22799808 -43289459 835517471 835517472
837616867 -22799795 -43288348 837616870 837616863
835517472 -22799715 -43289453 2933333213 835517473
837616863 -22799677 -43288315 837616859 837616867
835517662 -22799642 -43289986 835517659
835517473 -22799609 -43289461 835517472 2933333212
837616859 -22799578 -43288358 837616855 837616863
835517664 -22799531 -43289943 835517662
2933333212 -22799502 -43289590 835517671
835517665 -22799483 -43289884 835517664
837616855 -22799479 -43288455 837616852 837616859 837617201
835517475 -22799474 -43289510 835517473
835517671 -22799459 -43289674 835517670
835517670 -22799454 -43289786 835517665
837617201 -22799439 -43288305 837616855 837617203
837616852 -22799419 -43288584 837616850 837616855
2933621804 -22799412 -43289980 835517659
837616850 -22799410 -43288702 837616852 837616846
835517476 -22799363 -43289590 835517475
837616846 -22799350 -43288841 837616850 837616844
837616844 -22799241 -43288895 837616842 837616846
2933621807 -22799233 -43289938 2933621804
835517477 -22799151 -43289724 835517476
837616842 -22799123 -43288895 837616461 837616844
837617203 -22799063 -43287951 837617205 837617201
2933333211 -22798990 -43289765 835517477
2933621805 -22798965 -43289854 2933621807
2933333210 -22798850 -43289769 2933333211
2933621806 -22798849 -43289915 122218030
837617205 -22798688 -43287629 837617203 837617206
835517479 -22798658 -43289708 2933333210 2933621805
837616461 -22798600 -43288737 837616839 837616462 837616842
837617519 -22798599 -43288326 837616839 837617518
837616839 -22798433 -43288615 837616461 837617519
122218032 -22798427 -43289751 2933621806
3344320728 -22798269 -43289802 122280486
837617206 -22798262 -43287436 837617205 837617208
835517481 -22798210 -43289670 122218032
837617518 -22798183 -43287983 837617519 837617515
2933621812 -22798181 -43289854 122280486
835524865 -22798076 -43289890 835524862 835524864
837616462 -22798044 -43289426 835517479 837616461
837617515 -22797926 -43288069 837617514 837617518
837617208 -22797916 -43287253 837617206 837617289 837617210
837617289 -22797797 -43287049 837617208 837617291
835524864 -22797780 -43289745 835524862 836113740
837617210 -22797708 -43287264 837617211 837617208
837617514 -22797619 -43288390 837617563 837617515
837617211 -22797619 -43287285 837617210 837617214
837617291 -22797550 -43286845 837617289 837617293
122280486 -22797505 -43289482 3344320727
837617214 -22797481 -43287210 837617211
837617293 -22797422 -43286588 837617291
837617563 -22797342 -43288047 837617514
837615828 -22797244 -43286148 837615628
837611136 -22797204 -43289034 837616462
837615628 -22797194 -43286052 837615828 837615836 837615467
837615467 -22797046 -43286180 837615628 837615466 837615626
837615836 -22796967 -43285612 837615628 837615840 837615939
837615626 -22796917 -43286288 837615467
837615939 -22796907 -43285655 837615836 837615943
837615840 -22796878 -43285140 837615836
837615943 -22796828 -43285633 837615939 837615464
837615466 -22796789 -43285901 837615464 837615467
837615464 -22796709 -43285579 837615943 837615463 837615466
837616176 -22796660 -43287597 837616178
837614714 -22796660 -43286781 837614711
837615463 -22796620 -43285301 837615461 837615464
837614882 -22796482 -43285740 837614880 837614884
837615461 -22796482 -43285075 837614507 837615463
837614884 -22796462 -43285515 837614882 837614886
837614880 -22796413 -43286041 837614878 837614882
3344320727 -22796381 -43288858 3344320726
837614878 -22796373 -43286234 837614880 837614766 837614954
837614711 -22796334 -43287232 837614714 837616181
837614886 -22796284 -43285172 837614884 837614508
837616178 -22796254 -43287554 837616176 837616181
837614954 -22796235 -43286094 837614878 837614957
837614507 -22796235 -43284796 837615458 837615461 837614508
837616181 -22796156 -43287457 837614708 837614711 837616178
837614508 -22796136 -43284936 837614507 837614509 837614886
837614708 -22796037 -43287607 837614705 837616181
837614766 -22796027 -43286856 837614878 837614511
837611138 -22795978 -43288369 837611136
837614705 -22795928 -43287629 837614708 837614704
837615012 -22795918 -43286341 837615013
837614509 -22795869 -43285333 837614958 837614508
837614957 -22795809 -43285880 837614958 837614954
837614704 -22795780 -43287586 837614705 837614506
836113740 -22795732 -43288691 836113741 836113815
837615458 -22795681 -43284346 837614507 837615457
837614958 -22795646 -43285786 837614957 837614509 837614510
837614510 -22795621 -43285837 837614958 837615013
836113741 -22795614 -43288631 836103044
836113815 -22795596 -43289873 836113747 836113813 836113816
837615457 -22795582 -43284464 837615456 837615458
837615098 -22795572 -43284743 837615211 837615456
837615304 -22795542 -43285225 837615302
837615456 -22795542 -43284603 837615098 837615457
836113813 -22795501 -43289841 836113748 836113741 836113815
837615013 -22795498 -43286119 837614510 837614511 837615012
122218033 -22795494 -43288266 835517481
837614511 -22795354 -43286449 837615013 837614506 837614766
837615302 -22795354 -43285515 837615210 837615304
837618427 -22795117 -43282618 837618429
837614506 -22795033 -43287173 3802076619 837614512 837614704 837614511
837615210 -22794860 -43286180 837615211 837615302
836103145 -22794794 -43289066 836103144 836113748
836103144 -22794794 -43288970 836103143 836103145
837614512 -22794763 -43287744 837611138 837614506
836103143 -22794724 -43288916 836103142 836103144
3802076624 -22794686 -43287706 837614512
836113748 -22794643 -43289430 836103492 836103145 836113813
837618433 -22794622 -43283745 837618431 837618434
837618429 -22794622 -43283380 837618431 837618427
837615211 -22794607 -43286023 837615098 837615099 837615210 837615213
836103044 -22794593 -43288100 3802076627 836103142
837618431 -22794593 -43283541 837618429 837618433
3802076628 -22794560 -43287785 122218033
837618434 -22794553 -43284024 837614088 837618433
3802076627 -22794527 -43288065 836113744
837614088 -22794494 -43284260 837618434 837613944
3802076619 -22794370 -43286807 837615099 837614506
836103142 -22794318 -43288706 836103113 836103044 836103073 836103143
3344320726 -22794228 -43287742 3344320725
837613944 -22794158 -43285011 837613825 837614088 837615213
837611143 -22794148 -43287446 3802076624 3802076628
837615099 -22794105 -43286629 837614090 3802076619 837615211
836103058 -22794052 -43289774 836103057 836103059
836103073 -22794046 -43289288 836103142 836103045 836103103
836103057 -22794032 -43289892 836103056 836103058 836103492
836103059 -22793992 -43289678 836103058 836103045
836103056 -22793923 -43289989 836103055 836103057
836103045 -22793884 -43289635 836103049 836103073 836103059
837615213 -22793834 -43285581 837614090 837615211 837613944
836103049 -22793775 -43289592 836103045 836103050
836103054 -22793706 -43290000 836103055 836102387 836103053
836113744 -22793698 -43287633 836101813 836103113
836103050 -22793696 -43289613 836103049 836103051
836103053 -22793636 -43289935 836103052 836103054
836103051 -22793636 -43289678 836103050 836103052 836101264
836103052 -22793607 -43289817 836103051 836103053
837611146 -22793534 -43287135 837611143
837614090 -22793475 -43286212 837615213 837614091 837615099
836101264 -22793349 -43289538 836101262 836103051 836103069
836103113 -22793293 -43288210 836101701 836103142 836113744
837614257 -22793217 -43286976 837611146
837614376 -22793149 -43286856 837614257
836101701 -22793122 -43288433 836103113 836101495
837614091 -22793119 -43286770 837614090 837614376
837614224 -22793020 -43286813 837614091
837611150 -22793000 -43286867 837614257
837614227 -22792884 -43286807 837614224 837611150
836101495 -22792746 -43288240 836101701 836101505 836103103
836103103 -22792621 -43288515 836103069 836101495 836103073
837613825 -22792506 -43284163 837613826 837613944
122218036 -22792408 -43286678 3802076628
836103069 -22792375 -43289053 836101494 836103103 836101264
836101494 -22792222 -43289388 836101493 836103069
836101505 -22792143 -43287929 836101334 836101504 836101495
836101493 -22792123 -43289506 836103041 836101494
836103041 -22791877 -43289617 836101493 836101492 836101262
836101492 -22791836 -43289635 836101491 836103041
837611155 -22791715 -43286202 837614227
836101334 -22791569 -43287639 836101505 836101760 836101134
836101491 -22791549 -43289710 836101489 836101492
836101504 -22791450 -43289560 836101505 836101489
836101489 -22791391 -43289721 836101488 836101491 836101504
836101813 -22791346 -43286443 836115783 836101760
837611158 -22791279 -43286009 837611155
836102307 -22791223 -43289925 836102308
836101488 -22791223 -43289667 836101134 836101489
837613826 -22791131 -43285848 837613825 837611160
837611160 -22791081 -43285912 837611158 837613826
122218037 -22790969 -43285987 122218036
836101760 -22790961 -43287327 836101334 836101813 836101818 836101814
3344320725 -22790924 -43286077 3344320724
836101134 -22790778 -43289367 836101132 836101334 836101488
836115783 -22790701 -43286152 836121390
836102118 -22790679 -43289882 836102117 836102119
836101132 -22790610 -43289324 836101131 836101134
836101131 -22790481 -43289377 836101130 836101132
837611162 -22790478 -43285655 837611160
836101818 -22790390 -43287033 836101760 836101761 836101836
836101130 -22790333 -43289485 836101129 836101131 836101814
836101814 -22790333 -43288712 836101760 836101963 836101130
836101963 -22790313 -43288444 836101961 836101814
836101961 -22790273 -43288219 836101960 836101963
836101761 -22790254 -43286963 836101818 836101957
2933625415 -22790244 -43285714 122218037
3344320724 -22790236 -43285828 3344320723
836101960 -22790174 -43287940 836101836 836101961
836121390 -22790163 -43285955 836115784
836101129 -22790125 -43289581 836101130 836100559
836101836 -22790085 -43287768 836101959 836101960 836101818
836115784 -22789951 -43285897 836121367
836101977 -22789947 -43288734 836100559
836101957 -22789937 -43287339 836101761 836101958
836101959 -22789927 -43287607 836101958 836101836
836101958 -22789907 -43287468 836101959 836101957
837611163 -22789885 -43285483 837611162
836121367 -22789711 -43285829 836115785
2933625417 -22789675 -43285527 2933625415
836102020 -22789670 -43288154 836102021
3344320723 -22789661 -43285656 3344320722
837613646 -22789527 -43285392 837611163
836115785 -22789457 -43285763 2933625416
837611164 -22789212 -43285311 837613646
836102021 -22789205 -43288669 836102022 836102020
122218039 -22789077 -43285403 2933625417
3344320722 -22789072 -43285527 3163874550
2933625416 -22789024 -43285670 836115786
836100559 -22788928 -43290000 836101129 836100558 836101977 836100790
836102022 -22788839 -43289002 836102023 836102021
836100558 -22788701 -43289667 836100752 836100523 836100559
837611167 -22788668 -43285215 837611164
836115786 -22788646 -43285604 2212141610
3163874553 -22788610 -43285323 122218039
836102023 -22788453 -43289281 836102022 836100523
836127522 -22788421 -43284240 837612705
836100523 -22788414 -43289367 836100558 836102023
837612705 -22788412 -43284426 836127520
836127922 -22788392 -43284312 837612705
836127511 -22788376 -43285154 837611167
836127520 -22788345 -43284560 836127518
836127924 -22788336 -43284297 836127922
3163874550 -22788332 -43285424 3163874549 3344320721
836127525 -22788321 -43284086 836127522
2212141610 -22788259 -43285546 836115787
836127232 -22788236 -43284174 836127231
836127927 -22788217 -43284381 836127924
836127513 -22788189 -43285075 836127511
836127233 -22788188 -43284361 836127232
836127518 -22788183 -43284759 836127517 836127815
836127231 -22788176 -43284056 836127229
836127516 -22788141 -43285018 836127513
122218041 -22788134 -43285263 3163874553
836127517 -22788126 -43284897 836127516
836127815 -22788112 -43284801 836127811
836127229 -22788107 -43283970 836127228
836127928 -22788102 -43284505 836127927 836127233
836127528 -22788077 -43283906 836127525
836127811 -22788040 -43284800 836127809
836127235 -22788040 -43284594 836127928
836115787 -22788036 -43285525 836115788
836127809 -22788002 -43284764 2933625414
2933625414 -22788002 -43284692 836127235
3344320721 -22787984 -43285385 3344320720
836127228 -22787949 -43283938 836127225
836127531 -22787949 -43283863 836127528
836127225 -22787830 -43283949 836127224
3163874549 -22787790 -43285455 836115788
836127533 -22787771 -43283895 836127531
836127236 -22787765 -43284878 836127235
836127224 -22787692 -43284035 836126590
836128578 -22787675 -43285100 836127511
836127536 -22787613 -43283992 836127533
3344320720 -22787574 -43285353 3344320719
836127239 -22787560 -43284982 836127236
3163874552 -22787539 -43285216 122218041
836115788 -22787317 -43285481 836128401
836127240 -22787301 -43285030 836127239
836127245 -22787008 -43285062 836127240 836128578
836126590 -22786980 -43284668 836126589
836127538 -22786922 -43284638 836127536
3344320719 -22786919 -43285349 3344320718
122218042 -22786912 -43285224 3163874552
836128401 -22786820 -43285476 2212143442
2212143442 -22786408 -43285517 836128399
836128399 -22786262 -43285530 836126710
836128580 -22786159 -43285150 836127245
836126589 -22785654 -43285901 836126983
836126445 -22785555 -43285912 836127538
836126983 -22785486 -43286105 836126980
836126694 -22785367 -43286073 836126445
836126980 -22785338 -43286170 836126977
836251467 -22785267 -43289655 1903307304 836251468
1903307304 -22785262 -43289748 836251466 836251467
836251466 -22785237 -43289813 836099511 1903307304
836126702 -22785229 -43286127 836126694
836126977 -22785219 -43286202 836126974
836251468 -22785212 -43289484 836251467 2212137491 836251578
836099511 -22785200 -43289878 836251473 836251466 1903307306
1903307306 -22785181 -43289956 1903307305 836099511
3344320718 -22785136 -43285468 837434551
836126974 -22785051 -43286202 836126971
836126704 -22785021 -43286148 836126702
836126710 -22784962 -43285687 836126709 836126950
836126971 -22784922 -43286159 836126968
836126706 -22784883 -43286052 836126704
836126709 -22784853 -43285783 836126707
2212137491 -22784840 -43288581 836251468 2212138433
836126968 -22784833 -43286084 836126954
836126707 -22784833 -43285912 836126706
836126954 -22784695 -43285976 836126953
122218044 -22784677 -43285390 122218042
2212138433 -22784638 -43288091 2212137491 836251469
836128582 -22784593 -43285258 836128580
836126953 -22784566 -43285837 836126951
836126951 -22784467 -43285783 836126950
836251469 -22784461 -43287660 2212154802 2212138433
2212154802 -22784418 -43287601 836251469 836251470
836251470 -22784312 -43287456 2212154802 837440254
836126950 -22784230 -43285708 837434445
837622293 -22783871 -43285290 836128582
837440252 -22783869 -43286385 837440254
837440358 -22783741 -43286235 837440360
837434445 -22783642 -43285741 837434626
837440254 -22783605 -43286777 836251470 836251471 837440252
837434626 -22783553 -43285745 837434624 837440361
836251471 -22783541 -43286716 837440497 837440254 837434443
3802054357 -22783220 -43285445 122218044 837622293
837440497 -22783133 -43286965 836251471 837440494 836251578
837434624 -22783127 -43285666 837434551
837440360 -22783028 -43285817 837440358 837440361
837440361 -22782979 -43285769 837434443 837440360
837440019 -22782979 -43288295 837440022
837440022 -22782860 -43288391 837440024 837440019 837443187
837440494 -22782831 -43286374 837440703 837440606 837440497
837440606 -22782821 -43286836 837440494
837440703 -22782816 -43286213 837440602 837440494 837440701
837440602 -22782811 -43286160 837440703
836251578 -22782769 -43287188 837439772 837440497 836251579 836251468
837622295 -22782664 -43285376 837622293
837443187 -22782623 -43288113 837440022
836428531 -22782614 -43289185 836428528
837434443 -22782613 -43285784 836251471 837434441
837440701 -22782603 -43286321 837440699 837440703
837434551 -22782590 -43285600 3344320717
836428528 -22782426 -43289014 837440024 836428913 836428531
836251579 -22782423 -43287402 836251580 836251578
837440699 -22782395 -43286321 837440701
836428913 -22782387 -43289143 836428915 836428528
837440024 -22782376 -43288971 837440022 836251582 836428528
836428915 -22782288 -43289271 836428913 836428610
837440854 -22782188 -43285967 837440857
836251580 -22782067 -43287724 836251579 836251582
837440857 -22781851 -43285999 837440854 837440859
837439772 -22781683 -43286117 837440859 836251578
837440859 -22781648 -43286057 837439772 837440857 837434441
836251582 -22781612 -43288239 836251580 836251583 836428526 837440024
836429974 -22781596 -43289711 836251585
837434441 -22781525 -43285849 837434439 837440859
836251583 -22781394 -43288604 836251582 836251584
836251584 -22781266 -43288990 836251583 836251585
836251585 -22781147 -43289248 836429974 836251584 836251586 836429694
836428526 -22780992 -43287533 836428524 836251582
836428524 -22780715 -43287158 836428526
837434439 -22780712 -43285873 837436722 836429819
836429694 -22780567 -43288606 836429776 836429971 836251585
836430583 -22780438 -43287480 836429971
