1870780738 -22919895 -43517029 1870780812 1870780807
1870780649 -22919667 -43513003 1870780741 1870780751
1870780812 -22919653 -43517367 1870780738 1870780647
1870780741 -22919481 -43512891 1870780649 1870780634
1870780647 -22919470 -43517592 1870780812 1870780626
1870780634 -22919400 -43512805 1871790812 1870780741
1870780626 -22919215 -43517837 1870780647 1870780665
1871790812 -22919197 -43512240 1870780831 1871790869 1870780634
1870780831 -22919027 -43511783 1871790812 1870780706
1870780706 -22918966 -43511680 1870780618 1870780831
1870780665 -22918941 -43518123 1870780626 1870780802
1870780618 -22918879 -43511594 1870780666 1870780706
1870780802 -22918803 -43518241 1870780704 1870780665
1870780704 -22918684 -43518292 1870780802 1870780663
1871790869 -22918545 -43512288 1871790812 1871790816 1871790802
1871790802 -22918536 -43512608 1871790869
1870780663 -22918534 -43518324 1870780704 1870780664
1870780666 -22918499 -43511345 1870780742 1870780618
1871790753 -22918324 -43511761 1871790816
1870780664 -22918323 -43518341 1870780663 1870780723
1871790816 -22918313 -43512295 1871790869 1871790805 1871790753
1870780742 -22918283 -43511230 1870780783 1870780666
1870780723 -22918178 -43518330 1870780815 1870780664
1870780815 -22917953 -43518252 1870780692 1870780723
1871790837 -22917933 -43514244 1871790833
1871790833 -22917923 -43513633 1870780833 1871790837
1870780783 -22917847 -43511074 1870780742 1870780769
1870780695 -22917679 -43510125 1870780732 1870780737
1870780769 -22917671 -43510951 1870780783 1870780755
1871790805 -22917592 -43512335 1871790816
1870780755 -22917587 -43510801 1870780737 1870780769
1870780737 -22917572 -43510627 1870780695 1870780755
1870780692 -22917428 -43518081 1870780815 1870780784
1870780784 -22917307 -43518022 1870780692 1870780811
1870780811 -22917195 -43517916 1870780784 1870780743
1871934711 -22916720 -43512664 1871934749
1871934705 -22916708 -43513579 1871934840 1871934690
1871934840 -22916708 -43513520 1871934749 1871934705
1870780743 -22916705 -43516941 1870780773 1870780811
1871934749 -22916700 -43513180 1871934711 1871934840
1870780773 -22916663 -43516798 1870780743 1870780679
1871934690 -22916658 -43513649 1871934705 1871934854
1870780679 -22916633 -43516410 1870780773 1870780840
1870780840 -22916591 -43516251 1870780721 1870780679
1870780721 -22916503 -43516095 1870780840 1870780645
1871934854 -22916396 -43513858 1871934803 1871934690
1870780645 -22916359 -43515905 1870780721 1870780745
1870780745 -22916139 -43515672 1870780645 616601484
1871934803 -22916120 -43514057 1871934798 1871934854
1871934798 -22916066 -43514137 1871934803 1871934784
1871934784 -22915774 -43514936 1871934798 616601484
616601484 -22915768 -43515096 1870780745 616601457 1870780805 1870783676 1871934784
1777245806 -22915682 -43519643 1777245809 1870780750
1870780770 -22915591 -43517466 1870780817 1870780823
1870780817 -22915584 -43517852 1870780703 1870780770
1870780823 -22915562 -43517195 1870780770 1870780821
1870780703 -22915557 -43518029 1870780690 1870780817
1870780821 -22915515 -43517055 1870780823 1870780735
1870780690 -22915504 -43518185 1870780703 1870780669
616601455 -22915490 -43513480 616601454 616601456
616601456 -22915470 -43513780 616601455 616601457
616601457 -22915460 -43513845 616601484 616601456 616601468
1870780735 -22915450 -43516972 1870780821 1870780621
616601454 -22915431 -43513276 616601455 616601452
1870783676 -22915423 -43514561 616601484 1870783714
616601452 -22915391 -43513051 616601451 616601454
1870780805 -22915388 -43515914 1870780711 616601484
1870780669 -22915371 -43518431 1870780750 1870780690
616601468 -22915362 -43513555 616601467 616601457
1870780621 -22915344 -43516860 1870780735 1870780648
616601467 -22915253 -43513416 616601466 616601468
1870780648 -22915238 -43516766 1870780758 1870780621
1870780758 -22915181 -43516677 1870780648 1870780824
1870780711 -22915173 -43516439 1870780824 1870780805
1870780824 -22915156 -43516565 1870780758 1870780711
616601451 -22915154 -43512643 616601450 616601452
1870783714 -22915122 -43514143 1870783712 1870783676
1870780750 -22915106 -43518853 1870783693 1870780669 1777245806
1870783693 -22915052 -43518779 1870780750 1777245802 1870783758
616601450 -22915026 -43512386 616601449 616601451
616601449 -22914986 -43512214 616601448 616601450
616601448 -22914976 -43511967 616601449 616601426
616601426 -22914887 -43511806 616601448
616601466 -22914877 -43513029 616601467
1777245802 -22914834 -43518480 1870783693 1870783757
1870783758 -22914771 -43518917 1870783724 1870783693
1870783712 -22914608 -43513419 1870783714 1870783760
1870783757 -22914588 -43518112 1777245802 1870783709
1870783724 -22914573 -43519116 1870783761 1870783758
1870783761 -22914430 -43519250 1870783724 1870783767
1870783709 -22914410 -43517866 1870783721 1870783757
1870783767 -22914311 -43519293 1870783772 1870783761
1870783760 -22914302 -43513081 1870783712 1870783710
1870783721 -22914203 -43517715 1870783709 1870783770
1870783710 -22914084 -43512812 1870783760 1870783743
1870783770 -22913916 -43517651 1870783721 1870783773
1870783772 -22913867 -43519416 1870783740 1870783767
1870783743 -22913788 -43512464 1870783710 1870783711
1870783773 -22913689 -43517614 1870783749 1870783770
1870783740 -22913634 -43519545 1870783772 1875134704
1875134707 -22913615 -43519609 1875134703 1875134704
1875134704 -22913588 -43519573 1870783740 1870783753 1875134707
1870783711 -22913466 -43512083 1870783743 1870783735
1870783749 -22913422 -43517474 1870783773 1870783687
1870783735 -22913303 -43511927 1870783741 1870783711
1870783741 -22913190 -43511788 1870783719 1870783735
1870783687 -22913187 -43517300 1870783749 1870783748
1870783753 -22913145 -43519845 1870783680 1875134704
1870783719 -22912949 -43511678 1870783741 1870783733
1870783680 -22912913 -43519995 1870783708 1870783753
1870783733 -22912732 -43511609 1870783719 1870783702
1870783748 -22912607 -43517034 1870783687 1870783685
1870783702 -22912554 -43511464 1870783733 1870783745
1870783722 -22912544 -43519982 1870783731 1870783768
1870783685 -22912465 -43516946 1870783748 1870783689
1870783745 -22912347 -43511362 1870783702 1870783723
1870783731 -22912345 -43519936 1870783736 1870783722
1870783689 -22912292 -43516758 1870783747 1870783685
1870783723 -22912193 -43511464 1870783745
1870783736 -22912187 -43519920 1870783738 1870783731
1870783747 -22912137 -43516600 1870783689 1870783732
1870783738 -22912014 -43519909 1870783736 1870783744
1870783732 -22911892 -43516442 1870783747 1870783729
1870783744 -22911870 -43519915 1870783764 1870783738
1870783729 -22911452 -43516243 1870783732 1870783728
1870783728 -22911284 -43516109 1870783729 1870783720
1870783720 -22911035 -43515838 1870783682 1870783728
1870783682 -22910714 -43515409 1870783720 1870783686
1870783686 -22910398 -43514937 1870783682 1870783704
1870783704 -22910200 -43514550 1870783686 1870783771
1870783771 -22909998 -43514250 1870783704 1870783706
1870783706 -22909810 -43513998 1870783684 1870783771
1870783684 -22909723 -43513728 1870783706 1870783692
1870783692 -22909568 -43513177 1870783684 1870783737
1870783737 -22909397 -43512730 1870783725 1870783692
1870783725 -22908807 -43511562 1870783737 1870783697
1870783697 -22908594 -43511171 1870783725 1870783742
1870783742 -22908333 -43510720 1870783697 1870783678
1870783678 -22908224 -43510511 1870783742 1870783679
1870783679 -22908107 -43510230 1870783678 1870783715
