2885551592 -22.9399241 -43.2257922 1491436390 1491436224
1491436224 -22.9397741 -43.2257857 2885551592 2885551590
1491436584 -22.9397501 -43.225193 2885551588 2885551589
2885551589 -22.9397231 -43.2250432 1491436584 1491436439
2885551590 -22.9397021 -43.2256587 2885551588 1491436224
2885551588 -22.9396842 -43.2255447 2885551590 1491436584
1491436439 -22.9395672 -43.2248576 2885551589 2885551591
2885551591 -22.9393752 -43.2246524 2885551587 1491436439
2885551587 -22.9392823 -43.2245026 1491436268 2885551591
1491436268 -22.9391203 -43.2241085 2885551587 1491436629
1491436629 -22.9388384 -43.2239717 1491436268 1491436481
1491436481 -22.9385835 -43.2239131 1491436629 1491436315
1491436315 -22.9384215 -43.2237763 1491436481 2885551584
2885551584 -22.9382565 -43.2235093 1491436315 1491436676
1491436676 -22.9378846 -43.2230859 2885551584 2885551582
2885551582 -22.9377797 -43.2230338 1491436516 1491436676
1491436516 -22.9376327 -43.2228872 2885551581 2885551582
2885551581 -22.9376057 -43.2227049 1491436516 1491436352
1491436352 -22.9375877 -43.2224508 2885551581 2885551580
2885551580 -22.9375817 -43.2222619 1491436352 2885551579
2885551579 -22.9375727 -43.2221577 1491436616 2885551580
1491436616 -22.9375457 -43.2220731 2885551579 2885551578
2885551578 -22.9374887 -43.2220047 1491436616 2885551577
2885551577 -22.9374018 -43.2220014 2885551578 1491436463
2885551576 -22.9372788 -43.2207964 2885551575 1491436425
1491436463 -22.9372698 -43.2220926 1491436294 2885551577
1491436425 -22.9372698 -43.220702 2885551576 2885551572
2885551575 -22.9372548 -43.2209202 1491436580 2885551576
1491436580 -22.9372068 -43.2210863 2885551575 2885551574
2885551574 -22.9371948 -43.2212752 1491436580 1491436736
1491436736 -22.9371678 -43.2215096 2885551573 2885551574
2885551572 -22.9371678 -43.2206824 1491436260 1491436425
2885551573 -22.9371258 -43.2217376 2885551570 1491436736
1491436294 -22.9370868 -43.2222489 2885551561 1491436463
2885551570 -22.9370689 -43.2218744 2885551565 2885551573
1491436260 -22.9370569 -43.2208029 2885551572 2885551569
2885551568 -22.9370059 -43.221197 2885551569 2885551566
2885551569 -22.9370059 -43.2210016 1491436260 2885551568
2885551565 -22.9369819 -43.2219981 1491436379 2885551570
2885551566 -22.9369759 -43.2213859 2885551568 1491436622
2885551561 -22.9368859 -43.2223857 1491436294 2885551558
1491436622 -22.9368799 -43.2215976 2885551562 2885551566
2885551562 -22.9367689 -43.2217506 1491436622 2885551560
2885551558 -22.9367389 -43.2224867 2885551561 2885551557
1491436379 -22.9367351 -43.2222177 1491436535 2885551565
2885551557 -22.936607 -43.2226365 2885551549 2885551558
2885551560 -22.936601 -43.2218711 2885551562 1491436468
2885551555 -22.936484 -43.2211188 2885551556 2885551554
2885551554 -22.936481 -43.2210179 2885551555 2885551552
2885551556 -22.936466 -43.2211905 1491436232 2885551555
1491436232 -22.93643 -43.2212947 1491436394 2885551556
2885551552 -22.936427 -43.2208974 2885551554 1491436595
1491436535 -22.9364259 -43.2226351 2885551547 1491436379
2885551549 -22.9364 -43.2228742 1491436503 2885551557
1491436468 -22.936391 -43.2219167 2885551560 2885551550
1491436595 -22.9363292 -43.2207451 2885551552 2885551546
2885551547 -22.9362764 -43.2227838 1491436697 1491436535
2885551546 -22.9362499 -43.2206431 2885551543 1491436595
2885551550 -22.9362441 -43.2220209 1491436468 1491436306
1491436503 -22.9362287 -43.2230233 2885551549 2885551545
2885551543 -22.9361955 -43.220509 2885551539 2885551546
2885551545 -22.9361889 -43.2230568 1491436503 2885551541
2885551539 -22.9361758 -43.2204178 2885551543 2885551540
2885551540 -22.9361659 -43.2202998 2885551539 1491436444
2885551541 -22.936149 -43.2230645 2885551545 1491436334
1491436444 -22.9361428 -43.2201936 2885551540 2885551544
1491436697 -22.9361401 -43.2229349 1491436334 2885551547
1491436334 -22.9361219 -43.2230251 1491436697 2885551541
1491436306 -22.9360881 -43.2222554 1491436674 2885551550
1491436394 -22.9360401 -43.2216301 2885551537 1491436232
2885551537 -22.9359621 -43.2219167 1491436394 2885551536
2885551536 -22.9359261 -43.2220437 1491436550 2885551537
1491436674 -22.9358991 -43.2223922 1491436514 1491436306
1491436550 -22.9358212 -43.2221186 2885551534 2885551536
1491436661 -22.935741 -43.2200905 2885551538 1491436505
1491436505 -22.9357015 -43.2203588 2885551535 1491436661
2885551534 -22.9356982 -43.2221675 2885551532 1491436550
2885551532 -22.9355692 -43.2221968 1491436711 2885551534
1491436514 -22.9355572 -43.2225811 1491436674 2885551529
2885551535 -22.9355187 -43.2206592 1491436505 2885551533
2885551529 -22.9354073 -43.2226039 1491436514 1491436351
1491436711 -22.9353893 -43.2222359 2885551527 2885551532
2885551533 -22.9353359 -43.220981 2885551535 1491436537
1491436351 -22.9353173 -43.2225713 2885551529 2885551526
2885551527 -22.9352933 -43.2223043 2885551526 1491436711
2885551526 -22.9352425 -43.2223968 2885551527 1491436351
1491436537 -22.9352025 -43.2210722 2885551528 2885551533
2885551528 -22.9350494 -43.2210561 1491436537 1491436382
1491436382 -22.9347944 -43.220856 2885551528 2885551524
2885551524 -22.9345555 -43.2205767 1491436382 1491436220
1491436220 -22.934384 -43.2204969 2885551524 2885551523
2885551523 -22.934188 -43.2205567 1491436220 1491436581
1491436581 -22.9340411 -43.220723 2885551523 2885551519
2885551519 -22.9337961 -43.2212417 1491436581 1491436428
1491436265 -22.9337716 -43.2218535 1491436428 1491436627
1491436428 -22.9337593 -43.2215077 2885551519 1491436265
1491436534 -22.933712 -43.2200813 1491436695 2885551517
1491436627 -22.9336981 -43.2221727 1491436471 1491436265
1491436471 -22.9336246 -43.2224188 1491436627 2885551515
1491436312 -22.9336235 -43.2230091 2885551515 2885551514
2885551515 -22.9335976 -43.2226952 1491436471 1491436312
2885551514 -22.9335703 -43.2231558 1491436312 1491436571
1491436695 -22.9335564 -43.2203996 1491436333 1491436534
1491436333 -22.9335408 -43.2208789 1491436496 1491436695
1491436571 -22.9334713 -43.2232065 2885551514 1491436417
2885551508 -22.9334282 -43.2217334 1491436496 1491436657
1491436657 -22.9333986 -43.2220623 1491436292 2885551508
1491436496 -22.9333906 -43.2213393 1491436333 2885551508
1491436417 -22.9333055 -43.2232365 1491436571 1491436246
1491436292 -22.9332682 -43.2223264 1491436462 1491436657
1491436246 -22.9331955 -43.223135 1491436609 1491436417
1491436462 -22.9331345 -43.2226115 1491436609 1491436292
1491436609 -22.9331097 -43.2229887 1491436462 1491436246
3451427073 -22.9313791 -43.2267536 3451427071
3451427071 -22.9312871 -43.2269414 3451427073 3451427066
3451427069 -22.9312118 -43.2276501 3451427067 3451427068
3451427068 -22.9312118 -43.2275865 3451427063 3451427069
3451427067 -22.931195 -43.2277106 3451427069 3451427065
3451427066 -22.9311839 -43.2271322 3451427071 3451427064
3451427065 -22.9311699 -43.2278045 3451427067 3451427062
3451427064 -22.931156 -43.2271897 3451427060 3451427066
3451427063 -22.9311504 -43.227326 3451427059 3451427068
3451427062 -22.9311476 -43.2278499 3451427058 3451427065
3451427060 -22.931142 -43.2272321 3451427064 3451427059
3451427059 -22.9311365 -43.2272776 3451427060 3451427063
3451427058 -22.9311141 -43.2278893 3451427057 3451427062
3451427057 -22.9310639 -43.2279105 3451427058 3451427056
3451427056 -22.9309998 -43.2279105 3451427057 3451427054
3451427054 -22.9309161 -43.2278954 3451427056 3451427052
3451427052 -22.9308603 -43.2278469 3451427054 3451427050
3451427050 -22.9308073 -43.2277712 3451427049 3451427052
3451427049 -22.9307822 -43.2277015 3451427050 3451427047
3451427047 -22.9307488 -43.2276046 3451427049 3451427046
3451427046 -22.9307125 -43.227535 3451427047 3451427044
3451427044 -22.9306595 -43.2274744 3451427046 3451427032
3451427043 -22.9306288 -43.2266416 3451427042 3451427041
3451427042 -22.9306247 -43.2266901 3451427033 3451427043
3451427041 -22.9306219 -43.2265931 3451427037 3451427043
3451427040 -22.9306149 -43.2261449 3451427036 3451427039 3451427020
3451427039 -22.9306149 -43.2260919 3451427038 3451427040
3451427038 -22.9306149 -43.2260011 3451427039 3451427035
3451427037 -22.9306135 -43.226525 3451427041 3451427034
3451427036 -22.9306121 -43.2263085 3451427034 3451427040
3451427035 -22.9306121 -43.2259541 3451427038 3451427031
3451427034 -22.9306107 -43.2264478 3451427037 3451427036
3451427033 -22.9305996 -43.2267415 3451427042 3451427029
3451427032 -22.9305982 -43.2274441 3451427044 3451427027
3451427031 -22.9305898 -43.2259072 3451427028 3451427035
3451427029 -22.9305591 -43.2267991 3451427023 3451427033
3451427028 -22.9305563 -43.2258512 3451427008 3451427031
3451427027 -22.9305507 -43.2274441 3451427032 3451427019 3451427022
3451427023 -22.9305256 -43.2268506 3451427021 3451427029
3451427022 -22.9305131 -43.2273548 3451427018 3451427027
3451427021 -22.9305131 -43.2269202 3451427017 3451427023
3451427019 -22.930495 -43.2274593 3451427027 3451427012
3451427018 -22.9304866 -43.2272488 3451427016 3451427022
3451427017 -22.9304852 -43.2270383 3451427016 3451427021
3451427016 -22.9304838 -43.2271322 3451427018 3451427017
3451427020 -22.9304671 -43.2260435 3451427040
3451427012 -22.9304475 -43.2275168 3451427019 3451427011
3451427011 -22.9304224 -43.2275834 3451427012 3451427010
3451427010 -22.9303973 -43.2277197 3451427011 3451427006
3451427008 -22.9303862 -43.2256604 3451427028 3451427000
3451427007 -22.9303778 -43.2279802 3451427004 3451427005
3451427006 -22.930375 -43.2278257 3451427004 3451427010
3451427005 -22.9303722 -43.2281285 3451427007 3451427003
3451427004 -22.9303695 -43.2278954 3451427006 3451427007
3451427003 -22.9303611 -43.2282406 3451427005 3451427002
3451427002 -22.9303471 -43.2282981 3451427003 3451426999
3451427000 -22.9303262 -43.2256029 3451427008 3451426994
3451426999 -22.9303248 -43.2283345 3451427002 3451426996
3451426996 -22.9302858 -43.2283526 3451426999 3451426995
3451426995 -22.9302523 -43.2283345 3451426592 3451426996
3451426994 -22.9302467 -43.2255695 3451427000 3451426584
3451426592 -22.93023 -43.2282921 3451426590 3451426995
3451426590 -22.9302049 -43.2282618 3451426592 3451426588
3451426588 -22.9301686 -43.2282648 3451426590 3451426585
3451426585 -22.930138 -43.2283102 3451426588 3451426582
3451426584 -22.930131 -43.2255483 3451426575 3451426994
3451426582 -22.9301045 -43.2283345 3451426585 3451426579
3451426580 -22.9300878 -43.2284526 3451426579 3451426578
3451426579 -22.9300878 -43.228392 3451426582 3451426580
3451426578 -22.930071 -43.2284798 3451426574 3451426580
3451426575 -22.9300403 -43.2255408 3451426584 3451426568
3451426574 -22.9300376 -43.2284859 3451426578 3451426572
3451426573 -22.9300152 -43.2282588 3451426571 3451426569
3451426572 -22.9300124 -43.2284586 3451426574 3451426570
3451426571 -22.9300124 -43.2283405 3451426573 3451426570
3451426570 -22.9300013 -43.2284102 3451426572 3451426571
3451426569 -22.9299985 -43.2282133 3451426573 3451426567
3451426568 -22.9299734 -43.2255483 3451426575 3451426565
3451426567 -22.9299539 -43.2282103 3451426569 3451426563
3451426565 -22.9299204 -43.2255635 3451426568 3451426561
3451426564 -22.9299148 -43.2291855 3451426551
3451426563 -22.9299148 -43.2282315 3451426567 3451426562
3451426562 -22.9298674 -43.228286 3451426563 3451426560
3451426561 -22.9298674 -43.2255998 3451426565 3451426559
3451426560 -22.9298395 -43.2283345 3451426562 3451426558
3451426559 -22.9298256 -43.2256089 3451426561 3451426556
3451426558 -22.9298088 -43.2283829 3451426555 3451426560
3451426556 -22.9297796 -43.2255756 3451426559
3451426555 -22.9297782 -43.2284708 3451426558 3451426550
3451426554 -22.9297642 -43.2286434 3451426552 3451426553
3451426553 -22.9297614 -43.2286797 3451426554 3451426548
3451426552 -22.9297559 -43.228601 3451426554 3451426550
3451426551 -22.9297503 -43.2290128 3451426549 3451426564 3451426546
3451426550 -22.9297447 -43.2285434 3451426555 3451426552
3451426548 -22.929728 -43.2286827 3451426553 3451426547
3451426549 -22.9297084 -43.2290431 3451426551 3451426504
3451426547 -22.9296889 -43.2286252 3451426548 3451426545
3451426546 -22.9296722 -43.2289462 3451426551 3451426543
3451426545 -22.9296527 -43.2285798 3451426544 3451426547
3451426544 -22.9296108 -43.2285586 3451426541 3451426545
3451426543 -22.9295997 -43.2288614 3451426540 3451426546
3451426542 -22.9295969 -43.2276152 3451426527
3451426541 -22.9295606 -43.2285586 3451426544 3451426539
3451426540 -22.9295467 -43.2287948 3451426538 3451426543
3451426539 -22.9295244 -43.2285798 3451426541 3451426536
3451426538 -22.9295076 -43.2287524 3451426537 3451426540 3451426534
3451426537 -22.9295076 -43.22871 3451426535 3451426538
3451426536 -22.9295048 -43.2286222 3451426535 3451426539
3451426535 -22.929502 -43.2286615 3451426536 3451426537
3451426534 -22.9294825 -43.2287797 3451426538 3451426532
3451426533 -22.9294407 -43.2280892 3451426524 3451426531
3451426532 -22.9294323 -43.2287706 3451426525 3451426534
3451426531 -22.9294323 -43.2280347 3451426533 3451426526
3451426530 -22.9294309 -43.2276819 3451426528 3451426529
3451426529 -22.9294253 -43.2277318 3451426527 3451426530
3451426528 -22.9294142 -43.2276167 3451426530 3451426520
3451426527 -22.92941 -43.2277712 3451426542 3451426523 3451426529
3451426526 -22.9294072 -43.227959 3451426531 3451426519
3451426525 -22.9293988 -43.2287524 3451426532 3451426522
3451426524 -22.9293905 -43.2285222 3451426533 3451426521
3451426523 -22.9293849 -43.2278212 3451426527 3451426519
3451426522 -22.9293765 -43.22871 3451426525 3451426521
3451426521 -22.9293765 -43.2286615 3451426522 3451426524
3451426520 -22.9293668 -43.2275607 3451426528 3451426518
3451426519 -22.9293514 -43.227859 3451426526 3451426517 3451426523
3451426518 -22.9293026 -43.2275047 3451426516 3451426520
3451426517 -22.9292705 -43.2277742 3451426512 3451426519
3451426516 -22.929205 -43.2274305 3451426518 3451426515
3451426515 -22.9291102 -43.2273427 3451426516 3451426514
3451426514 -22.9290126 -43.2272397 3451426513 3451426515
3451426513 -22.9289721 -43.2271807 3451426514 3451426511
3451426512 -22.928947 -43.227535 3451426517 3451426510
3451426511 -22.9289303 -43.2270716 3451426513 3451426509
3451426510 -22.9288968 -43.2275259 3451426512 1834821233
1834821233 -22.9288426 -43.2275545 476504095 3451426510
3451426509 -22.9288327 -43.22674 3451426508 3451426511
3451426508 -22.9287532 -43.2264478 3451426509 3451426507
3451426507 -22.9287267 -43.2263751 3451426508 3451426506
3451426506 -22.9286716 -43.2262813 3451426505 3451426507
3451426505 -22.9286218 -43.2261802 3451426506
3445490746 -22.9285706 -43.2267089 3445490744
476504095 -22.9282578 -43.2283313 476504092 1834821233
2182519140 -22.9279022 -43.22575 2182519144
1834821257 -22.9278239 -43.2298455 3451426504
476504094 -22.9276642 -43.2277993 476504095
3445490744 -22.9276277 -43.227097 3445490743 3445490746
476504092 -22.9275651 -43.2293705 476504091 1834821257
3445490743 -22.9273532 -43.2273476 3445490742 3445490744
3445490742 -22.9272647 -43.2274284 3445490743 476504094
3445490741 -22.9271778 -43.2255111 3445490739
476504089 -22.9271082 -43.2273028 3445490742
476504091 -22.927071 -43.2286731 476504088 1428557594
3445490740 -22.9269406 -43.2247885 3445490734
2182519144 -22.9269216 -43.22654 2182519148 2182519140
3445490739 -22.9269135 -43.2256531 3445490737 3445490741 3445490738
2182518072 -22.9268923 -43.227117 476504089
2302020931 -22.9266762 -43.2210277 2302020932
2302020932 -22.9266353 -43.2215438 2302020931 2302020934
3445490738 -22.926614 -43.2251766 3445490739
3445490737 -22.9265986 -43.2258223 3445490739 3445490736
2182519148 -22.9265883 -43.2268603 2182519144 2182518072
2302020934 -22.9265745 -43.2217407 1834821245 2302020932
3445490736 -22.9265493 -43.2258725 3445490733 3445490737
476504088 -22.9265156 -43.2281008 476504093 476504089
1834821245 -22.9264994 -43.2218607 2302020934 836918918
1834821242 -22.9264855 -43.2228814 1834821270
506427652 -22.9264129 -43.220843 836918902
3445490735 -22.9263675 -43.2251164 3445490731 3445490734
3445490734 -22.926349 -43.2250695 3445490740 3445490735
3445490733 -22.9262843 -43.226284 3445490732 3445490736
3445490732 -22.9261745 -43.2265108 2182519148 3445490733
836918902 -22.9261729 -43.2209528 506427652 248538110 819238786
819238786 -22.9259872 -43.2204847 836918902 819238771
819238771 -22.9256461 -43.2204192 819238786 836918893 836918800
836918918 -22.9256371 -43.22227 1834821245 1071689514
1834821269 -22.9254131 -43.2259066 3445490732
3571472693 -22.9253073 -43.2257698 1834821269
3445490731 -22.9252648 -43.2256815 3571472693 3445490735
248538110 -22.9252297 -43.2213959 836918893 836918902 836918918
1834821243 -22.9251003 -43.2253514 3445490731 476504036
476504036 -22.9250803 -43.2257449 3445490731 1834821229
819310105 -22.9250354 -43.2292203 836919051 836919079
1834821229 -22.9250208 -43.2260101 476504035
1834821263 -22.9249682 -43.2247074 1834821243
836918893 -22.9249109 -43.2207613 248538110 819238771 2283565859
1834821270 -22.9248946 -43.2235787 1834821242 476504026
476504035 -22.9247665 -43.2265022 476504093 476504034
2283565859 -22.924712 -43.2203998 836918801 836918893
476504093 -22.92471 -43.2266563 836919013
836919051 -22.9247088 -43.2297596 836919054 819310105
248967955 -22.9246307 -43.2242598 248968241 1834821263
836918801 -22.9245982 -43.2201521 506427643 2283565859 836918800
836919013 -22.9244133 -43.2273356 836918976 836919000
476504026 -22.9243866 -43.2239669 248967955 1834821270
836919000 -22.9241465 -43.2279668 836919079
836919079 -22.9239963 -43.2285145 836919054 819310105
836919054 -22.9237286 -43.229136 836919102
1071689514 -22.9235945 -43.2231395 476504026
1834836345 -22.9235314 -43.2230722 1071689514
836919102 -22.9234114 -43.2299282 836919148 2452487271
1834836314 -22.9229833 -43.2235689 1834836345
248967994 -22.922882 -43.2223656 248538110 476504025 1834836345
836918976 -22.9228731 -43.2273121 836918975 248969112
836918975 -22.9228633 -43.2280357 836918976 836919000
1834836356 -22.9227776 -43.223742 1834836314
819310126 -22.9226781 -43.2291389 2001717694
2283565856 -22.9224172 -43.2216417 2283565859
1834836311 -22.9223397 -43.2241663 1834836356
1398970878 -22.9223235 -43.2299785 279560327
279560327 -22.9223169 -43.2298847 836918984
248968241 -22.9222747 -43.2247212 1071689526 248967950
2283565855 -22.9222482 -43.2216328 2283565856 248967994
1071689526 -22.9222413 -43.2242459 476504025 1834836311
2001717694 -22.9221487 -43.2290861 836918984 819310126
1834836352 -22.9221452 -43.2242776 1071689526
1834836308 -22.9220603 -43.2242913 1834836352
1834836323 -22.9219879 -43.2243003 1834836308
836918984 -22.9219754 -43.2290688 2001717694 836919001
1834836317 -22.9219291 -43.2242946 1834836323
1398977468 -22.9218941 -43.2298531 248973517 1398977464
1071689528 -22.9218597 -43.2242695 1834836317
1476381493 -22.9218402 -43.2213263 1476381491
248709619 -22.9218226 -43.2211356 1476381493 2283565855
1476381491 -22.9218076 -43.2214357 1393198502
476504025 -22.9216984 -43.2234301 2368031637
1393198502 -22.9216902 -43.2215956 2368031636
506427642 -22.9216785 -43.2208436 248709619 506427643
248536736 -22.9216325 -43.2207114 506427642
248709612 -22.9215967 -43.2205829 248536736
836919001 -22.921582 -43.228054 836918975 1398990661
766866845 -22.9215726 -43.2204975 248709612 766866839
506427660 -22.9215539 -43.2240583 248967950 1071689528
836918861 -22.9214898 -43.220179 766866845 248538560
1398990661 -22.921458 -43.2277555 248969112
1834836344 -22.9213982 -43.2239525 506427660
1834836347 -22.9213161 -43.2239057 1834836344
2368031637 -22.9213135 -43.2237757 2368031655 2368031641
2368031661 -22.9212987 -43.2238799 1834836347
2368031655 -22.9212978 -43.2238178 2368031661
2368031641 -22.9212712 -43.2238002 2368031632
248969112 -22.9212556 -43.227236 1398990659 2663580686
248973517 -22.9212208 -43.2284156 248973516 1398977468
2368031632 -22.9212041 -43.2238123 2368031650
248967990 -22.9211991 -43.2238775 1834836347
1398990659 -22.9211759 -43.2270191 476504034
248967950 -22.9211474 -43.2248697 506427660 1071689519
2368031650 -22.9211067 -43.2238119 2368031657
2368031657 -22.9210379 -43.2237992 2368031630
1473525356 -22.9210263 -43.2299205 1473525354 1473525364 1473525363
1473525364 -22.9210203 -43.2298782 1473525356 1473525368
476504034 -22.9210073 -43.2265608 476504037
1473525368 -22.9210049 -43.2298384 1473525364 1473525376
1398990669 -22.9209992 -43.2257945 476504036
1834836348 -22.9209932 -43.2238639 248967990
2368031630 -22.920972 -43.2237748 2368031635
1473525376 -22.9209696 -43.2297901 1473525365 1473525368
1473525354 -22.9209667 -43.2299992 1473525362 1473525357
1834836353 -22.9209408 -43.2238766 1834836348
1473525365 -22.9209321 -43.2297629 1473525376 1473525372
2368031635 -22.9209127 -43.2237333 248969114
2368034429 -22.9208946 -43.2238978 1834836353
1071689519 -22.9208841 -43.2249084 1071689510 3222746177
1398990667 -22.9208759 -43.2256745 1071689519
3728967175 -22.9208753 -43.2257166 1398990667
1473525372 -22.9208751 -43.2297454 1565193514 1473525365
476504037 -22.9208747 -43.2257945 3728967175 1398990669
1071689510 -22.9208571 -43.2239265 248969114 2368034429
248969114 -22.9208482 -43.2236656 2368031659 2368034425
1565193514 -22.9208377 -43.2297178 1565193508 1473525372
2368031659 -22.9208268 -43.2232202 2368031662
1565193508 -22.9208179 -43.2296856 1565193514 1565193515
2368031662 -22.9208079 -43.2230837 1483303573
1565193515 -22.9208026 -43.2296325 1565193508 1565193509
2368034425 -22.9207999 -43.2236141 2368031649
1565193509 -22.9207685 -43.2295998 1565193515 1565193513
2368031636 -22.9207637 -43.2225061 1476381489
1483303573 -22.9207621 -43.222878 2368034375
2368034375 -22.9207354 -43.2227635 1476381489
248973516 -22.9207259 -43.2275329 248973517 816213018
1565193513 -22.9207228 -43.2296022 1565193509 1565193510
1565193512 -22.9207179 -43.2297548 1473525357 1565193510
3222746177 -22.9207103 -43.2249219 3222746176
1565193510 -22.9207021 -43.2296191 1565193513 1565193512
1473525374 -22.920701 -43.2299804 1473525357 1473525375
2368031649 -22.920698 -43.2235052 2368031647
1476381489 -22.9206762 -43.2226002 1476381495 2368034376
2368034376 -22.9206334 -43.2224653 2368034374
2368034374 -22.9206098 -43.2223995 1071689506
2663580686 -22.9205966 -43.2271178 2663580691
2368031647 -22.9205724 -43.2233364 480112991
1476381495 -22.9205306 -43.2227222 2368031638
2663580691 -22.920516 -43.2270872 248973516
480112991 -22.9205149 -43.2232265 480112989
2368031638 -22.9205004 -43.2227474 480112988
1071689506 -22.9204667 -43.2220461 766866867
2368031660 -22.9204546 -43.2220985 1071689506
480112989 -22.9204427 -43.2230372 2368031646
2368031639 -22.9204251 -43.2221525 2368031660
2368031646 -22.9204207 -43.2229593 480112988
2368032396 -22.9204021 -43.2226932 1398990663
1398990668 -22.9203968 -43.2226316 2368032396
1398990663 -22.9203966 -43.22278 480112988
480112988 -22.9203872 -43.222845 2368034121
279561929 -22.920387 -43.2225746 1398990668
2368031634 -22.9203866 -43.2221901 2368031639
2368034595 -22.9203456 -43.2224424 279561929
2368031633 -22.9203023 -43.2222266 2368031634
2368034594 -22.9202944 -43.2223331 2368034595
816213020 -22.9202569 -43.2224317 279561929
2368034121 -22.920248 -43.2229407 2368034122
1071689512 -22.9202276 -43.2222212 2368034594 2368031633
2368034122 -22.9202063 -43.2229693 2368046960
2368046960 -22.9202 -43.2229737 2368045741
2368045741 -22.920182 -43.2229861 2368045736
766866867 -22.920105 -43.2212963 248709612 766866839
816213018 -22.9201025 -43.2267764 1834821252
2368045736 -22.9200875 -43.223051 2368045737
766866839 -22.9200634 -43.2212252 248969116
2368045737 -22.9200013 -43.2231103 816194916
