490918925 -22.9199926 -43.2842569 3637787018
490924885 -22.9199315 -43.2843283 490924883
490918924 -22.9199036 -43.2842128 490918925
490924883 -22.9198398 -43.2842945 490924880
490918921 -22.9198019 -43.2841896 490918924
490924880 -22.9197292 -43.2842838 2203446887
2260059876 -22.9194616 -43.2850013 2260059878
2260059923 -22.9193208 -43.2855297 2260059872 2260059883
2260059872 -22.9193085 -43.2856557 2260059923 2260057412
2260059883 -22.919306 -43.2854626 2260059923 2260059875
2260057412 -22.9192516 -43.2858193 2260059872 2260057413
2260059875 -22.9192492 -43.2854143 2260059912 2260059883
2203446887 -22.9192384 -43.2842565 490924877
2260059878 -22.919222 -43.2849986 2260059876 2260059910
490918914 -22.9192146 -43.2841622 490918921
490918909 -22.9190954 -43.2841475 490918914
490924877 -22.9190934 -43.2842392 490924874
2260057413 -22.919091 -43.2858623 2260057404 2260057412
490918904 -22.9190307 -43.2841278 490918909
490924874 -22.91897 -43.2842013 490924866
2260059910 -22.9189675 -43.2849584 2260059878 2260059908
2260057404 -22.9189379 -43.2859105 2260057410 2260057413
3637787016 -22.9189341 -43.2840838 490918904
490924866 -22.9188597 -43.2841406 490924864
490918900 -22.9188439 -43.2840206 3637787016
2260059908 -22.9188193 -43.2849798 2260059919 2260059910
2260059912 -22.9186785 -43.2852239 2260059875 2260059929
2260057410 -22.9186044 -43.2858837 2260057403 2260057404
2260059919 -22.9185895 -43.2849745 2260059908 2260059902
2260059929 -22.918471 -43.285181 2260059912 2260059917
2260059902 -22.9183598 -43.2849369 2260059919 2260059881
3819125563 -22.9182932 -43.2865496 3819125562
2260057403 -22.9182313 -43.2857818 3819125450 2260057410
2260059917 -22.9182214 -43.2850737 2260059929 2260059885
490918885 -22.9181941 -43.2835632 490918900
2260059881 -22.918177 -43.2849235 2260059902 2260059885
3819125450 -22.9181735 -43.2857513 2260057406 3819125451 2260057403
3819125562 -22.9181719 -43.2871283 3819125564 3819125561 3819125563
490924864 -22.9181179 -43.2836229 490924861
2203446929 -22.9180907 -43.2834724 490918885
3819125564 -22.9180873 -43.2874516 3819125562 3819125565
3819125565 -22.9180248 -43.2877469 3819125564 3819125571
490918879 -22.9180212 -43.2833866 2203446929
3819125571 -22.9179999 -43.2878401 3819125565 3819125566 3819125572
490924861 -22.9179992 -43.283502 3819125575
3819125566 -22.917966 -43.2879665 3819125571 3819125567
3819125575 -22.9179595 -43.2834471 3819125576 490924859
2260059885 -22.9179546 -43.2848591 2260059898 2260059881 2260059917
490924859 -22.9179365 -43.2834153 2203446912
490918871 -22.9179358 -43.2832252 490918879
2260057406 -22.9178904 -43.2856021 2260057405 3819125450
3819125451 -22.9178888 -43.2861345 3819125450 3819125455
3819125567 -22.9178851 -43.2881381 3819125568 3819125566
3819125576 -22.9178668 -43.2834523 3819125575 3819125577
490918859 -22.9178621 -43.283011 490918871
2260059898 -22.9178608 -43.2846499 2260059889 2260059885
2203446912 -22.9178583 -43.2832661 490924850
3819125561 -22.9178484 -43.2871802 3819125454 3819125562
3819125455 -22.9178181 -43.2862592 3819125451 3819125452 3819125456
3819125568 -22.9177749 -43.2882099 3819125569 3819125567
3819125452 -22.9177712 -43.286342 3819125453 3819125455
3819125577 -22.9177675 -43.2833685 3819125576 3819125578
2260057405 -22.9177644 -43.2855806 2260057406 2260057407 2260059887
2260059889 -22.9177619 -43.2845158 2260059898 2260059904
3819125453 -22.917716 -43.2865216 3819125454 3819125452
3819125578 -22.9177087 -43.2833326 3819125577 3819125579
490918855 -22.9176979 -43.2824836 490918859
2260057407 -22.9176928 -43.2856209 2260057405 2260057408
2260059887 -22.9176779 -43.2853848 2260057405 2260059873
3819125569 -22.9176572 -43.2882099 3819125568 3819125570
3819125454 -22.9176388 -43.2871762 3819125453 3819125560 3819125561
490918853 -22.9176385 -43.2823485 490918855
2260059904 -22.917631 -43.28443 2260059889 2260059877
3637787010 -22.9175929 -43.2822721 490918853
490924850 -22.9175891 -43.2824299 3637787009
2260059877 -22.9175519 -43.2844326 2260059904 2260059874
3637787009 -22.9175404 -43.2823471 490924847
3637787008 -22.9175279 -43.2822001 3637787010
490918851 -22.9174541 -43.282142 3637787008
2260057408 -22.9174531 -43.2856235 2260057411 2260057407
490924847 -22.9174482 -43.2822567 490924840
2260059873 -22.9174111 -43.2849986 2260059925 2260059887
3819125579 -22.9174072 -43.2835162 3819125580 3819125578
490918806 -22.9173824 -43.2801905 490918808
3819125456 -22.9173741 -43.2861504 3819125455 3819125557
490918808 -22.9173462 -43.2803391 3637787003
3819125560 -22.91733 -43.2869567 3819125559 3819125454
2260059874 -22.9173206 -43.2846633 2260059877 2260059871
490924802 -22.9173069 -43.2801196 3637787004
3637787003 -22.9172856 -43.2804968 490918812
490924806 -22.9172795 -43.2802599 490924802
2260059925 -22.9172752 -43.2849128 2260059873 2260059871
3819125572 -22.9172675 -43.2875753 3819125571
490918812 -22.9172226 -43.2806153 490918816
490924810 -22.9172176 -43.2804332 490924806
3819125580 -22.9171903 -43.2837996 3819125579
3819125570 -22.917172 -43.288154 3819125569
3637787002 -22.9171599 -43.2805433 490924810
490924814 -22.9170969 -43.2806499 3637787002
2260059871 -22.9170829 -43.2848347 2260059914 2260059925 2260059874
3819125557 -22.9170617 -43.2861145 3819125558 3819125456
3819125559 -22.9170102 -43.2866094 3819125560
490918840 -22.9170031 -43.2818414 490918851
2260057411 -22.9169961 -43.2855028 2260057414 2260057408
490924840 -22.9169681 -43.2819317 490924836
3637786999 -22.9169252 -43.28177 490918840
490918816 -22.9169006 -43.2810383 490918821
490924836 -22.9168825 -43.2818576 3637786997
490918828 -22.9168553 -43.2816709 3637786999
490918821 -22.9168478 -43.2811216 3637786996
490924822 -22.9168249 -43.2809978 490924814
3637786998 -22.9168242 -43.2816048 490918828
3637786997 -22.916815 -43.2817681 490924829
3637786996 -22.9168072 -43.2812233 490918823
490918825 -22.9167947 -43.2815043 3637786998
490918823 -22.9167884 -43.281313 3637786994
3637786994 -22.9167837 -43.2814065 490918825
3637786993 -22.9167611 -43.2811171 490924822
490924829 -22.916758 -43.2816624 3637751892
3637751892 -22.9167225 -43.2815596 490924827
3637751891 -22.9167197 -43.2812341 3637786993
2260057414 -22.9167144 -43.2854733 2260057402 2260057411
490924827 -22.9167061 -43.2814634 490924824
490924824 -22.916703 -43.2813493 3637751891
3819125558 -22.9166977 -43.2860147 3819125557
2260059914 -22.9163883 -43.284961 2260059906 2260059871
2260057402 -22.9162108 -43.2855079 2260057414 518307704
2260059906 -22.9161166 -43.2848243 2260059914 2260059921
830403838 -22.9160696 -43.2801135 830403835
518307704 -22.9159964 -43.2854688 2260057402 518307703
830403835 -22.9159708 -43.2801779 1913396474 830403838
518307703 -22.9158197 -43.2853895 2260057409 518307704
2260059921 -22.9156599 -43.2845209 2260059906 2260059880
2260059880 -22.9155018 -43.2844565 2260059900 2260059921
2260057409 -22.9153981 -43.2853206 518307702 518307703
2260059900 -22.9152177 -43.2843734 2260059880 2260059894
518307702 -22.9152011 -43.2852273 518307700 2260057409
1913396474 -22.9151499 -43.28027 830403834 830403835
2260059894 -22.9151386 -43.2844109 2260059900 2260059896
2260059896 -22.9151065 -43.2844658 2260059915 2260059894
830403834 -22.9150885 -43.2802344 1913396474 830403826
2260059915 -22.9149929 -43.2845342 2260059896 518307700
830403826 -22.9149821 -43.2801241 1913396476 830403834
3062487086 -22.9146295 -43.2822852 518307693 3062487087
3062487087 -22.9146013 -43.2820917 3062487086 3062487088
518307700 -22.9145753 -43.2846562 518307699 2260059915 518307702
518307693 -22.9144114 -43.2822963 3062487086 3062487094
3062487100 -22.9144046 -43.2810134 3062487106 3062487101
3062487088 -22.9143921 -43.2820399 3062487087 3062487089
3062487101 -22.9143683 -43.280913 3062487100 3062487102
3062487102 -22.9143333 -43.2809192 3062487101 3062487103
3062487103 -22.9143035 -43.28094 3062487102 3062487104
3062487106 -22.9142968 -43.2810547 3062487099 3062487100 3062487105
3062487105 -22.9142876 -43.281009 3062487106 3062487104
3062487099 -22.9142868 -43.2810586 3062487106 3062487098
3062487104 -22.914286 -43.2809736 3062487105 3062487103
3062487089 -22.9142773 -43.2820239 3062487088 3062487090
518307699 -22.9142529 -43.2846964 518307698 518307700
3062487098 -22.9142313 -43.2810931 3062487099 3062487097
3062487090 -22.9141643 -43.282027 3062487093 3062487089
3062487097 -22.9141021 -43.281247 3062487096 3062487098
3062487096 -22.9140719 -43.2813467 3062487095 3062487097
2260062567 -22.9139985 -43.280699 3637751821 3062487085
3062487095 -22.9139928 -43.2817219 3062487093 3062487096
3062487085 -22.9139896 -43.2806071 2260062567
3062487093 -22.9139865 -43.282078 3062487095 3062487090 3062487094
3637751821 -22.9139806 -43.2807653 2260062567 3637751819
3062487094 -22.913967 -43.2823787 2260062562 3062487093 518307693
3637751819 -22.9139502 -43.2808073 3637751821 3062487107
2260062562 -22.9135805 -43.2824332 518307691 3062487094 2260062568
3062487107 -22.913511 -43.2810443 3637751819 3637751811
2260062568 -22.9134518 -43.2817028 2260062562 2260062566
3637751811 -22.9134086 -43.2810533 2260062566 3062487107
2260062566 -22.9132907 -43.2810813 2260062563 3637751811 2260062568
2260062563 -22.9132031 -43.2808787 2260062566 3637751807
3637751807 -22.9131046 -43.2807353 2260062563 2260062569
518307698 -22.9130646 -43.2846669 518307696 518307699
2260062569 -22.9129813 -43.2805903 3637751807 2260062561
518307696 -22.9129633 -43.284612 518307695 518307698
518307695 -22.9128669 -43.2844175 3819125573 518307696
2260054677 -22.9128064 -43.2836759 518307695
829138714 -22.912781 -43.288902 518307707
2260062561 -22.9127639 -43.2804043 2260062569 2260062564
829138590 -22.9126722 -43.2864505 829138690
518307691 -22.9126566 -43.2824906 2260062562 2260054677
829138689 -22.9126328 -43.286868 829138688 829138690
518307707 -22.9126066 -43.2887977 829138714 518307708
829138688 -22.9125529 -43.2870662 518307779 829138689
518307624 -22.9125434 -43.2893384 518307626
829138690 -22.9124634 -43.2865734 829138590 829138689 829138589
829138678 -22.9123461 -43.2875449 518307779 829138677
518307779 -22.9123263 -43.287223 829138678 829138589 829138688
829138677 -22.9122967 -43.2877487 829138678 829138676
518307708 -22.9121797 -43.2886775 518307707 518307710
829138676 -22.9121188 -43.2878989 829138677
829138589 -22.9120911 -43.2867925 518307779 518307780 829138690
829138600 -22.9120299 -43.2875234 829138597
518307780 -22.9119267 -43.2864974 518307781 829138597 829138589
3819125573 -22.9118671 -43.2851111 518307688
829138597 -22.9116177 -43.2866708 518307758 829138600
518307688 -22.9115781 -43.2853116 518307781 518307687
518307781 -22.9113417 -43.2854589 829518421 518307780
2989837125 -22.911241 -43.289397 2989837124 2989837126
518307687 -22.9112223 -43.2826654 518307691 518307688 3622681538
3622681538 -22.9111543 -43.2819245 3622681539 518307687
518307710 -22.9111203 -43.2882999 518307708 518307711
2989837124 -22.9111033 -43.2896061 2989837123 1930493074 2989837120 2989837125
3622681539 -22.9110661 -43.2818265 3622681538 518307731
518307711 -22.9108752 -43.2883428 518307712 518307710
2989837123 -22.9108259 -43.2899878 2989837122 2989837124
1930493065 -22.9107621 -43.288786 1930493069 518307626
1930493069 -22.9107588 -43.2889075 1930493065 1930493081
518307626 -22.9107177 -43.2886664 1930493065 518307712 518307624
1930493081 -22.9107158 -43.2889877 1930493067 1930493069
1930493067 -22.9106521 -43.28908 1930493074 1930493081
518307712 -22.9106074 -43.2883822 518307626 518307755 518307711
1930493074 -22.9105627 -43.2891355 1930493067 1930493062 2989837124
518307755 -22.9105088 -43.2881132 518307712 1930493070
829518421 -22.9104899 -43.2840076 829518418 518307781 518307690
1930493062 -22.9104349 -43.2891677 1930493059 1930493074
1930493070 -22.910429 -43.2879218 518307755 1930493078
518307732 -22.9103455 -43.2808154 518307734 518307731
1930493078 -22.910316 -43.2877031 1930493070 1930493076
1930493059 -22.9102968 -43.2892168 1930493063 1930493062
518307734 -22.9102585 -43.2805236 518307732 518307736
1930493076 -22.9102393 -43.2875718 1930493078 518307758
518307758 -22.9101807 -43.2874771 1599122138 518307759 1930493076
1930493063 -22.910154 -43.2893837 1930493059 1930493072
518307731 -22.9101306 -43.2818241 518307732 3622681539
1930493072 -22.9100133 -43.2896546 1930493063 821363772
821363772 -22.9099292 -43.2899356 829129638 1930493072
518307690 -22.9098208 -43.2828865 829518421 829518570 518307687
829518570 -22.9096819 -43.2826337 518307690 518307782
518307782 -22.909634 -43.2825492 518307783 829518570
518307783 -22.9095707 -43.2823003 518307784 518307782
518307759 -22.909547 -43.2864288 829518418 518307781
518307784 -22.9094758 -43.2810987 518307783 518307785
518307785 -22.9093889 -43.280927 518307784 518307786
829518572 -22.9090884 -43.2830642 829518570 518307800
832095979 -22.9090318 -43.2895465 1599122138
829518418 -22.9087952 -43.2852542 518307760
518307760 -22.9087564 -43.2852014 828874952
1599122138 -22.908517 -43.2883059 929714783 832095979
829518573 -22.908241 -43.2837115 829518572
828874952 -22.9081506 -43.284531 518307761
518307800 -22.9081397 -43.2816823 518307765 829518572
518307765 -22.9078788 -43.2813733 518307801 518307766 518307800
929714783 -22.9077385 -43.2887029 3819125581
518307761 -22.9076807 -43.2840109 518307763 518307764 829518573
518307801 -22.9075468 -43.2810901 518307776 518307765
518307766 -22.9074519 -43.2824462 518307767
1565586925 -22.9073832 -43.2876155 828874973 518307759
929714815 -22.907375 -43.2802371 518307742 929714812 929714817
518307767 -22.9073096 -43.2826436 518307764
518307816 -22.9072779 -43.2876733 1565586925
828874973 -22.9072247 -43.2873762 828874974
518307776 -22.9070328 -43.2809013 518307801 929714812 518307777
518307763 -22.9070091 -43.2833301 518307764 518307683
929714805 -22.9069987 -43.2847746 518307761
929714812 -22.9069823 -43.2808998 518307776 929714815 518307802
3819125581 -22.9069629 -43.2890965 518307815 3819125582
828874974 -22.9068501 -43.2868308 518307751
518307751 -22.906794 -43.2868846 518307752
518307764 -22.906685 -43.2829869 518307768 518307761
518307685 -22.9066013 -43.285238 518307683 929714805
828874976 -22.9063 -43.2862684 828874974
929714872 -22.9060727 -43.2861611 828874976
518307683 -22.9060604 -43.284695 518307774
518307768 -22.9059418 -43.2833646 518307769
518307811 -22.9057851 -43.2862845 518307685 929714872
518307774 -22.9057599 -43.2848323 518307775
518307769 -22.9056334 -43.2836393 518307771
518307802 -22.9056097 -43.2808583 518307803 929714812
518307812 -22.9055457 -43.2864666 518307811
518307803 -22.9054595 -43.2808326 828920002 518307802
518307777 -22.9052862 -43.2818844 523466657 518307768 518307776
518307771 -22.9052065 -43.2841027 828920123 1768288531
442130865 -22.9050924 -43.2896656 823989093 442130864
823989093 -22.9050824 -43.2897215 442130865 518307815
2163910033 -22.905044 -43.2888147 518307816
442130864 -22.9050323 -43.2893218 442130863 442130865
2163910126 -22.9049999 -43.2888372 2163910033
442130863 -22.9049216 -43.2890386 518307814 442130864
828920002 -22.9049086 -43.2800298 518307742 828919985 875779112 518307803
828920123 -22.9049017 -43.283876 518307771 929714881
875779410 -22.9048645 -43.2809895 518307777
518307814 -22.9048576 -43.2889099 442130863 2163910126 2163910030
2163910030 -22.9047987 -43.2887743 518307814 2163910054
2163910054 -22.9047767 -43.2887244 442130862 2163910030
442130862 -22.904756 -43.2886759 518229044 2163910054
875779411 -22.9046274 -43.2808715 875779410
518307752 -22.9046214 -43.2879823 518229044
929714881 -22.9045903 -43.283876 828920123 829103883 523466671
2163909995 -22.904519 -43.286685 518307812
518229044 -22.904514 -43.2880861 518229068 442130860 442130862
442130860 -22.9044552 -43.2878112 442130859 518229044
2163910118 -22.9044526 -43.2867023 2163909995
828919985 -22.9044288 -43.2805116 875779411 828920002
829103883 -22.9044076 -43.283876 929714881
442130859 -22.904384 -43.2873306 442130860 929715039 2163910040
2163910040 -22.9043267 -43.2869092 518307813 442130859
518307813 -22.9043203 -43.2867368 518308784 2163910118 2163910040
518308784 -22.9043175 -43.2865556 2163910130 518307813
2163910130 -22.9043144 -43.2865085 2163910022 518308784
2163910022 -22.9043113 -43.286463 2163910130 2163910019
523466671 -22.9043061 -43.28302 523466668 929714881
2163910019 -22.9043048 -43.286368 2163910022 442130858
442130858 -22.9042905 -43.2861522 442130857 2163910019
442130857 -22.9042338 -43.2857513 929715302 442130858
929715302 -22.904202 -43.2856363 442130856 442130857 929715300
523466668 -22.904156 -43.2827242 523466657 523466671
828920160 -22.9041422 -43.2807476 828919985
442130856 -22.9041389 -43.285408 518307775 929715302
523466657 -22.9040906 -43.2826164 523466655 523466668
518307775 -22.90401 -43.2850958 442130855 442130856
442130855 -22.9039333 -43.2849101 2163910037 518307775
1768288531 -22.9038211 -43.2843669 518307772
828920159 -22.903816 -43.2809514 828920160
2163910037 -22.9037822 -43.2845893 2163910027 442130855
2163910027 -22.9037625 -43.2845475 518307772 2163910037
929715300 -22.9037301 -43.2857189 829119543 829119506 929715302
929715123 -22.9037043 -43.2898106 823989093 929714932
1768288549 -22.9037006 -43.2843133 518307772
518229068 -22.9037002 -43.2881203 929714932
518307772 -22.9036895 -43.2843925 2163910027 1768288536 1768288559
929714932 -22.9036848 -43.2890102 829119485 518307814
442130854 -22.9036802 -43.2842095 1768288549
2163910138 -22.9036659 -43.2841528 442130854
1768288536 -22.9036591 -43.2843374 1768288545
929715039 -22.9036519 -43.2872872 929714927 442130859 828874707
518229040 -22.9036398 -43.28405 2163910138
1768288545 -22.9036211 -43.2842701 2163910139
1768288559 -22.9035958 -43.2843959 2163910144 518307772
2163910139 -22.90359 -43.2841843 1768288529
829119543 -22.9035802 -43.2855386 929715300 829119554
1768288529 -22.903571 -43.2841318 1768288544
2163910144 -22.9035567 -43.2844187 1768288539 1768288559
1768288539 -22.9035201 -43.2844424 2163910144 1768288541
1768288541 -22.9034721 -43.2845026 1768288539 929715297
442130458 -22.9033979 -43.2832667 518229040
2163910132 -22.9033842 -43.2832193 442130458
1768288544 -22.903366 -43.2834212 2163910000
523466655 -22.9033552 -43.2814078 523466654 1565846294 828920159
829119554 -22.9033529 -43.2853884 829119543 829119557
518307778 -22.903341 -43.2830705 523466657 2163910132
2163910000 -22.9033144 -43.283241 1768288538
1768288538 -22.9032977 -43.2831826 1768288537
828874707 -22.9032823 -43.2872707 929715039 929715393
442130457 -22.9032754 -43.2828902 518307778
1768288537 -22.9032218 -43.2829636 1768288553
1768288550 -22.9031767 -43.2826574 442130457
1768288553 -22.9031679 -43.2828218 1768288543
829119485 -22.9031552 -43.2890469 929714927 929714932
829119557 -22.9031157 -43.2853133 829119554
829119506 -22.9031058 -43.2858283 929715300 929715297
1768288543 -22.9030593 -43.2825973 2163910123
823989094 -22.903043 -43.2898442 929715123
442130455 -22.9030383 -43.282374 1768288550
929715393 -22.9029482 -43.2870871 929715397 828874707 929715415
2163910004 -22.9028733 -43.2820503 442130455
2163909998 -22.9028464 -43.2819977 2163910004
929714927 -22.9028294 -43.2888422 929715036 829119485 929715039
929715297 -22.9028256 -43.2857453 518308783 1768288541 829119506
1565846294 -22.9027957 -43.2818982 2163909998
2163910123 -22.9027812 -43.2820522 2163910085
2163910085 -22.9027595 -43.2820027 1768288557
518308783 -22.9026549 -43.2860781 518308784 929715559 929715397 929715297
875779291 -22.9025508 -43.2814081 1565846294
1768288557 -22.9025184 -43.2815369 1768288532
523466654 -22.9023826 -43.280182 518307798
442130452 -22.9023778 -43.2810238 875779291
929715397 -22.9023157 -43.2867395 518308783 929715393 518231825
1768288532 -22.9022852 -43.2810069 2163910122 2163910115
2163910122 -22.9022538 -43.2809396 2163910003
518307798 -22.9022476 -43.2802512 1768288530 1768288556
2163910115 -22.9022303 -43.2810721 2163910116
2163910116 -22.9022056 -43.2811014 875779240
929715036 -22.9022017 -43.2899906 518307646 929714927 929715025
1768288556 -22.9021778 -43.2803142 1768288546
2163910131 -22.9021723 -43.280568 442130452
1768288547 -22.9021596 -43.2805398 2163910131
1768288546 -22.9021559 -43.2803425 1768288528
2163910069 -22.9021511 -43.2805181 1768288547
1768288528 -22.9021439 -43.2803838 1768288554
1768288527 -22.9021398 -43.2804892 2163910069
1768288554 -22.9021359 -43.2804455 1768288527
518231825 -22.9021041 -43.287152 929714982 929715397 829119604
2163910003 -22.9020944 -43.2805474 2163910119
2163910119 -22.9020761 -43.2805023 1768288530
1768288530 -22.9020149 -43.2803518 2163910099 2163910042
2163910042 -22.901976 -43.280254 2163910088
2163910088 -22.9019616 -43.2801911 442130449
2163910099 -22.9019304 -43.28039 1756313207
1756313207 -22.9018889 -43.2804332 875779238
875779240 -22.9018368 -43.2815392 875779226
929715415 -22.9016157 -43.2896916 929715036 929715393
929715559 -22.9015445 -43.2838773 518308783 929715470 823999335
929714982 -22.9015041 -43.2883219 929715069 518231825 929714964
875779226 -22.9014507 -43.2819716 1565871554
875779238 -22.9014056 -43.2809679 875779229 875779240
2920275901 -22.9013059 -43.2825468 1768288557
828919790 -22.9012398 -43.282602 2920275901
929715069 -22.901166 -43.2889811 518231813 929714982 929714967
1565871554 -22.901079 -43.2823463 823999343
929714964 -22.9010707 -43.2880749 929714967 929714950 929714982
823999335 -22.9010442 -43.2828856 929715559 823999343
823999343 -22.9010442 -43.2823813 875779274 828919790
875779229 -22.9009997 -43.2814306 875779274 875779226 875779230
518231813 -22.9009389 -43.2892956 518229076 929714970 929715415 929715069
829119604 -22.9009341 -43.2865096 929715333 518231825 518231828
828919883 -22.9008898 -43.2803416 1565871552 875779242 875779238
929714950 -22.9008212 -43.2879278 929714948 829119647 929714964
929714967 -22.9007696 -43.2887493 929714948 929715069 929714964 929714970
829119647 -22.9006449 -43.2878238 929714950
929714970 -22.9005882 -43.2891104 518231813 929714967 929714944
875779274 -22.9005456 -43.2818792 929715616
929714948 -22.9004928 -43.2885932 929714967 929714950 929714944
875779230 -22.9004345 -43.2808042 828919883
929714944 -22.9003164 -43.2889603 929715333 929714948 929714970
1809586720 -22.9002653 -43.280045 1809586756 828920043
828920043 -22.900245 -43.2801178 828920041 1809586720
828920041 -22.9002134 -43.2801957 828920043 1809586718
929715470 -22.9002087 -43.2848306 929715559 2415658425 518231828
1809586718 -22.9001616 -43.2802821 1809586765 828920041
875779148 -22.9001614 -43.2810879 875779230
1809586751 -22.90012 -43.2811138 875779148
1809586765 -22.90011 -43.2803486 828920039 1809586718
1809586753 -22.9000853 -43.2811274 1809586751
2853047563 -22.9000461 -43.2835337 2853047564
1809586737 -22.9000351 -43.2811327 1809586753
