518225117 -22899913 -43294813 518225282 832095968
518229074 -22899874 -43291494 929715061 829104001 518231840
518231856 -22899660 -43292970 832096167 518231859
832096021 -22899654 -43298180 832095939 832095941 832096019
518227385 -22899637 -43295828 518225117 518227388
518231859 -22899629 -43292756 518231862 518231856
832096167 -22899555 -43293109 832096165 518231856
832096148 -22899485 -43294343 518225116 832096150
832096150 -22899475 -43294139 832096148 832096153
832096019 -22899473 -43298808 832096021 518225171
518231862 -22899431 -43292515 518231859 518231843
518225116 -22899400 -43294678 832096148 518225117
832096153 -22899367 -43293989 832096155 832096150
832096165 -22899357 -43293152 832096164 832096167
518227405 -22899248 -43297261 518227385 518227406
832096164 -22899080 -43293066 832096163 832096165
832095939 -22899055 -43297976 832096021 518227405
518225171 -22898878 -43298627 518225103 832095939
832096155 -22898823 -43293549 832096153 832096158
832096163 -22898774 -43293034 832096162 832096164
518225106 -22898688 -43294198 518225113 518225116
832096162 -22898596 -43293055 832096161 832096163
832096161 -22898487 -43293141 832096162 832096158
832096158 -22898477 -43293270 832096155 832096161
518227388 -22898347 -43295447 518227390 518225106
518227403 -22897967 -43296837 518227405 518227388
518231840 -22897669 -43290177 518229074 518231843 518231811
518225103 -22897595 -43298199 518225112 518227403
518225113 -22897543 -43293316 518225115
518227487 -22897218 -43299582 518225103 3772345911
518231843 -22897194 -43291185 518231862 518231866 518231840
518227390 -22897037 -43295060 518225113 518227393
518225115 -22896944 -43292826 1782091540
1782091540 -22896758 -43292720 1786303744
518227401 -22896665 -43296433 518227403 518227390
518225112 -22896339 -43297798 518227401 518225175
518231866 -22896067 -43290551 518231872 442134532 518231843
3772345911 -22895928 -43299170 3772345907
1786303744 -22895921 -43292461 518225114
3772345907 -22895881 -43299171 518227484
442134532 -22895869 -43291279 518231866 442134533
830362153 -22895867 -43290179 442104620
518227484 -22895853 -43299183 3753580374
442134538 -22895837 -43298746 518227484
442134533 -22895837 -43291511 442134532 442134534
442134534 -22895822 -43292120 442134533 518225114
518225114 -22895818 -43292429 442134534 442134535
442134535 -22895798 -43294112 2361284168
2361284168 -22895793 -43294556 518227393
518227393 -22895791 -43294678 518227399
442134537 -22895782 -43297931 442134538
518225175 -22895781 -43297622 442134537
1795168144 -22895777 -43296817 518225175
518227399 -22895775 -43296112 442134536 518227401
442134536 -22895774 -43296172 1795168144
2190585206 -22895582 -43291172 830362153 2190585217
3799202343 -22895542 -43291355 2190585206
3799202342 -22895532 -43291402 3799202343
982299004 -22895454 -43291745 3799202342
482774306 -22895390 -43298732 442104892
442104892 -22895389 -43298196 1795168143
3772345905 -22895389 -43298816 482774306
3772345904 -22895387 -43298900 3772345905
1795168143 -22895377 -43296812 442104891
2668433080 -22895375 -43292106 982299004
442104891 -22895374 -43296411 1746255490
1746255490 -22895330 -43295926 442104890 1746255491
442104890 -22895303 -43295621 482773873
442104886 -22895295 -43292471 2668433080
482773873 -22895289 -43295516 2361284169
3772345902 -22895268 -43298738 482774306
1746255491 -22895228 -43295800 482773870
2361284169 -22895223 -43295018 442104889
3772345900 -22895221 -43298739 3772345902
442104889 -22895184 -43294720 442104888
442104887 -22895184 -43293467 442104886
442104888 -22895152 -43294162 442104887
482773870 -22895116 -43295713 482773868
482773868 -22895013 -43295687 1746255486
2190585217 -22894976 -43290685 2190585209
2190585209 -22894186 -43290106 2190585210
1746255486 -22894051 -43295403 1746255480
1746255480 -22893977 -43295435 1746255481
3772345882 -22893947 -43299307 3772345886
3772345880 -22893946 -43299164 3772345882
482505367 -22893945 -43298746 3772345880 3772345900
3772345879 -22893945 -43298626 482505367
3772345878 -22893945 -43298570 3772345879
3802280292 -22893940 -43297946 3772345878
3802280291 -22893938 -43297711 3802280292
482774508 -22893930 -43296818 3802280291 482774505
1746255481 -22893921 -43295550 482774508
482774338 -22893898 -43295436 1746255481
3772345877 -22893836 -43298745 482505367
1746255487 -22893813 -43295348 482774338
3772345876 -22893789 -43298744 3772345877
163559152 -22893574 -43299887 482503092
163547020 -22893338 -43299939 1679221537
482503092 -22893305 -43299753 3802280280 1679221536
482774305 -22893049 -43298740 3772345876
3802280280 -22893047 -43299512 3802280271
3802280273 -22892956 -43298729 482774305
163547019 -22892940 -43299716 163547020
3802280272 -22892905 -43298715 3802280273
1679221536 -22892855 -43299471 3211749253
482502381 -22892847 -43299899 482502384
482774303 -22892809 -43298668 3802280272
482502378 -22892717 -43299753 482502381
3211749253 -22892654 -43299309 163559155
482503564 -22892643 -43298555 482774303
3802280271 -22892575 -43299127 482503555
3802280270 -22892575 -43298543 482503564
482501823 -22892552 -43299452 163547019
3802280269 -22892501 -43298541 3802280270
3802280268 -22892449 -43299630 482501787
482503562 -22892443 -43298555 3802280269
482503555 -22892438 -43298995 482503557
3802280267 -22892412 -43299439 482502378
1999088957 -22892390 -43298594 482503562
163559155 -22892388 -43299101 3802280265
482503557 -22892387 -43298916 482503559
482501787 -22892364 -43299630 3802280268 482774938
482774938 -22892363 -43299785 482501787 482501788
482503987 -22892355 -43298270 482503989 482503564
3211749247 -22892354 -43298652 1999088957
482503559 -22892350 -43298814 482503560
482503989 -22892348 -43298448 482503994
482503560 -22892340 -43298731 3211749247
482503994 -22892329 -43298517 3802280266
482774505 -22892329 -43296832 482503987 482774452
482774302 -22892322 -43298226 482503987
482774370 -22892310 -43294818 482774505 1746255487
3802280266 -22892289 -43298565 482504000
482504000 -22892236 -43298596 3802280264
3802280265 -22892179 -43298909 3802280263
3802280264 -22892168 -43298607 1999089029
163547017 -22892167 -43299135 482501823 3802280267
1999089029 -22892097 -43298596 482504002
3802280263 -22892058 -43298780 163559156
482504002 -22891989 -43298539 1999088986
1999088986 -22891896 -43298464 3802280258
2190585208 -22891886 -43290311 482775780 830362132
163559156 -22891783 -43298462 1999089016
3802280258 -22891712 -43298293 1999089016
163547016 -22891683 -43298630 163547017
830362132 -22891631 -43290179 830362130
1999089016 -22891562 -43298179 475763575
482774300 -22891545 -43296937 482774302 482774443
482774452 -22891473 -43296850 482774417 482774300
482774374 -22891444 -43294577 482774417 482774370
482775780 -22891431 -43291567 2668433105
482774417 -22891430 -43296778 482774298 482774452
3802280257 -22891286 -43299486 3802280254
2668433105 -22891155 -43292538 3211750772
163547014 -22891154 -43297958 163547016
482774298 -22891121 -43296270 482774417 3211750763
482774443 -22891062 -43297225 482774300
3802280254 -22890984 -43298887 3802280250
3211750772 -22890722 -43294034 3802280252 3802280249
3802280252 -22890692 -43294138 3802280251
3802280251 -22890676 -43294196 482775819
3802280250 -22890665 -43298255 482517796
482775819 -22890641 -43294307 482774374
3802280249 -22890626 -43294106 3802280246
3802280246 -22890569 -43294148 3802280245
2195281203 -22890520 -43297408 2195281229
482517789 -22890516 -43297469 2195281203
2195281229 -22890510 -43297353 482517787
3211749255 -22890508 -43294276 482775819
482517793 -22890496 -43297518 482517789
482517787 -22890477 -43297288 3802280244
163547012 -22890451 -43297049 163547014
2195281236 -22890451 -43297565 482517793
3802280245 -22890421 -43294261 3211749256 3211750762
482517796 -22890364 -43297623 482518341 2195281236
3211749256 -22890283 -43294221 3211749258 2331317144
482775781 -22890277 -43290563 482775780
3211750762 -22890273 -43294354 3211749254
830362129 -22890270 -43290557 482775781 830364405
3211750763 -22890201 -43294534 3211749255 482774298
3211749246 -22890138 -43296796 163547012
2663175588 -22889837 -43291088 2663175595 2663175594
1909481828 -22889820 -43296420 3211749246
3802280244 -22889748 -43296410 482517666
2663175594 -22889664 -43291352 2663175592 2663175588
482518341 -22889623 -43298031 482517796 482518676 2625680705
3211749254 -22889605 -43294874 1909481817 3802280235
2663175592 -22889585 -43291370 2663175590 2663175594
3211750761 -22889507 -43295043 3211750763
3211749260 -22889448 -43295034 3211750761
3211749258 -22889420 -43294827 1909481822
3211749259 -22889397 -43294967 3211749260
1909481822 -22889385 -43294892 3211749259
475763575 -22889349 -43295331 475768561
2663175590 -22889345 -43291243 2663175592
2331317144 -22889300 -43293893 3211749256 2331317128
1909481820 -22889296 -43295711 1909481828
1909481817 -22889290 -43295362 1909481836
1909481821 -22889262 -43295633 1909481820
1909481836 -22889255 -43295448 1909481806
1909481806 -22889246 -43295544 1909481821
163547009 -22889192 -43295428 163547012
482517666 -22889104 -43295569 3802280240
2663175595 -22889074 -43290419 482773842 2663175588 2663175597
2331317128 -22889025 -43293802 482773319 2331317144
3802280240 -22889010 -43295449 3802280239 1407577056
3802280239 -22888974 -43295341 482772253 3802280240
3802280238 -22888946 -43295661 2625680708
2625680708 -22888937 -43295602 3211750769
2625680707 -22888926 -43295731 3802280238
3211750769 -22888901 -43295530 1407577056
1407577056 -22888866 -43295497 3802280240 3802280233
3802280235 -22888861 -43295607 3211750765
3211750767 -22888853 -43295797 2625680707
482772253 -22888850 -43295152 3802280239 482772249
3802280233 -22888810 -43295496 3211750768
482518676 -22888790 -43298509 482518341 2195281239 482518059
3211750768 -22888758 -43295521 2625680710
2625680706 -22888688 -43295875 3211750767
2625680705 -22888643 -43296070 3211750770
482772249 -22888642 -43294917 482772253 482772217 482773032
3802280232 -22888641 -43295919 2625680706
3211750770 -22888623 -43295980 3802280232
2331317132 -22888537 -43290595 2331317140 2331317124
2331317124 -22888535 -43290721 2331317132 2331317122
2331317140 -22888522 -43290495 2331317129 2331317132
2331317122 -22888512 -43290837 2331317133 2331317124
2331317129 -22888481 -43290379 2331317130 2331317140
2331317133 -22888449 -43291000 2331317122 2331317145
475768699 -22888397 -43290576 3802280228
3802280228 -22888389 -43290468 475768693
3802280227 -22888386 -43290700 475768699
475768693 -22888345 -43290339 3802280225
475768705 -22888338 -43290856 3802280227
2331316615 -22888311 -43290591 2331316612
2331316612 -22888303 -43290704 2331316610
2331317130 -22888298 -43290085 2331317129 2331317143
2331316607 -22888291 -43290474 2331316615
3802280225 -22888279 -43290223 475768686
2331317143 -22888271 -43290017 2331317136 2331317130
2331316610 -22888266 -43290815 2331316616
3802280223 -22888241 -43290355 2331316607
482773032 -22888191 -43295270 482773167 482773022 482772249
475768686 -22888181 -43290105 475768683
3802280221 -22888180 -43297269 482518676
3802280220 -22888175 -43290265 3802280223
3211750765 -22888167 -43296132 2625680711
2331316617 -22888100 -43290198 3802280220
475768683 -22888074 -43290004 475766863
2625680710 -22888020 -43296161 2625680711
3802280219 -22887921 -43296728 3802280221
2625680711 -22887916 -43296314 3211750765 3802280218
482518059 -22887897 -43299019 3802280211 482518676 482517489
3802280218 -22887868 -43296352 482518680 2625680711
482773319 -22887796 -43292984 2331317141 2331317128
482518680 -22887777 -43296423 482773167 3802280219 3802280214 3802280218
475768561 -22887699 -43293270 163559162 475768541
3802280214 -22887654 -43296517 482518680 482517633
2331317141 -22887637 -43292871 2331317142 482773319
475768541 -22887626 -43293075 475768536
2331317145 -22887579 -43292575 2331317133 2331317125
2331317142 -22887577 -43292809 2331317127 2331317141
163547006 -22887573 -43293420 163547009
3802280211 -22887572 -43298351 482518059 482517633
2331317125 -22887555 -43292643 2331317127 2331317145
2331317127 -22887553 -43292721 2331317142 2331317125
482773167 -22887493 -43295856 482518680 2195281220 482773032
475768536 -22887475 -43292842 3802280205
475768532 -22887465 -43292472 475768705
3802280205 -22887440 -43292734 3802280204
3802280204 -22887436 -43292605 475768532
2331316616 -22887375 -43292444 2331315592
482772217 -22887343 -43293337 482772249 3802280194
163559162 -22887329 -43292877 163559164
2331315592 -22887311 -43292503 475769562
475769562 -22887227 -43292532 475769560
163547005 -22887222 -43293006 163547006
482773022 -22887209 -43294125 482773188 482773032
2195281220 -22887167 -43295193 482773167 2195281201 2195281216
475769560 -22887137 -43292524 475769557
3802280194 -22887115 -43293570 482773188 482772217
475769557 -22887068 -43292495 1679220133
482516300 -22887041 -43299721 482516849 2195290749 2195290750
163559164 -22886977 -43292555 3802280172
2195290750 -22886956 -43299534 482516300 482516993
3802280182 -22886956 -43292742 163547005
482517633 -22886934 -43297064 482769170 3802280211 3802280214
482773188 -22886926 -43293752 3802280171 482773022 3802280194
2195281201 -22886895 -43294672 2195281220 482769069 482769571
163547003 -22886762 -43292568 3802280182
482769069 -22886739 -43294448 2195281201 3802280160
482769170 -22886707 -43297252 482516240 2195281208 482517633
163547001 -22886641 -43292472 163547003
3802280172 -22886635 -43292297 163559165
3802280171 -22886615 -43293381 482773020 482773188 3802280160
482516993 -22886572 -43298741 482516240 2195290750
1679220133 -22886532 -43292150 163559165
3802280167 -22886448 -43292326 163547001
2195281208 -22886337 -43296546 482769170
482773020 -22886285 -43292987 3802280171 482773019
482773019 -22886197 -43292915 482773020 482773018
3802280160 -22886190 -43293803 482769069 3802280171 482769076
482769571 -22886187 -43295167 2195281201 482769685 2195281223
2195281190 -22886165 -43296233 2195281210 482769902
482769902 -22886163 -43296265 2195281190 2195281218
2195281210 -22886160 -43296207 2195281190 2195281216
2195281218 -22886140 -43296293 482769902 2195281206
3802280159 -22886138 -43292201 3802280167
163559165 -22886128 -43291951 163559167
2195281206 -22886104 -43296322 2195281218 482769891
2195281216 -22886064 -43295970 2195281220 482769288 2195281210
163547000 -22886061 -43292072 3802280167
482516240 -22886060 -43297692 482769170 482770103
482769685 -22885870 -43295450 2195281225 482769288 482769571
482769076 -22885810 -43293375 482769686 3802280160
2195281223 -22885809 -43294390 2195281225 482769767 482769571
482769288 -22885794 -43295513 482769685 2195281234 2195281216
3802280146 -22885764 -43291987 3802280159
482769767 -22885743 -43294260 3802280127 2195281223
482773018 -22885725 -43292580 482773019
163559167 -22885611 -43291614 3802280129
2195281234 -22885584 -43295665 482769288
482770103 -22885569 -43297917 442043237
163546998 -22885500 -43291686 163547000
482769891 -22885491 -43296718 3342823796 2195281206 2195286898
2195281225 -22885464 -43294574 482769685 482769684 2195281223
442044696 -22885451 -43290104 3802280145
2195290748 -22885381 -43299447 482516993 442043138
3802280130 -22885369 -43291723 3802280146
3802280129 -22885358 -43291428 163559168
442043138 -22885354 -43299323 442043139
442043052 -22885303 -43299523 482052933 2195290748
3802280127 -22885291 -43293377 482769686 482769767 482770321
2195288697 -22885290 -43299417 442043052
3802280126 -22885236 -43291495 163546998
442043053 -22885229 -43299140 2195288697
482769684 -22885209 -43294058 2195281225 482770416
442043139 -22885184 -43298580 2195288698
442043237 -22885161 -43298191 1909481809
442043054 -22885130 -43298784 442043053
2195288698 -22885117 -43298412 1909481809
2195295293 -22885094 -43298668 442043054
2195286898 -22885093 -43296978 482769891 482770072 482770103
482770416 -22885085 -43294109 482769684
483132942 -22885063 -43298590 2195295293
1909481809 -22885044 -43298294 442043055 2195299897
475762447 -22885036 -43298530 483132942
482769686 -22885032 -43292871 482769079 3802280127 482769076
163559168 -22884998 -43291135 3802280074
442043055 -22884989 -43298476 2195295291 475762447
3802280113 -22884986 -43291396 3802280130
2195295291 -22884948 -43298581 2195295290
3802280112 -22884917 -43291234 3802280126
2195295288 -22884878 -43298359 442043055
2195295290 -22884872 -43298637 483132937
3802280109 -22884871 -43291118 3802280106
2195299897 -22884869 -43298171 442043147
3802280107 -22884861 -43291157 3802280109
3802280106 -22884856 -43291082 3802280086
482770321 -22884842 -43293641 482770325 3802280071 3802280127
3802280104 -22884832 -43291181 3802280107
3802280099 -22884797 -43291189 3802280104
482770072 -22884787 -43297169 2195285746 2195286898
3802280090 -22884744 -43291177 3802280113 3802280099
2195285746 -22884728 -43297173 482770074 482770072
482769079 -22884723 -43292661 482769686 482769082
3802280082 -22884692 -43290926 3802280076
482770074 -22884684 -43297119 2195285746 482770075
3802280086 -22884674 -43290916 3802280082
3802280087 -22884672 -43290545 3802279856
482769082 -22884640 -43292581 482769079 482770331
3802280074 -22884635 -43290792 1679220132
3802280072 -22884629 -43291073 3802280090
483132152 -22884625 -43299816 442043052
3802280071 -22884621 -43293771 482770321
3802280076 -22884594 -43290842 3802279856 442044696
3802280065 -22884586 -43291053 3802280072
163546997 -22884548 -43290883 3802280112
3802280060 -22884530 -43291045 3802280065
3802279856 -22884484 -43290730 3802279835 3802279844
3802279849 -22884415 -43291006 3802280060 3802280076
482770331 -22884390 -43292256 482770329 482769082 482769085
3802279844 -22884355 -43290866 3802279838
3802279841 -22884348 -43291063 3802279849
3802279838 -22884318 -43290894 2666897348
1679220132 -22884301 -43290428 163559170
483138822 -22884276 -43297651 2195295288
3802279835 -22884258 -43290479 3802279856 3802279823
482770329 -22884230 -43292405 3802279834 482770331
442043147 -22884230 -43297479 442043150
482770325 -22884227 -43292542 482770321 3802279834
3802279834 -22884219 -43292469 482770325 482770329
163546995 -22884193 -43290493 163546997
442043057 -22884165 -43297528 3342822877 483138822
3342822877 -22884123 -43297650 3342822876
3342822876 -22884074 -43297741 483138822 483134060
3802279823 -22883962 -43290082 3802279835 3802279818
3802279822 -22883932 -43290158 163546995
2666897348 -22883923 -43291272 2047951661
482769085 -22883830 -43291489 3802279841 482770331
2047951661 -22883803 -43291369 3802279810
442043150 -22883520 -43296683 442043837
3802279810 -22883500 -43291577 2047951510
2195307217 -22883453 -43296744 442043057 2195307212
2195307212 -22883434 -43296889 2195307215
2195307215 -22883400 -43296959 2195307213
3007216081 -22883377 -43291712 2047951510
3802279804 -22883376 -43291770 3007216081
2195307213 -22883363 -43296987 483138885
3802279803 -22883354 -43291813 3802279804
2047951510 -22883345 -43291668 442044103 2047951570 3802279789
442044103 -22883249 -43291662 3802279782
2047951570 -22883243 -43291592 483104866
442043837 -22883164 -43296299 3342822886
3342823796 -22883108 -43292125 482769085 482769891 3802279803
483104866 -22883078 -43291529 2047951666
3802279789 -22883057 -43291865 3802279781
2195299896 -22883057 -43296409 2195307217
3802279787 -22883035 -43292182 3342823796
483132937 -22883002 -43299372 483134060 483132147 483132932
2047951476 -22882971 -43292195 3802279787
3802279783 -22882923 -43292194 2047951476
3342822886 -22882900 -43296018 483134105 3342822887
3802279782 -22882891 -43291654 442044104
3802279781 -22882874 -43292021 2047951600
3802279779 -22882860 -43292180 3802279783
2047951666 -22882843 -43291452 483104871
3342822887 -22882838 -43296002 3342822888
3802279778 -22882831 -43292345 3802279787
442044097 -22882806 -43292150 3802279779
3802279777 -22882796 -43292372 3802279778
2195307216 -22882795 -43296115 2195299896
3342822889 -22882791 -43296111 2195307216
3342822888 -22882790 -43296048 3342822889
483104871 -22882790 -43291419 483104886
2047951600 -22882768 -43292112 3802279773 442044097
483104886 -22882724 -43291331 483104893
3802279774 -22882720 -43292039 2047951600
442044104 -22882713 -43291603 3802279771 2047951561
3802279773 -22882702 -43292194 442044006
483134105 -22882640 -43295642 442043838
2047951561 -22882621 -43291601 3802279770
2047951645 -22882615 -43292078 3802279772
483134060 -22882610 -43298560 483132937 483138885 3342822876
442044023 -22882610 -43292029 2047951645
3802279772 -22882609 -43292196 2047951638
3802279771 -22882605 -43291540 442044025
2195303064 -22882604 -43295774 483134105
2047951638 -22882586 -43292296 442044006
3802279770 -22882579 -43291633 2047951481
442043986 -22882575 -43295827 2195303064 3342822889
3342823795 -22882561 -43291762 442044023 3802279774
483104893 -22882559 -43291033 2047951491
2047951481 -22882556 -43291679 3342823795
3802279769 -22882554 -43292293 442044006
442044006 -22882550 -43292380 3802279768
2047951565 -22882547 -43292219 3802279769
482770075 -22882429 -43292721 3802279777 482770074
483105232 -22882382 -43291733 2047951565
2047951491 -22882355 -43290679 483104910
3802279768 -22882341 -43292622 475758721
442044025 -22882341 -43291345 3342823795 442044026
483104910 -22882315 -43290629 2047951612
2047951612 -22882268 -43290595 483104917
483105230 -22882239 -43291475 483105232
483132932 -22882226 -43299717 483138405 483132937 483132928
483104917 -22882226 -43290587 483104923
483138885 -22882214 -43297632 483134060 2195303065
483104923 -22882176 -43290598 3802279767
483105224 -22882156 -43291364 483105230
3802279767 -22882106 -43290637 3007216082
3007216082 -22882039 -43290704 483104935
3802279766 -22881978 -43291190 483105224
442043838 -22881953 -43294768 442043839
442043987 -22881883 -43294931 442043986
442043839 -22881812 -43294524 2047970064
2195303066 -22881802 -43296311 2195303065 2195303067 442043986
2047977674 -22881798 -43290203 2047977663 482855297
483104935 -22881747 -43291027 3802279766 483104944
2195303065 -22881723 -43296574 483138885 2195303063 2195303062 2195303066
2047970066 -22881676 -43293407 482770075
442043988 -22881665 -43294595 442043987
2195303063 -22881656 -43296400 2195303065 2195303066 2195303062
2047970064 -22881655 -43294082 442043842
475758721 -22881645 -43293236 442043991
482855297 -22881644 -43290380 482854783 2047977674
442043843 -22881624 -43293454 2047970066
2195303067 -22881577 -43296232 2195303063 2195303066 2195303062
482855294 -22881573 -43290458 482855297
3342822890 -22881569 -43293465 442043843
2195299898 -22881562 -43296201 2195303067
2047970051 -22881559 -43293540 442043843
2195299899 -22881544 -43296164 2195299898
442043842 -22881540 -43293721 2047970045
2047970045 -22881534 -43293642 2047970051
2195303062 -22881499 -43296495 483138405 2195303065 2195303067 2195303063
2047970069 -22881495 -43293461 3342822890
2047970047 -22881488 -43294029 442043988
442043991 -22881438 -43293425 475758715 2047970069 442043990
482855289 -22881417 -43290581 482855294
2047970061 -22881415 -43293761 2047970047
483104944 -22881415 -43291422 483104959
442043990 -22881401 -43293627 2047970061
482854783 -22881378 -43290529 2047977678
2047970058 -22881306 -43293304 442043991
3843905098 -22881259 -43290633 3843905099
3843905099 -22881250 -43290569 2047977678
3843905097 -22881237 -43290690 3843905098 482855289
2047977678 -22881221 -43290507 483108554
2047970063 -22881218 -43293326 2047970053
2047970053 -22881199 -43293503 2047970055
483104972 -22881178 -43293131 2047970063 2047970058
2047970055 -22881177 -43293587 475758715
475758715 -22881121 -43293675 483134072
2047977660 -22881115 -43290011 2047977648 2047977650
483108554 -22881088 -43290408 483108553
2047977650 -22881024 -43290184 2047977660
483108553 -22880965 -43290346 2047977668
442044026 -22880959 -43290026 442044027 442044025
2047977668 -22880848 -43290315 483108550
483138405 -22880840 -43296867 483134723 483132932 2195303062 483138419
483108550 -22880752 -43290349 483108546
483134072 -22880651 -43294017 2195299901 2195299904
2195299895 -22880621 -43294291 2195299899
2195299901 -22880612 -43294125 2195299905
2195299905 -22880604 -43294257 2195299895
483104959 -22880575 -43292338 2047970059
483104967 -22880573 -43292418 483104972
2047970059 -22880559 -43292375 483104967
2195299902 -22880533 -43294194 2195299905
2195299904 -22880429 -43294171 2195299902 483107908
483108684 -22880315 -43291994 483108447
483107908 -22880283 -43294289 483138472 2195299904 483107904
483108447 -22880144 -43291778 483108684 3843905097 483108692
483138419 -22880102 -43295370 483138405 483138461
