746985449 -22810237 -43440198 746985148
746985490 -22809746 -43440801 746985494
3055755599 -22809688 -43444095 3055755596
3055755596 -22809521 -43444122 3055755595 3055755599
3055755595 -22809311 -43444182 3055755593 3055755596
746985466 -22809301 -43441455 746985461
3055755593 -22809129 -43444299 3055755595 3055755592
3055755592 -22809046 -43444276 3055755593 3055755591
3055755591 -22808938 -43444152 3055755590 3055755592
3055755590 -22808908 -43443976 3055755613 3055755589 3055755591
746985578 -22808866 -43442056 746986840
746986840 -22808773 -43441828 746985578 746986841 746985580
3055755589 -22808741 -43443881 3055755588 3055755590
3055755588 -22808602 -43443811 3055755587 3055755589
3055755587 -22808491 -43443781 3055755586 3055755588
3055755586 -22808389 -43443801 3055755587 3055755585
3055755585 -22808294 -43443804 3055755584 3055755586
746986841 -22808214 -43442241 746986840 746986842 746986843
3055755584 -22808207 -43443784 3055755583 3055755585
746985580 -22808148 -43440293 746986840 746986843 746986945 746985461
746986838 -22808134 -43442796 746986839
3055755583 -22808118 -43443710 3055755582 3055755584
3055755582 -22808053 -43443624 3055755581 3055755583
3055755581 -22807979 -43443577 3055755580 3055755582
3055755580 -22807877 -43443593 3055755579 3055755581
3055755579 -22807735 -43443607 3055755580 3055755578
746986844 -22807719 -43441895 746986845
3055755578 -22807649 -43443580 746985740 3055755579
746985740 -22807610 -43443494 3055755578 746986839
746986843 -22807584 -43440705 746986841 746985961 746985580
746986839 -22807532 -43443448 746985740 746986838 746985739
746987553 -22807521 -43441498 746987554
746985739 -22807446 -43443398 746986842 462128336 746986839 767329301
746986842 -22807244 -43442958 746986841 746985739 746986845
767329301 -22807009 -43443929 767329258 767329444 746985739
746986845 -22806989 -43442404 746986842 746987554 746986844
746987554 -22806803 -43442000 746985961 746986845 746987553
767329444 -22806679 -43443739 3819977672 767329488 767329301
746985961 -22806553 -43441458 746987554 746986843 746986946 462128336
767329258 -22806546 -43444489 767329488 767329300 767329301
746986946 -22806320 -43440916 746985961 746987453 746986945
746987453 -22806229 -43440703 746987517 746986946 746987105
767329300 -22806130 -43445079 767329258 767329539
746987105 -22806115 -43440437 746987518 746987104 746987453
746987518 -22806040 -43440263 746987101 746987105 746987516
3819977673 -22805610 -43442344 3819977672
462128336 -22805476 -43442245 746985961 746987323 746985739
767329539 -22805416 -43444643 767329537 767329442 767329300
3819977672 -22805291 -43442941 767329444 767329382 3819977673 3819977671
767329488 -22805290 -43443737 767329258 767329444 3819977671 767329442
767329537 -22805290 -43444940 767329539 767329535
746987516 -22805286 -43440801 746987518
767329535 -22805280 -43445187 767329537 767329521
767329382 -22805260 -43442923 3819977672 767329384
746987521 -22805183 -43440012 746987101 746987519 746987531
746987517 -22805093 -43441517 746987519 746987323 746987453
767329521 -22805072 -43445509 767329520 767329535
3819977671 -22804976 -43443549 767329257 767329488 3819977672
746987323 -22804704 -43441795 746985738 746987517 462128336
767329520 -22804637 -43445251 767329519 767329521
746987519 -22804636 -43440398 746987521 746987102 746987517 746987520
746985738 -22804544 -43441702 767329414 746987102 746987323
767329519 -22804162 -43445122 767329520 767329518
746987102 -22804147 -43440743 746987519 746988180 746985738 746987103
767329442 -22803935 -43443738 767329539 767329488 767329420 767329489
767329518 -22803836 -43444983 767329517 767329519
767329414 -22803608 -43441131 746985738 767329384 746987103
746987103 -22803564 -43441113 746985737 767329414 746987102
767329517 -22803539 -43444779 767329515 767329518
767329384 -22803262 -43441732 767329382 767329197 767329257 767329414
767329515 -22803203 -43444607 767329517 767329514
767329197 -22803133 -43441668 767329198 767329384 767329386
767329489 -22802975 -43443728 767329442 767329491
746988177 -22802971 -43440404 746988180
767329257 -22802946 -43442333 767329198 767329384 3819977671 767329420
767329420 -22802631 -43442994 767329257 767329390 767329442
767329514 -22802590 -43444243 767329515
767329491 -22802411 -43443835 767329489 767329390
767329108 -22802233 -43444060 767329390
767329390 -22802220 -43443856 767329108 767329107 767329420 767329491
767329107 -22802204 -43443610 767329106 767329390
767329198 -22801818 -43441668 767329197 767329199 767329255 767329257
746985737 -22801814 -43440061 746985694 746987103
767329106 -22801779 -43442837 767329104 767329107
767329104 -22801561 -43442462 767329103 767329106
767329103 -22801324 -43442172 767329104 767329102
746991531 -22801230 -43440366 746985694 767329386 746991524
767329386 -22801113 -43440450 746991531 767329197 746991535
767329199 -22801047 -43441689 767329198 767329101
767329102 -22800967 -43441936 767329103 767329101
767329255 -22800700 -43441035 767329198 746991535
746991535 -22800648 -43440781 767329255 767329386 746985695 746991770
767329101 -22800552 -43441721 767329199 767329099 767329102
767329099 -22800295 -43441689 767329101 767329098
746991588 -22800153 -43440844 746991589
