3768353784 -22.8399799 -43.2284065 3768353779
3768353781 -22.8398666 -43.2287179 3768353780
3768353780 -22.839827 -43.2286852 3768353778
3768353779 -22.8398098 -43.2285233 3768353775
3768353778 -22.8397741 -43.2286667 3768353777
3768353777 -22.8397231 -43.2286585 3768353776
3768353776 -22.8396589 -43.2286667 277540163
3768353775 -22.8396306 -43.2286462 277540163
3768353774 -22.8396267 -43.2282033 277591227
277540163 -22.8394997 -43.2287517 277591230
277591230 -22.8388572 -43.2292269 501126053 3768353771
3768353771 -22.8387275 -43.2292367 3768353770
501126053 -22.8386738 -43.2293625 501126060
3768353770 -22.8386501 -43.229228 277591229
277591228 -22.8386034 -43.2289382 3768353774
277591229 -22.8385873 -43.2291831 3768353768
3768353769 -22.8385673 -43.228986 277591228
501126060 -22.8385601 -43.2293813 501126074
3768353768 -22.8385513 -43.2291092 3768353767
3768353767 -22.83855 -43.229044 3768353769
501126074 -22.8381632 -43.2293061 277591228
3423372085 -22.8224228 -43.2299369 769382741
277595209 -22.8220889 -43.2293126 3772044481
769382741 -22.8218937 -43.2292711 3414164820 3338188908
277645874 -22.8215588 -43.2284852 277595209
3414164820 -22.8214179 -43.2286936 2611544696
3414164819 -22.8214084 -43.2284556 277595209
2611544696 -22.8212874 -43.2285345 2611544690
2579266442 -22.8210848 -43.227893 277645874
2611544690 -22.8210345 -43.2282459 452657418
2579266441 -22.8208144 -43.2276546 2579266442
2969564575 -22.8206953 -43.2276284 3414164819
452657418 -22.8206068 -43.2277727 452657469 2607413863
277645762 -22.8205612 -43.2274642 2969564575
2579266440 -22.8205383 -43.2275116 2579266441
452657469 -22.8204564 -43.2276723 2969564569
2969564569 -22.8203906 -43.2276302 452657470
452657470 -22.8203367 -43.2276056 2969564568
2611734530 -22.8203276 -43.2274516 2579266440
2969564568 -22.8203049 -43.22759 2969564567
2969564567 -22.820275 -43.2275798 452657471
452657471 -22.8202108 -43.2275708 452657472
2969564571 -22.8201686 -43.2274364 2611734528
2611734529 -22.8201614 -43.2273868 2969564571
2611734528 -22.8201582 -43.2274858 2969564573
2969564573 -22.8201426 -43.2275108 2611734526
2969564572 -22.8201393 -43.2273518 2611734529
2611734526 -22.8201095 -43.2275285 452657472
2611734527 -22.8201068 -43.2273296 2969564572
2969564570 -22.8201006 -43.2272437 2607413861
2607413861 -22.8200951 -43.2272035 2607413863
2969564574 -22.8200907 -43.2272756 2969564570
2607413863 -22.8200727 -43.227159 464749585
2607413864 -22.820068 -43.2273008 2969564574
