524693786 -22959898 -43192155 524693787 524693785
142822408 -22959753 -43198014 142825283
524693787 -22959708 -43192456 524693786
1578637746 -22959631 -43192051 1578637745
1578637745 -22959049 -43191112 1578637740 1578637746
142811462 -22958917 -43199476 2217940931
142811461 -22958913 -43199912 142805962
2217940910 -22958904 -43199353 142811462
2217940933 -22958899 -43199835 142811461
2217940931 -22958895 -43199710 2217940933
1578637742 -22958885 -43192423 1578637740
2217940920 -22958877 -43199242 2217940910
2217941630 -22958738 -43196294 2217941632
2217941653 -22958730 -43196154 2217941630
2217941632 -22958728 -43196414 2217941637
2217941637 -22958711 -43196495 142825287
142825287 -22958678 -43196594 2217941658
142825283 -22958663 -43198535 142822408 2217940920
2217941633 -22958542 -43198481 2217941636
1210535758 -22958540 -43194952 3715889949 2217941653
2217941641 -22958537 -43198555 2217941633
2217941636 -22958533 -43198410 142826982
142826981 -22958512 -43198606 142825283 2217941641
2217941658 -22958502 -43196944 2217941639 2217941646
2616276171 -22958497 -43197841 142825283
1578637740 -22958462 -43191336 142790213 1578637742
2217941639 -22958451 -43196999 2217941645
2217941646 -22958440 -43197044 2217941647
2217941645 -22958418 -43197018 2217941629
2217941647 -22958411 -43197137 142825285
2217941640 -22958404 -43197452 2616276171
142826982 -22958401 -43197879 2217941651
1210535629 -22958401 -43194121 1210535758
142825285 -22958392 -43197251 2217941635
2217941635 -22958389 -43197359 2217941640
2217941629 -22958388 -43197022 2217941628
1906560782 -22958367 -43191271 142790979
2217941628 -22958339 -43197008 2217941638
2217941651 -22958318 -43197475 2217941634
2217941638 -22958301 -43196979 2217941657
2217941657 -22958272 -43196939 2217941655
1906560781 -22958270 -43191282 1906560782
142790213 -22958265 -43191377 2427530930 142788266
2217941634 -22958265 -43197148 2217941655
142812655 -22958262 -43198721 142826981
2217941655 -22958229 -43196849 142826984
142826984 -22958198 -43196600 142826986
344369721 -22958192 -43199636 344024318
2427530930 -22958174 -43191486 1906560786
142825288 -22958160 -43192324 1210535629
1906560786 -22958153 -43191529 1906560779
1906560784 -22958153 -43191264 1906560781
1906560779 -22958119 -43191614 1906560780
2427530929 -22958093 -43191506 2427530928
2427530928 -22958091 -43191560 1906560780
3358855931 -22958088 -43191921 142825288
2427530927 -22958086 -43191231 1906560784
1906560780 -22958085 -43191695 3358855931
142788266 -22958082 -43191418 2427530929 3358855929
142826986 -22958075 -43195957 763698082 148386031
1906560788 -22958034 -43191189 2427530927 142788266
3358855932 -22958025 -43191403 3358855929
3358855933 -22958024 -43191342 3358855932
3358855929 -22958006 -43191441 2427530932
763698082 -22957937 -43195329 1210535563
2217941652 -22957919 -43199292 142805962
3715889949 -22957913 -43195201 1210535563
3358855930 -22957908 -43190897 3358855933 1906560788
2427530932 -22957904 -43191478 2427530931
1110784440 -22957880 -43192808 1110784444
1210535563 -22957877 -43195215 142826988
1110784444 -22957875 -43192696 1110784440 1110784469
142826988 -22957860 -43195183 148385577
2427530931 -22957851 -43191497 1110784469
2217941648 -22957848 -43198914 142812655
148386611 -22957819 -43196729 142826984
2217941631 -22957766 -43198990 2217941648
2339797790 -22957751 -43199148 2217941652
344024318 -22957743 -43199322 142812775
148387041 -22957736 -43197914 3839020513
142812656 -22957735 -43199035 2217941631
2671713939 -22957713 -43198936 2217941648
142812871 -22957686 -43199093 142812656 2339797790
2217941643 -22957675 -43198943 2671713939
142812775 -22957656 -43199259 2339797915 142812871
2339797992 -22957639 -43199054 142812871
148385577 -22957606 -43194405 763697545 1210535629
2217941644 -22957597 -43198944 2217941643
2339797915 -22957559 -43199188 2339797815
2217941642 -22957470 -43198916 2339797992 2217941644
1110784469 -22957468 -43191651 142790212 1110784444
3839020513 -22957430 -43196905 148387041 148386030
2339797815 -22957421 -43199093 341610855
148386030 -22957414 -43196851 148386031 148386611 3839020513
341610855 -22957260 -43198982 2217949389 2217939740
148386031 -22957207 -43196177 2322537090 148385552
2322537090 -22957138 -43196197 2322568810
763697545 -22957129 -43192990 142826990
148388115 -22957054 -43197806 2217949341
2217949341 -22957051 -43197658 148388114
2217949342 -22957043 -43197932 148388115
148388114 -22957036 -43197504 148386613
2217949343 -22957009 -43198066 2217949342
2217949389 -22956984 -43198785 148387985
148386613 -22956918 -43196975 148386030
2671695579 -22956847 -43198446 2217949343
148387970 -22956816 -43198518 2671695579 2217941642
148387985 -22956765 -43198654 341609455 148387970
148385552 -22956755 -43194716 148385577 148386059
142826990 -22956753 -43192023 142790212
1110784467 -22956745 -43192970 1110784442
142790212 -22956709 -43191947 1110784442 2000100491
2000100491 -22956634 -43191783 2000100500
2000100500 -22956612 -43191733 2000100507
341609455 -22956590 -43198560 341609454 142778662
142807318 -22956507 -43198325 148387970
2000100507 -22956445 -43191366 2000100505
1210313653 -22956355 -43198288 142807318
1110784442 -22956349 -43192095 148386059 1110784467
1210313638 -22956275 -43198081 142807318
142778662 -22956220 -43198341 2217942282
148386059 -22955993 -43192241 148399176
142778663 -22955989 -43197231 1210313638 148386613
2217942284 -22955954 -43198089 1210313653
2217942282 -22955914 -43198195 2217942285 2217942281
2217942279 -22955898 -43198108 2217942284
2217942285 -22955898 -43198167 2217942283
2217942283 -22955891 -43198123 2217942279
2000100505 -22955884 -43190132 3715892221
2322568810 -22955839 -43196550 148386771
1110784471 -22955825 -43193340 148399176
1981149029 -22955796 -43196708 142778663
1981149030 -22955780 -43196664 1981149029
148386771 -22955748 -43196575 1981149030
1210313613 -22955744 -43197992 2217942284
142778665 -22955630 -43196216 148386771 2322567460
2322567460 -22955523 -43196256 2322567459
148399176 -22955476 -43192445 3163401074 148399086 1110784471
2217942281 -22955464 -43197985 2217942286
2322567459 -22955463 -43196279 148389352
1210313623 -22955387 -43197802 1210313613
142778666 -22955277 -43195247 142778665 148385552
2217942286 -22955248 -43197865 344023939
1210313614 -22955180 -43197678 1210313623 344023939
148399086 -22955092 -43191374 763700655
344023939 -22955090 -43197754 1210313614 344023889 344023277
148391200 -22955045 -43194597 148390866 142778666
341609454 -22955023 -43199886 341609451 341609455 2217939462
763700655 -22955022 -43191214 142835893
1210313639 -22955011 -43197556 1210313614
2217939462 -22954966 -43199808 2217939456 341609454
2217939456 -22954932 -43199775 2217939465 2217939462
2217939465 -22954888 -43199763 2217939457 2217939456
2217939457 -22954844 -43199773 2217939455 2217939465
344370777 -22954835 -43194034 344370776 148391200
1210313649 -22954809 -43197431 1210313639 344023277
2217939455 -22954802 -43199798 2217939457 2217939458
142835893 -22954762 -43190430 142834580
344023277 -22954727 -43197513 1210313649 1981146794 344023430
148389352 -22954697 -43196566 1210313647
1981146794 -22954591 -43197425 2217942280
2217942280 -22954548 -43197395 1210313612
1210313632 -22954529 -43197258 1210313649
3163401074 -22954525 -43192842 142778667
3163401072 -22954469 -43192992 344370777
1210313612 -22954456 -43197345 344023476
3163401073 -22954455 -43192954 3163401072
142778667 -22954429 -43192878 3163401073 3163401070
344370776 -22954415 -43194227 344370775
2322560059 -22954397 -43195666 148389352
3163401068 -22954391 -43192774 142778667
148385551 -22954373 -43195596 142778666 2322560059
3163401069 -22954366 -43192710 3163401068
3163401070 -22954346 -43192911 3163401071
3163401071 -22954306 -43192926 344370775
344370891 -22954213 -43192265 3163401069 344370890
148390866 -22954143 -43194956 148385551
344023476 -22953995 -43197117 2217944253 2217944244
344370775 -22953990 -43193053 1110779093
1210313647 -22953987 -43196794 344370712 1210313631
1210313661 -22953973 -43196917 1210313632
1210313631 -22953962 -43196820 1210313627
1210313664 -22953955 -43196884 1210313661
1210313627 -22953953 -43196846 1210313664
2217944253 -22953923 -43197264 763701800
142845279 -22953915 -43191432 344370891
763701800 -22953895 -43197298 344023475
344370712 -22953868 -43196832 2217944247
344023475 -22953851 -43197302 2217944242
2217944247 -22953769 -43196883 2217944238
2217944238 -22953767 -43196840 2217944249
142778668 -22953734 -43190909 142835893 142845279
2217944249 -22953730 -43196772 2217944246
2217944244 -22953721 -43196981 2217944247 148389010
142838875 -22953642 -43190654 142839132 142778668
2217944242 -22953608 -43197185 2217944244 344023463
148389010 -22953605 -43196920 1210313629 2217946352
344023463 -22953561 -43197160 2217946352 763698393
142839132 -22953561 -43190702 142776474
763698393 -22953538 -43197205 2217946345 344023463
2217946352 -22953509 -43197134 148389010 2217944240
344370890 -22953505 -43192561 344370891
2217946345 -22953464 -43197351 2217946349 763698393
344024004 -22953433 -43199637 344023889
2217946349 -22953410 -43197430 344023462 2217946345
344023430 -22953351 -43198622 763697188 2217946353 344023277
148385550 -22953338 -43195965 148385551
344370759 -22953308 -43194768 344370758 344370760
344023462 -22953300 -43197510 344023461 2217946349
344370758 -22953259 -43194785 344370759 344370757
763697188 -22953252 -43198539 2217946351 344023430
344023889 -22953179 -43199323 344024004 344023276 344023939
344370757 -22953135 -43194353 344370756 344370758 344370761
344370760 -22953119 -43194113 344370759 344370761
344370761 -22953070 -43194129 344370760 344370757
148396679 -22953067 -43195373 148390866
2217944246 -22953007 -43196391 2217944236
2217946351 -22952971 -43198358 763697188 344023431
2217944236 -22952968 -43196389 2217944255
344023276 -22952966 -43199044 344023889 2217946346
2217946353 -22952966 -43198940 2217946354 344023430
2217946354 -22952950 -43198974 2217946346 2217946353
2217946346 -22952949 -43199005 344023276 2217946354
344023431 -22952925 -43198305 2217946351 344023461
1210313629 -22952882 -43196551 2217944248
2217944255 -22952864 -43196437 763702492
763702492 -22952832 -43196463 2217944248
148385549 -22952828 -43196142 148385550
2217944248 -22952803 -43196509 344023473 2217944239
344370756 -22952801 -43194490 148396528 344370757
2217944251 -22952790 -43196172 148385549
2217944239 -22952756 -43196356 2217944237
2217944254 -22952753 -43196237 2217944251
148396528 -22952747 -43194503 148396679 344370756 344370755
2217944237 -22952746 -43196289 2217944254
2217944240 -22952709 -43196737 2217944248 763698687
344023461 -22952699 -43197876 344023431 344023432 344023462
344023473 -22952698 -43196449 142801698
763698687 -22952671 -43196715 2217944250
2217944243 -22952657 -43196212 148385549
344370755 -22952645 -43194551 344370754 148396528
2217944250 -22952644 -43196679 763699229
1110779073 -22952639 -43192851 1110779071
344023474 -22952635 -43196577 344023473
763699229 -22952630 -43196633 344023474
142801698 -22952625 -43196409 142776493
2217944235 -22952619 -43196228 2217944243
142776493 -22952576 -43196372 2217944252 344022144
344023432 -22952571 -43197612 344023461
2217944252 -22952512 -43196298 148391892 2217944235
1110779093 -22952486 -43193660 142790211 1110779071
142790211 -22952468 -43193670 142776489 148396528
344370754 -22952275 -43194712 344370755
1110779071 -22952269 -43193017 1110779069 1110779093 1110779073
2217948164 -22952181 -43198595 344022159 2217948160
2217948160 -22952179 -43198560 2217948164 2217948158
2217948158 -22952159 -43198542 2217948160 344022160
344022159 -22952152 -43198623 344022148 2217948164
344022160 -22952124 -43198542 2217948158 2217948175
148391892 -22952078 -43195741 148396679 142776490
2217948172 -22952060 -43197696 344022143 2217948153
2217948153 -22952055 -43197631 2217948172 2217948155
344022143 -22952053 -43197797 3264348334 2217948172
2217948155 -22952043 -43197571 2217948178 2217948153
2217948175 -22952036 -43198575 344022160 2217948150
2217948178 -22952010 -43197491 2217948155 344022144
3264348334 -22952010 -43198100 2217948163 344022143
2217948163 -22952007 -43198120 2217948179 3264348334
2217948179 -22951980 -43198195 2217948157 2217948163
2217948157 -22951950 -43198247 344022142 2217948179
1110779069 -22951927 -43193171 1110779071
344022142 -22951909 -43198286 2217948149 2217948157
2217948150 -22951862 -43198622 2217948175 344022161
344022144 -22951857 -43197249 2217948178 340409017 142776493
2217948149 -22951842 -43198322 2217948168 344022142
2217948168 -22951778 -43198336 2217948156 2217948149
344370921 -22951687 -43193166 344370922
344022161 -22951678 -43198644 344022162 2217948150
142776490 -22951606 -43195102 1210313625
2217948156 -22951578 -43198346 2217948168 2217948154
344022148 -22951552 -43199023 2217948182 344022159 2217948161
344022162 -22951537 -43198615 2217948166 344022161
2217948154 -22951526 -43198372 344022141 2217948156
2217948182 -22951523 -43199047 344022148 2217948165
2217948166 -22951505 -43198585 344022162 2217948159
2217948165 -22951504 -43199091 2217948182 2217948183
344022141 -22951499 -43198406 344022140 2217948154
2217948183 -22951479 -43199286 2217948170 2217948165
2217948159 -22951477 -43198528 2217948166 344022140
344022140 -22951477 -43198464 2217948159 344022141 344022154
2217948161 -22951462 -43199013 344022148 344022149
2217948170 -22951454 -43199335 2217948152 2217948183
2217948152 -22951418 -43199366 344022156 2217948170
340409017 -22951393 -43197850 344022144
1210313625 -22951340 -43194539 1210542114
1210542114 -22951306 -43194467 142776489
344022156 -22951232 -43199467 2217948152 2217948177
344022149 -22951183 -43199035 2217948161 344022150
344022154 -22951179 -43198428 2217948174 344022140
142776489 -22951171 -43194182 142776486
2217948177 -22951167 -43199477 2217948169 344022156
2217948169 -22951123 -43199463 2217948184 2217948177
2217948174 -22951122 -43198437 2217948151 344022154
344022150 -22951109 -43199019 344022149 344022151
2217948184 -22951105 -43199424 2217948169 344022155
344022155 -22951094 -43199349 2217948184
2217948151 -22951059 -43198460 2217948176 2217948174
344022151 -22951048 -43198984 344022152 344022150
142776486 -22951022 -43193854 344370922
2217948176 -22951019 -43198498 2217948151 2217948162
344022152 -22951011 -43198933 344022151 2217948181
2217948162 -22950985 -43198552 2217948167 2217948176
2217948167 -22950963 -43198624 2217948173 2217948162
2217948181 -22950960 -43198825 344022152 2217948173
2217948173 -22950948 -43198762 2217948167 2217948181
344370922 -22950904 -43193631 142776483 344370921
142776483 -22950744 -43193341 142776477
142845543 -22950630 -43192821 142845279
142776477 -22950532 -43192880 142845543 3804779908
3804779908 -22950531 -43192875 568894982
568894982 -22950515 -43192787 1837862346 1837862356
1837862346 -22950468 -43192620 568895099
1837862356 -22950451 -43192824 568894980
568894980 -22950380 -43192865 568895005 568895056
568895099 -22950361 -43192240 142776474
142776474 -22950303 -43192031 568894967
568894967 -22950279 -43191959 142843846
142843846 -22950047 -43191055 142778669 638029444
568895005 -22950032 -43193022 568895009 568894980 568895014
568895056 -22949996 -43192407 568895099 568894980 568895054
638029444 -22949891 -43190386 638029433 638029441
638029433 -22949863 -43190262 142776471 638029430
568895009 -22949859 -43193319 568895005 568895042 568895040
568895042 -22949845 -43193183 568895009 568895014
568895040 -22949789 -43193432 568895038 568895009
568895014 -22949704 -43193170 568895005 568895042 568895046
568895038 -22949686 -43193535 568895035 568895040
568895046 -22949544 -43193116 568895048 568895014
568895035 -22949536 -43193552 568895032 568895038
568895048 -22949470 -43192986 568895046 568895052
568895054 -22949446 -43192666 568895052 568895056
568895052 -22949391 -43192770 568895048 568895054
568895032 -22949378 -43193449 568895025 568895035
568895025 -22949244 -43193252 568895022 568895032
568895022 -22949125 -43193029 568895025 568895019
568916725 -22948972 -43193485 568916724 568916726
568916724 -22948964 -43193605 568916723 568916725
568895019 -22948928 -43192994 568895017 568895022
568895017 -22948841 -43193094 568916726 907528049 568895019
568916726 -22948806 -43193219 568895017 568916725
568916723 -22948624 -43193845 568916724
907528049 -22948421 -43193282 568895017
638029441 -22948308 -43191478 638029444
142765532 -22947619 -43190004 142765531
321221668 -22947415 -43199274 321221667 321221672
321221667 -22947301 -43198772 321221668 2888526939
2888526939 -22947201 -43198569 321221666 321221667
321221666 -22947083 -43198380 321221665 2888526939
321221665 -22946815 -43198062 321221663 321221666
142859537 -22946676 -43190067 142859368
321221663 -22946511 -43197686 321221661 321221665
321221661 -22946348 -43197442 321221663 2888526938
343996643 -22946194 -43193410 343996645
343996645 -22946190 -43193162 343996643 343996646
343996646 -22946184 -43193056 343996645 2404295966
2404295966 -22946168 -43192968 343996646 2404295929
2404295929 -22946141 -43192889 343996649 2404295966
2888526938 -22946073 -43197347 321221661
343996649 -22946058 -43192701 343996651 2404295929
343996651 -22945957 -43192516 343996649 343996652
343996652 -22945925 -43192424 343996651 2404295955
2404295955 -22945904 -43192328 343996652 2404295983
343996655 -22945894 -43191910 343996654 2404295924
2404295983 -22945891 -43192222 2404295955 343996654
343996654 -22945887 -43192096 2404295983 343996655
2404295924 -22945884 -43191758 343996655 343996658
343996658 -22945837 -43191404 2404295923 2404295924
2404295923 -22945815 -43191307 2404295968 343996658
2404295968 -22945783 -43191221 2404295923 343996659
343996659 -22945685 -43191061 2404295968 343996661
343996661 -22945603 -43190949 2404295922 343996659
2404295922 -22945536 -43190866 343996661 343996663
343996663 -22945438 -43190772 2404295922 2404295987
2404295987 -22945368 -43190732 343996663 2404295956
2404295956 -22945239 -43190726 2404295987 2404295946
2404295946 -22945141 -43190704 343996664 2404295956
343996664 -22945082 -43190667 2404295946 2404295949
2404295949 -22945022 -43190605 343996664 2404295976
2404295976 -22944988 -43190542 2404295950 2404295949
2404295950 -22944961 -43190468 2404295976 2404295986
2404295986 -22944913 -43190263 2404295950 2404295981
2404295975 -22944912 -43190028 2404295926 2404295981
2404295981 -22944904 -43190176 2404295986 2404295975
400693332 -22944587 -43192043 400693331
400693331 -22944141 -43190848 400693332 400693330
400693330 -22943880 -43190273 400693331 2404311738
2404311700 -22943861 -43192054 2404311712
2404311706 -22943855 -43191986 2404311700
2404311738 -22943844 -43190229 2404311724 400693330
2404311712 -22943826 -43192242 2404311736
2404311724 -22943788 -43190190 2404311738 2404311741
2404311736 -22943767 -43192384 2404311719
2404311741 -22943725 -43190163 2404311724 2404311701
2404311719 -22943702 -43192484 2404316256
2404316261 -22943586 -43190922 2404311706
2404311701 -22943585 -43190155 2404311741 2404311732
2404316256 -22943536 -43192645 2404311704
2404311732 -22943508 -43190169 2404311701 2404320727
2404311704 -22943497 -43192673 2404311707
2404311722 -22943485 -43190535 2404316261
2404311709 -22943450 -43190477 2404311722
2404311707 -22943447 -43192693 2404316262
2404311730 -22943401 -43190441 2404311709
331107859 -22943271 -43199538 2888526937
2404320729 -22943236 -43190405 2404311730
2404320727 -22943223 -43190289 2404311732 2404320730
2404327993 -22943194 -43191610 2404327997
2404327997 -22943189 -43191660 2404328003
2404327995 -22943187 -43191556 2404327993
2404328003 -22943174 -43191709 2404327996
2404327999 -22943167 -43191521 2404327995
2404327996 -22943147 -43191746 2404328000
2404327998 -22943097 -43191445 2404327999
2404311726 -22943096 -43190411 2404320729
2888526937 -22943081 -43199581 331107859 331107858
2404328000 -22943070 -43191813 2404327994
2404316262 -22943056 -43192744 2404316244
2404327994 -22943041 -43191851 2404320302
2404322393 -22943033 -43191340 2404327998 331107904
2404322407 -22943026 -43191269 2404322393
331107904 -22943024 -43191624 2404320302 331107908
1075635716 -22943016 -43191207 2404322407
2404320302 -22943015 -43191911 2404322411
2404320730 -22943005 -43190437 2404320727 2404311726 2404311734
331107906 -22942995 -43191163 1075635716
2404322411 -22942988 -43192040 344569417
344569417 -22942960 -43192116 2404322385
2640001652 -22942955 -43192921 2640001651 2640001653
2404322383 -22942946 -43191112 331107906
1075635725 -22942942 -43190469 2404320730
2640001653 -22942940 -43193028 2640001652 2640001654
2640001651 -22942935 -43192846 2640001652 2640001650
2404322385 -22942919 -43192177 344569416
2640001650 -22942893 -43192808 2404316258 2640001651
344569409 -22942883 -43191070 2404322383
2404311734 -22942867 -43190449 2404311729 2404320730
2404316244 -22942865 -43192778 2404316258
344569416 -22942860 -43192218 344569407
2640001654 -22942844 -43193186 2640001653 2640001655
344569407 -22942810 -43192236 2404322400
344569410 -22942782 -43191034 344569409
2404316258 -22942780 -43192809 2404316252 2640001650
331107883 -22942761 -43198616 331107874
1075635754 -22942730 -43190586 1075635725
2888526936 -22942697 -43199287 2888526935 331107852
2888526935 -22942693 -43199259 2888526936 2888526934
2404322400 -22942692 -43192249 2404322399
2404311729 -22942691 -43190473 2404311739 2404311734
331107852 -22942689 -43199322 2888526936 2888526933
2640001655 -22942686 -43193366 2640001656 2640001654
2404311733 -22942677 -43190606 1075635754
331107874 -22942667 -43198549 331107872 331107883
2888526934 -22942654 -43199235 2888526935 2888526930
331107858 -22942652 -43199705 2888526931 2888526937
2888526933 -22942606 -43199397 2888526932 331107852
331107872 -22942581 -43198304 331107874 331107871
2404311714 -22942546 -43190622 2404311733
2404316252 -22942541 -43192920 2404316243
331107870 -22942524 -43198405 331107869 331107871
2404322392 -22942524 -43190991 344569410
331107871 -22942494 -43198277 331107872 331107870
331107866 -22942490 -43198748 331107867 331107865
2888526932 -22942489 -43199459 2888526933 331107855
2640001656 -22942478 -43193562 2640001655 2640001657
2404311739 -22942477 -43190476 2404311729 2404311721
331107868 -22942472 -43198601 331107867 331107869
331107867 -22942453 -43198654 331107868 331107866
331107869 -22942441 -43198552 331107868 331107870
2404316243 -22942438 -43192934 2404316254
331107865 -22942436 -43198824 331107864 331107866
2888526931 -22942423 -43199722 331107857 331107858
2404311721 -22942423 -43190466 2404311739 2404311737
2404322399 -22942412 -43192257 2404322384
2640001670 -22942407 -43194353 2640001669
2888526930 -22942379 -43199237 331107851 2888526934
331107919 -22942353 -43190605 2404311714
2404311737 -22942334 -43190423 2404311711 2404311721
2640001669 -22942329 -43194346 2640001668 2640001670
331107855 -22942309 -43199540 2888526932 2888526929
2404311711 -22942286 -43190376 2404311737 2404311740
2640001657 -22942286 -43193680 2640001656 2640001658
2404316254 -22942270 -43192940 2404316250
2404311740 -22942228 -43190303 2404311711 1075635737
331107864 -22942212 -43198616 331107863 331107865
331107857 -22942209 -43199708 2888526928 2888526931
2888526929 -22942195 -43199595 331107856 331107855
2888526928 -22942176 -43199676 331107856 331107857
1075635737 -22942173 -43190206 2404311740 2404295931
331107856 -22942167 -43199634 2888526929 2888526928
2640001668 -22942147 -43194411 2640001669 2640001667
2404295931 -22942090 -43190004 1075635737 2404295971
331107863 -22942087 -43198372 331107862 331107864
331107891 -22942057 -43197878 2888526927
2404320310 -22942045 -43190550 331107919
2404322404 -22942038 -43190965 2404322392
2640001667 -22942026 -43194409 2640001666 2640001668
2404320311 -22941953 -43190555 2404320310
2640001666 -22941912 -43194376 2640001665 2640001667
2404322406 -22941876 -43190966 2404322404
2404322384 -22941856 -43192242 2404322391
2404320313 -22941853 -43190574 2404320311
2404316250 -22941839 -43192935 2404316242
2640001658 -22941831 -43193726 2640001659 2640001657
331107851 -22941806 -43199206 331107848 331107849 2888526930
331107848 -22941806 -43198914 331107851 2888526926
331107849 -22941775 -43199362 331107851 331107850
2404322410 -22941752 -43190973 2404322406
331107921 -22941652 -43190664 2404320313
2640000449 -22941651 -43192955 2640000450 2283565999
2640000450 -22941646 -43193003 2640000451 2640000449
2404316242 -22941642 -43192904 2283565999
2640001665 -22941596 -43194250 2640001663 2640001666
331107922 -22941559 -43190690 331107921
2283565999 -22941554 -43192872 2283565997 2640000449
2404322391 -22941514 -43192203 2404322409
2640000451 -22941495 -43193116 2640000450 2640000452
331107923 -22941471 -43190703 331107922
2404322394 -22941467 -43191020 2404322410
2640001659 -22941458 -43193779 2640001660 2640001658
331107862 -22941432 -43198372 331107861 331107863
331107924 -22941389 -43190701 331107923
2404322386 -22941368 -43191047 2404322394
2404322409 -22941362 -43192177 2404322380
331107850 -22941361 -43199317 331107849
331107927 -22941290 -43190679 331107924
2640000452 -22941214 -43193261 2640000451 2640000453
2888526927 -22941203 -43197880 331107891 331107887
331107861 -22941199 -43198500 331107885 331107862
344569411 -22941194 -43191114 2404322386
2404322380 -22941169 -43192126 344569406
2640001660 -22941142 -43193849 2640001659 2640001661
2404320306 -22941126 -43190613 331107927
344569406 -22941095 -43192082 2404322408
2888526926 -22941076 -43198741 2888526925 331107848
2404322412 -22941058 -43191219 344569411
331107939 -22941044 -43190591 2404320306
2404322408 -22941038 -43192037 2404322377
2404322403 -22941004 -43191283 2404322412
2640000453 -22941001 -43193314 2640000452 2640000454
331107887 -22940990 -43197975 331107889 331107885 2888526927
2404322377 -22940982 -43191969 2404322375
331107885 -22940968 -43198453 331107860 331107861 331107887
2404322398 -22940957 -43191359 2404322403
2404322375 -22940949 -43191915 344569415
2404322376 -22940939 -43191402 2404322398
344569415 -22940932 -43191863 331107908
331107907 -22940932 -43191454 2404322376
331107908 -22940927 -43191623 2404322396 331107907
2640001661 -22940919 -43193911 2640001660 2640001662
2283565997 -22940903 -43192601 2283565996
2640001663 -22940889 -43194028 2640001662 2640001665
2404320307 -22940886 -43190571 331107939
2404322402 -22940871 -43191563 331107908
2640001662 -22940869 -43193958 2640001661 2640001663
2404322396 -22940865 -43191689 642160449
331107889 -22940865 -43198052 331107887 141961822
642160449 -22940827 -43191696 642160438
642160732 -22940827 -43191554 2404322402
2640000454 -22940816 -43193285 2640000453 2640000455
2283565996 -22940759 -43192522 2404316264
2404320309 -22940757 -43190568 2404320307
2888526925 -22940719 -43198655 331107847 2888526926
2404316264 -22940687 -43192464 2404316255
2640000455 -22940653 -43193124 2640000454 2640000456
2404316255 -22940617 -43192384 2283565982
2640000456 -22940603 -43193058 2640000455
2404320303 -22940599 -43190555 2404320309
141968294 -22940574 -43197366 141961822 141968295
2283565982 -22940555 -43192287 2404316248
331107941 -22940546 -43190534 2404320303
642160754 -22940537 -43191558 642160732
141968295 -22940536 -43197164 141968294 141968297
642160438 -22940532 -43191691 2404322378
2404316248 -22940507 -43192190 2283565891
2404322413 -22940488 -43191577 642160754
2404322378 -22940487 -43191669 400693329
2404320312 -22940482 -43190496 331107941
2283565891 -22940466 -43192083 2404316263
2283565947 -22940446 -43191448 400693329
2404316263 -22940445 -43191980 2404327125
141968297 -22940442 -43197021 141968300 141968295
400693329 -22940442 -43191623 3709894897 2404322413
141961822 -22940440 -43197973 331107860 141968294 331107889
2404327125 -22940438 -43191812 400693329
2404327100 -22940437 -43191336 2283565947
2404327107 -22940420 -43191246 2404327100
2404327111 -22940394 -43191156 2404327107
331107860 -22940361 -43198304 331107847 141961822 331107885
2283565880 -22940352 -43191080 2404327111
331107847 -22940310 -43198498 331107860 2888526925 141961820
331107942 -22940307 -43190379 331107944 2404320312
2404327106 -22940295 -43191008 2283565880
141961818 -22940273 -43199783 321231551 344569024 1578566174
2404327123 -22940231 -43190944 2404327106
344569024 -22940225 -43199535 141961818 141961820
2404327109 -22940162 -43190894 2404327123
141961820 -22940139 -43199088 344569024 331107847
331107909 -22940117 -43190876 2404327109 331107942
331107944 -22940102 -43190189 331107965
