1661218294 -22.9389891 -43.7166466 1661218075 1661218356
1661218075 -22.9355321 -43.7132283 1661218046 1661218294 3025229148
1661218046 -22.9349796 -43.7145182 2982007719 2982007729 1661218075
2982007719 -22.9345603 -43.7154506 1661218046 1661218011 2982007736
2982007736 -22.9344586 -43.7154015 2982007719 2982007735 2982007730
2982007735 -22.9343756 -43.7154815 2982007734 2982007736
2982007734 -22.9342976 -43.7155065 2982007733 2982007735
2982007733 -22.9342225 -43.7154881 2982007732 2982007734
1661218011 -22.9341842 -43.7163768 2982007719 1661217946
2982007732 -22.934167 -43.715442 2982007731 2982007733
2982007731 -22.9341371 -43.7153644 2982007732 2982007730
2982007730 -22.9341263 -43.7152655 2982007731 2982007736 2982007718
2982007729 -22.9338547 -43.7139826 2982007728 1661218046 2982007724
2982007728 -22.9337281 -43.7142941 2982007727 2982007729
2982007724 -22.9336906 -43.7139054 2982007729 1661217935 2982007725
2982007727 -22.9336569 -43.714316 2982007728 2982007726
2982007726 -22.9335952 -43.7142897 2982007727 2982007725
2982007725 -22.9335684 -43.7142096 2982007724 2982007726
2982007718 -22.9331677 -43.7147915 2982007717 2982007730 2982007720
2982007717 -22.9330371 -43.7150846 2982007716 2982007718
2982007716 -22.9329332 -43.7151974 2982007715 2982007717
3025229148 -22.932862 -43.7106427 3025229141 1661218075
2982007715 -22.9328362 -43.7152352 2982007714 2982007716
2982007714 -22.932738 -43.7152311 2982007713 2982007715
3025229141 -22.9323578 -43.7101455 1661217945 3025229148
1661217945 -22.9323019 -43.7100903 1661217915 1661217894 3025229141
2982007713 -22.932235 -43.7149952 2982007714
1661217942 -22.932181 -43.7119783 2982007680 1661217890
1661217946 -22.9320802 -43.715373 1661218011
2982007680 -22.9319859 -43.712455 1661217935 2982007681 1661217942
1661217935 -22.9317877 -43.7129722 2982007724 1661217919 2982007680
1661217919 -22.9317333 -43.7130716 3025229129 1661217935 2982007688
2982007720 -22.9317061 -43.7140809 2982007721 2982007718
3025229129 -22.9316944 -43.7131756 1661217919
2982007687 -22.9316133 -43.7125093 2982007686 2982007688
2982007688 -22.9314483 -43.7129299 1661217919 2982007685 2982007687
1661217915 -22.9312132 -43.7110499 1661217945 2982007679 1661217890
2982007681 -22.9311512 -43.7120266 2982007680 2982007682
2982007682 -22.9311123 -43.712049 2982007681 3025229115
2982007686 -22.9310764 -43.7122434 2982007683 2982007685 2982007687
3025229115 -22.9310377 -43.7121671 2982007683 2982007682
2982007679 -22.9310199 -43.7108254 1661217915 1661217910
2982007683 -22.9309586 -43.7121897 2982007684 2982007686 3025229115
2982007685 -22.9308993 -43.7126712 2982007684 2982007686 2982007688
1661217910 -22.9308575 -43.7108007 1661217884 2982007679
1661217890 -22.9308055 -43.7114257 1661217880 1661217857 1661217915 1661217942
2982007684 -22.9307622 -43.7126007 2982007683 1661217857 2982007685
1661217884 -22.9306965 -43.7108065 2982007677 2982007678 1661217910
1661217880 -22.9306361 -43.7111388 2982007678 1661217890
2982007678 -22.9306361 -43.7109581 1661217884 1661217880
2982007721 -22.9305408 -43.7135183 2982007720
2982007677 -22.9302158 -43.710138 1661217884 2982007673 2982007676
1661217857 -22.9299446 -43.7122091 2982007684 2982007648 1661217837 1661217890
2982007650 -22.9295894 -43.7117076 2982007649 2982007652
2982007649 -22.9295859 -43.7117762 2982007648 2982007650
2982007676 -22.9295569 -43.710676 2982007677 2982007675
2982007648 -22.929434 -43.7119632 1661217857 2982007649 3025229084
2981998224 -22.9294102 -43.712312 2981998216
2982007675 -22.9293954 -43.7104834 2982007673 2982007674 2982007676
1661217837 -22.9292958 -43.7128041 1661217857 2981998225
2982007652 -22.9292303 -43.7112445 2982007650 2982007653
2981998225 -22.9292099 -43.7130849 2981998217 2982007633 1661217837
3025229084 -22.9291446 -43.7118252 2982007648 1661217790
2982007653 -22.9291359 -43.7112845 2982007652 2982007674
2982007635 -22.9291171 -43.7132557 2982007634 2982007636
2982007634 -22.929117 -43.7132811 2982007635 2982007633
2982007636 -22.9291099 -43.7132315 2982007635 2982007637
2982007633 -22.9291096 -43.7133053 2981998203 2982007647 2981998225 2982007634
2982007637 -22.9290961 -43.7132109 2982007638 2982007636
2982007647 -22.929094 -43.7133275 2982007646 2982007633
2982007638 -22.9290771 -43.713196 2982007637 2982007639
2982007646 -22.9290724 -43.7133426 2982007645 2982007647
2982007639 -22.9290548 -43.7131882 2982007638 2982007640
2982007645 -22.9290474 -43.7133488 2982007644 2982007646
2981998203 -22.929033 -43.7135143 2982007633 2981998226
2982007640 -22.9290314 -43.7131883 2982007639 2982007641
2982007644 -22.9290218 -43.7133454 2982007643 2982007645
2982007641 -22.9290092 -43.7131964 2982007642 2982007640
2982007643 -22.9289989 -43.7133328 2981998232 2982007644
2981998217 -22.928998 -43.7129733 2981998208 2981998216 2981998225
2981998216 -22.9289961 -43.712945 2981998217 2981998215 2981998224
2981998208 -22.9289914 -43.7130008 2981998209 2981998217
2982007642 -22.9289904 -43.7132115 2981998229 2982007641
2981998215 -22.928986 -43.7129189 2981998216 2981998214
2981998232 -22.9289813 -43.7133125 2982007643 2981998231
2981998229 -22.9289768 -43.7132322 2982007642 2981998228 2981998230
2981998209 -22.9289766 -43.7130248 2981998210 2981998208
2981998231 -22.9289711 -43.7132869 2981998232 2981998230
2981998230 -22.9289695 -43.713259 2981998229 2981998231
2981998214 -22.9289686 -43.7128977 2981998215 2981998213
2981998210 -22.9289554 -43.7130423 2981998218 2981998209
2981998213 -22.9289459 -43.7128837 2981998214 2981998212
2981998218 -22.9289301 -43.7130513 2981998210 2981998228 2981998219
2981998212 -22.9289202 -43.7128784 2981998213 2981998211
2981998219 -22.9289035 -43.7130508 2981998218 2981998220
2981998211 -22.9288943 -43.7128823 2981998212 2981998207
2981998220 -22.9288785 -43.7130408 2981998221 2981998219
2981998207 -22.928871 -43.7128951 2981998206 2981998211
2981998228 -22.9288692 -43.7131861 2981998218 2981998229 2981998226
2982007674 -22.9288586 -43.7109203 2982007653 2982007654 2982007675
2981998221 -22.9288579 -43.7130225 2981998222 2981998220
2981998206 -22.9288527 -43.7129154 1661217824 2981998207
2981998222 -22.928844 -43.7129979 2981998223 2981998221
1661217824 -22.9288414 -43.7129409 2981998206 2981998223 1661217792
2981998223 -22.9288383 -43.7129696 1661217824 2981998222
2981998226 -22.9287769 -43.7133976 2981998203 2981998228 3025229074
2982007654 -22.9285736 -43.7105543 2982007674 1661217794 2982007672 2982007655
2982007655 -22.9282578 -43.7101436 2982007659 2982007654 2982007662
3017375162 -22.9282557 -43.7179994 2981571229 2981571230
1661217794 -22.9281528 -43.7109346 2982007656 2982007660 1661217790 2982007654
2982007659 -22.9281518 -43.7103747 2982007658 2982007661 2982007655
2981998205 -22.9281322 -43.7122723 1661217792
2982007661 -22.9280953 -43.7105269 2982007660 2982007659
2982007660 -22.9280896 -43.7108049 1661217794 2982007661
1661217792 -22.9279999 -43.7125534 1661217824 3025229075 2981998205 2981998204
1661217812 -22.927961 -43.7128344 3025229075
1661217790 -22.9279226 -43.7111504 1661217781 3025229084 1661217794
3025229075 -22.9279014 -43.7128051 1661217768 1661217812 3025229074 1661217792
3025229074 -22.9278527 -43.712941 2981998194 3025229075 2981998226
2981998204 -22.9276509 -43.7124095 1661217766 1661217768 1661217792
1661217781 -22.9276251 -43.711426 3015667146 1661217766 1661217790
1661217768 -22.9275649 -43.7126399 3025229075 1661217753 2981998204
2981571230 -22.9275625 -43.7176638 2981571231 3017375162
2981571231 -22.9274748 -43.7176071 2981571230 3017375156
2982007658 -22.9274629 -43.7100355 2982007656 2982007659 2982007657
3015667146 -22.9274056 -43.711557 1661217781 3015667145
3017375156 -22.9273881 -43.7175319 2981571231 2981571232
2981571232 -22.9273197 -43.7174408 3017375156 2981571233
2982007656 -22.9272995 -43.7104876 3025229069 1661217794 2982007658
3015667145 -22.9272844 -43.7115968 3015667144 3015667146
1661217766 -22.927199 -43.7121926 1661217781 2981998204 1661217753
2981571233 -22.9271752 -43.7172516 2981571234 2981571232
3015667144 -22.9271595 -43.7116221 3015667143 3015667145
1661217753 -22.9270849 -43.7124041 1661217766 1661217768 2981998194
2981571234 -22.9270796 -43.7171756 2981571233 2981571235
3025229069 -22.9270487 -43.7103631 2982007656 3025229064 3025229061
2981998194 -22.9270291 -43.712534 2981998202 3015667142 1661217753 3025229074
3015667143 -22.9269991 -43.7116266 3015667144 3015667140
3015667142 -22.9269456 -43.7124433 2981998193
3015667141 -22.9269044 -43.7122831 1661217753
3015667140 -22.9268463 -43.7116091 1661217748 3015667143
3025229064 -22.9268164 -43.7102477 3025229069 1661217710 3025229057
2981998202 -22.9268112 -43.7125918 2981998201 2981998194
2981998201 -22.9267479 -43.7125857 2981998202 3015667139
1661217748 -22.9266932 -43.7115543 3025229061 3015667140
3015667139 -22.9266354 -43.7125158 2981998201 2981998200
2981998198 -22.9266068 -43.7120636 2981998193 3015667141
2981998200 -22.9265933 -43.7124508 2981998199 3015667139
2981998193 -22.92658 -43.7121661 2981998199 2981998192 2981998198
2981998199 -22.926579 -43.7123715 2981998193 2981998200
3025229061 -22.9265654 -43.7114934 1661217748 3025229069 3025229057
3025229057 -22.9263331 -43.7113721 1661217716 3025229061 3025229064
3025229056 -22.9262589 -43.7117886 2981998198
1661217716 -22.9261543 -43.7112881 3025229049 3025229057 1661217689
3025229049 -22.926036 -43.7112056 3025229047 1661217716
1661217689 -22.9259554 -43.7115321 3025229056 1661217716 2981998192
3025229047 -22.9259322 -43.7110975 2981998195 3025229049
2981998192 -22.9258869 -43.7116123 3025229039 3025229036 1661217689
3015667136 -22.9257937 -43.7113714 1661217689
3025229039 -22.9257501 -43.7118065 2981998192
3025229036 -22.9256064 -43.7113246 3025229033
2981998195 -22.9255954 -43.7106644 3025229047 2981998197 1661217650
1661217649 -22.9255411 -43.7110824 3015667136
1661217650 -22.9254814 -43.7104467 2981998195 1661217710
3025229033 -22.9254299 -43.7111067 2981998191
2981998197 -22.9253415 -43.7108023 2981998195 2981998191 1661217649
2981998191 -22.9252609 -43.7108584 2981998190 2981998197
2981998196 -22.9252309 -43.7105887 2981998197
2981998190 -22.9251286 -43.710641 3025228126
2981998170 -22.9250739 -43.7102036 2981998196
3025228126 -22.924969 -43.7103483 2981998189
2981998189 -22.9248381 -43.7100242 3025228120
2981571235 -22.9241082 -43.7157085 2981571234 3017375146
3017375146 -22.9234381 -43.7153758 2981571235 3017375145
3017375145 -22.9230971 -43.7152377 3017375146 3017375144
3017375144 -22.9225683 -43.7149784 3017375145 2981571236
3015667025 -22.9220496 -43.711362 2981571253
2981571236 -22.9219685 -43.7146752 3017375144 2981571237
2981571237 -22.9216085 -43.7144917 2981571236 2981571238
2981571253 -22.9215203 -43.7125623 2981571252 3015667025
2981571252 -22.9214567 -43.7126561 2981571251 2981571253
2981571251 -22.9213801 -43.7127021 2981571250 2981571252
2981571250 -22.9212791 -43.7127003 2981571249 2981571251
2981571238 -22.9206353 -43.7140169 2981571237 2981571239
2981571239 -22.9202996 -43.7138935 2981571238 2981571240
2981571240 -22.9200467 -43.7137717 2981571239 2981571241
