2472141681 -22979792 -43572677 2472141683 2472141679
2472141679 -22979467 -43573331 2472141676 2472141681
2472141676 -22978970 -43573508 2472141674 2472141679
2472141674 -22978922 -43574180 2472141676 2472140654
2472140654 -22978763 -43574409 2472141674 2472140655
1542872576 -22978387 -43577572 1542872573 1542872468
1542872465 -22978328 -43579846 1542872444 1542872468
1542872468 -22978328 -43578838 1542872576 1542872465
1542872573 -22978269 -43576499 2472140653 1542872576
2472140655 -22977943 -43574945 2472140654 2472140653
2472140653 -22977173 -43575061 1542872573 2472140655 2472140656
3082441789 -22976456 -43571579 3082441728
3082441784 -22976372 -43572650 3082441693
2472140656 -22975854 -43575149 2472140653 2472140657
2472140657 -22975543 -43575084 2472140656 2472140658
3082441728 -22975151 -43571462 3082441683 3082441789
2472140658 -22974929 -43574637 2472140660 2472140657 3082441714
3082441714 -22974872 -43574366 2472140658 3082441707
3082441707 -22974707 -43573970 3082441703 3082441714
3082441703 -22974607 -43573795 3082441699 3082441707
3082441699 -22974554 -43573524 3082441703 3082441692
3082441695 -22974500 -43572803 3082441692 3082441694
3082441694 -22974500 -43572650 3082441695 3082441647 3082441693
3082441693 -22974500 -43572540 3082441784 3082441694 3082441691
3082441692 -22974473 -43573203 3082441699 3082441695
3082441691 -22974469 -43572307 3082441693 3082441685
3082441685 -22974346 -43571836 3082441683 3082441691
3082441683 -22974287 -43571414 3082441681 3082441728 3082441685
3082441681 -22974270 -43571290 3082441683 3082441673
3082441673 -22974212 -43570836 3082441681 3082441669
3082441669 -22974181 -43570044 3082441672 3082441673
3082441647 -22973828 -43572562 3082441694 3082441383
2472140660 -22973457 -43574372 2472140661 2472140658
3082441383 -22973187 -43572546 3082441647
2472140661 -22972497 -43574504 2472140660 3082441337 2472140662
3082441337 -22972483 -43574407 2472140661 3082441028
2472140664 -22972407 -43578021 2472140663 2472140665
3082441028 -22972379 -43574272 3082441337 3082441021
2472140665 -22972318 -43578887 2472140664 3082441005
3082441021 -22972272 -43574226 3082441028 3082441006
2472140662 -22972122 -43574840 2472140661 2472140663
2472140663 -22972073 -43575158 2472140664 2472140662
3082441010 -22972050 -43579689 3082441005 3082441340
3082441006 -22971977 -43574182 3082441021 3082440998
3082441005 -22971940 -43579316 2472140666 2472140665 3082441010
2472140666 -22971789 -43579488 2472140667 3082441005
3082440998 -22971727 -43574097 3082441006 3082440992
3082440992 -22971539 -43573955 3082440983 3082440998
3082440983 -22971349 -43573834 3082440966 3082440992
2472140667 -22971187 -43579753 2472140666 2472140668
3082440966 -22971073 -43573659 3082440983 3082440952
3082440952 -22970835 -43573484 3082440966 3082440927
3082440927 -22970605 -43573224 3082440952 3082440904
3082440904 -22970388 -43572890 3082440927 3082440895
3082440895 -22970286 -43572667 3082440904 3082440882
3082440885 -22970148 -43570531 3082440879
3082440882 -22970108 -43572100 3082440895 3082440871
3082440879 -22970087 -43570844 3082440885 3082440875
3082440875 -22970045 -43571113 3082440879 3082440850 3082440870
3082440871 -22970021 -43571763 3082440882 3082440870
3082440870 -22970020 -43571534 3082440871 3082440875
3082440853 -22969627 -43570032 3082440852 1542872561 3082440854
3082440852 -22969597 -43570342 3082440853 3082440847
3082440850 -22969561 -43571096 3082440875 3082440848
3082440848 -22969530 -43571056 3082439496 3082440850 3082440847
3082440847 -22969523 -43570952 3082440852 3082440848
1542872551 -22969470 -43579476 1542872462 3082440843
1542872462 -22968944 -43578258 1542872565 1542872551
1542872565 -22968707 -43577615 1542872473 1542872462
1542872473 -22968313 -43577035 1542872506 1542872565
1542872506 -22968155 -43576542 1542872523 1542872473
1542872523 -22967218 -43575574 1542872506 1542872483
1542872483 -22966516 -43575071 1542872523 1542872479
1542872479 -22966351 -43574809 3082439497 1542872483
1542872561 -22966184 -43570090 3082439496 3082440853 3082439498
3082439497 -22966150 -43574258 1542872438 1542872479
3082439496 -22966080 -43571189 1542872561 1542872438 3082440848
1542872438 -22965935 -43573230 3082439496 3082439497
3818219764 -22960021 -43576049 3818219761 3818219765
