1777575547 -22.8999698 -43.6043654 1777575564 1777575538
1777575549 -22.8999659 -43.6038247 1777575545 1777575597
1777575545 -22.8998926 -43.6026845 1777575579 1777575542 1777575549 1777575524
1777575542 -22.8997959 -43.6010418 1777575536 1777575569 1777575545 1777575520
1777575538 -22.8997024 -43.6043469 1777575547
1777575531 -22.899317 -43.6001061 1777575513
1777575524 -22.8991639 -43.6026346 1777575522 1777575545 1777575495
1777575522 -22.8991494 -43.6019478 1777575500 1777575521 1777575524
1777575521 -22.8991355 -43.6012884 1777575509 1777575520 1777575522
1777575520 -22.8991303 -43.6010418 1777575519 1777575521 1777575542
1777575519 -22.8991132 -43.6007355 1777575513 1777575498 1777575520
1777575513 -22.8990771 -43.6000893 1777575531 1777575519 1777575502
1777575509 -22.8985417 -43.6012752 1777575521
1777575502 -22.8983784 -43.6000399 1777575513 1777575489 1777575504 1777575498
1777575500 -22.8983365 -43.6018735 1777575522
1777575498 -22.8983278 -43.6006087 1777575519 1777575496 1777575502
1777575496 -22.8983117 -43.6007847 1777575498
1777575495 -22.8981921 -43.6025681 1777575524
1777575485 -22.8975658 -43.6017062 1777575479
3016795242 -22.8974142 -43.6020653 1777575483
1777575483 -22.8974027 -43.6022213 3016795242 3016795243 1777575481
3016795243 -22.897375 -43.6025961 1777575483
1777575481 -22.897069 -43.6021622 1777575480 1777575477 1777575483
1777575480 -22.8970419 -43.6025333 1777575481
1777575479 -22.8968306 -43.6016109 1777575485 1777575440
1777575477 -22.8967472 -43.6021054 1777575475 1777575473 1777575481
1777575475 -22.8967119 -43.6024839 1777575477
2206803127 -22.8964896 -43.6079013 1777581668 1542850355 1777581667
1542850355 -22.8964836 -43.6071933 2206803128 1542850146 2206803127
2206803128 -22.896479 -43.6065687 1542850355 2206803126
1777581668 -22.8964773 -43.6087163 1542850389 2206803127 3016795236
1542850389 -22.8964737 -43.6094732 1777581668 1542850143 2206803132
2206803126 -22.8964565 -43.6064183 2206803128 2206803694 3016795239
1777581667 -22.896436 -43.6078828 3016795238 2206803127
1777575473 -22.8964237 -43.6020483 1777575469 1777575464 1777575477
1777575471 -22.8964098 -43.6032205 1777575466
1777575469 -22.8963905 -43.6024407 1777575473
1777575466 -22.8963445 -43.6030609 1777575471 1777575436 1777575462
2206803694 -22.8961308 -43.6054115 2206803126 1777581661 1777581664
1777575464 -22.896105 -43.601992 1777575473 1777575462 1777575446
1777575462 -22.8960742 -43.602359 1777575466 1777575464
1777581664 -22.8960296 -43.6053328 2206803694 1777581646 3016795239
1777575457 -22.8959144 -43.6029394 3016795241
1777581661 -22.8958049 -43.6044343 2206803694 1777575436 3016795240
1777575446 -22.8957635 -43.6019318 1777575442 1777575416 1777575464
3016795241 -22.8957351 -43.6024192 1777575457 1777575442
1777575442 -22.8957318 -43.6022599 1777575420 1777575446 3016795241
3016795239 -22.8957 -43.605841 1542850146 1777581641 2206803126 1777581664
1777575440 -22.8956246 -43.6013639 1777575479 1777575444 1777575429
1777575436 -22.895471 -43.603396 1777575466 1777581661 1777581656
1542850146 -22.8953517 -43.6063126 1542850355 1542850119 3016795238 3016795239
1777581656 -22.895322 -43.6029683 1777575420 1777575436
2817345416 -22.8953063 -43.6030794 1777581656
1777575431 -22.8953049 -43.6005605 1777575427 1777575433 1777575429
1777581655 -22.8952936 -43.6031691 2817345416 1777581654
1777575429 -22.8952548 -43.6012836 1777575431 1777575440
1777581654 -22.8952424 -43.6031598 1777581590
1777575427 -22.8952377 -43.6005487 1777575409 1777575431
3016795236 -22.8952019 -43.6077192 1777581668 3016795237 3016795235
3016795238 -22.8950423 -43.6067662 1542850146 1777581615 1777581667 3016795237
3016795240 -22.8950334 -43.603792 1777581646 1777581649 1777581661
1777575420 -22.8950243 -43.6021325 1777581656 1777581648 1777575442
1542850143 -22.8949557 -43.6083201 1542850389 3016795235
1777581648 -22.8949396 -43.6018954 1777575420 1777581612 1777575416
1777581649 -22.8949322 -43.6037066 1777581655 1777581577 3016795240
1777575416 -22.8948939 -43.6017644 1777575409 1777581648 1777575446
3016795235 -22.8948413 -43.6082286 1542850143 3016795234 1542850204 3016795236
1777581646 -22.8947 -43.6042839 1777581645 1777581641 1777581664
3016795237 -22.8946688 -43.6073082 1777581598 3016795236 3016795238
1777581645 -22.8946056 -43.6042136 1542850320 1777581649 1777581646
1777575409 -22.894531 -43.6007579 1777575427 1777575416 1777581639
3016795234 -22.894524 -43.6086868 1777581572 3016795233 2206803132 3016795235
1777581641 -22.894363 -43.6047758 1542850119 1777581636 3016795239
1777581639 -22.894281 -43.6000267 1777575409 1777581631 1777581612
1777581636 -22.8942768 -43.6046945 1777581645 1777581588 1777581641
3016795233 -22.8941929 -43.6091833 1542850326 3016795132 3016795234 3016795125
1542850119 -22.8940332 -43.605247 1542850146 1777581615 1777581627
1777581627 -22.8939354 -43.6051833 1777581636 1542850119 1542850159
3016795132 -22.893866 -43.6096737 1542849904 3016795233 3016795124 3016795131
1777581615 -22.8936973 -43.6057354 1777581598 1777581609 3016795238
1777581612 -22.893681 -43.6009044 1777581610 1777581648 1777581639
1777581610 -22.8936191 -43.6009893 1777581612 1777581597 2689963509
1777581609 -22.8936093 -43.6056646 1777581561 1777581627 1777581615
1542850320 -22.8934202 -43.6032792 1777581588 1777581562 1777581645
1777581598 -22.8933452 -43.6062273 1777581591 1542850204 3016795237
1777581597 -22.8933028 -43.6014742 2817345416 1777581610 1777581590
1777581591 -22.8932702 -43.6061601 1777581609 1777581544 1777581598
1777581590 -22.8932344 -43.6015768 1777581597 1777581540 1777581577
1777581587 -22.8931498 -43.6099748 3016795131 1777581567 1777581550
2689963509 -22.8931137 -43.6005965 1777581610 1777581628 1777581576
1777581588 -22.8931009 -43.6037663 1542850320 1542850159 1777581636 1777581547
1542850204 -22.8929996 -43.6067264 1777581572 3016795235 1777581579
1777581579 -22.8929214 -43.6066627 1777581591 1542850204 1542849976
1777581577 -22.892879 -43.6020794 1542850069 1777581590 1777581562 1777581649
1777581576 -22.892789 -43.6010603 1777581597 2689963509
1542850159 -22.8927681 -43.6042383 1542850051 1777581588 1777581561 1777581627
1777581572 -22.8926912 -43.6072215 1542850326 1777581565 3016795234
1777581567 -22.8926528 -43.6095616 1777581520 1777581587 1777581545
1777581565 -22.8925921 -43.6071454 1777581572 1777581579 1542850257
1777581562 -22.8925464 -43.6025501 1542850320 1777581523 1777581577 1777581547
1777581561 -22.8924388 -43.6047338 1542850159 1777581544 1777581481 1777581609
1542850326 -22.8923387 -43.6076889 1542849904 3016795233 1777581549
1777581553 -22.8923278 -43.6006245 1777581605 1777581552
1777581552 -22.8922933 -43.6006737 1777581553 1777581576
1777581549 -22.8922663 -43.6076351 1777581565 1542850326 3016795253
1777581547 -22.8922139 -43.6030527 1777581588 1777581562 1777581512
1777581545 -22.8921107 -43.60916 2206814529 1777581514 1777581567
1777581544 -22.8920941 -43.6052234 1777581561 1777581591 1542849976 1777581465
1542849904 -22.8920031 -43.608198 2206811825 3016795132 1777581538
1777581540 -22.8919952 -43.6005721 1777581480 1542850069
1777581538 -22.8919257 -43.6081326 1542849904 1777581549 3016795252
3016795247 -22.8918777 -43.6086491 2206811729 2206811825
2206811825 -22.8918678 -43.6084265 2206811714 3016795247
2206811729 -22.8918307 -43.6088208 2206814529 3016795247
1777581537 -22.8918231 -43.6002825 1777581583 1777581552
2206811714 -22.8918181 -43.6083754 2206811825 2206811804
2206814529 -22.8917863 -43.6089066 2206811713 2206811729 1777581545
2206811804 -22.891764 -43.6083514 1777581538 2206811714 2206811727
1542849976 -22.89175 -43.6057324 1777581544 1777581579 3016795255 1542850257
2206811713 -22.8916528 -43.6089522 2206814529 2206811718
1542850069 -22.8916338 -43.6010764 1777581463 1777581523 1777581540 1777581577
2206811727 -22.8915911 -43.6083594 2206811804 2206811731
2206811718 -22.8915342 -43.608971 2206811716 2206811713
2206811731 -22.8915145 -43.6083782 2206816789 2206811727
1542850257 -22.8914316 -43.6062181 1777581565 1542849976 3016795254
2206811716 -22.8913983 -43.6089495 2206811726 2206811718
2206816789 -22.8913613 -43.6085096 1777581508 2206811731 2206815751
2206815751 -22.8913044 -43.6086545 2206816789 2206811733
2206811726 -22.8913032 -43.6089045 2206811716 1777581499 2206811721
1777581523 -22.8912939 -43.6015621 1542850069 1777581562 1777581512 1777581455
2206811721 -22.8912624 -43.6088529 2206811733 2206811726
2206811733 -22.8912525 -43.6087939 2206815751 2206811721
3016795255 -22.8912109 -43.6053077 1542850190 1542849976 3016795254
1777581514 -22.8910944 -43.6096362 1777581520 2604908801 1777581545 1777581499
1777581508 -22.8909924 -43.6082122 2206816789 1777581419 1777581490
1777581512 -22.8909756 -43.6020384 1542850051 1777581523 1777581439 1777581547
3016795254 -22.8908809 -43.6057978 3016795249 3016795255 3016795253 1542850257
1777581499 -22.8908766 -43.6091038 2604908802 1777581514 1777581509
1777581509 -22.89083 -43.6089871 2206811733 1777581499
1542850051 -22.8906271 -43.6025335 1777581481 1542850159 1777581512 1542850348
3016795253 -22.8905497 -43.6062788 3016795248 1777581549 3016795254 3016795252
1777581490 -22.8904988 -43.6077989 1777581508 1542850341 1777581460
1777581481 -22.8903044 -43.6030191 1542850051 1777581561 1777581465 1777581402
3016795252 -22.8902167 -43.6067604 1777581538 1542850390 3016795253 1777581460
1777581465 -22.8899387 -43.6035515 1542850190 1777581481 1777581544 1777581387
1777581460 -22.8898527 -43.6072782 1777581453 1777581490 349344480 3016795252
3016795249 -22.8896892 -43.6048404 3016795248 1777581440 3016795254
1777581453 -22.8896806 -43.6075304 1777581460 1777581441
1542850190 -22.889629 -43.6040232 1777581440 1542850114 1777581465 3016795255
1777581455 -22.8896161 -43.6002171 1777581463 1777581439 1777581436 1777581523
2604908802 -22.8894605 -43.6097624 1542849981 2604908801
3016795248 -22.8893708 -43.6053168 3016795249 3016795253 1542850295
1777581441 -22.8893622 -43.6077031 1777581368 1777581453 1777581397
2604908803 -22.8892898 -43.6096822 1777581509 2604908802
1777581440 -22.8892762 -43.6045135 1542850190 3016795249 3016795251
1777581439 -22.8892676 -43.6006982 1542850348 1777581455 1777581393 1777581512
1777581431 -22.8891646 -43.6097483 2604908803 1777581419
1542850295 -22.8889492 -43.6049852 3016795248 3016795250 1542850390
1542850348 -22.888932 -43.6011932 1542850051 1777581402 1777581439 1542850188
1777581419 -22.8889294 -43.609208 1542850341 1777581431 1777581508 1777581395
1777581422 -22.8889033 -43.6098875 1777581431 2604908805
3016795251 -22.8888457 -43.6041982 3016795250 1777581440 1777581354
2604908805 -22.8888214 -43.6097391 2604908804
1542850341 -22.888704 -43.6086745 1777581397 1777581419 1777581490 1777581362
2604908804 -22.8886473 -43.6096538 1777581388
1542850390 -22.8886222 -43.6054802 3016795252 2206819474 349344480 1542850295
1777581402 -22.888605 -43.6016742 1777581338 1777581481 1777581387 1542850348
3016795250 -22.8885604 -43.6046047 3016795251 1542850295 1542850428
1777581397 -22.8884803 -43.6081188 1542850352 1542850341 1777581333 1777581441
1777581395 -22.8884631 -43.6094217 1777581431 1777581419 1777581388
1777581388 -22.8883082 -43.6094964 1777581361 1777581395 1777581330
1542850352 -22.8882838 -43.607672 1777581397 1777581380
349344480 -22.8882781 -43.6060173 2206816791 1777581368 1542850390 1777581460
1777581387 -22.8882522 -43.6021926 1542850114 1777581402 349350219 1777581465
1777581380 -22.8881892 -43.607541 1542850352 1777581315 1542850344
1542850114 -22.8879296 -43.6026642 1542850190 1777581354 1777581387 349350217
1777581368 -22.8879081 -43.606531 349348940 1777581441 1542850344 349344480
1777581362 -22.8877908 -43.6090982 1542850341 1777581355 1777581395
1777581361 -22.8877312 -43.6092155 1777581355
1542850188 -22.8877231 -43.6001985 1777581338 1542850348 1777581393
2206816791 -22.8877202 -43.6055732 3016795267 349344480
1777581355 -22.8876516 -43.6091775 1542850386 2604908813 1777581362
1777581354 -22.8875854 -43.6031639 1542850114 1777581316 1542850428 3016795251
1542850344 -22.8875682 -43.6070167 1777581380 1777581368 349348939 1777581346
1777581346 -22.887423 -43.6072189 1777581336 1542850344
1542850428 -22.8872627 -43.6036449 3016795250 2206819474 1777581354 1542850162
1777581336 -22.8870774 -43.6074065 1777581318 349348938 1777581346
1777581333 -22.8870483 -43.6087528 1777581397 1777581362 2604908813
1777581338 -22.8870433 -43.6004133 1777581326 1777581402 1542850188
2206819474 -22.8869146 -43.6041446 1542850390 2206819475 1542850428
2604908813 -22.8869108 -43.6088247 349352168 1777581321 1777581333
349350220 -22.8868626 -43.6000303 1777581326
1777581326 -22.8868368 -43.6003666 1777581338 349350219
1777581325 -22.8868248 -43.6086469 1777581333
1777581321 -22.8867706 -43.6087579 2604908811
349350219 -22.8867688 -43.6010051 3016795277 1777581387
1542850386 -22.8867471 -43.6095949 1777581355 1777581330 1777581300
3016795267 -22.8866667 -43.6047544 2206816791 2206818812
2206819475 -22.8866527 -43.6044896 2206819481 2206819645
349351291 -22.8866475 -43.6008102 349351289
2206819480 -22.8866387 -43.6046914 3016795267
2206819481 -22.8866323 -43.6045699 2206819480
3016795277 -22.8866292 -43.6014382 3016795280 349350217
2206819478 -22.8866107 -43.6038951 2206819474
3016795280 -22.8865996 -43.6014812 3016795282
1777583496 -22.8865835 -43.6010574 349351291 1777583486
349350217 -22.8865736 -43.6016179 3016795275 1542850114
3016795282 -22.8865674 -43.601504 3016795278
2206818812 -22.886565 -43.6047119 2206819643 3016795266
2206819874 -22.8865613 -43.6038911 2206819478
2206819645 -22.8865539 -43.6045647 2206819643
2206819479 -22.8865452 -43.6038254 2206819478
3016795278 -22.8865353 -43.601504 3016795281
3016795272 -22.8865267 -43.6038965 2206819874
2206819875 -22.8865242 -43.604036 349348943
3016795266 -22.8865217 -43.6047038 3016795268
3016795271 -22.886518 -43.6037879 2206819479
1542850162 -22.8865145 -43.6030909 349348673 1542850428
3725018758 -22.8865102 -43.6039038 3016795272 2206819875
3016795281 -22.8865094 -43.6014865 3016795279
3016795285 -22.8865044 -43.6017239 3016795275
3016795275 -22.8865032 -43.6017883 3016795274
349348943 -22.8865011 -43.6042524 349348942
3016795257 -22.8864995 -43.6039086 3725018758
2206819643 -22.886497 -43.604626 3016795269 2206819680
3016795286 -22.8864933 -43.6016998 3016795285
349348672 -22.8864921 -43.6037329 3016795271 3725018758
1777581318 -22.8864905 -43.6076932 349348937 2604908809 1777581336
3016795279 -22.8864896 -43.6014503 349351292
349351292 -22.8864847 -43.6013913 1777583496
3016795268 -22.8864785 -43.6047038 3016795265
3016795273 -22.8864785 -43.6039314 3016795257
3016795283 -22.8864711 -43.6016823 3016795286
3016795269 -22.8864661 -43.6045711 3016795270
2206819877 -22.8864599 -43.6039676 3016795273
349349055 -22.8864451 -43.6040065 2206819877 349348811
3016795261 -22.8864414 -43.6041017 349349055
3016795270 -22.8864389 -43.604504 3016795256
3016795287 -22.8864389 -43.601685 3016795283
3016795265 -22.8864377 -43.6047119 2206819680
349348942 -22.8864254 -43.6045067 349349173
349348811 -22.8864204 -43.6037423 349348808
3016795256 -22.8864193 -43.6044042 349349056
3016795274 -22.8864179 -43.6020203 1777581316
3016795284 -22.8864155 -43.6017011 3016795287
349349056 -22.8864107 -43.6043038 3016795261
349348673 -22.8864059 -43.6030625 349348672 1542850162
2206819680 -22.8863913 -43.6047287 349349173
1777581316 -22.8863772 -43.602208 349350216 1777581354
3016795276 -22.8863747 -43.6017494 349351292 3016795284
349350216 -22.8863562 -43.6024025 349348674
349348674 -22.8863549 -43.6026171 349348673
1777581315 -22.8863547 -43.6084079 1777581325 1777581380 2604908811
349349057 -22.8863483 -43.6044625 349349056 1777583470
349351295 -22.8863142 -43.6019707 3016795276
349349173 -22.8863055 -43.604791 3016795264
2604908811 -22.8862948 -43.6085107 2604908798 2604908810 1777581315
3016795264 -22.8862833 -43.6048339 349348940
349348808 -22.8862818 -43.6026922 1777583491
3016795288 -22.8862808 -43.6021678 349351295
2604908806 -22.8862687 -43.6083641 1777581315 2604908807
1777583491 -22.8862635 -43.6023701 3016795288 1777583428
3016795263 -22.8862487 -43.6047038 349349057
3016795262 -22.8862252 -43.6047535 3016795263
1777583489 -22.8861882 -43.6002919 1777583486
2604908807 -22.8861706 -43.6081559 2604908806 2604908808
349348940 -22.8861448 -43.6051485 1777581368 349348939
2604908808 -22.8861119 -43.6080037 2604908809 2604908807
349349058 -22.8860959 -43.6050671 3016795262 1777583478
2604908809 -22.8860914 -43.6078962 1777581318 1777581308 2604908808
1777583486 -22.8860548 -43.6009177 1777583489 3016795289 1777583496 1777583472
349348939 -22.8859394 -43.6057431 349348938 1542850344
1777583478 -22.8859264 -43.6049715 1777583434 349349058 1777583439
3016795289 -22.8859193 -43.6015692 1777583486
1777581308 -22.8859072 -43.6079832 1777581305 2604908809 1777581299
1777583481 -22.8858905 -43.6056086 1777583459 349349058
1777581305 -22.8857928 -43.6081221 2604908806 1777581308
1777583477 -22.885773 -43.6035843 1777583470 1777583474
349348938 -22.8857633 -43.6063766 349348937 1777581336
1777583476 -22.8857429 -43.6002872 1777583472
1777583474 -22.8857021 -43.6031126 1777583461 1777583477
1777583472 -22.8856332 -43.600822 1777583467 1777583476 1777583486 1777583462
1777583461 -22.8856203 -43.6030099 1777583443 1777583474
2604908798 -22.8856036 -43.608171 2604908799
349348937 -22.8855905 -43.6069712 1777581318 1777581299
1777583470 -22.8855902 -43.6038715 1777583447 349349057 1777583477
1777583467 -22.885502 -43.6014618 1777583472
2604908800 -22.8854275 -43.6080931 2604908798 2604908799
1777581299 -22.8854145 -43.6076047 1777581298 1777581308
2604908799 -22.8853949 -43.6082382 3016795258 2604908800
349349062 -22.8853753 -43.6074207 1777583453 1777583481
349352168 -22.8853329 -43.6096008 1777581300 2604908813
1777581298 -22.8853329 -43.6079055 1777581305 1777581297
3016795258 -22.8853232 -43.6082595 349352171
3016795290 -22.8853148 -43.6004554 1777583462
1777581297 -22.8852938 -43.6080365 2604908800 349352171
1777583462 -22.8852632 -43.6007332 1777583472 1777583460 3016795290
349352171 -22.8852286 -43.6082595 3016795259
349352374 -22.8852058 -43.6080223 349349062 2604908790
1777583460 -22.8852016 -43.6010021 1777583442 1777583454 1777583462
2604908810 -22.8851993 -43.6090239 349352168 2604908811
1777583459 -22.8851962 -43.6052807 1777583445 1777583451 1777583481
3016795259 -22.885183 -43.6084683 349352170
349352169 -22.8851699 -43.6088187 2604908810
349352170 -22.8851667 -43.6086594 349352169
1777583454 -22.8851212 -43.6014034 1777583436 1777583460
349352376 -22.885121 -43.6090558 3016795260
349352375 -22.8851047 -43.6084081 349352374
1777583453 -22.8850917 -43.6073145 349349062 1777583448
3016795260 -22.8850851 -43.608847 1741912883
1741912883 -22.8850819 -43.6086346 349352375
1777583451 -22.8849939 -43.6058064 1777583459
1777583450 -22.8849405 -43.6004857 1777583442
1777583443 -22.8849233 -43.6027764 1777583437 1777583461
1777583448 -22.8849148 -43.6071296 1777583444 1777583453
1777583447 -22.8847813 -43.6031967 1777583432 1777583470 1777583439
1777583445 -22.884689 -43.605044 1777583440 1777583459 1777583435
1777583444 -22.8846171 -43.6070117 1777583441 1777583448
1777583442 -22.8845598 -43.6008733 1777583450 1777583436 1777583460
1777583441 -22.8844787 -43.6070384 1777583444 1777583431
1777583440 -22.8844711 -43.6055419 1777583445
1777583439 -22.8843986 -43.6037239 1777583447 1777583434 1777583478 1777583427
1777583437 -22.8843468 -43.602307 1777583432 1777583443
1777583435 -22.884208 -43.6048123 1777583445 1777583430 1777583424
1777583436 -22.8842005 -43.6012353 1777583442 1777583454
1777583434 -22.88416 -43.604139 1777583478 1777583439 1777583415
1777583432 -22.8841059 -43.6026456 1777583437 1777583447 1777583425
1777583431 -22.884058 -43.6068792 1777583441
1777583430 -22.8839798 -43.6052936 1777583435
1777583428 -22.8838477 -43.6017139 1777583491
1777583427 -22.8838366 -43.6032624 1777583439 1777583416
1777583425 -22.8834783 -43.6022075 1777583413 1777583432
1777583424 -22.8833603 -43.6043982 1777583417 1777583435
1777583417 -22.8831883 -43.6047857 1777583424
1777583416 -22.8831206 -43.6026739 1777583414 1777583427 1777583411
2604908790 -22.8831043 -43.6072337 349352374 2604908791
1777583415 -22.8830894 -43.603625 1777583404 1777583434 1777583414
1777583413 -22.8827501 -43.6015856 1777583425
1777583414 -22.8826803 -43.6034062 1777583416 1777583415 1777583410
1777583411 -22.8826071 -43.6022519 1777583402 1777583408 1777583416
1777583410 -22.882574 -43.6033633 1777583414 1777583394 1777583400
1777583409 -22.8824852 -43.6056535 1777583404
1777583408 -22.8824021 -43.6020834 1777583411
1777583404 -22.8822113 -43.6054872 1777583415 1777583396 1777583409 1777583394
1777583402 -22.8821061 -43.6030657 1777583411 1777583400
1777583400 -22.8820791 -43.6031028 1777583402 1777583410 1777583398
1777583398 -22.8819774 -43.6032425 1777583386 1777583400
1777583396 -22.8819368 -43.6060559 1777583404
1777583394 -22.8817026 -43.6052111 1777583390 1777583404 1777583366 1777583410
1777583390 -22.8814058 -43.6057764 1777583394
1777583386 -22.8811019 -43.6042873 1777583383 1777583398
1777583383 -22.8809027 -43.6045682 1777583386 1777583366
1777583366 -22.8808145 -43.6047473 1777583383 1777583394
2604908791 -22.880398 -43.6062203 2604908792 2604908790
2604908792 -22.880127 -43.6061689 2604908791 2604908793
