2984758439 -22.9302452 -43.4289013 2984758438
2984758435 -22.9300376 -43.429922 2984758436 2984758434
2984758438 -22.9299955 -43.4289907 2984758437 2984758439
2984758434 -22.9298579 -43.429739 2984758433 2984758435
2984758433 -22.9297306 -43.4294219 2984758437 2984758434
2984758437 -22.9296777 -43.4291848 2984758332 2984758438 2984758433
2984758332 -22.9296408 -43.4290194 2984758437 2984758331
2984758322 -22.9296176 -43.4259854 2984758442 2984758321
2984758331 -22.9294798 -43.4288039 2984758440 2984758332
2984758440 -22.9292636 -43.4285745 2984758330 2984758331 2984758441
2984758321 -22.929154 -43.4254703 2984758443 2984758322
2984758442 -22.9289889 -43.4265258 2984758443 2984758325 2984758322
2984758330 -22.928978 -43.4282714 2984758329 2984758440
2984758441 -22.9287896 -43.4290369 2984758440
2984758329 -22.9287197 -43.4281209 2984758328 2984758330
2984758320 -22.928698 -43.4253555 2984758444
2984758443 -22.9285883 -43.4259885 2984758324 2984758444 2984758321 2984758442
2984758328 -22.9284576 -43.4280071 2984758327 2984758329
2984758444 -22.9283542 -43.4256746 2984758323 2984758443 2984758445 2984758320
2984758445 -22.9282877 -43.4255855 2984758444
2984758327 -22.9281468 -43.4279502 2984758326 2984758328
2984758326 -22.9280532 -43.4278892 2984758327 2984758325
2984758325 -22.9277995 -43.4275482 2984758324 2984758326 1420150660 2984758442
2984758324 -22.9274292 -43.4270501 2984758443 2984758323 1420150766 2984758325
2984758323 -22.9272014 -43.4267438 2984758319 2984758444 2984758324
1420150888 -22.9269694 -43.4299799 1420150661 1420150901
1420150661 -22.9268014 -43.4296741 1420150520 1420150888
1420150660 -22.9267502 -43.4284503 1420150594 1420150916 2984758325
1420150594 -22.9267464 -43.4282185 1420150992 1420150660
1420150992 -22.9267315 -43.4281372 1420151001 1420150594
1420150520 -22.9267026 -43.4294863 1420150479 1420150661
1420151001 -22.9267026 -43.4280755 1420150524 1420150992
1420150479 -22.9266483 -43.429304 1420150511 1420150520
1420150524 -22.9266483 -43.4279789 1420151001 1420150766
1420150511 -22.9266334 -43.4291108 1420150916 1420150479
1420150916 -22.9266334 -43.4288909 1420150660 1420150511
1420150766 -22.9265442 -43.4278608 2984758319 2984758324 1420150524
2984758319 -22.92625 -43.4276263 1420150782 2984758323 1420150766
1420150782 -22.9255262 -43.4270407 1420150763 2984758319
1420150763 -22.9253978 -43.4269441 1420150782 1420150973
1420150631 -22.9249931 -43.4245511 1420150505
1420150505 -22.9248795 -43.4244867 1420150681 1420150631
1420150681 -22.9247461 -43.4243848 1420150558 1420150505
1420150558 -22.9245979 -43.4241917 1420150680 1420150681
1420150680 -22.9244447 -43.4240576 1420150608 1420150558
1420150973 -22.92442 -43.4261872 1420150763 1420150984
1420150984 -22.9243064 -43.4260585 1420150934 1420150973
1420150636 -22.9242471 -43.4235211 1420150611
1420150934 -22.9242422 -43.4258922 1420150984 1420150682
1420150608 -22.9242422 -43.4239234 1420150680 1420150514
1420150514 -22.9239803 -43.4237518 1420150611 1420150608
1420150682 -22.9239012 -43.4250178 1420150934 1420150621
1420150611 -22.9238754 -43.4236861 1420150636 1420150606 1420150514
1420150606 -22.9238518 -43.4236713 1420150572 1420150611
1420150572 -22.923758 -43.4235748 1420150613 1420150606
1420150621 -22.9236789 -43.4244438 1420150682 1420150877
1420150613 -22.9236673 -43.4234503 1420150572 1420150903
1420150903 -22.9235737 -43.4232877 1420150616 1420150613
1420150877 -22.9235727 -43.424182 1420150632 1420150621
1420150632 -22.9233998 -43.4238655 1420150877 1420150829
1420150616 -22.9232688 -43.4227379 1420150610 1420150903
1420150668 -22.9225253 -43.4201044 1420150494 1420151000
1420150610 -22.9225228 -43.4213271 1420150907 1420150616
1420151000 -22.9224878 -43.4201776 1420150865 1420150668
1420150829 -22.9224783 -43.4220942 1420150632 1420150687
1420150907 -22.9224585 -43.421193 1420150964 1420150610
1420150865 -22.9224141 -43.42034 1420151000 1420150663
1420150964 -22.9224042 -43.4210213 1420150609 1420150907
1420150609 -22.9223894 -43.4208443 1420150964 1420150898
1420150898 -22.9223894 -43.4206565 1420150609 1420150663
1420150663 -22.9223894 -43.4205063 1420150865 1420150898
1420150687 -22.9218953 -43.4209998 1420150962 1420150829
1420150962 -22.9218063 -43.4207423 1420150687 1420150989
1420151004 -22.9217643 -43.4202713 1420150989 1420150976
1420150989 -22.9217569 -43.4205117 1420150962 1420151004
