1542807792 -22.8986512 -43.6599076 3818191954
1542808481 -22.8973663 -43.6543715 1542808315 1542808498
1542808498 -22.8935621 -43.653907 1542808054 1542808481
1542808054 -22.8900524 -43.6534703 1542807801 1542808498
1542807801 -22.8896382 -43.6535636 1542808054 1542807809
1542807809 -22.8892923 -43.6538211 1542808542 1542807801
2506908869 -22.8889222 -43.6595033 1314997529
1314997533 -22.8888624 -43.6593139 2506908869 1314997588
144372462 -22.8888236 -43.6591912 1314997533
3130613115 -22.8887215 -43.6588639 144372462
1314997512 -22.8886867 -43.6599604 1314997527
1314997527 -22.8884421 -43.6591818 3130613114
3130613114 -22.8883827 -43.6589925 2506908825
2506908825 -22.8883185 -43.6587883 1542807995
1542808542 -22.8876272 -43.6553563 3130613115 1542807809
1542807995 -22.8873242 -43.6556232 1542807825 1753575090
144372464 -22.8866412 -43.652196 1542808542
1753575076 -22.8863455 -43.6512539 144372464
1753575063 -22.8860154 -43.6503385 1753575076
1753575090 -22.8859626 -43.6512892 2615827524 1753575116
1753575054 -22.8858856 -43.6500338 1753575063
1542807825 -22.8857637 -43.657072 1542808446 1542807995
1753575116 -22.8856496 -43.6501405 1753575065
1753575065 -22.8856398 -43.6500327 1753575087
1542808446 -22.8840626 -43.658706 1542808555 1542807825
1542808555 -22.8837904 -43.6591474 1542808384 1542808446
1542808384 -22.8837213 -43.6595443 3124618855 1542808555
1542850392 -22.8805644 -43.6598829 1542850014 1542850207
1542850014 -22.8805249 -43.6594538 1542850244 1542850392
1542850394 -22.8800504 -43.6569432 1542849901 1542850309
1542849901 -22.8800306 -43.6565355 1542850394 1542849974
