557521226 -22.8999734 -43.3638194 557521193
1776135195 -22.8999626 -43.3679317 1776135190 1013033918
1776135193 -22.8999142 -43.3674972 1776135186 1776135199 1776135192
557521193 -22.8999102 -43.3636391 557521154 557521226
557521154 -22.8998944 -43.3634761 557521193 557522650 557522664
1776203337 -22.8998616 -43.361221 1776203340
557522664 -22.8997995 -43.363416 557522680 557521154
1776135192 -22.8997777 -43.3674378 1776135193 1776135187
557522680 -22.8997441 -43.3632786 557522664
476938754 -22.8997228 -43.368809 3080129461 476938756
1776135190 -22.8997161 -43.3681118 1776135185 1776135195
1776135187 -22.8995265 -43.3673657 1776135192 1776135182
1776135186 -22.8993981 -43.3679592 1776135179 1776135193
1776135185 -22.8993559 -43.3681992 1776135179 1776135190
1776135182 -22.8993464 -43.3673863 1776135187 1776135181
476938756 -22.8993117 -43.3687746 476938761 476938754
1776135181 -22.8992374 -43.3674789 1776135176 1776135182
1776135179 -22.8992054 -43.36819 1776135175 1776135186 1776135185
1776135176 -22.8990573 -43.3676076 1776135174 1776135181
1776135175 -22.8989641 -43.3682737 1776135172 1776135179
476938761 -22.8988926 -43.3686802 476938756 476938764
1776135174 -22.8988583 -43.3676436 1776135176
1776135172 -22.8985955 -43.3683028 1776135170 1776135175
3819339063 -22.8982641 -43.3688398 3819339062
476938764 -22.8982126 -43.3684828 476938761 476938769
1776135170 -22.8982067 -43.3683428 1776135164 1776135172
1776135168 -22.8981536 -43.3648773 1776135165
1776135167 -22.8981513 -43.3651965 1776135166
3819339062 -22.8981488 -43.3688502 3819339061 3819339063
1776135166 -22.8980896 -43.3652016 1776135167 1776135163
1776135165 -22.8980196 -43.3648664 1776135162 1776135168
3819339061 -22.8980176 -43.3688224 3819339060 3819339062
476938769 -22.8979833 -43.3683798 1776135164 476938764
1776135164 -22.897911 -43.3683296 476938769 1776135170 3819339048
1776135163 -22.8978384 -43.365284 1776135166 1776135157
3819339048 -22.8978303 -43.3682735 1776135164 476938794 3819339058
1776135162 -22.897795 -43.3648664 1776135160 1776135165
476938794 -22.8977857 -43.3682425 3819339048 476938801
3819339059 -22.8977455 -43.3691143 3819339060
3819339078 -22.8977071 -43.3659142 3819339077
476938801 -22.8976513 -43.3680279 476938794 3819339067
3819339055 -22.8976175 -43.3692463 3819339054 3819339056
3819339056 -22.8976015 -43.3693784 3819339055 3819339057
3819339053 -22.8975919 -43.3697258 3819339057
3819339060 -22.8975903 -43.3685637 3819339059 3819339061 3819339058
3819339067 -22.8975797 -43.3678651 476938801 476938806 3819339066
3819339058 -22.8975685 -43.3684863 3819339060 3819339048 3819339049
3819339077 -22.8975471 -43.3659385 3819339078 3819339076
3819339049 -22.8975439 -43.3685063 3819339054 3819339058
3819339057 -22.8975235 -43.3695965 3819339056 3819339052 3819339053
1776135161 -22.8975005 -43.365621 1776135159
1776135160 -22.8974766 -43.3649246 1776135158 1776135162
3819339076 -22.8974511 -43.3659698 3819339075 3819339077
1776135159 -22.8974301 -43.365621 3819339074 1776135161
476938806 -22.8973982 -43.3674528 3819339067 3819339064
3819339054 -22.8973907 -43.3685988 3819339050 3819339049 3819339055
3819339073 -22.8972846 -43.369983 3819339072
3819339072 -22.8972558 -43.369837 3819339071 3819339073
1776135158 -22.8972052 -43.3649319 1776135154 1776135160
3819339066 -22.897195 -43.3681275 3819339065 3819339067
3819339064 -22.8971815 -43.3668909 1776135149 476938806 3819339065
3819339050 -22.8971758 -43.3687286 3819339054 3819339051
3819339075 -22.8971598 -43.3661053 3819339074 3819339076
3819339071 -22.8971566 -43.3696563 3819339072 3819339070
1776135157 -22.8971512 -43.3653045 1776135139 1776135163
3819339052 -22.897147 -43.368885 3819339051 3819339057
3819339051 -22.8971342 -43.3687877 3819339050 3819339052
3819339074 -22.8969941 -43.3656656 1776135149 1776135159 3819339075
1776135156 -22.8969066 -43.3646595 1776135147
1776135155 -22.8968752 -43.36378 1776135146
1776135154 -22.8968298 -43.3648991 1776135122 1776135158
3819339070 -22.8968237 -43.3691942 3819339069 3819339071
1776135153 -22.8967786 -43.3600146 476940285 476940286 1776135140
3819339065 -22.8967629 -43.3671929 3819339064 3819339066
1776135152 -22.8967591 -43.3628333 1776135150 1776135151
1776135151 -22.8967543 -43.362643 1776135148 1776135152
1776135150 -22.8967449 -43.3630752 1776135152 1776135143
1776135149 -22.8967198 -43.3656936 3819339074 3819339064 1776135139
476940285 -22.8967104 -43.3604147 1776135145 1776135153
1776135148 -22.8967093 -43.3624346 1776135135 1776135151
1776135147 -22.8967075 -43.3644125 1776135076 1776135156
1776135146 -22.8966998 -43.3636102 1776135155 1776135133
1776135145 -22.8966779 -43.3605041 476940284 476940285 1776135144
3819339069 -22.8966573 -43.368885 1776135134 3819339070
1776135144 -22.8966191 -43.3604815 1776135126 1776135145
476940284 -22.8966076 -43.360698 1776135145 1776135136
1776135143 -22.8965979 -43.3633375 1776135150 1776135129
1776135139 -22.8965755 -43.3653192 1776135149 476938812 1776135157
1776135136 -22.8965687 -43.3608285 476940283 476940284 1776135127
1776135135 -22.8965624 -43.3622622 1776135148
1776135134 -22.8965578 -43.3683543 3819339069 3819339068
3819339068 -22.8965452 -43.368197 1776135132 1776135134
476938812 -22.8965443 -43.3652384 1776135122 1776135139
1776135133 -22.8965363 -43.3634919 1776135146 1776135129
1776135132 -22.8965313 -43.3680052 1776135131 3819339068
1013033037 -22.8965249 -43.3674592 1776135119 1776135131
1776135131 -22.8965246 -43.3677663 1776135132 1013033037
476940283 -22.8965206 -43.3609898 1776135123 1776135136
1776135129 -22.8964723 -43.3634468 1776135133 1776135120 1776135143
1776135127 -22.8964599 -43.360805 1776135103 1776135136
1776135126 -22.8964582 -43.3604087 1776135144 1776135102
1776135123 -22.896439 -43.361195 476940280 476940283 1776135109
1776135122 -22.8964251 -43.3649005 476938812 1776135121 1776135154
1776135121 -22.8963779 -43.3647669 1776135122 1776135076 1776135084
1776135120 -22.8963609 -43.3633684 1776135114 1776135129
1776135119 -22.8963605 -43.3670823 1776135100 1776135105 1013033037
476940280 -22.8963466 -43.3614275 1776135099 1776135123
1776135117 -22.8963216 -43.365779 1776135107
1776135116 -22.8963085 -43.3678418 1776135115 1776135106
1776135115 -22.8963085 -43.3677595 1776135116 1776135113
1776135114 -22.8963064 -43.3632655 1776135112 1776135120
1776135113 -22.8963061 -43.3676797 1776135104 1776135115
1776135112 -22.8963041 -43.3629414 1776135114 1776135110
1776135110 -22.8962993 -43.362715 1776135112 1776135098
1776135109 -22.8962856 -43.3611179 1776135081 1776135123
1776135107 -22.8962695 -43.3657276 1776135093 1776135117
1776135106 -22.8962658 -43.3678881 1776135116 1776135090
1776135105 -22.8962658 -43.3672655 1776135119 1776135095
1776135104 -22.8962587 -43.3674919 1776135095 1776135113
1776135103 -22.8962487 -43.3607322 1776135078 1776135127
1776135100 -22.8962452 -43.3664418 1776135119 1776135066 1776135074
1776135102 -22.8962437 -43.3602887 1776135079 1776135126
1776135099 -22.8962371 -43.3615401 476938853 476940280 1776135055
1776135098 -22.8962306 -43.3625375 1776135110 1776135088
1776135095 -22.8962049 -43.3673351 1776135105 1776135104 1776135092
476938853 -22.8961964 -43.361582 476938845 1776135099
1776135093 -22.8961936 -43.3655475 1776135089 1776135107
1776135074 -22.896171 -43.3663131 1776135100 3014371784
1776135092 -22.8961283 -43.3674225 1776135095 1776135082
1776135090 -22.8961212 -43.3679987 1776135083 1776135106
1776135089 -22.8961178 -43.365244 1776135084 1776135093
1776135088 -22.8961003 -43.3624526 1776135098 1776135075
476938845 -22.8960699 -43.3619425 1776135075 476938853
1776135084 -22.8960376 -43.3647842 1776135121 1776135034 1776135089
1776135083 -22.8960146 -43.3678032 1776135080 1776135090
1776135082 -22.8960146 -43.3675434 1776135080 1776135092
1776135081 -22.8960007 -43.3609905 1776135064 1776135109
1776135080 -22.8959933 -43.3676257 1776135083 1776135082
1776135079 -22.8959856 -43.3601104 1776135060 1776135102
1776135078 -22.895984 -43.3605758 1776135059 1776135103
1776135076 -22.8959547 -43.3635676 1776135121 476938817 1776135147
1776135075 -22.8959451 -43.3624252 476938836 476938845 1776135070 1776135088
476938817 -22.8959355 -43.3635132 1776135076 476938821
3014371784 -22.8959289 -43.366018 1776135067 1776135074
476938836 -22.895888 -43.3626463 476938829 1776135075
1776135066 -22.8958597 -43.3669032 1776135100 1776135046 1776135032
1776135070 -22.8958461 -43.3624593 1776135075 1776135053
476938821 -22.8958327 -43.36323 476938829 476938817
476938829 -22.8958169 -43.3630154 476938821 476938836
1776135067 -22.8957782 -43.3657525 1776135058 3014371784 1776135061
1776135058 -22.8957312 -43.3656023 1776135034 1776135067
1776135064 -22.8957293 -43.3608487 1776135081 1776135038
1776135061 -22.8957013 -43.3659576 1776135054 1776135067
1776135059 -22.8956857 -43.3603793 1776135024 1776135078
1776135056 -22.8956339 -43.3610454 1776135042 1776135036
1776135055 -22.8956238 -43.3612855 1776135099 1776135042
1776135046 -22.8956101 -43.367166 1776135066 3014371783
1776135053 -22.8956044 -43.3626291 1776135031 1776135070
1776135054 -22.8955731 -43.366297 1776135061 1776135032
1776135034 -22.895541 -43.3648218 1776135045 1776135058 1776135023 1776135021 1776135084
1776135045 -22.8955355 -43.3646379 1776135035 1776135034
3014371783 -22.8955261 -43.3671982 1776135046 1776135028
1776135042 -22.8955065 -43.3612855 1776135055 1776135041 1776135056
1776135041 -22.8954998 -43.361351 1776135042 1776135039
1776135039 -22.8954697 -43.3616165 1776135029 1776135041
1776135038 -22.8954578 -43.360674 1776135012 1776135064
1776135036 -22.8954529 -43.360918 1776135019 1776135056
1776135035 -22.8954502 -43.3642623 1776135045 1776134990 1776135027
1776135032 -22.8954372 -43.3664928 1776135054 1776135066 1776135002
1776135031 -22.89541 -43.3626342 1776135010 1776135053
1776135029 -22.8953591 -43.361722 1776135015 1776135039
1776135027 -22.895308 -43.3637787 1776135035 1776135025
1776135028 -22.8953062 -43.3672116 3014371783 1776135016
1776135025 -22.895287 -43.3637242 1776135014 1776135020 1776135027
1776135024 -22.8952869 -43.3601138 1776135008 1776135059
1776135023 -22.895273 -43.3648549 1776134998 1776135034
1776135016 -22.8952173 -43.3671767 1776135028 1776135002
1776135020 -22.8951718 -43.3638159 1776134977 1776135025
1776135019 -22.895168 -43.3607361 1776135006 1776135036
1776135021 -22.8951382 -43.3658946 1776135034 1776134999
1776135015 -22.8951379 -43.3617439 1776135000 1776135029
1776135014 -22.8951374 -43.3633362 1776134997 1776135025
1776135012 -22.8951025 -43.3604339 1776134993 1776135038
1776135010 -22.8950877 -43.3625467 1776135031 1776134982
1776135011 -22.8950418 -43.3688209 1776134972
1776134999 -22.8950344 -43.3660636 1776135021 3014371785
1776135006 -22.8950239 -43.3607434 1776135019 1776134971
1776135002 -22.8950196 -43.366997 1776135032 1776134987 1776135016
1776135000 -22.8949133 -43.3617148 1776134981 1776135015
1776134998 -22.8948976 -43.3648913 1776134966 1776135023
1776134997 -22.8948625 -43.3629915 1776134995 1776135014
1776134996 -22.8948624 -43.3635353 1776134989
1776134995 -22.8948295 -43.3629673 1776134963 1776134997 1776134983
1776134994 -22.8948196 -43.3646542 1776134990
1776134993 -22.8948177 -43.3602775 1776135012
1776134990 -22.8947959 -43.3644793 1776135035 1776134986 1776134994
3014371785 -22.8947898 -43.3663265 1776134999 1776134974
1776134989 -22.894786 -43.3635024 1776134979 1776134996
1776134986 -22.8947698 -43.3644201 1776134990
1776134987 -22.8947527 -43.3673484 1776135002 1776134980
1776134983 -22.8947483 -43.3630694 1776134995 1776134975
1776134982 -22.894718 -43.3623512 1776135010 1776134964
1776134981 -22.8947122 -43.3616784 1776134968 1776135000
1776134980 -22.8947058 -43.3674691 1776134987 1776134972 3014371782
1776134979 -22.8946838 -43.363426 1776134969 1776134970 1776134989
1776134977 -22.894669 -43.3642111 1776135020
1776134975 -22.8946595 -43.3631167 1776134983 1776134967
1776134971 -22.8946284 -43.3604123 1776135006
1776134972 -22.8946193 -43.3683623 1776135011 1776134980 3014371733
1776134974 -22.8945971 -43.3666349 3014371785 1776134960
1776134970 -22.8945966 -43.3633533 1776134979 1776134965
1776134969 -22.8945933 -43.3635279 1776134979 1776134943
1776134968 -22.8945565 -43.3615077 1776134961 1776134981
1776134967 -22.8945539 -43.3631131 1776134975 1776134962
1776134966 -22.8945289 -43.3648185 1776134950 1776134998
1776134965 -22.8945145 -43.363255 1776134970 1776134959
1776134964 -22.8945095 -43.3623461 1776134953 1776134982
1776134960 -22.8944975 -43.3667389 1776134914 1776134974 3014371774
1776134963 -22.8944975 -43.362724 1776134948 1776134995
1776134962 -22.8944886 -43.3631549 1776134967 1776134959
1776134961 -22.8944806 -43.361338 1776134956 1776134968
3014371781 -22.8944612 -43.3661763 3014371777
1776134959 -22.8944483 -43.3631876 1776134955 1776134962 1776134965
1776134956 -22.8944238 -43.3612608 1776134944 1776134961
1776134955 -22.8943892 -43.3632239 1776134929 1776134959
3014371782 -22.8943821 -43.3670399 1776134980
3014371777 -22.8943772 -43.3663345 3014371776 3014371778 3014371781
3014371774 -22.8943698 -43.3665572 1776134960 3014371775
1776134954 -22.8943609 -43.364566 1776134952 1776134950
1776134953 -22.8943578 -43.3625467 1776134948 1776134964
1776134952 -22.8943575 -43.3644711 1776134954 1776134942 1776134951
1776134951 -22.8943542 -43.3643768 1776134952 1776134945
3014371775 -22.8943426 -43.3664847 3014371776 3014371774
3014371776 -22.8943426 -43.3664204 3014371775 3014371777
1776134950 -22.8943412 -43.3647748 1776134946 1776134966 1776134954
3014371778 -22.8943302 -43.3662728 3014371779 3014371777
1776134948 -22.8943289 -43.3626636 1776134930 1776134963 1776134938 1776134953
1776134946 -22.8943074 -43.3647583 1776134950 1776134935 1776134936
1776134945 -22.8942972 -43.3642022 1776134940 1776134951
1776134944 -22.8942958 -43.3613174 1776134939 1776134956
1776134943 -22.8942732 -43.363808 1776134969
1776134942 -22.8942302 -43.3644714 1776134933 1776134952
1776134940 -22.8942067 -43.3640712 1776134925 1776134945
1776134939 -22.8942057 -43.3614048 1776134932 1776134944
1776134938 -22.8941989 -43.3628267 1776134918 1776134948
3014371779 -22.894182 -43.366128 3014371778 3014371780
3014371733 -22.8941746 -43.3687566 1776134972
1776134936 -22.8941401 -43.3650498 1776134946 1776134931
1776134935 -22.8941334 -43.364673 1776134946 1776134913
1776134933 -22.8941028 -43.3644714 1776134923 1776134942
1776134932 -22.8940967 -43.3615438 1776134939 1776134924
1776134931 -22.8940902 -43.365129 1776134936 1776134911 1776134927
1776134930 -22.8940686 -43.3625705 1776134948 1776134891
1776134929 -22.8940242 -43.3635815 1776134955
1776134927 -22.8940123 -43.3650957 1776134898 1776134931
1776134925 -22.8940056 -43.3639257 1776134901 1776134940
1776137572 -22.8939878 -43.3605674 1776137571 1776137570
3014371780 -22.8939843 -43.3660556 3014371779
1776134924 -22.893983 -43.3616467 1776134932 1776134909
1776137571 -22.8939778 -43.3607421 1776137569 1776137572
1776134923 -22.8939721 -43.3644314 1776134933 1776134907
1776137570 -22.8939242 -43.3604328 1776137566 1776137572
1776134918 -22.8939039 -43.3631523 1776134908 1776134938
1776137569 -22.8938974 -43.3608621 1776137571
1776134913 -22.8938653 -43.3645929 1776134887 1776134935
1776134911 -22.8938581 -43.3654975 1776134931
1776134909 -22.8938408 -43.3616672 1776134897 1776134924
1776137568 -22.8938385 -43.3663667 3014371772
1776137566 -22.893827 -43.3602473 1776137565 1776137570
1776137565 -22.893827 -43.3600799 1776137567 1776137566
1776134908 -22.8938268 -43.3632432 1776134890 1776134918
1776134907 -22.8938112 -43.3642495 1776134893 1776134923
3014371772 -22.8938019 -43.3663151 3014371771 1776137563 1776137568
1776134901 -22.8937643 -43.3637547 1776134885 1776134925
1776134898 -22.8937375 -43.3649556 1776134879 1776134889 1776134927
1776134897 -22.8937223 -43.3616672 1776134892 1776134909
1776134914 -22.893668 -43.3672358 1776134881 1776134960
1776134893 -22.8936437 -43.3639621 1776134874 1776134907
1776134892 -22.8936275 -43.3614666 1776134880 1776134897
1776134891 -22.8936262 -43.3623449 1776134930 1776134873
1776134890 -22.8936224 -43.3634015 1776134885 1776134908
1776134889 -22.8936219 -43.3651412 1776134878 1776134898
1776134887 -22.8936173 -43.3645929 1776134869 1776134913
1776134886 -22.8936023 -43.3601489 1776134863 1776137567
1776134885 -22.8935867 -43.3634309 1776134890 1776134901
1776134881 -22.8935717 -43.367313 1776134914 1776134872
1776134880 -22.8935659 -43.3613277 1776134892 1776134859
1776137564 -22.8935642 -43.3667181 3014371771
1776134879 -22.8935397 -43.3649502 1776134858 1776134898
1776134878 -22.893528 -43.3652885 1776134889
1776134872 -22.8934876 -43.3674262 1776134881 1776134868 1776134838
1776134874 -22.8934861 -43.3636128 1776134893
3014371771 -22.893483 -43.3665969 1776137564 1776137561 3014371772
1776134873 -22.8934767 -43.3622283 1776134867 1776134833 1776134891
1776137563 -22.893458 -43.3658303 3014371770 3014371772
1776134869 -22.8934229 -43.3645929 1776134887
1776134867 -22.8934117 -43.3621776 1776134855 1776134873
1776134863 -22.8933911 -43.3604145 1776134848 1776134886
1776134859 -22.893291 -43.3611887 1776134851 1776134880
1776134868 -22.8932847 -43.367766 1776134872 3014371734
1776137561 -22.8932801 -43.3662943 3014371771 3014371770 1776134838
1776134858 -22.8932766 -43.3648974 1776134879
1776134855 -22.8932374 -43.3619302 1776134843 1776134867
3014371734 -22.8932032 -43.367897 3014371735 3014371765 1776134868
3014371770 -22.8931812 -43.366077 1776137563 1776137561 3014371773
1776134848 -22.8931608 -43.3607234 1776134863 1776134847 1776134836 1776134827
1776134851 -22.8931488 -43.3611039 1776134850 1776134859
3014371773 -22.8931195 -43.3659617 3014371770
1776134850 -22.8931132 -43.3609907 1776134847 1776134851
1776134847 -22.8931085 -43.3608852 1776134848 1776134850
3014371735 -22.8930793 -43.3680244 3014371736 3014371734
1776134843 -22.8930095 -43.3617337 1776134831 1776134855
3014371736 -22.8929717 -43.368081 3014371735 3014371737
1776134838 -22.8929712 -43.366584 1776134872 3014371768 1776137561
1776134836 -22.8928759 -43.3608922 1776134825 1776134848
3014371763 -22.8928739 -43.3696993 3014371762
3014371737 -22.8928381 -43.3680952 3014371736 3014371738
3014371762 -22.8926811 -43.369297 3014371761 3014371763
1776134833 -22.8926434 -43.3631753 1776134873
3014371765 -22.8926268 -43.3667703 3014371734
3014371768 -22.8926173 -43.3659455 3014371769 1776134826 1776134838
1776134831 -22.892602 -43.3614931 1776134829 1776134843
3014371757 -22.8925625 -43.3685406 3014371756 3014371758
3014371756 -22.8925477 -43.3684279 3014371739 3014371757
3014371758 -22.8925181 -43.3686425 3014371759 3014371757
1776134829 -22.892512 -43.3613748 1776134825 1776134831
1776134827 -22.8924891 -43.3600085 1776134754 1776134848 1776134854
3014371738 -22.8924794 -43.368035 3014371764 3014371737 3014371739
3014371761 -22.8924686 -43.3689054 3014371760 3014371762
3014371759 -22.8924538 -43.3687284 3014371758 3014371760
3014371760 -22.8924489 -43.3687981 3014371759 3014371761
1776134826 -22.8924054 -43.3655594 3014371766 3014371768
3014371739 -22.8923947 -43.368035 3014371738 3014371740 3014371756
1776134825 -22.8923935 -43.3611329 1776134829 1776134836 1776134823
1776134823 -22.8923034 -43.3609426 1776134825 1776134818
3014371766 -22.8922868 -43.3653287 3014371767 1776134826
1776134821 -22.8922615 -43.3616043 1776134812
3014371740 -22.8922577 -43.3680633 3014371741 3014371739
1776134819 -22.8921691 -43.3629128 1776134791
3014371767 -22.8921632 -43.3651973 1776134807 3014371766
3014371764 -22.8921573 -43.3670278 3014371738
3014371741 -22.8921501 -43.3681164 3014371740 3014371742
1776134818 -22.8921044 -43.3607059 1776134811 1776134823
1776134814 -22.8920316 -43.3630595 1776134788
1776134812 -22.8919565 -43.3619681 1776134795 1776134821
3014371769 -22.8919359 -43.3663506 3014371768
3014371754 -22.891886 -43.3688526 3014371752
3014371742 -22.8918404 -43.3683712 3014371741 3014371743
1776134811 -22.8918295 -43.3603766 1776134796 1776134818
1776203335 -22.8917777 -43.3667986 1776203307
1776134805 -22.891762 -43.3613082 1776134798 1776134801
1776134807 -22.8917506 -43.3648647 3014371767 1776203332
1776134801 -22.8917285 -43.3609153 1776134800 1776134805
1776134800 -22.8917251 -43.3604568 1776134796 1776134801
1776134798 -22.8917218 -43.3615483 1776134795 1776134805
1776134796 -22.8916725 -43.3602467 1776134789 1776134800 1776134811
1776134795 -22.8916644 -43.3617471 1776134798 1776134812 1776134794
1776134794 -22.891581 -43.3620358 1776134795 1776134791
1776203332 -22.8915529 -43.3647359 1776134807 1776203303 1776134761
1776203307 -22.8915381 -43.3662111 1776203300 1776203335
1776134791 -22.8915282 -43.3622025 1776134819 1776134794 1776134790
1776134790 -22.8914973 -43.3623 1776134791 1776134788
3014371743 -22.8914556 -43.3686331 3014371742 3014371744
1776134789 -22.8914503 -43.3600628 1776134769 1776134796
1776134788 -22.8913951 -43.3623803 1776134814 1776134790 1776134755
3014371744 -22.8913448 -43.3687004 3014371743 3014371745
1776203303 -22.8913107 -43.3655755 1776203300 1776203332
1776203300 -22.8912934 -43.3657659 1776203303 1776203307
1776134774 -22.8912521 -43.3604542 1776134763 1776134767
3014371745 -22.8912176 -43.368803 3014371744 3014371746
1776134767 -22.8911415 -43.3610181 1776134774 1776134759
3014371746 -22.8911166 -43.3688455 3014371745 3014371747
1776134763 -22.8910744 -43.360305 1776134769 1776134774
1776134761 -22.8910675 -43.3646507 1776203332
1776134759 -22.8910409 -43.3610399 1776134767 1776134748
1776134755 -22.8910247 -43.3626711 1776134788
3014371752 -22.8909666 -43.3696914 3014371750 3014371753 3014371754 3014371755
3014371747 -22.8909633 -43.368849 3014371748 3014371746
3014371748 -22.8907872 -43.3687995 3014371747 3014371749
1776134748 -22.8906924 -43.3615238 1776134759 1776134731
3014371753 -22.8906438 -43.3689375 3014371752
3014371749 -22.8906405 -43.3686968 3014371748 1468523006
1776134731 -22.8905952 -43.3616911 1776134727 1776134748
1776134727 -22.8905415 -43.3617712 1776134731 1776134725
1776134725 -22.8904946 -43.3617966 1776134727 1776134723
439825637 -22.8904765 -43.3604431 1776134750 439825636
1776134723 -22.8904209 -43.3618367 1776134725
439825636 -22.8903342 -43.3609152 439825637 439825635
439825635 -22.8900081 -43.3613016 439825636 1776134720
1776134722 -22.8899523 -43.3623707 1776134720
1468523006 -22.8898588 -43.3676249 1468522883 1468522873 3014371749
1468522873 -22.889681 -43.3677981 1468522950 1468523006 1468522981
1776134720 -22.8894826 -43.3618508 1468522871 1776134722 439825635
1776134719 -22.8894167 -43.3629315 1776134718
1468522950 -22.8893254 -43.3686548 1468522994 1468522873
1468522883 -22.8892732 -43.3664839 1468522949 1468523006
1468522994 -22.8892038 -43.3692047 1468522950 1468522914
1468522914 -22.8891094 -43.3694112 1468522907 1468522994
1468522907 -22.8889804 -43.3695979 1468522947 1468522914
1468522949 -22.888912 -43.3655959 1468522883 1468522967 1468522980
1468522980 -22.8886197 -43.3648987 1468522949 1468523004 1468522891
1776134718 -22.8885777 -43.363801 1468522998 1776134719
1468522876 -22.8884714 -43.3683265 1468522905
1468523004 -22.8884641 -43.3641262 1468522998 1468583328 1468522980
1468522998 -22.8883865 -43.3638716 1468523004 1468522864 1776134718
1468522981 -22.8883508 -43.3692414 1468522863 1468522892 1468522873
445496152 -22.8883438 -43.3617449 1776203223
1468522864 -22.8882935 -43.3636803 1468522998 1468522871
1468522871 -22.8880384 -43.3633728 1468583322 1776134720 1468522943 1468522864
1468522967 -22.8879881 -43.3665666 1468522886 1468522949 1468522891
1468522905 -22.887929 -43.3677552 1468522886 1468522876
1468522892 -22.8878571 -43.3686499 1468523007 1468522924 1468522981
1776203223 -22.8877099 -43.3623867 1776203208 1776203211 445496152
1468522886 -22.8876179 -43.3669545 1468522905 1468522967 1468522882
1468522891 -22.8875027 -43.3660681 1468522967 1468522963 1468522980 1468583328
1776203211 -22.8874245 -43.3620658 1776203207 1776203223
1468523007 -22.8874199 -43.368126 1468522892 1468522992 1468522948
1468522943 -22.8874027 -43.3640245 1468522871 1468522973
1468522963 -22.8873968 -43.3661798 1468522901 1468522891
1776203208 -22.8873945 -43.3627061 445496155 1776203223 1776203186
1468522992 -22.8873594 -43.3681924 1468523007 1468522903
1776203207 -22.8873202 -43.3620555 1776203176 1776203211
1468583322 -22.887306 -43.3633505 445496155 1468522871
1776203186 -22.8871022 -43.3624054 1776203183 1776203208
1776203183 -22.8870548 -43.3623076 1776203169 1776203186
1468583328 -22.8870533 -43.3655745 1468523004 1468583324 1468522891
1468522882 -22.887014 -43.367579 1468522886 1468522948
1468522948 -22.8869794 -43.3676112 1468523007 1468583375 1468441713 1468522882
1468583375 -22.8869298 -43.3675607 1468583335 1468522948
1468522903 -22.8869037 -43.3686755 1468522992 1468441689
1776203176 -22.886794 -43.3614433 1776203207
445496155 -22.8867625 -43.363346 1468583322 1776203208 445496949 445498716
1468522901 -22.8867352 -43.3668709 1468583335 1468522963
1776203169 -22.8867277 -43.3618652 1776203183
1468522924 -22.8866701 -43.3698998 3014387231 1468522892 1468522863 1468441689
445498905 -22.8865647 -43.3608437 445498903
445498903 -22.8865251 -43.3619938 445498901 445498905
1468583335 -22.8865219 -43.367095 1468583375 1468522872 1468522901 1468583324
1468522973 -22.88631 -43.3651665 1468522943 445496410
1468441689 -22.8862302 -43.3694008 1468441713 1468522924 1468441708 1468522903
445498783 -22.8862009 -43.3607922 445498901
445498901 -22.8861898 -43.3619938 445498716 445498783 445498898 445498903
445498716 -22.8861773 -43.3633411 445496155 445498901 1468583317
445496410 -22.8860918 -43.3653945 1468522973 1468583384 445496645
1468522872 -22.8860663 -43.3675736 1468522929 1468583335
445496949 -22.8860598 -43.3640808 445496155 445496648 445496645
1468583324 -22.8860548 -43.3666037 1468583335 1468583384 1468583380 1468583328
445498898 -22.8858609 -43.3619852 445498895 445498901
445498895 -22.885853 -43.3608093 445498898
1468441708 -22.8857965 -43.3698385 3014387231 1468523011 1468441689
1468441713 -22.8857483 -43.3688631 1468522966 1468522895 1468441689 1468522948
1468522929 -22.8857422 -43.3679078 1468522895 1468522872
1468583317 -22.8857145 -43.3633373 445496651 445498716
1468583384 -22.8855262 -43.36599 445496410 1468522969 1468583324
445496645 -22.885496 -43.3646703 445496410 445496949 445496648 445497151
1468522895 -22.8852996 -43.3683816 1468522938 1468523013 1468522929 1468441713
445496648 -22.8851651 -43.3640366 445497075 445496949 445496645 445496651
445496651 -22.8851413 -43.3633325 1468583395 1468583317 445496648 445496655
445496655 -22.8851413 -43.3615818 445496651
1468583380 -22.8849238 -43.3677854 1468522938 1468583324
445497151 -22.8848595 -43.3653358 445497075 445496645 1468583370
1468522938 -22.8848459 -43.3678629 1468522969 1468522874 1468522895 1468583380
1468583370 -22.8846842 -43.3655191 445497151 445497289
445498338 -22.8843983 -43.3625065 1470035217
445497289 -22.8843641 -43.3658539 445497212 1468583370 1468583389
1468583395 -22.8843306 -43.3633257 3040329803 445496651
1468522969 -22.8843271 -43.3672387 1468583384 1468522938 445490043
445490043 -22.8842305 -43.3673397 445492902 1468522969 1468522916
445497075 -22.884153 -43.3640562 445497212 445496648 445497151
1468523013 -22.8840876 -43.3696495 1468522874 1468522895 1468522978
1468583389 -22.8840828 -43.3661481 445492898 445497289
1776203106 -22.8839987 -43.3603329 1776203101
445492898 -22.8838366 -43.3664055 1468583389 445492899 3040329802
3040329804 -22.8838205 -43.3619242 1470035217 3040329801
1470035217 -22.883815 -43.3624979 445498333 3040329804 445498338 3040329803
3040329803 -22.8838086 -43.3633365 1468583395 1470035217 3040329783
1468522874 -22.8837919 -43.3689509 1468522938 1468523013 1468441701
3040329802 -22.8837341 -43.3662083 445492898 3040329800
3040329801 -22.8837311 -43.3618789 3040329804 3040329799
1776203103 -22.8836065 -43.3614098 1776203083
1776203101 -22.8835328 -43.3602565 1776203106 1776203095
1776203099 -22.8835193 -43.3606968 1776203092
3040329800 -22.8834716 -43.3657389 1468583325 3040329802
3040329799 -22.8834269 -43.3618708 3040329801 3040329798
445497212 -22.8833463 -43.3640537 445497075 445496835 445497289
1468441701 -22.8832952 -43.3694634 1468522936 1468522884 1468522874 1468376306
1468522916 -22.883238 -43.3683769 445490043 445493684
445492899 -22.8832187 -43.3670756 1468522969 445492898 445492902
3040329798 -22.8831525 -43.3616491 3040329799
1468583325 -22.8831417 -43.3651471 3040329791 3040329800
445492902 -22.8831262 -43.3671766 445493374 445492899
445493684 -22.8830822 -43.3685397 1468522916 445493318
445502200 -22.8830647 -43.3612828 445502328
1468522884 -22.8829957 -43.3689386 1468441701 1468522985
445493318 -22.8829735 -43.3686532 445493121 445493684 1468522985
445493374 -22.8829677 -43.3671532 445494287 445493684
445502328 -22.8829258 -43.3611153 445502200 445502195 445502324
445493989 -22.8829116 -43.3670304 1468583319 445492899 445494287
445494287 -22.8829025 -43.3671435 445493121 445493989
1468522985 -22.8828554 -43.3687767 1468522884 445493318 442138152
445493121 -22.8828425 -43.3671347 442138045
3040329791 -22.8828394 -43.364627 1468583325 445496835
445498333 -22.8827398 -43.3624822 1470035217 445498332
445502324 -22.882652 -43.3613423 445502320 445502328
445498332 -22.8826302 -43.3624064 445494984 445498333
445502195 -22.8825315 -43.3606108 445502328 445502320
3040329783 -22.8825188 -43.3633258 445492896 3040329803
445496835 -22.8825081 -43.3640452 445497212 3040329791 3040329782
1468583319 -22.8824316 -43.3661284 445493989 445494291
3040329782 -22.8824145 -43.3638664 445492896 445496835
442138152 -22.8822949 -43.3693624 442138151 1468522985 1468522991
3040329781 -22.8822937 -43.3600047 1776203083 1470035212
442138151 -22.8822761 -43.3683547 442138150 442138152
445502320 -22.8822587 -43.3608373 445494984 445502324 445502195
442138150 -22.8822444 -43.3681487 442138151 442138149
442138149 -22.8821654 -43.3679942 442138150 442138148
445492896 -22.8821099 -43.3633167 3040329777 3040329783 3040329779 3040329782
1470035212 -22.8821039 -43.3601498 3040329781 445498321
1468522991 -22.8820621 -43.3696057 442138152 442138075
442138148 -22.8820309 -43.3678912 442138135 442138149
3040329779 -22.8819582 -43.3630329 3040329775 445492896
445494984 -22.8818842 -43.3610894 3040329774 445502320 445498330 445498332
442138075 -22.8817229 -43.3699602 442138074 1468522991 439825634
445498321 -22.8816753 -43.360572 445498324 1470035212
445498330 -22.8816671 -43.3607003 445498324 445494984
442138074 -22.8816593 -43.3687839 442138073 442138075
445498324 -22.8816592 -43.360635 445498321 445498330
3040329777 -22.8816555 -43.3633128 3040329770 445492896
442138073 -22.8816435 -43.3686208 442138074 442138072
442138045 -22.8815723 -43.3669471 442136364 1273178701
445494291 -22.8815513 -43.3644743 1468583319 1468630953
442138072 -22.8815011 -43.3685092 442138073 442138071
445490400 -22.8814643 -43.3668175 445493989
3040329775 -22.8814631 -43.3621476 3040329773 3040329779
1273178701 -22.8814525 -43.366816 442138059 442138045 445490400
3040329774 -22.8814318 -43.3615649 445494984 445494982
3040329773 -22.8813379 -43.3619177 3040329775 445494982
445494982 -22.8812428 -43.3617523 3040329774 445494691 3040329769 3040329773
3040329770 -22.8812022 -43.3633031 445494688 3040329777
3040329769 -22.8811798 -43.3616264 3040329768 445494982
1468630953 -22.881168 -43.3644788 445494291 445494293
3040329768 -22.8810203 -43.3613497 3040329767 3040329769
442138071 -22.8809318 -43.3684406 442138070 442138072
3040329767 -22.8808533 -43.3610454 3040329768 445502920
445494293 -22.8808159 -43.3644829 1468630953 1468630952
445502920 -22.8806751 -43.3607376 445503331 3040329762 3040329767
3040329762 -22.8806344 -43.3606658 3040329757 445502920
1468630952 -22.8805834 -43.3641935 445494293 445494296
3040329757 -22.8804693 -43.3603745 442135325 3040329762
442135325 -22.8804 -43.3602521 3040329766 445502999 3040329757
442138070 -22.8802359 -43.3683204 442136530 442138067 442138071
445494688 -22.8801855 -43.3632583 3040329770 3263056919 3263056918
3263056919 -22.8801648 -43.3633573 3263056917 445494688
3263056918 -22.8801528 -43.3631724 445494688 3263056916
3263056917 -22.8801077 -43.3634334 3263056919 445494296
3263056916 -22.8800905 -43.3631083 3263056918 445494691
445494296 -22.8800237 -43.3634693 3263056917 1468630952 3263056915
445494691 -22.8800078 -43.3630832 3263056916 3263056914 445494982
