344542654 -22939998 -43181931 344542653
2406964082 -22939941 -43189052 2406964151 2406964118
2406964118 -22939880 -43189035 2406964082 2406964136
2268582201 -22939871 -43182815 378684432
2406964136 -22939814 -43188996 2406964118 2406964132
2406964132 -22939751 -43188942 2406964148 2406964136
2268582179 -22939631 -43182965 1985396162
344542083 -22939611 -43180463 471627229
2406964148 -22939576 -43188751 2406964125 2406964132
331107965 -22939525 -43189763 331107944
2406971792 -22939412 -43189693 331107965
2406964106 -22939334 -43189235 2406964167 2406964068
2406964068 -22939333 -43189197 343999041 2406964106
343999041 -22939321 -43189156 343999040 2406964068
2406964167 -22939320 -43189256 2406964106 2406964066
344542688 -22939318 -43181356 344542687
2406964125 -22939317 -43188486 2406964148 2406964098
331107971 -22939305 -43189642 2406971792
2406964066 -22939296 -43189261 2406964167 2406964100
2406964100 -22939273 -43189256 343999043 2406964066
343999040 -22939266 -43189057 2406964133 343999041
343999043 -22939248 -43189239 2406964100 343999045
2406964098 -22939127 -43188308 2406964125 3749615137
331107972 -22939121 -43189570 331107971
343999045 -22939098 -43189030 343999043 2406964088
2406964133 -22939068 -43188773 343999040 2406964152
2406971803 -22939052 -43189440 2406971743 331107918
2406971743 -22939047 -43189393 343997774 2406971803
3749615137 -22939047 -43188245 2406964098 2406964145
331107918 -22939046 -43189545 331107972 2406971803
2406971786 -22939035 -43189575 331107918
343997774 -22939023 -43189312 2406971743 2406971755
2406971752 -22939013 -43189596 2406971786
2406971755 -22939004 -43189270 343999061 343997774
2406964152 -22938991 -43188674 2406964133 343999039
2406971764 -22938981 -43189607 2406971752
378682526 -22938926 -43183176 2268582179
2406971773 -22938912 -43189614 2406971764
378684432 -22938902 -43183047 344543495
343999061 -22938898 -43189109 2406971750 2406971755
2406964088 -22938887 -43188791 343999045 2406964135
343999039 -22938870 -43188566 2406964062 2406964152
2406971750 -22938855 -43189079 343999061 2406971747
2406964135 -22938830 -43188746 2406964088 2406964134
2406964062 -22938819 -43188537 343999038 343999039
2406971747 -22938807 -43189081 2406971745 2406971750
2406971745 -22938777 -43189096 2406971766 2406971747
343999038 -22938768 -43188518 2406964139 2406964062
2406964134 -22938756 -43188731 2406964135 2406964116
2406971766 -22938737 -43189141 2406971745 2406971759
344543495 -22938735 -43183118 248169886
2406964139 -22938723 -43188512 343999037 343999038
2406964116 -22938694 -43188740 2406964134 2406964122
2406964145 -22938688 -43187956 3749615137 2406964161
343999037 -22938660 -43188517 343999035 2406964139
2406964122 -22938652 -43188771 2406964116 2406964086
2406971759 -22938641 -43189285 343999059 2406971766
2406964086 -22938638 -43188794 2406964122 343999049
343999059 -22938603 -43189318 2406971749 2406971759
343999049 -22938595 -43188972 2406964086 2406964153
2406964153 -22938563 -43189044 343999049 2406964084
2406971749 -22938553 -43189344 343999058 343999059
2406964084 -22938513 -43189102 2406964153 2406964110
343999058 -22938465 -43189362 2406971749 343999056
248169886 -22938451 -43183221 344543389
2406964110 -22938447 -43189153 2406964084 343999050
2406964161 -22938423 -43187763 2406964123 2406964145
343999050 -22938333 -43189204 2406964154 2406964110
2406982946 -22938284 -43188153 2406964094
2406964154 -22938280 -43189214 343999050 343999054
343999035 -22938225 -43188630 2406964131 343999037
2406964131 -22938159 -43188633 2406964094 343999035
2406964094 -22938115 -43188626 2406982946 343999034 2406964131
344543381 -22938093 -43181630 344543495
344543389 -22938089 -43183343 945189053
343999034 -22938084 -43188609 2406964094 343999033
945174831 -22938057 -43183260 344543389
331107911 -22938020 -43189743 2406971748
343999056 -22938019 -43189396 343999058 2406964163
2406971748 -22938012 -43189716 2406971757
2406971757 -22937998 -43189707 2406971762
2406964123 -22937995 -43187488 343999028 2406964161
343999054 -22937967 -43189240 2406964154 2406964138
2406964163 -22937962 -43189382 2406964155 343999056
2406964138 -22937948 -43189250 2406964143 343999054
2406964155 -22937945 -43189369 2406964064 2406964163
2406964143 -22937930 -43189274 2406964127 2406964138
2406964064 -22937923 -43189328 2406982948 2406964127 2406964155
2406964127 -22937921 -43189307 2406964143 2406964064
2406982948 -22937859 -43189275 2406964064 2406964092
2406971762 -22937849 -43189705 2406971797
2406971801 -22937844 -43189638 2406971773
2406971797 -22937812 -43189695 2406971760
2406971782 -22937802 -43189653 2406971801
2406971760 -22937799 -43189680 2406971782
343999033 -22937772 -43188332 343999034 2406964090
2406964090 -22937722 -43188279 2406964169 343999033
454457403 -22937692 -43183580 945189052 378682526
2406964169 -22937689 -43188230 2406964171 2406964090
945189052 -22937678 -43183525 945189053
945189053 -22937660 -43183468 302981257
343999028 -22937413 -43187130 2406964123 2406964141
2406964141 -22937374 -43187124 343999028 343999030
2406964092 -22937365 -43188862 2406982948
302981257 -22937364 -43183549 344543384 454457407
343999030 -22937341 -43187134 2406964141 2406964124
2406964124 -22937317 -43187159 343999030 2406964075
2406964171 -22937295 -43187445 2406964146 2406964169
2406964075 -22937274 -43187243 2406964142 2406964124
2406964146 -22937266 -43187342 2406964142 2406964171
2406964142 -22937263 -43187296 2406964075 2406964146
344543382 -22937224 -43180935 344543381
454457397 -22937198 -43183693 454457403
344543390 -22937052 -43180966 344543382 945174831
378682507 -22936956 -43183752 454457397
454457407 -22936918 -43183657 248169887
454457411 -22936860 -43183773 378682507
1819813865 -22936859 -43189198 1819813686
331107899 -22936854 -43189127 1819813865
1819813686 -22936848 -43189317 345950275
1819813757 -22936835 -43189052 331107899
248169887 -22936823 -43183676 454457411 331107992
345950275 -22936815 -43189454 331107900
1819813853 -22936805 -43188982 1819813757
454457409 -22936781 -43183574 248169887
38658370 -22936724 -43187969 708319734
331107900 -22936694 -43189917 1819813681
1819813681 -22936666 -43189971 1819813611
38650993 -22936495 -43185428 708319769
708319734 -22936461 -43188146 38658370 331107898
331107898 -22936379 -43188201 708319734 1819813853
344543384 -22936355 -43181329 344543390 38653523
3686241505 -22936195 -43189977 932343271 345973391
331107980 -22936181 -43184792 38650993 3605820753
38653523 -22936044 -43180660 945189056
939171030 -22935986 -43180712 38653523
945189056 -22935903 -43180387 301668291 945189055
38653910 -22935854 -43181635 454457409
945189055 -22935813 -43180437 945189054 945189056
932343271 -22935781 -43189621 3686241505 38625851
331107992 -22935776 -43183843 331107993 248169888
3686248541 -22935717 -43184000 331107980
38652370 -22935691 -43183955 3686248541 454457411
3605820753 -22935566 -43185108 1747290175
38625851 -22935565 -43189423 932343271 430561793
708319769 -22935555 -43186410 38650553
38653911 -22935545 -43181127 939171030 38653910
3605820752 -22935521 -43183994 38652370
248169888 -22935492 -43183897 327508470
3686241514 -22935468 -43188881 331107898
38650553 -22935446 -43186528 1747290191
345973701 -22935445 -43188898 3686241514 3686241510
331107993 -22935432 -43182920 331107992
3686241510 -22935428 -43188833 345973702
945189054 -22935407 -43180694 945189055
939171042 -22935360 -43182619 939171043
430561793 -22935339 -43189030 38658368 38625851
345973702 -22935316 -43188680 3686241511
38658368 -22935314 -43188986 345973701 345973703 430561793
327508389 -22935271 -43184076 3605820752
3686241511 -22935265 -43188670 430561792
430561792 -22935215 -43188694 345973703
345973703 -22935176 -43188722 38658368 430561794
430561794 -22935150 -43188673 345979020 345973703
302981527 -22935150 -43181498 38653911
1747290191 -22935116 -43185897 1747290175 248170188
327508470 -22935114 -43184039 1745088394 1745088383
1747290175 -22934972 -43185471 1747290194
3605849645 -22934944 -43184235 327508389
939171043 -22934896 -43181900 939171028 939171042
248170188 -22934890 -43185484 1747290188
939171028 -22934825 -43181796 302981527 939171043
301667368 -22934818 -43181069 302981527
1745088381 -22934799 -43184224 327508389
1745088383 -22934766 -43184131 331107986
1745088394 -22934762 -43184170 3605849644
345979020 -22934711 -43187830 38652001 430561794
327514225 -22934625 -43184356 3605849645
3686248538 -22934595 -43184400 327514225
1747290188 -22934575 -43184778 3605820754
1747290194 -22934565 -43184528 1747290195
1747290195 -22934564 -43184446 3686248538
3686248536 -22934561 -43184370 327514225
38652001 -22934524 -43187484 38650553 345979020
331107986 -22934419 -43184218 331107989 327519892
302981499 -22934402 -43182170 939171028 302981500
301667370 -22934390 -43180681 301667368
3605849643 -22934339 -43184355 1745088381
3605849644 -22934303 -43184294 3605849641
302981524 -22934297 -43180571 302981501 301667370
331107989 -22934264 -43183835 331107983 1747298062
3605820754 -22934247 -43183990 1747298069
331107994 -22934246 -43180458 302981524
1747298062 -22934176 -43183870 331107987
302981500 -22934148 -43181833 302981501
331107987 -22934113 -43183854 1747298065
1747298065 -22934065 -43183791 331107988
302981501 -22934002 -43180790 301668182
1747298069 -22933892 -43183205 1747298060 327517808
301668182 -22933879 -43180558 939181937 302981502
708319726 -22933872 -43184522 3686248536
3605849642 -22933857 -43184459 3605849643
331107983 -22933843 -43182895 1747298066
3605849641 -22933841 -43184385 1747290180
1747298066 -22933801 -43182690 302981499
331107988 -22933795 -43183139 1747298056
1747298060 -22933785 -43182929 38634766 1747298059
327519892 -22933783 -43184337 346247159
331096883 -22933779 -43186407 38652001 708319741
1747298059 -22933775 -43182774 1747298066
327517808 -22933771 -43183012 3605820755
1747298056 -22933753 -43183058 1747298070
3605820755 -22933705 -43182957 1747298067
38634766 -22933701 -43182619 38641800
1747298070 -22933697 -43182998 1747298057
708319741 -22933669 -43186499 331096883 331096890
1747298067 -22933631 -43182946 331107984
1747298057 -22933628 -43182978 331107984
346247237 -22933613 -43184633 708319726
868687906 -22933576 -43186075 331096883
331107984 -22933553 -43182982 454457374
346247159 -22933541 -43184407 1747290192 346247368
1747290176 -22933537 -43184598 346247237
1747290192 -22933508 -43184482 1747290176
1747290180 -22933500 -43184502 1747290179
3686248532 -22933458 -43184687 346247237
346247528 -22933428 -43184697 3686248532
346247368 -22933406 -43184452 327520969
38648287 -22933366 -43185539 708319775 868687906
708319773 -22933335 -43185429 38648287
38641800 -22933325 -43181309 331107991 38633630
939181937 -22933318 -43180872 331107991
327511570 -22933309 -43184735 327507102 346247528
327507102 -22933308 -43185324 708319773
38633630 -22933301 -43181317 454457371
327520969 -22933287 -43184486 1747290171 327511570
38625849 -22933262 -43184399 327520969
708319775 -22933261 -43185589 331096870 38648287
1747290172 -22933251 -43184676 3605849642
331107991 -22933247 -43180912 1023379092
1747290179 -22933235 -43184598 1747290184
1023379092 -22933199 -43180666 431013521
331096890 -22933166 -43186921 331096893 708319741
1747290181 -22933148 -43184922 327507102
327506578 -22933137 -43184218 1747290187
1747290187 -22933135 -43184358 1747290183
327506783 -22933127 -43184095 327506578 38625849
431013521 -22933122 -43180314 38634767
1747290190 -22933079 -43184869 1747290181
1747290183 -22933077 -43184507 1747290171
248170572 -22933043 -43184753 1747290172
1747290184 -22933011 -43184686 1747290177
327507110 -22932981 -43184857 1747290190
1747290171 -22932960 -43184630 1747290193
331096856 -22932952 -43183884 331096863 327506783
454457374 -22932933 -43183568 331107985
331107985 -22932849 -43183644 331096856
454457373 -22932815 -43183539 331107985
868687879 -22932743 -43183323 454457373
331096893 -22932729 -43187600 331096890
708319717 -22932551 -43182746 868687879
458253218 -22932498 -43182587 708319717
331096863 -22932488 -43184043 331096856
38632847 -22932365 -43182188 38629315 458253218
454457371 -22932317 -43181730 38633632
708319718 -22932247 -43181855 38632847
38633632 -22932218 -43181772 708319718
454457372 -22932188 -43181685 38633632
458253213 -22932146 -43181563 454457372
708319721 -22932079 -43181368 458253213
1023379097 -22931996 -43181127 708319721
1578392369 -22931883 -43189657 1578392364 1578392361
461805317 -22931874 -43180769 1023379097
1578392364 -22931832 -43189370 1578392358 1578392369
868688042 -22931794 -43180542 461805317
1578392361 -22931768 -43189838 1578392369
3266080928 -22931726 -43180345 868688042
38629315 -22931722 -43182412 763659169 38632847 330960870
1578392358 -22931689 -43189040 1578392364 1578392356
3266080927 -22931685 -43180225 3266080928
1578392356 -22931625 -43188859 1578392358 1578392351
708319720 -22931610 -43180008 3266080927
331096870 -22931606 -43186523 461806420 708319775 331096876
248170437 -22931579 -43185407 248170572
1578392351 -22931574 -43188662 1578392356 1578392348
1747290177 -22931566 -43185340 248170484
1578392348 -22931555 -43188319 1578392351 1578392326
330960870 -22931541 -43182482 38629315 330960865
1747290193 -22931540 -43185288 248170484
1578392326 -22931530 -43188266 1578392348 1578392325
330960865 -22931455 -43182427 330960870 3321684614
1578392325 -22931453 -43188256 1578392323 1578392326
3321684614 -22931422 -43182440 330960859 330960865
1578392323 -22931416 -43188312 1578392325 1578392321
1578392321 -22931402 -43188365 1578392323 1578392319
1578392319 -22931346 -43189479 1578392318 1578392321
330960859 -22931343 -43182471 3321684614 330960477
331096876 -22931318 -43185834 331096870
763659169 -22931244 -43180885 2860841101 346005722
330960477 -22931230 -43182390 330960859 330960483
1578392318 -22931228 -43189648 1578392319 1578392314
2860841101 -22930979 -43180991 330948182 763659169
327507113 -22930947 -43185767 327507110 248170437
1578392316 -22930941 -43189726 330967641 1578392314 1578392312
1578392314 -22930932 -43189647 38648286 1578392318 1578392316
248170484 -22930902 -43185707 147443974
461806420 -22930755 -43186939 38648286 331096870
1578392312 -22930741 -43189763 1578392307 1578392316
330960483 -22930647 -43182534 330960491 330960477
153830613 -22930512 -43186213 327507113
330960967 -22930499 -43184393 330960539 330960971
330960971 -22930484 -43184466 330960967 330960977
38648286 -22930480 -43187084 1578392314 461806420
147443974 -22930461 -43186140 218184429
330948182 -22930326 -43181252 330948173 2860841101
330960491 -22930317 -43182694 330960483 330960502
330960977 -22930259 -43184663 330960971 330961005
3026245110 -22930254 -43186420 153830613
330960539 -22930224 -43184478 330960533 330960967
1578392307 -22930216 -43189182 330961068 1578392312
330961005 -22930157 -43184921 330960977 330960982
330960502 -22930116 -43182817 330960491 330960507
330961072 -22930088 -43189510 330961090 330961068
330960533 -22930080 -43184400 330960530 330960539
330960982 -22929990 -43185332 330961005 330960988
330961068 -22929960 -43189164 1578392307 330961046 330961072
330960507 -22929956 -43183013 330960512 330960502
330960988 -22929953 -43185878 330960982 330960992
330960530 -22929925 -43184153 330960523 330960533
330960523 -22929874 -43183823 330960530 330960516
330960512 -22929874 -43183281 330960507 330960516
330960516 -22929863 -43183534 330960512 330960523
330960992 -22929822 -43186067 330960999 330960988
330960999 -22929768 -43186362 330961009 330960992
330961009 -22929742 -43186839 330960999 330961014
330961014 -22929702 -43187086 330961009 330961025
330948173 -22929646 -43181531 330948182
330961046 -22929553 -43189026 330961068 330961041
330961025 -22929498 -43187508 330961014 330961030
330961090 -22929418 -43189765 330961072 330961095
330961041 -22929389 -43188775 330961035 330961046
330961035 -22929316 -43188411 330961030 330961041
330961030 -22929305 -43187963 330961025 330961035
330961095 -22929087 -43189637 330961090 330961144
330961144 -22929004 -43189364 330961101 330961095
330961101 -22928947 -43189257 330961144 247207651 330961140
218184443 -22928892 -43185708 218184439 218184445
330961140 -22928891 -43189478 330961101 330961136
218184439 -22928877 -43185845 218184443 218184436
247207651 -22928852 -43189004 330961101 247207652
247207653 -22928850 -43187907 247207652 247207654
218184445 -22928837 -43185468 218184443 218184447
247207652 -22928826 -43188353 247207651 247207653
330961136 -22928817 -43189521 330961140 330961131
218184429 -22928734 -43187502 498713870
218184447 -22928726 -43184807 218184445 218184449
218184449 -22928718 -43184575 218183517 218184447
218183517 -22928711 -43183657 218184449 386146563
330961131 -22928694 -43189419 330961136 330961128
247207654 -22928692 -43187289 247207653 218184433
330961128 -22928621 -43189398 330961104 330961131
218184436 -22928616 -43186060 218184434 218184439
218183523 -22928606 -43181955 218183524 386146563
330961109 -22928603 -43189710 330961104 330961116
218183524 -22928576 -43181883 218183523 218183526
386146563 -22928560 -43183027 386146564 218183517 218183523
330961104 -22928556 -43189495 330961128 330961109
218183526 -22928500 -43181855 218183524 3608172868
218184434 -22928497 -43186266 218184433 218184436
218184433 -22928473 -43186489 247207654 218184434
3608172868 -22928416 -43181894 218183526 218183527
218183527 -22927947 -43182112 3608172868 218183528
386146564 -22927936 -43183317 386146565 386146563
218183528 -22927849 -43182318 218183530 218183527
386146565 -22927833 -43183266 386146564 386146566
218183530 -22927754 -43182369 218183528 218183532
218183532 -22927605 -43182369 218183530 218183533
218183533 -22927468 -43182338 218183535 218183532
218183535 -22927424 -43182245 218187484 218183540 218183533
218183540 -22927319 -43181914 218183535 218183542
218187484 -22927281 -43182128 218187725 218183535
218183542 -22927249 -43181791 218183540 218183544
218187725 -22927216 -43182017 218187723 218187484
218173675 -22927200 -43180054 218178835 218173678
386146566 -22927185 -43182339 386146565 386146567
218183544 -22927161 -43181743 218183542 218183548
218187723 -22927137 -43181923 218187721 218187725
218187721 -22926900 -43181880 218187719 218187723
218183548 -22926852 -43181738 218183544 218183551
1343755045 -22926773 -43181401 218183566 218181594
218181594 -22926759 -43181342 1343755045 218181597
218178835 -22926730 -43180038 218173675 218178828
218183566 -22926720 -43181432 218183564 1343755045
218183551 -22926637 -43181573 218183548 218183552
218187719 -22926632 -43181768 218187718 218187721
386146567 -22926568 -43181901 386146423 386146566
218181608 -22926559 -43180899 218181606 218181609
218178816 -22926552 -43180404 218178813 1343755023
218181609 -22926534 -43180849 218181608 218181610
1343755023 -22926531 -43180347 218178816 218178817
218178813 -22926530 -43180583 218181618 218178816
218181606 -22926525 -43180969 218181605 218181608
218183552 -22926495 -43181514 218183551 218183556
218178817 -22926466 -43180330 1343755036 1343755023
218183564 -22926459 -43181287 218183561 218183566
218181610 -22926457 -43180830 218181609 218181611
218181597 -22926418 -43181159 218181594 218181598
218181618 -22926394 -43180708 218181617 218178813
1343755036 -22926333 -43180425 1343755031 218178817
218181605 -22926299 -43181082 218181606 218181604
218181598 -22926268 -43181168 218181597 218181600
1343755031 -22926248 -43180453 1343755036 218178819
218181617 -22926246 -43180796 218181618 1343755011
218183561 -22926244 -43181331 218183559 218183564
218181604 -22926194 -43181085 218181605 218181603
218181611 -22926187 -43180892 218181610 218181612
218178819 -22926172 -43180431 1343755031 218178822
1343755011 -22926166 -43180792 218181617 218181615
218181600 -22926124 -43181156 218181598 218181601
218187718 -22926062 -43181691 3819077731 218187719
386146423 -22926054 -43181781 3819077731 386146567
218183559 -22926031 -43181324 218183561 218183557
3819077731 -22926023 -43181742 386146423 218187718
218183556 -22925998 -43181411 218183552 3819077732
218183557 -22925971 -43181328 3819077732 218183559
218181603 -22925966 -43180973 218181602 218181604
3819077732 -22925964 -43181381 218183556 218183557
218181601 -22925948 -43181064 218181602 218181600
218181615 -22925942 -43180691 218181614 1343755011
218181602 -22925926 -43181011 218181601 218181603
218181612 -22925906 -43180780 218181611 218181614
218178822 -22925903 -43180293 218178824 218178819
218181614 -22925896 -43180713 218181612 218181615
218178826 -22925772 -43180021 3375528126 218178825
2239398615 -22925752 -43180865 2239398617
218178824 -22925674 -43180316 218178822 3375521337
3375521337 -22925633 -43180266 218178824 218178825
218178825 -22925627 -43180186 3375521337 218178826
2239398617 -22925440 -43180720 2239398615 2239398645
1823563151 -22925345 -43189968 1823563273 1823563105
2239398645 -22925327 -43180616 2239398617 2239398614
1823563105 -22925308 -43189920 1823563151 1823563070
1823563070 -22925268 -43189890 1823563105 1823563008
35574859 -22925250 -43180369 35574858 2239398614
1071424162 -22925226 -43188005 1071424135 1071424199
2239398614 -22925218 -43180457 35574859 35574861 2239398645
1071424135 -22925217 -43188178 1071424109 1071424162
1823563008 -22925214 -43189869 1823563070 1823563145
1071424199 -22925205 -43187800 1071424162 1071424180
1071424109 -22925151 -43188406 1071424121 1071424135
35574861 -22925147 -43180647 35574862 2239398614
1071424180 -22925144 -43187619 1071424199 1071424011
1343755009 -22925125 -43182561 35574862 1343755007
1823563145 -22925117 -43189846 1823563008 1823563199
35574858 -22925110 -43180079 35574859 35574857
1343755007 -22925102 -43182701 3819077737 1343755009
1071424059 -22925073 -43189168 1071424012 1071424028
3819077737 -22925058 -43182740 1343755007 1343755030
1071424028 -22925056 -43189245 1071424059 1823563007
1071424011 -22925031 -43187471 1071424053 1071424180
35574862 -22925019 -43182419 35574861 1343755009
1343755030 -22925001 -43182744 3819077737 35574863
1071424121 -22924996 -43188766 1071424095 1071424109
1823563199 -22924972 -43189833 1823563145 1823563112
1071424012 -22924972 -43188960 1071424059 1071424095
1071424122 -22924941 -43188224 1071424096 1071424153
1823563073 -22924938 -43189095 1823563234 1823563049
1823563234 -22924935 -43189179 1823563007 1823563073
1071424095 -22924935 -43188815 1071424121 1071424012 1071424055
1071424096 -22924929 -43188313 1071424110 1071424122
1071424153 -22924929 -43188184 1071424122 1071424182
1071424110 -22924903 -43188402 1071424085 1071424096
1071424055 -22924902 -43188687 1071424085 1071424095
1071424085 -22924895 -43188533 1071424110 1071424055
1071424182 -22924883 -43188127 1071424153 1071424164
1823563007 -22924881 -43189286 1823563234 1071424028 1823563224
1071424053 -22924861 -43187310 1071424011 1071424084
1823563049 -22924849 -43188861 1823563073 1823563139
1823563112 -22924829 -43189839 1823563199 1823563246
386154210 -22924827 -43184543 386154177
1071424164 -22924796 -43188088 1071424037 1071424182
35574863 -22924776 -43182592 1343755030 35574864
1823563246 -22924773 -43189833 1823563112 1823563176
1071424084 -22924763 -43187149 1071424053 1071424052
1071424052 -22924753 -43186968 1071424084 1071424080
1823563139 -22924747 -43188348 1823563049 1823563163
1823563176 -22924740 -43189814 1823563246 1768232443 549225700
1823563224 -22924735 -43189527 1823563137 1823563007
1823563163 -22924721 -43188287 1823563139 1823563208
386154177 -22924717 -43184009 35574867 386154210 1071424039
1768232443 -22924713 -43189798 1823563176 1823563189
1071424037 -22924705 -43188065 1071424164 1071424066
1823563137 -22924686 -43189624 1823563068 1823563224
1071424080 -22924683 -43186799 1071424107 1071424052
1823563189 -22924682 -43189743 1823563068 1768232443
1823563068 -22924677 -43189697 1823563189 1823563137
1071424066 -22924669 -43188091 1071424037 1071424058
1823563208 -22924663 -43188225 1823563237 1823563163
1823563237 -22924627 -43188206 1823563208 1823563240
1823563240 -22924554 -43188192 1823563237 1823563022
1071424137 -22924547 -43187806 1071424069 1071424111
1071424111 -22924543 -43187901 1071424089 1071424137
1071424058 -22924535 -43188060 1071424089 1071424066
1071424089 -22924523 -43187993 1071424058 1071424111
1823563022 -22924514 -43188196 1823563240 1823563265
1071424039 -22924513 -43183955 1071424070 386154177
1071424107 -22924490 -43186709 1071424080 1071424132
1071424069 -22924485 -43187652 1071424137 1071424036
1823563265 -22924464 -43188214 1823563060 1823563022
1071424045 -22924436 -43187022 1071424078 1071423998
1071424078 -22924433 -43187127 1071424045 1071424102
35574864 -22924427 -43182220 3819077738 35574863
1071424070 -22924410 -43184034 1071424039 1071424060
3819077738 -22924393 -43182138 35574864 35574865
1071424102 -22924393 -43187236 1071424078 1071424036
1071423998 -22924337 -43186952 1071424030 1071424045
1071424118 -22924300 -43186040 1071424092 1071424143
35574865 -22924297 -43181604 3819077738 1343755033
1823563236 -22924293 -43187691 1823563276 1823563100
1823563100 -22924288 -43187726 1823563124 1823563236
1823563060 -22924284 -43188299 1823563265 1823563200
1823563276 -22924281 -43187622 1823563236 1823563153
1071424092 -22924279 -43185119 1071424060 1071424118
1071424036 -22924259 -43187441 1071424069 1071424100 1071424102
1823563124 -22924254 -43187807 1823563248 1823563100
1071424132 -22924252 -43186712 1071424107 1071424120
1823563200 -22924247 -43188304 1823563060 1823563182
1823563153 -22924217 -43187523 1823563276 1823563081
1343755033 -22924196 -43181505 35574866 35574865
35574867 -22924161 -43182236 35574866 386154177
1823563182 -22924158 -43188285 1823563200 1823563274
1071424060 -22924154 -43184604 1071424070 1071424092
1071424100 -22924140 -43187330 1071424036 1071424127
1823563248 -22924139 -43188003 1823563124 1823563196
1071424030 -22924128 -43186898 1071424186 1071423998
1823563274 -22924118 -43188240 1823563277 1823563182
1823563196 -22924106 -43188084 1823563277 1823563248
1823563277 -22924100 -43188171 1823563274 1823563196
1823563081 -22924084 -43187404 1823563153 1768232429
498695263 -22924071 -43187706 498695262 498695265
1071424143 -22924064 -43186546 1071424016 1071424118
1071424127 -22924043 -43187294 1071424093 1071424100 1768232429
35574866 -22924042 -43181535 35574867 218191152 339002669 1343755033
1768232429 -22924031 -43187379 1823563247 1071424127 1823563081
1071424120 -22924031 -43186781 1071424016 1071424132
498695265 -22924024 -43187560 498695263 2283565858
1823563247 -22924015 -43187371 1768232429 1823563154
549225738 -22923987 -43188997 549225740 549225736
1071424093 -22923972 -43187236 1071424083
1823563154 -22923961 -43187364 1823563247 2283565858
1071424186 -22923955 -43186928 1071424030 1071424155
549225740 -22923953 -43188847 549225743 549225738
549225736 -22923943 -43189148 549225738 549225734
339002669 -22923941 -43181202 35574866 339002668
218191152 -22923929 -43181548 35574866 218191151
2283565858 -22923892 -43187378 498695265 1823563046 1823563154
549225743 -22923873 -43188751 2930741244 549225740
549225734 -22923869 -43189223 549225736 549225733
1823563046 -22923842 -43187408 2283565858 1823563055
1071424083 -22923835 -43187282 1071424108
218191151 -22923817 -43181614 218191152 218191149
549225733 -22923811 -43189257 549225728 549225734
218191145 -22923745 -43182426 218191146 218191143
2930741244 -22923726 -43188681 549225743 549225767
549225728 -22923719 -43189235 549225733 549225765
218191149 -22923716 -43181760 218191151 218191147
1071424016 -22923690 -43186931 1071424120 1071424141 1071424143
218191147 -22923664 -43181900 218191146 218191149
1823563055 -22923647 -43187583 1823563046 1823563130
498695262 -22923644 -43187998 498695261 498695263
218191146 -22923632 -43182105 218191145 218191147
549225765 -22923609 -43189191 549225728 549225762
1823563130 -22923560 -43187625 1823563055 1823563198
549225767 -22923534 -43188687 2930741244 549225771
339002668 -22923522 -43180372 339002669 2239391339
1071424108 -22923513 -43187519 1071424134
549225762 -22923502 -43189188 549225760 549225765
218191143 -22923493 -43183614 218191145 218191142
218191142 -22923430 -43183760 218191143 218191139
549225760 -22923366 -43189253 332237211 549225762
1071424155 -22923345 -43187194 1071424186 1071424128
218191139 -22923320 -43183884 218191138 218191142
1823563198 -22923287 -43187608 1768232417 1823563130 1823563036
1071424128 -22923273 -43187168 1071424141 1071424155
1071424141 -22923254 -43187124 1071424016 1071424151 1071424128
218191134 -22923251 -43184622 218191138 218191132
218191138 -22923238 -43184063 218191139 218191134
332237211 -22923229 -43189442 549225756 332237213 549225760
1768232417 -22923196 -43187650 1768232418 1823563198
549225749 -22923182 -43189862 549225747 549225751
1071424134 -22923158 -43187514 1071424161
549225756 -22923147 -43189538 549225754 332237211
218191121 -22923143 -43183405 218191123 2239391339
549225751 -22923142 -43189783 549225749 549225754
1823563036 -22923140 -43187600 1823563198 1823563205
218191123 -22923132 -43183678 218191125 218191121
549225754 -22923128 -43189652 549225751 549225756
218191132 -22923126 -43184678 218191130 218191134
549225771 -22923050 -43188744 549225922 549225767
218191130 -22923040 -43184645 218191132 218191128
1823563205 -22923037 -43187625 1823563036 1823563150
1768232418 -22923033 -43187689 2283565857 1768232417
218191125 -22923016 -43184029 218191126 218191123
218191128 -22922964 -43184561 218191130 218191126
218191126 -22922944 -43184390 218191128 218191125
2283565857 -22922905 -43187755 549225932 1768232418
1823563150 -22922894 -43187707 1823563205 1823563118
549225920 -22922877 -43189977 549225720 549225918
1071424151 -22922874 -43187267 1071424141 1071424179
549225922 -22922871 -43188800 549225928 549225771
498695261 -22922854 -43188444 526581767 498695262
1071424179 -22922804 -43187282 1071424151 3377366134
3377366134 -22922764 -43187252 3377366133 1071424179
549225932 -22922754 -43187875 549225930 2283565857
3377366133 -22922718 -43187192 3377366132 3377366134
3377366132 -22922620 -43186972 3377366133 1071424009
1823563118 -22922609 -43187887 1823563123 1823563150
1071424009 -22922572 -43186970 3377366132 3377366131
1071424161 -22922567 -43187780 1071424165
1823563123 -22922559 -43187908 1823563141 1823563118
549225930 -22922556 -43188050 549225935 549225932
3377366131 -22922537 -43187002 1071424009 3377366130
549225918 -22922467 -43189793 549225920 549225926
1823563141 -22922466 -43187921 1823563123 1823563045
3377366130 -22922423 -43187206 3377366131 1071424197
2239391339 -22922414 -43180688 218191121 218193096 339002668
1823563045 -22922397 -43187915 1823563141 1823563191
498695367 -22922380 -43185277 498695365
1071424197 -22922352 -43187399 1071424033 3377366130
1071424033 -22922348 -43187517 1071424197 1071424063
1071424165 -22922318 -43187749 1071424203
218196017 -22922299 -43182198 1071756608 218196018
549225935 -22922284 -43188167 3377366124 549225930
218193096 -22922270 -43180153 218191119 2239391339
549225926 -22922265 -43189786 549225925 549225918
1823563191 -22922253 -43187868 1823563169 1823563045
549225928 -22922245 -43189288 549225922 526581767 549225929
498695365 -22922237 -43185328 3377366127 498695367
3377366129 -22922220 -43186112 3377366128 3377366126
3377366128 -22922205 -43186212 498695360 3377366129
498695360 -22922156 -43186283 3377366125 3377366128
3377366127 -22922119 -43185378 498695364 498695365
1071424203 -22922118 -43187652 1071424063
498695364 -22922104 -43185453 3377366127 498695362
3377366126 -22922091 -43185835 3377366129 498695362
3377366125 -22922085 -43186355 498695358 498695360
1823563169 -22922080 -43187760 1823563191 1823563026
498695362 -22922063 -43185746 3377366126 498695364
1071756608 -22922054 -43182368 218196017 218197031
3377366124 -22922048 -43188270 549225933 549225935
498695358 -22922022 -43186514 1071424008 3377366125
1823563026 -22922018 -43187700 1823563169 1823563219
526581767 -22922012 -43188941 498695261 526581768 549225928 498695255
549225933 -22921979 -43188290 3377366124 3377366123
3377366123 -22921932 -43188266 498695354 549225933
549225929 -22921922 -43189545 549225928 549225924
1823563219 -22921920 -43187573 1823563026 1823563187
1071424063 -22921908 -43187358 1071424033 1071424169
218197028 -22921896 -43183296 1071465130 218197029
1823563187 -22921886 -43187510 1823563219 1823563108
549225925 -22921853 -43189868 549225924 549225926
218196018 -22921835 -43180230 218193096 218196017
218197029 -22921809 -43183312 218197028 218197030
1071424159 -22921803 -43186534 1071424152
218197031 -22921794 -43182549 218197030 1071756608
1071424152 -22921788 -43186403 1071424079
1071424008 -22921772 -43186808 498695358 1071424159
1768232563 -22921768 -43186586 1071424152
1071424169 -22921758 -43186906 1071424008
1071424079 -22921745 -43186234 3510663519
1823563108 -22921738 -43187129 1823563187 1823563091
1768232530 -22921735 -43186463 1768232468
1768232468 -22921734 -43186575 1768232340
498695354 -22921721 -43188083 526581768 526581769 3377366123
1768232477 -22921719 -43186374 1768232530
1768232340 -22921713 -43186816 1768232563 1823563029
549225924 -22921697 -43189717 549225925 498695255 549225929
1823563029 -22921694 -43186857 1823563051 1768232340
1823563091 -22921693 -43186982 1823563108 1823563051
1823563051 -22921688 -43186915 1823563029 1823563091
1071424067 -22921670 -43185496 1071424098
3510663519 -22921670 -43186033 1071424183
1071424038 -22921662 -43185569 1071424067
1071424098 -22921662 -43185424 1071424005
1071424183 -22921655 -43185993 1071424130
1768232479 -22921644 -43186161 1768232477
1071424005 -22921640 -43185378 1071424113
1071424130 -22921620 -43185846 1071424056
1071424056 -22921619 -43185788 1071424038
1768236800 -22921604 -43186131 1768232479
3510663518 -22921602 -43186069 1768232479
218195195 -22921599 -43181834 218195196 1071756606
1768232549 -22921589 -43185535 1768232562 1768232518
1768237304 -22921587 -43186035 3510663518
1768236815 -22921582 -43186123 1768236800
1768232562 -22921581 -43185448 1768232564 1768232549
1768232557 -22921567 -43185970 1768237304
1768232518 -22921565 -43185718 1768232549 1768232464
1768236821 -22921555 -43186120 1768236815
1768232464 -22921553 -43185888 1768232557 1768232518 1768233608 1768233599
1768232564 -22921544 -43185372 1768232562 1768232560
1768233599 -22921525 -43186005 1768232464 1768236803
1768233608 -22921521 -43185953 1768233593 1768232464
1768236812 -22921509 -43186143 1768236821
1768236803 -22921475 -43186187 1768233607 1768236812 1768233599
526581768 -22921467 -43188565 498695353 498695354 526581767
1768233593 -22921466 -43186018 1768233603 1768233608
1768233589 -22921462 -43186180 1768233607 1768233590
1768233607 -22921460 -43186233 1768233589 1768236803 1768233587
1768233590 -22921460 -43186146 1768233589 1768233594
1768233594 -22921447 -43186121 1768233590 1768233597
1768233603 -22921430 -43186040 1768233595 1768233593
1768232560 -22921430 -43185207 1768232564 1768232424
1768233587 -22921421 -43186357 1768233607 1768233604
1768233595 -22921394 -43186043 1768233603 1768233597
1768233597 -22921366 -43186037 1768233595 1768237303 1768233594
498695255 -22921346 -43189407 526581767 498695353 480030110 549225924
1768237303 -22921301 -43186003 1768237305 1768233597
1768232424 -22921295 -43185031 1768232353 1768232560
480030110 -22921289 -43189470 1768236825 498695255
1071424113 -22921256 -43184878 1071424031
1768237305 -22921241 -43185945 479995639 1768237303
1071756606 -22921237 -43182323 218195195
1768236825 -22921200 -43189536 480030110 1768236834
1071424031 -22921199 -43184833 1071424139
1768233609 -22921190 -43186304 1768233588 498695337
1768233588 -22921187 -43186221 1768233609 498695338
1768232353 -22921180 -43184898 1768232400 1768232424
498695350 -22921172 -43188384 498695348 2283565768
1768236834 -22921157 -43189558 1768236825 1768236847
1071424139 -22921154 -43184810 1071424061
498695337 -22921153 -43186407 498695335 1768233609
498695338 -22921150 -43186131 1768233588 1768233601
1768233604 -22921148 -43187110 498695329 1768233587 526581769
218197030 -22921126 -43183510 218197029 218197031
479995639 -22921125 -43185801 1768237306 1768237305
1071465130 -22921123 -43184624 1071465113 1768232348 218197028
498695353 -22921114 -43189234 498695348 526581768 498695255
1768236847 -22921105 -43189584 1768236834 1768236841
1768232400 -22921100 -43184829 1768232348 1768232353
1071424061 -22921096 -43184792 1768232348
1768233601 -22921089 -43186073 498695338 1768233602
1071465113 -22921087 -43183936 1071465130 1071465095
549225936 -22921060 -43189949 549225938 549225903
218195196 -22921050 -43180369 1071756612 218196018 218195195
526581769 -22921039 -43187419 498695354 1768233604 1768236836
1768233602 -22921029 -43186067 1768233601 498695339
1768232348 -22921026 -43184792 1071465130 1768232440 1768232400
1768236841 -22921018 -43189606 1768236847 1768236827
498695335 -22921014 -43186561 498695332 498695337
1768237306 -22921005 -43185710 479995639 3377358973
1071465095 -22920982 -43183776 1071465113 1071465114
549225938 -22920981 -43189837 332237220 549225936
1768236836 -22920965 -43187616 1768236797 526581769
1768236827 -22920964 -43189586 1768236841 1768236840
3377358973 -22920956 -43185661 1768237306 1768236846
1768236797 -22920950 -43187639 1768236845 1768236836
332237220 -22920936 -43189776 3377366118 549225938 332237219
498695339 -22920935 -43186124 498695410 1768233602
1768236845 -22920925 -43187660 1768236797 1768236824
1768236846 -22920871 -43185604 1768236838 3377358973
1768236840 -22920861 -43189530 1768236827 1768236852
1768232440 -22920861 -43184786 1768232344 1768232348
1071465114 -22920858 -43183720 1071465090 1071465096 1071465095
1768236824 -22920857 -43187675 1768236845 1768236818
498695348 -22920839 -43189024 480009788 498695353 498695350
1768236838 -22920837 -43185579 3377358972 3377358970 1768236846
1071756612 -22920830 -43180409 218195196
1768236818 -22920823 -43187666 1768236824 1768236833
1768236852 -22920813 -43189525 1768236863 1768236840
498695332 -22920800 -43186708 498695331 498695335
302979497 -22920784 -43181154 218193093 302979498
3377358972 -22920777 -43185521 3377358971 1768236838
1071465096 -22920776 -43183781 1071465091 1071465114
1768236863 -22920759 -43189533 1768236852 1768236807
3377366118 -22920743 -43189671 332237220 3377366117
302979498 -22920741 -43181347 302979497 302979500
1071465090 -22920738 -43183666 302979583 1071465114
1768232344 -22920726 -43184791 1768232534 1768232440
3377366117 -22920675 -43189630 3377366118 1768236807
1768236807 -22920664 -43189578 3377366117 1768236863 1768236860
3377358971 -22920649 -43185475 3377358972 498695937
1768236860 -22920613 -43189601 1768236806 1768236807
3377358970 -22920596 -43185552 3377358969 1768236838
2652136265 -22920583 -43182179 302979578 302979577
1071465091 -22920566 -43183717 1071465096 1071465081
302979578 -22920561 -43182244 302979579 2652136265
302979500 -22920527 -43181544 302979498 302979501
302979583 -22920524 -43183482 1071465090 302979582
1768236806 -22920521 -43189604 1768236860 1768236814
498695331 -22920489 -43186895 498695329 498695332
498695937 -22920486 -43185454 498695936 3377358971
218193093 -22920483 -43180476 302979495 302979497
3377358969 -22920478 -43185575 1768236862 3377358970
302979577 -22920467 -43182105 302979576 2652136265
1071465081 -22920448 -43183580 1071465091 1071465082
302979582 -22920419 -43182697 302979583 302979581
1768236833 -22920417 -43187472 1768236818 1768236850
1768236814 -22920409 -43189553 1768236806 1768236837
1768232534 -22920406 -43184787 1768232344 1768232555
302979581 -22920395 -43182419 302979580 302979582
1768236850 -22920369 -43187465 1768236833 1768236798
1768236798 -22920343 -43187469 1768236850 1768236835
302979495 -22920331 -43180138 2652136270 218193093
1768236837 -22920328 -43189527 1768236814 1768236804
1768236862 -22920328 -43185596 1768236823 3377358969
1071465082 -22920301 -43183210 1071465078 1071465081
498695329 -22920291 -43187018 498695331 3377366114 1768233604
302979501 -22920290 -43181587 302979500 302979502
1768236835 -22920289 -43187500 1768236798 2283565768
1768232555 -22920281 -43184799 3377358968 1768232559 1768232534
1768236804 -22920254 -43189507 1768236837 1768236796
3377358968 -22920213 -43184890 498695932 1768232555
1071465078 -22920200 -43183050 1071465075 1071465082
1768236823 -22920194 -43185645 1768236816 1768236862
2652136270 -22920152 -43180168 302979495 302979388
1768236796 -22920152 -43189501 1768236804 1768236855
2283565768 -22920138 -43187751 498695350 1768236835 1768236832
1768236816 -22920126 -43185690 1768236805 1768236823
1768232559 -22920102 -43184808 1768232467 1768232555
1071465075 -22920095 -43182913 1071465078 1071465131
302979502 -22920076 -43181570 302979501 302979575
3377366114 -22920070 -43187019 498695329 498695414
1768232467 -22920069 -43184799 1768232559 1768232546
1768236855 -22920048 -43189540 1768236796 1768236857
1768236805 -22920035 -43185767 1768236813 1768236816
302979579 -22920029 -43182231 302979578 302979580
1071465131 -22920027 -43182872 1071465138 1071465075
498695932 -22920013 -43184932 3377358968 498695931
1768236832 -22920005 -43187980 480009788 2283565768
1768232546 -22920003 -43184761 1768232441 1768232467
