3017375246 -22949552 -43727316 2981571212
3017375245 -22948376 -43720275 2981571193 2981571192
2981571213 -22947883 -43726148 2981571214 2981571212
2981571214 -22947873 -43726229 2981571213 2981571215
2981571212 -22947858 -43726085 2981571211 2981571213 3017375246
2981571193 -22947809 -43720767 2981571194 3017375245
2981571215 -22947773 -43726431 2981571214 2981571216
2981571194 -22947422 -43721148 2981571193 2981571195
2981571216 -22947376 -43726961 2981571215 2981571217
2981571217 -22947313 -43726998 2981571218 2981571216
2981571218 -22947226 -43727007 2981571217 2981571219
2981571219 -22947152 -43726968 2981571218 2981571220
2981571195 -22947005 -43721638 2981571194 2981571196
2981571211 -22946974 -43725446 2981571210 2981571212
2981571210 -22946883 -43725396 2981571209 2981571211
2981571196 -22946731 -43721946 2981571195 2981571197
2981571220 -22946612 -43726613 2981571221 2981571219
2981571197 -22946570 -43722088 3017375244 2981571196
3017375244 -22946256 -43722312 2981571197 2981571198
2981571198 -22945851 -43722546 3017375244 2981571199 3017375236
2981571209 -22945108 -43724632 2981571210 2981571208
2981571208 -22944975 -43724562 2981571209 2981571207
2981571207 -22944837 -43724463 2981571206 2981571208
2981571221 -22944786 -43725764 2981571220 2981571222
2981571199 -22944769 -43723155 2981571198 2981571200
3017375238 -22944727 -43720387 3017375236 3017375230
2981571206 -22944393 -43724088 2981571205 2981571207
2981571200 -22944373 -43723401 2981571199 2981571201
2981571205 -22944299 -43723996 2981571206 2981571204
2981571201 -22944264 -43723524 2981571200 2981571202
2981571204 -22944236 -43723886 2981571203 2981571205
2981571202 -22944225 -43723647 2981571203 2981571201
2981571203 -22944212 -43723764 2981571202 2981571204
3017375236 -22944153 -43721299 1661218359 2981571198 3017375238
2981571222 -22944054 -43725434 2981571221 2981571223
2981571223 -22943427 -43725269 2981571224 2981571222
3017375202 -22942172 -43720129 3017375201 3017375203
3017375203 -22942162 -43720340 3017375202 1661218368
1661218368 -22942113 -43720533 3017375203 1661218343
1661218343 -22941896 -43721072 1661218368
2981571224 -22941833 -43724561 2981571223 2981571225
2981571225 -22940828 -43724070 2981571224 2981571226
