3819158789 -22.8398314 -43.2580907 3819158788
3819158791 -22.8396548 -43.2583861 3819158790
2251338697 -22.839596 -43.2524762 2251338689 3230477035
501027371 -22.8395839 -43.2594364 3819158790 3416917831 501027343
3196321194 -22.8394483 -43.2571706 501029019 501026207 3196321195
146437171 -22.8393777 -43.2545366 501028697 146437170
144280033 -22.8392915 -43.2542162 144280031
146481157 -22.8391483 -43.2541847 2368379492
144372641 -22.8391185 -43.2546126 144372640
501027343 -22.8390623 -43.2599501 501027371 501027335 501028044
2251338689 -22.8388445 -43.2530395 2251338697 2251338694
146437170 -22.8387924 -43.2552233 501026219
501026219 -22.8386759 -43.2553951 3196321195 146437169
144280037 -22.8385163 -43.2551432 144280033
146481158 -22.8384997 -43.2549486 146481157
144372640 -22.8384698 -43.2554795 1496705039
146437169 -22.8383731 -43.2558413 501026207
1496705039 -22.8383108 -43.2557347 144372638 1496705048
1496705048 -22.8381619 -43.256001 1496705047
501026207 -22.8380421 -43.2564093 146437168 3196321194
144280039 -22.8379942 -43.2559758 144280037
1496705047 -22.8378949 -43.2564677 1496705049
144372638 -22.8378924 -43.2564065 144372635
500981534 -22.8378902 -43.2558565 146481158
1496705038 -22.8378307 -43.2559451 500981534
1496705035 -22.8377565 -43.2561351 1496705038
146481159 -22.8376929 -43.2561503 1496705038
2251338694 -22.8376085 -43.2522348 2251338689
146437168 -22.8375979 -43.2571716 1496705040
1496705055 -22.8375488 -43.2565643 1496705035
500981276 -22.837514 -43.2560368 500981534
1496705049 -22.8374598 -43.2572944 1496705040
500981570 -22.8374519 -43.2566063 500981545 146481159
500981216 -22.8373992 -43.2560614 500981276
500981545 -22.8373624 -43.2564742 500981264
1496705037 -22.837361 -43.2570041 1496705055
1496705040 -22.8373503 -43.2576344 501026198
1496705042 -22.8372979 -43.2571643 1496705037
500981264 -22.8372583 -43.2563207 500981261
1496705057 -22.8372546 -43.257346 1496705042 144280039
501026198 -22.8372088 -43.2578988 2368379488 501027343
500981220 -22.8371159 -43.2560976 500981216
2368379488 -22.8370944 -43.2581126 501026190
501026190 -22.8368724 -43.2585276 501026164
2368379491 -22.8367651 -43.2579057 500981570
501026164 -22.8363778 -43.259452 501026150 501027993
146481160 -22.8360871 -43.2591887 2368379491
3645189919 -22.8352971 -43.2593297 500981968
500981261 -22.8351779 -43.2563121 500981257
500981223 -22.83517 -43.2561147 500981220
500981968 -22.8348219 -43.2589729 500981944 3645189919 500981906
500981944 -22.8347665 -43.2589042 3645189918 500981968
500981257 -22.8347349 -43.2564237 500981254
500981227 -22.83464 -43.2562521 500981223
500981254 -22.8343868 -43.2566555 500981251
500981231 -22.8342524 -43.2565439 500981227
500981251 -22.834023 -43.2571275 500981248
500981248 -22.8338806 -43.2569988 500981231
3645189918 -22.8335068 -43.2576745 500981944
122331680 -22.8277105 -43.2504054 122331676
122349216 -22.8277026 -43.2502852 122349215
122349217 -22.8272359 -43.2505771 122349216
122331676 -22.8269907 -43.2508517 122331675
122349218 -22.8265556 -43.2508603 122349217
122331675 -22.8263815 -43.2510234 278081414
122349219 -22.825684 -43.2510862 122349218
278081414 -22.8256756 -43.2512016 122331673
122331673 -22.8242466 -43.2516052 2968223649
122349221 -22.8242184 -43.2515061 122349219
2968223649 -22.8240226 -43.2516841 122331671
122331671 -22.8237979 -43.2517743 122331670
122349222 -22.8237912 -43.2516592 122349221
122331670 -22.8233331 -43.2520294 2968223651
122349223 -22.8232732 -43.2519326 122349222
2968223651 -22.8230053 -43.2522727 122331668
2968223650 -22.8229315 -43.2521882 122349223
122331668 -22.8226359 -43.2526182 2968223654
122349225 -22.8225961 -43.2524992 2968223650
2968223654 -22.8224788 -43.252815 2968223653
2968223652 -22.8224157 -43.2527159 122349225
2968223653 -22.8223351 -43.2530161 2968223655
122349226 -22.8222505 -43.2529462 2968223652
2968223655 -22.8221618 -43.2532901 122331665
2968223656 -22.8220731 -43.2532216 122349226
122331665 -22.8220154 -43.2535772 122331664
122357510 -22.8219079 -43.2535306 2968223656
122331664 -22.8218757 -43.2539299 2968223657
2968223657 -22.8215748 -43.2547592 2968223658
2968223658 -22.8214243 -43.2551775 2968223661
2968223659 -22.8213666 -43.2550449 122357510
2968223661 -22.8213558 -43.2553466 122331663
2968223660 -22.8212685 -43.2552912 2968223659
122331663 -22.8212336 -43.2556002 2968223662
122357514 -22.8211489 -43.2555317 2968223660
2968223662 -22.8210536 -43.2559164 122331662
2968223663 -22.8209703 -43.2558465 122357514
122331662 -22.8208547 -43.2562035 2968223665
122357515 -22.8207849 -43.2561205 2968223663
2968223665 -22.8206667 -43.2564192 2968223666
2968223664 -22.8206129 -43.2563245 122357515
