1507147371 -22.859822 -43.270165 3877491467 3879148452
3879148452 -22.8598198 -43.2702534 1507147371 1507147369
1507147369 -22.8598036 -43.2709123 3879148452 1507147363
518180670 -22.8597887 -43.2792838 518180662 518180681
3877491467 -22.8597826 -43.2700668 1507147366 1507147371
1507147363 -22.8596765 -43.271441 1507147369 3902433222
3902433222 -22.8596676 -43.2716125 3902433221 1507147363 1507147362
1507147362 -22.8596412 -43.2718586 3902433222 3902418723
518180639 -22.8595842 -43.2772983 518180627 518180647
518180627 -22.8595842 -43.2771181 518180593 518180639
3902433221 -22.8595817 -43.2715901 3902433222 3902433220
518180662 -22.8595525 -43.2785772 518180655 518180670
3902418723 -22.8595422 -43.2721342 3902418722 1507147362 1507147352
3902433220 -22.8595296 -43.2717828 3902433221
1507147359 -22.8595177 -43.2730424 1507147352 1507147351
518180647 -22.8594813 -43.2776331 518180639 1806707490
1806707490 -22.8594765 -43.2777526 518180647 518180655
1507147356 -22.8594577 -43.2750997 1507147345 1507147348
1507147354 -22.8594577 -43.2742684 1507147351 1507147349
518180655 -22.8594576 -43.2782253 518180662 1806707490
1507147352 -22.8594541 -43.2723796 3902418723 1507147359
518180593 -22.8594418 -43.2766546 518180627 1507147328
3902418722 -22.8594367 -43.2720994 3902433214 3902418723
1507147351 -22.8594329 -43.2734562 1507147354 1507147359
1507147349 -22.8593976 -43.2744101 1507147354 1507147326
3902433214 -22.8593935 -43.2722166 3902418722
1507147348 -22.8593906 -43.2748737 1507147326 1507147356
1507147345 -22.85938 -43.2756821 1507147356 1806707489
1806707489 -22.8593635 -43.2760285 1507147345 1507147328
1507147328 -22.8593553 -43.2762012 518180593 1806707489
1507147326 -22.859327 -43.2747319 1507147349 1507147348
3005101372 -22.8592676 -43.2797159 3005101373 3005101371
1015690381 -22.8592064 -43.27998 1015690332 1015701874
3005101371 -22.8591471 -43.2796459 518180462 3005101372
1015690332 -22.8591273 -43.2798029 1015690381 1015690359
1015701841 -22.8590286 -43.2799584 1015701759
1015690359 -22.8590186 -43.2796849 1015690332 518180462
518180462 -22.8589435 -43.2796415 1015690359 3005101371 1015701867
1015701759 -22.8589248 -43.2799209 1015701841 1015701867
1015701867 -22.8588753 -43.2796774 518180462 1015701759 3005101368
3005101368 -22.8586097 -43.2797772 3005101369 1015701867
3005101369 -22.8584614 -43.2799917 3005101370 3005101368
2910194623 -22.8584103 -43.2711801 2910194622 2910194624
2910194624 -22.8584096 -43.271075 2910194623 2910194625
2910194622 -22.858401 -43.2712409 3895663007 2910194623
2910194625 -22.8583896 -43.2709634 2910194626 2910194624
2910194626 -22.8583691 -43.270903 2910194627 2910194625
3895663007 -22.858357 -43.2712959 1776372063 2910194622
1776372063 -22.8583171 -43.2713134 3895663000 3895663007
2910194627 -22.8583061 -43.2707954 2910194626 2910194628
3895663000 -22.8582836 -43.2713249 1776372060 1776372063
1776372060 -22.858251 -43.2713231 3902417258 3895663000
3902417258 -22.8582319 -43.2713167 1776372060 3895662997
3895662997 -22.8582181 -43.271312 3902417258 3895662996
2910194628 -22.8581421 -43.2706231 2910194627 2910194629
2910194633 -22.8581091 -43.2704254 3902386550
3895662996 -22.858107 -43.2712259 3895662995 3895662997
2910194629 -22.8580679 -43.2705634 2910194628 2910194630
3902386550 -22.8580626 -43.2704971 2910194633 2910194630
2910194630 -22.8580241 -43.2705565 3902386550 2910194631 2910194629
3895662995 -22.857988 -43.2711398 3895662993 3895662996
3902386543 -22.8579097 -43.2712486 3902386541
3895662993 -22.8578898 -43.2710903 2910194621 3895662995
3902386541 -22.8578837 -43.2712254 3902386536 3902386543
3902386536 -22.8578514 -43.2711966 3902386531 3902386541
3902386531 -22.8578232 -43.2711715 3902386536 3902386525
2910194621 -22.8578191 -43.2710616 2910194632 3895662993
2910194631 -22.8577918 -43.2708499 2910194632 2910194630
3902386525 -22.85778 -43.2711434 3902386519 3902386531
3902386519 -22.8576926 -43.2710895 3902386507 3902386525
2910194632 -22.8576889 -43.2709968 2910194621 2910194631 2910194620
2910194620 -22.857617 -43.270967 3895662984 2910194632
3902386507 -22.8576062 -43.2710145 3895662984 3902386519
3895662984 -22.8575466 -43.2709202 1776372038 3902386507 2910194620
1776372038 -22.857493 -43.2708715 3895662984 1776372027
3895662979 -22.857377 -43.2700149 3902386480 3895662978
1776372027 -22.8573539 -43.2707738 3895662976 1776372038
3895662978 -22.8573522 -43.2700913 3895662979 2910194616
2910194616 -22.8573428 -43.2701638 3895662975 3895662978
3895662976 -22.8573195 -43.2707329 2910194619 1776372027
3895662975 -22.8573155 -43.2702786 2910194616 1776372026
2910194619 -22.857302 -43.2706937 3895662976 2910194618
2910194618 -22.8572967 -43.2705981 3902386476 2910194619
3902386476 -22.8572954 -43.2705791 3895662974 2910194618
3895662974 -22.8572927 -43.270538 3902386476 3895662973
3895662973 -22.8572897 -43.2704907 1776372026 3895662974
1776372026 -22.8572889 -43.2703909 3895662975 3895662973
1015690318 -22.8562899 -43.2799102 1015690352 1015690349
1015690352 -22.8562356 -43.2797225 1015690318 1015690303
1015710769 -22.8562164 -43.2702513 1015710771
1015690303 -22.8561861 -43.2796205 1015690352 1015690371
1015690382 -22.8561466 -43.279996 1015690343 1015690357
1015690371 -22.8560626 -43.2795025 1015690384 1015690303
1015690384 -22.8559736 -43.2793362 1015690371
3819280103 -22.8559106 -43.2726979 3819280102
1015710488 -22.8556948 -43.2706998 1015710489
2669568794 -22.8553229 -43.2712797 3902432946
1015709845 -22.85527 -43.2718576 3819280102
3819280102 -22.8551177 -43.2720621 1015709845 1015709846 3819280103
2669568795 -22.8550964 -43.2733125 1015709846 2669620427
3902432946 -22.855012 -43.2710017 1015707423 2669568794
1015708094 -22.8547361 -43.2713963 1015708095
1015709846 -22.8546469 -43.2726946 3819280102 2669568795 2669620429 1015708095
2669620427 -22.8545719 -43.2739833 2669568795 2669620425 2669620429
2669620425 -22.8544416 -43.2741722 2669620427
1015707423 -22.8544164 -43.270469 1015710489 3902432946 2669568792
2669620420 -22.8542108 -43.2744741 1015709849 2669620423
1015708095 -22.8541561 -43.2720929 1015708096 1015709846 1015708094 2669568792
2669620429 -22.8540587 -43.2734386 1015709846 1015709849 2669620427
2669620423 -22.8539748 -43.2748204 2669620422 2669620420
1015709849 -22.853729 -43.273837 1015708096 2669620420 2669620429 1015709851
2669620422 -22.853727 -43.2751229 2669620423
2669568792 -22.8536707 -43.2714345 1015707423 2669568797 637664398 1015708095
2669620468 -22.853571 -43.27562 2669620466
2669620466 -22.8535245 -43.2755072 2669620468 2669620464
2669620464 -22.8534471 -43.2754016 2669620462 2669620466
2669620462 -22.8533586 -43.2752767 2669620461 2669620464
1015708096 -22.8532771 -43.2732614 1015709849 1015708097 637664398 1015708095
2669620461 -22.8532281 -43.2750991 2669620459 2669620462
1015716028 -22.8531839 -43.2755376 1015716029
1015709851 -22.8531642 -43.2746042 1015709849
2669568797 -22.8530891 -43.270676 1015710290 637664409 1015707353 2669568792
1776378871 -22.8530423 -43.2798903 1776378866
2669620459 -22.852925 -43.2747342 2669620457 2669620461
1776378866 -22.8528826 -43.2799843 1776378840 1776378871 3196321201
1015715744 -22.8528478 -43.2775332 1015715745 1015715741
1015707353 -22.8528367 -43.2703521 1015707262 2669568797 637664434
1776378867 -22.8528294 -43.2792901 1776378835
1015715741 -22.8528181 -43.2773508 1015715801 1015715744
1015715745 -22.8527984 -43.2776619 1015715748 1015715744
637664398 -22.8527585 -43.2725703 637664409 1015708096 2669568792 1015716030
2669620457 -22.8527171 -43.2744941 1015716029 2669620470 2669620459
1015715801 -22.8527025 -43.2769552 1015715814 1015715741 3766806975
1015708097 -22.8526839 -43.27399 1015708096
1015715748 -22.8526698 -43.2778014 1015715745 1015715749
1776378864 -22.852658 -43.2788744 1776378855
2669620470 -22.8525313 -43.2741653 2669620455 2669620457
1015716029 -22.8525084 -43.274607 1015716028 2669620457 1015716067 2669620450
1015715814 -22.8525048 -43.276391 1015715801 1015716067 1015715333
3766806975 -22.8524143 -43.277237 1015715801 1015715803
1776378855 -22.8523633 -43.2788501 1776378864 1776378832
2669620455 -22.8522924 -43.2738844 2669620453 2669620470
2669620453 -22.8522481 -43.2738556 2669620455 2669620452
637664409 -22.8521803 -43.2717909 1015707262 2669568797 637664398 2669620430
2669620452 -22.8521795 -43.2738676 2669620450 2669620453
2669620450 -22.8520679 -43.2739416 1015716029 1015716030 2669620452
1015716067 -22.8520642 -43.2749823 1015715814 1015716029 1015715862
1015715803 -22.8520132 -43.2775122 1015715332 3766806975
1015716030 -22.8518769 -43.2736895 2669568793 637664398 2669620450
1776378835 -22.8518496 -43.2798924 3819280124 1776378867 1776378832
1015715862 -22.8518409 -43.2743574 1015716067 2669568793 1015715901
2669620430 -22.8517795 -43.272295 637664409 3014311342 3014311341
1015707262 -22.8517645 -43.2712014 637664409 637664412 1015707353
1015715332 -22.8517247 -43.2770365 1015715331 1015715803
1015715333 -22.8517108 -43.2767178 1015715332 1015715814
2669568793 -22.8517008 -43.2739009 1015715862 1015715905 1015716030
1015715331 -22.8516812 -43.2772006 1015715119
1776378832 -22.8516428 -43.2792453 1776378835 1015715749 3819280109 1776378855
3014311342 -22.8516073 -43.2725105 2669620430
1015715529 -22.8515724 -43.2769216 1015715527
1015715527 -22.8515427 -43.2767178 1015715526
1015715531 -22.851523 -43.277104 1015715529
1015715749 -22.8514513 -43.2786462 1015715748 1776378832 1015715119
1015716260 -22.8514432 -43.2773398 1015715625 1015715531
1015715526 -22.8514241 -43.2763208 1015716119
637664412 -22.8512924 -43.2705713 637664376 1015707262 637664434 2669620446
1015715119 -22.8512794 -43.2782059 1015715749 1015715532
1015716119 -22.8512685 -43.275897 1015715523 1015716181
1015715532 -22.8511898 -43.2780884 1015717994 1015716260 1015715119
3819280109 -22.8511129 -43.2795522 3819280108 3819280107 1776378832
1015715905 -22.8511119 -43.2731759 2669568793 1015715334
1015717994 -22.8510872 -43.2779541 1015719105 1015715532 1015723650
3014311341 -22.8510794 -43.2713958 2669620430 2669620446
1015715901 -22.8510541 -43.2746623 1015715333 1015715862
1015715523 -22.8509155 -43.2747802 3327632737 1015716181
3819280107 -22.8509026 -43.2789361 3819280109 3819280110 1015719115
3819280108 -22.8508327 -43.2797144 3819280109
3819280110 -22.8508217 -43.2787166 3819280107
2669620446 -22.8507983 -43.2709491 637664412 1015714982 3014311341
1015723650 -22.8506657 -43.2774019 1015717994 1015717144 1015723591
1015716181 -22.8506495 -43.2749956 1015715625 3014311345 1015715523 1015716119
1015715334 -22.850598 -43.273367 3327632732 1015715901
3327632737 -22.8505088 -43.2735452 3327632734 3327632735
3327632729 -22.8504631 -43.2723551 1015715905
3327632735 -22.8503808 -43.2731567 1015715521
3327632730 -22.8503715 -43.2723599 3327632729
3327632736 -22.850341 -43.2732154 3327632735
3327632731 -22.8503067 -43.2724109 3327632730
3327632732 -22.8502859 -43.2725248 3327632731 1015715520
3327632734 -22.850266 -43.2732278 3327632736 3327632733
1015717144 -22.8502312 -43.2768327 1015723650 1015723660 1015717956
1015715521 -22.850218 -43.2726623 3439750278
3439750277 -22.850218 -43.2726623 3327632733
3439750278 -22.8502103 -43.2726249 3327632732 1015715520
1776371964 -22.8501915 -43.2797783 3196321199 1015719115 1776371983
1015715625 -22.8500913 -43.2754835 1015716253 1015716260 1015716181
1015719115 -22.8500767 -43.2794851 1776371964 3819280107 1015719114
1015715520 -22.8500594 -43.2720425 3327632728
3196321199 -22.8500313 -43.2798761 1776371964 1776371831
1015717956 -22.8500301 -43.276986 1015717144 1015717957
1015714982 -22.8499999 -43.2717501 3327632729 2669620446 3327632728
1015719114 -22.8499905 -43.2792498 1015719112 1015719115
2669620485 -22.8499837 -43.2705159 637664376
3327632733 -22.8499651 -43.2728792 3327632734 3439750277
1015717957 -22.849951 -43.2771684 1015723122 1015717956 1015717130
3327632728 -22.8499171 -43.2718326 2013148853 1015714982 1015716182
1015719112 -22.849862 -43.2792498 1015719110 1015719114
1015717130 -22.8497236 -43.2777048 1015717129 1015717957 1015723591
1015719110 -22.8497038 -43.2793464 1015719112 1015719109
1015719105 -22.8497038 -43.2788957 1015717994 1015719106
3014311345 -22.8496731 -43.2737448 3819280106 1015716253 1015716181
1015723122 -22.8496346 -43.2769109 1015717957 1015723081 1015721850
1015719109 -22.8495753 -43.2794858 1015719107 1015719110
1015723591 -22.8495289 -43.2781736 1776371803 1015717130 1015723650
1015712193 -22.8495258 -43.2701088 1015712176
1015719107 -22.8495159 -43.2794107 1015719106 1015719109
1015719106 -22.8495061 -43.2793142 1015719105 1015719107
3819280106 -22.8495021 -43.273516 3014311345 3819280105 1015716182
1015716253 -22.8491629 -43.2742509 1015715625 3014311345 3819280104
1015723081 -22.84916 -43.2764067 1015723582 1015717074 1015723122
1015717129 -22.849071 -43.2779516 1015717080 1015717130
1015717074 -22.8490611 -43.2765032 1015717072 1015723081
1776371814 -22.8490514 -43.279832 1776371803 1776371819
1015716182 -22.8490153 -43.2728645 3819280106 3327632728 3014311346
3819280104 -22.8489533 -43.27443 1015716253 3819280105
1776371803 -22.8488787 -43.279739 1015717958 1776371814 1015723591 3819280149
1015717072 -22.8488634 -43.2766856 1015717074 1015717071
1015723660 -22.8488528 -43.2749839 1015717144 1015723582 1015716623
3819280105 -22.8487841 -43.2741905 3819280106 3819280104
1015721850 -22.8486162 -43.2776405 1015723122
1015721257 -22.8486063 -43.2788528 1015716907 1015721254
1015716907 -22.8485866 -43.2786919 1015721257 1015717080
1015721254 -22.8485569 -43.2791854 1015721257 1015721377
1015716623 -22.848418 -43.2744136 1015723660 3014311346 1015723482
1015713453 -22.8483888 -43.2708813 1015713455
1015723582 -22.848355 -43.2755509 1015723578 1015723081 1015723660
1015721377 -22.8483295 -43.2789708 1015721254 1015721380
1015717071 -22.84829 -43.2771899 1015717069 1015717072
1015721380 -22.8481812 -43.2788206 1015721377
1015717080 -22.8481729 -43.2782286 1015716907 1015716908 1015717129
3819280153 -22.8481683 -43.2799977 3819280150
1015723578 -22.8481223 -43.2753166 1015723582 1015723482
3819280149 -22.8481205 -43.2796903 1776371803 3819280150
3819280150 -22.848058 -43.2796823 3819280154 3819280149 3819280151 3819280153
1015717069 -22.8480527 -43.2773401 1015716911 1015717071
3014311346 -22.8480414 -43.2739139 1015714589 1015716623 1015716182
3819280151 -22.8479771 -43.2797023 3819280150 3819280152
1015716908 -22.847934 -43.2779731 1015717080 1015716911
1015723482 -22.8479167 -43.2749126 1015714345 1015723578 1015716614 1015716623
1015714589 -22.847787 -43.2735763 1015714345 3014311346 1015714484
3819280152 -22.8477711 -43.2797662 3819280151
1015713871 -22.8477659 -43.2714714 1015713872
3819280154 -22.847727 -43.2789679 3819280150
1015716911 -22.8476869 -43.2775868 1015716908 1015717069 1015716913 1015717067
1015713978 -22.8476436 -43.2715378 3014311344
1015716913 -22.8475089 -43.2771791 1015716911 1015716914
1015716614 -22.8474858 -43.2752663 1015716611 1015723482
1015714484 -22.8473989 -43.2730479 1015714589 1015714413
3014311344 -22.8473742 -43.2717739 1015713296 1015713978
1015717067 -22.8473408 -43.2779409 1015716911 1015717066
1015714345 -22.8472209 -43.2739867 1015714344 1015714589 1015723482 1015714695
1015716914 -22.8471727 -43.2771255 1015716916 1015716913
1015714413 -22.8471561 -43.2725058 1015714344 1015714484 1015713296
1015716611 -22.8471035 -43.2754947 1015716609 1015716614
1015717066 -22.8470936 -43.2782306 1015717064 1015717067
1015713872 -22.847005 -43.2702167 1015713871 1015713455 1015713297 1015713369
1015713296 -22.8470046 -43.2719971 1015714413 3014311344 1015714010
3369420624 -22.8469375 -43.2775074 3369420623
1015714010 -22.8469185 -43.2718556 1015714194 1015713296 1015713297
1015717064 -22.8468757 -43.2784113 3369420611 1015717066
3369420611 -22.8468016 -43.2783523 1015717064 3369420612
3369420623 -22.8467818 -43.2776469 3369420622 3369420624
1015716609 -22.8467575 -43.2756878 1015716611 1015716605
1015716602 -22.8467179 -43.2759131 1015716599 1015716605
1015716605 -22.8467179 -43.2757951 1015716602 1015716609
1015714695 -22.8467118 -43.2745231 1015714345 1015714697
3369420612 -22.846673 -43.2782611 3369420613 3369420611
1015716916 -22.8466388 -43.2770933 1015716914 1015716918
3369420622 -22.8466236 -43.2778159 3369420621 3369420623
3369420613 -22.8465668 -43.2782477 3369420614 3369420612
1015716599 -22.8465597 -43.2762135 1015716598 1015716602
3369420621 -22.8464852 -43.277958 3369420620 3369420622
3819280155 -22.846447 -43.2794069 552007152
3369420614 -22.8464308 -43.278304 3369420613 3369420615
1015716598 -22.8463916 -43.2763852 1015716599 1015716595
3369420615 -22.8463369 -43.278288 3369420614 3369420616
1015714344 -22.8463169 -43.2729124 1015714194 1015714345 3014311343 1015714413
1015716918 -22.8462829 -43.2769538 1015716916 1015716919
1015713297 -22.8462757 -43.2706926 1015713872 1015712845 1015714010 1015713095
3369420616 -22.8462701 -43.278186 3369420620 3369420615
3369420620 -22.8462477 -43.278155 3369420617 3369420621 3369420616
1015723915 -22.8462236 -43.2715894 1015723917
1015716595 -22.8462038 -43.2764174 1015716598
1015714697 -22.8461952 -43.2749013 1015714695
3369420617 -22.8461713 -43.2780492 3369420618 3369420620
1015716919 -22.8461247 -43.2769324 1015716925 1015716918
552007152 -22.8460867 -43.2797009 552008083 3819280155 552007455 552007549
3369420618 -22.8460378 -43.2779044 3369420617 3369420619
1015716925 -22.846006 -43.276986 1015716919 1015724352
3369420619 -22.8459117 -43.2778293 1015724356 3369420618
1015714194 -22.8459086 -43.2723595 1015714196 1015714344 1015714010 1015723917
3014311343 -22.8459048 -43.2731116 1015714344
1015724354 -22.8458874 -43.2777263 1015724356 1015724353
1015724352 -22.8458874 -43.2771362 1015716925 1015724353
1015713095 -22.845885 -43.2700781 1015713094 1015713298 1015713297
1015724353 -22.8458676 -43.2774366 1015724354 1015724352
552007549 -22.8458569 -43.2798917 552007802 552007152 552007544
1015724356 -22.845803 -43.2778239 1015724354 3369420619 1015724358
1015724358 -22.8456596 -43.2778481 1015724356 2814218472
1015723917 -22.8455789 -43.2718919 1015714194 1015712845 1015723915
1015714196 -22.8454622 -43.272673 1015714194
2814218472 -22.845452 -43.2778373 1015724359 1015724358
1015724359 -22.8453407 -43.2778025 1015724360 2814218472
1015712845 -22.8452005 -43.2713837 1015725355 1015713297 1015723917
552008083 -22.8451928 -43.2788993 552007445 552007152 552007807
2895469982 -22.8450765 -43.2709792 2895469981
2895469981 -22.8449713 -43.2710506 2895469982 1015713034
1015713094 -22.8449184 -43.2706667 1015713095
1015713034 -22.8448575 -43.2708509 2895469981 1015713037
552007807 -22.84475 -43.2793318 552007802 552008083 552008950
552007445 -22.8445839 -43.2783533 552008083 552007436
1015713037 -22.8445526 -43.270774 1015713041 1015713034
1015724360 -22.8445325 -43.2774216 1015724359 2814251377
552008950 -22.844388 -43.2796603 552009075 552008725 552007807
1015713041 -22.8443746 -43.2704521 1015713037 2895167074
552008725 -22.8443313 -43.2797118 551992133 552008950 552008719
552007436 -22.8441805 -43.2785336 552007428 552007445
2814251377 -22.8440801 -43.2775092 1015724360 2814251376
552009075 -22.8440223 -43.279143 552008950
552007428 -22.8438562 -43.2788426 552007436
1015725355 -22.8437231 -43.2708673 2895167072 1015725352 1015712845
1015725352 -22.8433311 -43.2721131 1015725355 2895167071 1015725184
2895167073 -22.8432115 -43.2701032 2895167072
1015725681 -22.8431981 -43.2746793 551992673
1015725805 -22.8431288 -43.2754732 1015725807
486205200 -22.8431064 -43.2700696 486205255
1015725859 -22.8430794 -43.2762994 3369423069
2895167072 -22.8430069 -43.2705822 2895167071 1015725355
1015725127 -22.8429904 -43.2740463 1015725184
552003681 -22.8429307 -43.2798039 552003687 552003674
3369423069 -22.842921 -43.2764026 551995857 1015725859
1015712938 -22.842904 -43.2705402 486205200
551995857 -22.8427725 -43.2764994 551995837 551995995 3369423069
552003674 -22.8427646 -43.279452 551992630 552003681
1015725184 -22.8427508 -43.2739572 1015725127 1015725352 2895167070
551992137 -22.8426972 -43.2786025 552002694 551992133
2895167071 -22.8426153 -43.2718315 2917528461 1015725352
552002680 -22.8426143 -43.2782933 551992137
2367000382 -22.8425899 -43.2716178 1015712938
552002694 -22.842559 -43.2785851 551992630
2305694906 -22.8425205 -43.278089 552002680
2814251376 -22.8425067 -43.277868 2814251377 2814251375
552002671 -22.842476 -43.2779921 2305694906
2917528461 -22.8424347 -43.2724332 2895167070
2814251375 -22.8424269 -43.2779215 2814251376 552002671
551992645 -22.8424099 -43.2782997 551992641
551992650 -22.8423964 -43.2780713 551992645
551992641 -22.8423949 -43.2784402 551992636
2013148832 -22.8423894 -43.2780179 551992650
552002663 -22.8423621 -43.2778205 2013148832 2814251375
551992636 -22.8423533 -43.2785313 551992630
2917528460 -22.8423523 -43.2724009 2367000382
529739180 -22.8423415 -43.2711459 2367000386
2367000386 -22.8423144 -43.2714982 529739179
529739179 -22.8423098 -43.2715579 529739178
551992630 -22.8422306 -43.2786258 483621560 552003674
551992654 -22.8422303 -43.2775091 552002663
529739106 -22.842207 -43.2703391 529739180
529739178 -22.8421833 -43.271987 1779426510
551995837 -22.8421606 -43.2771296 551992654 551995857
483621560 -22.8421428 -43.2786558 483621553
1779426510 -22.8421332 -43.2721042 1779426475 1779426491
529739107 -22.8420962 -43.2702361 529739106
551995995 -22.8420819 -43.2766071 551995837 551995857
529726742 -22.8420608 -43.2700692 529739199
2917528458 -22.8420438 -43.2780201 2917528457
2895167070 -22.8420353 -43.2736937 2917528447 1015725184
2917528457 -22.8420224 -43.2779205 551995107
2917528456 -22.8420004 -43.2782329 2917528458
483621553 -22.8419677 -43.278694 483621548
1015725129 -22.8419652 -43.2736632 2917528460
1015725807 -22.8419534 -43.2757359 1015725805 551995995
483621548 -22.8418981 -43.2787378 483621542
2917528452 -22.8418976 -43.2753648 1015725807
3327351667 -22.8418702 -43.2751912 2917528452
483621542 -22.8418575 -43.2788314 483621509
529726744 -22.8418551 -43.2702666 1779426485 529739107 529726742
551995107 -22.8418532 -43.2776205 2305694911
1779426491 -22.8418398 -43.2727896 1779426482 1779426472
2917528447 -22.8418343 -43.2743416 2917528446
551992673 -22.841824 -43.274899 3327351667 1015725681
2917528446 -22.8418033 -43.2746449 551992673
3327351679 -22.8417794 -43.2747942 551992673
2917528441 -22.8417503 -43.2743212 1015725129
2305694911 -22.8417382 -43.2774374 551995049
2917528439 -22.8417254 -43.2747557 3327351679
1779426485 -22.8416682 -43.2703036 529726744 529726761 2990681947
3327351678 -22.841659 -43.2747681 2917528439
2367000381 -22.841632 -43.2746572 2917528441
483621509 -22.8416264 -43.2793127 483621501
2917528436 -22.8415805 -43.2748445 2367000381 3327351678
1779426482 -22.8415553 -43.2734544 501093024 1779426479
483621501 -22.8414942 -43.279553 552003687 551983686
2917528435 -22.841396 -43.2795061 2917528456
3327351666 -22.841358 -43.2795698 2917528435 483621501
1779426479 -22.8412269 -43.2742217 2367000384 501092998
2367000384 -22.8411933 -43.2743002 529739177
486205039 -22.8411708 -43.2761979 2917528436
551995049 -22.8411397 -43.2763682 486205039
486205025 -22.8410588 -43.2767751 551995049
529726761 -22.8410477 -43.2704264 1779426485 529726764
529739177 -22.8408939 -43.2749997 529739176 501092785
529739176 -22.8408386 -43.2756091 529739213 557416856
1779426475 -22.84062 -43.271148 529726761
2367010547 -22.84053 -43.2785791 486205025
551995154 -22.8404903 -43.2787145 2367010547
2367010554 -22.8404634 -43.2787975 551995154
486205012 -22.8404352 -43.2788844 2367010554
529739213 -22.8403956 -43.2770253 529739211
3196321196 -22.8403791 -43.270263 3196321198
552005605 -22.8403621 -43.2791094 486205012
1779426472 -22.8402633 -43.27175 1779426475 1779426419 1779426491
529726764 -22.8402214 -43.2704612 529726761 1779426443
529739211 -22.8401267 -43.2779952 557416463
552005860 -22.8401225 -43.2798467 2917528428 552005605
557416463 -22.8400244 -43.2783016 529726802 2367010558
2367010558 -22.8400071 -43.2783533 529739209
