828919699 -22.8999715 -43.2750184 828919698 875779108
828920053 -22.899921 -43.2790735 828919918 1809586724
830391869 -22.8998995 -43.2707749 830391868
875779108 -22.8996713 -43.2745017 828919699 828919700 992070179
442104604 -22.8996191 -43.2799654 929715527
828919918 -22.8995762 -43.2786662 875779123 828920053
875779126 -22.8995383 -43.2782544 875779123 828920074
828920074 -22.8995366 -43.2784838 828919918
3633669186 -22.899524 -43.2702524 830391869
875779123 -22.8992943 -43.2785365 875779206 929734643
828919700 -22.8992797 -43.2738275 828919726 875779108
3633669184 -22.8992788 -43.2700972 1993554639
828919726 -22.8991791 -43.2736195 829525313 828919700 2996633573
929734643 -22.8991644 -43.2786616 829525293
875779206 -22.8991546 -43.2783183 875779136
929714670 -22.8990241 -43.2729116 828919726 3633669182
828919848 -22.8990227 -43.276853 828919850
828919722 -22.8988849 -43.2738594 828919726
3633669190 -22.8988254 -43.2739413 828919722 3633669191
829007211 -22.898746 -43.2719392 929714670
3217331750 -22.8986696 -43.277301 828919848
875779079 -22.8985698 -43.2742924 3633669190
875779136 -22.8984698 -43.2775544 875779202 875779133 3217331750
830391848 -22.8984017 -43.270715 3633669184 829007211
875779133 -22.8983812 -43.2772773 828919708
875779063 -22.8983804 -43.2747511 828919741 875779079
829525293 -22.8983136 -43.2797525 929715511 929715527
875779202 -22.8982923 -43.2773095 828919737
828919708 -22.8982814 -43.2765955 828919710
830293857 -22.8982598 -43.2702775 830391848
3633669191 -22.8981455 -43.2737779 3633669190
828919712 -22.8981418 -43.2753996 875779063
828919710 -22.8980999 -43.2757002 828919712
929715511 -22.8979016 -43.2794307 929715547 929715509
929714680 -22.8977844 -43.2712515 830391848 929714682
830293887 -22.8977401 -43.2704911 830293888
830293888 -22.8977147 -43.2705955 929714682
830293886 -22.8976749 -43.2702523 830293887
828919741 -22.8976573 -43.2747116 828919740
929714682 -22.8974803 -43.2709095 830293879 929714680
929715547 -22.8973831 -43.2790258 829525292 875779136
929714561 -22.8973653 -43.2716866 929714680 929714557
828919740 -22.8972949 -43.2748619 828919737
929714564 -22.8970977 -43.2719315 929714561 829525300
830293879 -22.8969123 -43.2702937 830293883 3633669187
829525300 -22.8968854 -43.271665 929714564 829525301
829528367 -22.8968706 -43.2738731 875779079
3633669187 -22.8968136 -43.2701918 830293879
829525301 -22.8967096 -43.2716122 829525300 829525302
829525313 -22.8966565 -43.2723957 828919726 929714564
828919737 -22.8966556 -43.2754155 875779026
830293876 -22.8964906 -43.2700843 830293875 929714557
875779026 -22.8964516 -43.2751901 875778985 875779025
875779025 -22.8963034 -43.2755233 875779023
929714557 -22.8961934 -43.270386 929714561 829528370 830293876
829525292 -22.8961293 -43.2780466 929715094
829525302 -22.8961257 -43.2715582 829525301 829525304
829528370 -22.8960404 -43.2702146 929714557
875779023 -22.8960388 -43.2764297 875779021
830294879 -22.8960123 -43.2706659 875778885
2356787345 -22.8960085 -43.2728966 829525313 829528367 3633669189
929715094 -22.895848 -43.2778288 875779021
875778985 -22.8958425 -43.2745187 828919759
875779021 -22.8957209 -43.2777304 1102517412
829525311 -22.8957061 -43.2731516 2356787345
829525304 -22.8955705 -43.2711157 829525308 829525302
3633669189 -22.8954844 -43.2721888 2356787345
829525308 -22.8954289 -43.2710617 829525304 830307757 830307642
828919759 -22.8954054 -43.2740099 1993554690
829527062 -22.8954037 -43.2749005 829525286 875779025
1993554690 -22.8953595 -43.2739587 3633673894 829525311
3633673896 -22.8952999 -43.2759899 3633673895
830307757 -22.895283 -43.2710052 829525308 830307759
830307642 -22.8952549 -43.2714754 829525308 830307637
830307637 -22.8952421 -43.2720372 830307635 830307642
830307635 -22.8951828 -43.2724557 929714580 830307637
929714580 -22.8950633 -43.2728559 829525311 830307635
829525286 -22.8950422 -43.2745383 1993554690
1102517412 -22.8948925 -43.277089 875778987 1102517366
875778871 -22.8948718 -43.2752643 829527062
830350195 -22.8947776 -43.2799444 1102517564
3633673895 -22.8947553 -43.275337 3633673896 875778871
829528379 -22.8946749 -43.2702392 830307759 875778885 875778880
830307759 -22.8944437 -43.2708396 875779040 875778884 829528379 830307757
3633673893 -22.894193 -43.2724605 929714580
3633673894 -22.89414 -43.27257 875779200 3633673893
875779200 -22.8940692 -43.2724893 875778884
875778884 -22.8939697 -43.2723705 3633673893 830307759 875778845
875779040 -22.8936373 -43.2706747 830307759 875778838
875778987 -22.8936041 -43.2760552 830307658 3633673895
875778845 -22.8935982 -43.2722115 875778843 875778884 829525317
1102517366 -22.8934048 -43.2790517 830350195
875778843 -22.8931075 -43.2737787 3633669192 829525286
3633669192 -22.8930576 -43.2739222 875778871
875778768 -22.8929721 -43.2765534 875778767
875778767 -22.8929551 -43.2764773 875778987 830341764
829525285 -22.8927613 -43.2737002 3633669192 875778843
875778838 -22.8927341 -43.2702464 875778837 875779040
830307721 -22.8926724 -43.2703099 875778838
830342255 -22.8926139 -43.277059 875778768
830341764 -22.892398 -43.2760358 875778765 875778767
875778822 -22.8923557 -43.2768466 830342255 875778767
1102517377 -22.8922325 -43.2783662 1102517366
875778818 -22.8921704 -43.2766997 875778822
829525317 -22.8921683 -43.2715866 3217331759 830307721 875778845
875778815 -22.8921492 -43.2770317 875778822 875778818
3217331761 -22.8921366 -43.2703246 3217331760 3217331762
1102517528 -22.8921071 -43.2780677 875778815
875778812 -22.8920998 -43.278293 1102517377 1102517528
3217331762 -22.8920936 -43.2702709 3217331761 3217331763
3217331760 -22.892085 -43.270383 3217331759 3217331761 3217331764
3217331764 -22.89207 -43.270355 3217331763 3217331760
3217331763 -22.8920484 -43.2703129 3217331762 3217331764
875778765 -22.8920274 -43.2765886 875778818 830341764
3217331759 -22.8916625 -43.271349 829525317 3217331760 829528375
829525284 -22.8915334 -43.273798 829525285
830350196 -22.8914751 -43.2779209 875778812
830350178 -22.8914665 -43.2796762 830350177 830350179
830307655 -22.8913179 -43.273804 829525317 829525284
830307658 -22.8911686 -43.274178 829525290 830307655
829525290 -22.8911084 -43.2741306 830307737
830350177 -22.8911008 -43.2793758 2598645635 830350178
830350198 -22.8909921 -43.2775841 830350196
830307737 -22.8906877 -43.2738128 829525282 830307655
2598645635 -22.8902933 -43.2787562 830350177 830350187 830350176
829525282 -22.8900816 -43.2737751 830307737 829525281 830341920
829528375 -22.8900453 -43.2705747 3217331759 1993554726 830342211
830342211 -22.8899546 -43.2705312 830342208 829528375 1993554664
829525281 -22.8898433 -43.2737766 829525282 829525280
830341920 -22.8897358 -43.2723399 829525282 1993554673 830341918
830350187 -22.889529 -43.2790514 2047890926 830350221 2598645635 830350185
830350221 -22.8894996 -43.2790003 830350189 830350187
829525280 -22.8894973 -43.2739053 829525281 829525279
1993554673 -22.8894297 -43.2711429 830342083 830341920 1993554664
1993554664 -22.8891782 -43.2701595 830341983 829525318 1993554673 829525275 830342211
829525279 -22.8889933 -43.2742272 875778765 829525278 829525280
830350176 -22.8889582 -43.2777316 2598645634 2598645635
2598645634 -22.8889058 -43.27779 830350189
830350189 -22.8887324 -43.2778855 2047890882 830350221 830350159
2598645628 -22.88864 -43.2774407 830350176
829525278 -22.8883607 -43.2752571 829525279 830350199
830341983 -22.8883541 -43.2708244 830341989 830341946 1993554664
830350174 -22.8883527 -43.2771377 2598645628 830350159
830341918 -22.8882938 -43.2736037 830341920
830350199 -22.8882577 -43.275371 829525278 830350198 830350173 524801735
830350159 -22.8882525 -43.2772282 2047890886 830350220
830341989 -22.8879083 -43.2702777 830341983 830341991
830341991 -22.8878589 -43.2701168 830341989 830341993
830350220 -22.8877996 -43.2766077 631032795
830341946 -22.8877934 -43.2712768 830342101 830341983 830341952
830350173 -22.8875841 -43.2761159 830350174 830350199
631032795 -22.8875043 -43.2761836 2996630593 830350173
830341952 -22.8871966 -43.2704494 830341946 830341954
830341954 -22.887167 -43.2701168 830341952 830341957
830342101 -22.8870881 -43.2718458 830342094 830341946 830342104
830342118 -22.8870187 -43.2713291 830342120 830342116
524801735 -22.8870128 -43.2733898 830342083 830350199
830342120 -22.8869989 -43.2714472 830342118 830342104
830342116 -22.8869594 -43.2711897 830342114 830342118
830342104 -22.8869298 -43.2716081 830342101 830342106 830342120
830342083 -22.8868647 -43.2731394 1993554673 830342094 524801735
830342114 -22.8868507 -43.2711468 830342111 830342116
830342106 -22.8868309 -43.2716081 830342104 830342109
830342111 -22.8867716 -43.2712111 830342110 830342114
2506981543 -22.8866967 -43.2799882 442044744
830342109 -22.8866826 -43.271533 830342106 830342110
2996630593 -22.8866824 -43.2750225 631032795 631032794 631032768
830342110 -22.8866431 -43.2713613 830342109 830342111
830342094 -22.8864206 -43.2723883 830342101 830342083 524801738
524801789 -22.8862932 -43.2700767 524801790 524801641
524801790 -22.8862853 -43.2708234 524801789 524801791
524801791 -22.8861034 -43.2713127 524801790 524801738
524801738 -22.8859016 -43.2715105 830342094 524801642 524801791 524801566
2047890882 -22.8858614 -43.2790023 2506981543 2928145227
2928145227 -22.8857446 -43.2791078 2506981549
631032794 -22.8854895 -43.2733372 524801792 2996630593 631032777
2506981554 -22.8853741 -43.27841 2047890882
2047890886 -22.8853057 -43.2783333 2506981554
2506981549 -22.8852997 -43.278572 1776325460
631032768 -22.8852572 -43.2759261 631032767 631032796 2996630593
524801566 -22.8852257 -43.2719822 524801570 524801738 524801792
524801642 -22.8851135 -43.2701777 524801570 524801738 524801742 524801641
2047891030 -22.884987 -43.2779945 2047890886
2047890863 -22.8849671 -43.277686 631032795
631032767 -22.8848377 -43.2751841 631032766 631032769 631032768
2047890880 -22.8848295 -43.2777854 2047891030 2047890863
631032777 -22.8847645 -43.2737363 631032766 631032778 631032794
524801792 -22.8847591 -43.2723255 622045689 622045675 631032794 524801566
2047890917 -22.8847479 -43.2776872 2047890880
1776325460 -22.8847205 -43.2778887 2047890953 2047890880
631032796 -22.8846822 -43.2762907 631032769 442044746 631032768
2047890953 -22.8846136 -43.2777638 442044956
631032778 -22.884445 -43.2731245 622045689 631032777 631032780
524801570 -22.8844211 -43.2706647 524801642 622045671 524801566
631032769 -22.8843032 -43.2755023 631032767 631032770 631032796 631032775
622045671 -22.8842522 -43.270388 631032793 524801570 622045763
631032766 -22.8841969 -43.2740488 631032767 631032774 631032777
622045689 -22.8841099 -43.2724829 622045684 524801792 631032778
622045675 -22.8840803 -43.2713135 631032793 524801792 442045164
631032775 -22.8839988 -43.2748732 631032781 631032769 631032774
442044746 -22.8839501 -43.2767219 631032796 2047890917
442044956 -22.8838295 -43.2768125 442044957
631032793 -22.8837588 -43.2706839 622045675 622045669 622045671
3891524526 -22.8837415 -43.2764953 442044746
631032774 -22.8837254 -43.2743083 631032775 631032766 631032780
442044957 -22.8836413 -43.2766241 442044958
622045684 -22.8836355 -43.2726439 622045689 631032797
442044747 -22.8835586 -43.2763497 3891524526
442044958 -22.8834812 -43.276508 442044959
631032780 -22.8834211 -43.2736797 631032774 631032778 631032797
1776325427 -22.8833994 -43.2799642 2669557817 1776325460
631032781 -22.8833912 -43.2751964 631032775 631032784 631032782
3235097903 -22.88318 -43.2797549 1776325427
2047890835 -22.8831582 -43.2798616 2047890807
631032770 -22.8831505 -43.27612 631032769 442044747
1776325406 -22.8831131 -43.2772888 1776325402 1776325405
1776325405 -22.8831131 -43.2771887 1776325406 1776325378
442044959 -22.8830777 -43.2762754 442044960
631032797 -22.8830701 -43.2729544 631032784 622045684 631032780
2047890807 -22.8830152 -43.2798043 1776325398
1776325404 -22.8829904 -43.278809 1776325349
2047890968 -22.8829405 -43.2795661 2541834759 3235097903
2541834759 -22.8829122 -43.2796372 2047890833
1776325402 -22.8829114 -43.2774577 1776325349 1776325406
631032792 -22.8829112 -43.2705171 631032791 622045763 622045765
1776325398 -22.8828758 -43.2797964 1776325389
2047890800 -22.8828567 -43.2795829 2047890968
2047890833 -22.8828294 -43.279744 1776325389
631032782 -22.8827917 -43.2755153 631032781 631032771 631032783
2047890906 -22.8827747 -43.2796086 2047890800
2047891044 -22.8827665 -43.2794385 2047890968
2047890891 -22.882706 -43.2795933 2047890971
1776325389 -22.8827037 -43.2798567 2047890784
2047891032 -22.8826928 -43.2796768 2047890891 2047890906
442044960 -22.8826821 -43.2760859 631032772
2047890971 -22.8826791 -43.279485 2047890883
2047890883 -22.8825662 -43.2793644 2047891044 1776325347
1776325378 -22.8825265 -43.2768609 1776325342 1776325343 1776325405
631032784 -22.8824666 -43.2732858 631032781 631032783 631032797
631032771 -22.8824119 -43.2757385 631032770 631032782
631032772 -22.8822727 -43.275846 631032771 1776325342 3891524525
2362834712 -22.8819341 -43.2791818 2047890878 1776325351
1776325351 -22.8819086 -43.2790779 2362834712 1776325347
1776325349 -22.8819018 -43.278016 1776325345 1776325402 1776325404
631032783 -22.8818985 -43.2735978 631032784 622045682 631032782
1776325347 -22.881876 -43.2789458 1776325351 1776325345 2047890883
1776325345 -22.8816769 -43.2781404 1776325349 1776325347 1776325343
442045160 -22.8816725 -43.2749269 631032771
3891524525 -22.8815719 -43.2750309 442044963
1776325343 -22.8815056 -43.2774472 1776325345 1776325341 1776325378
3891524524 -22.8814947 -43.2746982 442045160
1776325342 -22.8814818 -43.2762772 1776325341 631032772 1776325378
622045669 -22.8814194 -43.2720655 631032793 622045667
442044963 -22.8813976 -43.2747979 2506981565
442045161 -22.8812946 -43.2743733 3891524524
1776325341 -22.8812603 -43.2764099 1776325342 1776325343
2506981565 -22.8811761 -43.2744464 442044964
622045682 -22.8811349 -43.2740159 442045161 631032783
622045765 -22.8811095 -43.2715467 622045667 631032792
2996630601 -22.8810898 -43.2710773 622045765
622045667 -22.8810836 -43.2721073 442045165 622045669
622045786 -22.8810317 -43.2706958 631032791 2996630601
2362834725 -22.8810219 -43.2791096 1776360233 1776360229
2506981528 -22.8810216 -43.2716726 442045165
442045162 -22.8810185 -43.2736605 622045682
442045168 -22.8810072 -43.2713161 2506981528
442045165 -22.8810061 -43.2726034 1962638961
442044964 -22.8810036 -43.2740749 442044965
1962638961 -22.8809909 -43.2728925 442045164
442045164 -22.8809777 -43.2730939 1962638960 442045163 622045675
442045163 -22.8809751 -43.273413 442045162
2506981531 -22.8809684 -43.2709386 442045168
1776360229 -22.880968 -43.2789058 2362834725 3804744132 1776360228
3891507165 -22.8809579 -43.2703236 622045786
2996630595 -22.8809469 -43.2728331 1962638961
1962638960 -22.8809368 -43.2731263 1962638959
442044969 -22.8809341 -43.2716755 442044970
442044970 -22.8809197 -43.2713261 2164208844
442044968 -22.8809029 -43.2720175 442044969
442045169 -22.8808875 -43.2704513 2506981531
2164208844 -22.8808822 -43.2709412 442044971
1962638959 -22.8808796 -43.2731478 1962638958
2996630597 -22.8808667 -43.2728042 2996630595
442044965 -22.8808551 -43.2736133 442044966
2996630603 -22.880855 -43.2714287 2996630604
1962638958 -22.8808314 -43.2731404 2996630599
2505509159 -22.8808254 -43.2722817 2996630603 442044968 1776360220
2996630598 -22.8808037 -43.272823 2996630597
442044971 -22.8807921 -43.270441 442044972
442044967 -22.8807843 -43.2725926 2505509159
2996630599 -22.880779 -43.2731015 3891507164
2996630604 -22.880779 -43.2708882 2996633617
442044966 -22.8807582 -43.2731949 3891507164
1962638957 -22.8807509 -43.2728948 442044967 2996630598
3891507164 -22.8807469 -43.273025 1962638957
1776360220 -22.8807399 -43.2723119 2505509162 2505509159
1776360228 -22.8806976 -43.2778749 1776360229 1776360227
2366798098 -22.8806553 -43.2797998 3804744147 1999089040
2996633617 -22.8806262 -43.2700794 2996630614
3804744141 -22.8805828 -43.279926 163559182
1776360227 -22.880433 -43.2767895 1776360228 1776360226
3804744136 -22.8803253 -43.2799164 163546977
1776360226 -22.8803099 -43.2764155 1776360227 1776360222
3804744132 -22.8801591 -43.2787878 3804744129 1776360229
2366798082 -22.8801393 -43.2798436 3804744135 2366798084
1776360222 -22.8801062 -43.2759762 1776360221 1999088981 1776360226
3804744129 -22.8801022 -43.2787974 1999089040 3804744132
1999089040 -22.8800632 -43.2788206 3804744129 2366798098 1999089004
2505509162 -22.8800627 -43.2726325 2505509164 1776360220
1998921897 -22.8800597 -43.2743257 1998921906 1998921915
1998921915 -22.8800597 -43.2742614 1998921897 1998921891
1998921906 -22.8800414 -43.2743735 1998921902 1998921897
1998921902 -22.8800058 -43.2744035 1998921895 1998921906
