1763151525 -22799729 -43610107 1763151603 1763151543
1763151543 -22798816 -43611272 1763151597 1763151525
1763151597 -22798409 -43611792 1763151526 1763151543
1763151526 -22797806 -43612623 1763151597 1763151618
1763151618 -22797666 -43612762 1763151564 1763151526
1763151564 -22797553 -43612805 1763151614 1763151618
1763151614 -22797429 -43612840 1763151564
2691341391 -22781527 -43618629 2691341390
2691341390 -22781520 -43618592 2691341391 2691341389
2691341389 -22781502 -43618503 2691341387 2691341390
2691341387 -22780915 -43615542 2691341389 2691341386
2691341386 -22780759 -43614657 2691341387 2691341385
2691341385 -22780285 -43611647 2691341384 2691341386
2691341384 -22780034 -43610002 2691341383 2691341385
