558259810 -22.8799471 -43.4071298 558253191 558259505 558260003
558254210 -22.8799065 -43.4033317 558254465 558254630 558257146
558254441 -22.8799065 -43.4027223 558254465 558254419 558255020
558253191 -22.8798037 -43.4074001 558259810 558253211 558253546
558255652 -22.8797562 -43.4049969 558255641 558254041 558253149
556794156 -22.8797174 -43.4088166 556794133
556794133 -22.8796847 -43.4089643 556794156 556794558 556794117
556788789 -22.8796428 -43.4095219 556788791 558250150 556788786
558254465 -22.8796297 -43.4029369 558254441 558254487 558254210
556794117 -22.8796225 -43.4092458 556794133
558253211 -22.8794953 -43.4079838 558253191 556794011
556794011 -22.8793694 -43.4082931 556794203 558253211 558251366
558257146 -22.8792674 -43.4038684 558254210 558258356 558255616
558254041 -22.8792185 -43.4046879 558254067 558255667 558255652
558251510 -22.8790525 -43.4099493 558251522
558258356 -22.8789684 -43.4041194 558258259 558257146 558255667
558251341 -22.8788627 -43.4087133 558251354
558251354 -22.8788389 -43.4083958 558251341 558251366
558254067 -22.8788138 -43.4050254 558254140 558252480 558254041
558251366 -22.8787992 -43.4081219 558232366 558251354 556794011
558232617 -22.8786808 -43.4082498 558232600
558255667 -22.8786491 -43.4043874 558254140 558258356 558254041
558238154 -22.8784673 -43.4093227 558238135
558232600 -22.8784515 -43.4081983 558232587 558232617
558254140 -22.8782494 -43.404723 558254487 558254067 558255667
558238135 -22.8782379 -43.408885 558238118 558238154
558232587 -22.8781668 -43.4081983 558232582 558232600
558238118 -22.8780798 -43.4086189 558232582 558238135
558232582 -22.8778979 -43.4084215 558238118 558232570 558232587
558254487 -22.8777991 -43.4044818 556790098 558254140 558254465
558232570 -22.8777635 -43.4085073 558232582 558232562
558232562 -22.8776132 -43.4085674 558232558 558232570
558253741 -22.87755 -43.4060783 558253603
556790098 -22.8774794 -43.4043105 556792462 558254487
556788791 -22.8774715 -43.4094003 558248797 556788789 556788793
558248821 -22.8774709 -43.4099235 558248797 558248846
558248797 -22.8774392 -43.4097433 556788791 558248821
558232558 -22.8774102 -43.4086476 558232562
558232366 -22.8773072 -43.407674 556792429 558251366
556788793 -22.8771394 -43.4094174 556788791 558221308
556792429 -22.8771394 -43.4076236 558232366 556792433 556791999
556792433 -22.8771078 -43.4069026 556792429 558253546
558253546 -22.8770546 -43.40614 556792433 558253603 558253191
558253603 -22.8770363 -43.4058116 558253546 556792449 558253741
556792462 -22.8770196 -43.404695 558253429 556790098 558253297
558253429 -22.8770095 -43.4048264 556792462 558253171 556792449 558253297
556792449 -22.8769891 -43.4050916 558253603 558253429
558221308 -22.8769076 -43.4094692 558221294 556788793 556788795
558253297 -22.8769066 -43.4047895 556792462 558253429 556790095
556788795 -22.8768705 -43.4094775 556788796 558221308
556794769 -22.8767835 -43.40813 556791985
556791985 -22.8766728 -43.4081729 556795640 556791999 556794769
556791999 -22.8766491 -43.4074348 556792429 556792014 556793999 556791985
556792014 -22.8765463 -43.4061473 556791999 556792030
556792030 -22.8764909 -43.4055036 556792014 556790095
556795640 -22.8764634 -43.4082395 556791985 556793245 556793999
556790095 -22.8764119 -43.4052032 556791609 556790079 556792030 558253297
556791609 -22.8762616 -43.4048341 556791620 556790095
556793999 -22.87623 -43.4073318 558231844 556795640 556791999
556791620 -22.8760955 -43.4046453 556791609 556791636
558231824 -22.8759605 -43.4079752 558231844
556791636 -22.8759476 -43.4045256 556791620 556791662
556788796 -22.8758978 -43.4097608 556788795 556788798
558231844 -22.8758208 -43.4074472 556793257 558231824 556793999
556791662 -22.87572 -43.4044466 556791689 556791636
556790079 -22.8756211 -43.4058898 556790066 556790095
556790066 -22.8751782 -43.4062589 556790079 556790053
556791689 -22.8745535 -43.4043534 556791662 556791720
556793245 -22.8745139 -43.4088595 556792476 556795640 556795237 558223352
556795237 -22.8743586 -43.4083493 556793257 556793245 558223555
556793257 -22.8742213 -43.4078982 558231844 556795237 556790053
556791720 -22.8742134 -43.4043105 556791689 556791749
556790053 -22.873992 -43.4072116 556793257 556790066 556790040
558223352 -22.8737561 -43.4094203 556793245 558223367
556790040 -22.8737548 -43.4074262 556795564 556790053
558223367 -22.8736074 -43.4095304 556795062 558223352
558223555 -22.8734301 -43.4090999 558223521 556795237
558223521 -22.8732855 -43.4092168 556795217 558223555
556795062 -22.8731221 -43.4098895 556795250 556795217 558223367
556795217 -22.8730905 -43.4093745 558223521 556795062 556795540
556795540 -22.8730351 -43.4086536 556795551 556795217
556795551 -22.872956 -43.4085677 556795540 558224353
558224353 -22.8729253 -43.4083853 556795551 556795564
556795564 -22.8729238 -43.4082155 558224984 558224353 556790040
558224984 -22.8728073 -43.4083298 556790025 556795564
556790025 -22.8724499 -43.4086707 556797010 558224984 556788804
556791749 -22.872442 -43.4041131 556791720 556791784
556791784 -22.872015 -43.404053 556791799 556791749
556791799 -22.8717145 -43.4039414 556791784 556791815
556797010 -22.8714484 -43.4097121 556790011 556790025 556797718
556791815 -22.8710027 -43.4036067 556791799 556791827
556791827 -22.8699114 -43.4031346 556791815 556791843
556791843 -22.8696899 -43.4031089 556791827 556791868
556791868 -22.8694448 -43.4031947 556791882 556791843
1779579316 -22.8692895 -43.4052078 1779579311 556791882
3819339083 -22.8692001 -43.4091866 442523399 2361710795 3819339085
3819339085 -22.869028 -43.4092848 3819339083 3819339084 3819339086
556791882 -22.8685116 -43.4037097 556791868 1779579307 1779579316
2361710795 -22.8684962 -43.4077494 3819339083 442523398 3819339086
1779579314 -22.8684402 -43.4004256 1779579299
3819339086 -22.8683135 -43.407854 2361710795 2361710783 3819339085 3819339088
1779579311 -22.8678604 -43.4059904 1779579316
3819339088 -22.8675006 -43.4061705 3819339086 3819339087 3819339089
1779579307 -22.8671172 -43.4044788 556791882
1779579312 -22.8667892 -43.4000766 1779579297
2361710783 -22.866337 -43.4089856 3819339086 2361710782
442523398 -22.8662016 -43.4030638 2361662351 2361710795
3819339087 -22.8660894 -43.4032921 3819339088 3819339090
2361710782 -22.8659242 -43.408189 2361710803 2361710783
593585371 -22.8658789 -43.4091894 443989134 2361710798 593585046
1779579299 -22.8658424 -43.4018254 1779579314
2361710798 -22.8656805 -43.4087811 593585371 443988908
2361710803 -22.8656776 -43.4083361 2361710782
3819339089 -22.8656078 -43.4072441 3819339088
1779579297 -22.8653691 -43.4008367 1779579312
443988908 -22.864945 -43.407268 560430199 2361710798
3819339090 -22.8643109 -43.4043145 3819339087
560430199 -22.8631247 -43.4035136 560430203 443988908
560430203 -22.8620775 -43.4013766 560430199 2361398213
2361398213 -22.8620307 -43.4012808 560430203 3144362263
3144362263 -22.8614829 -43.4001586 2361398213 560430205
593582330 -22.8613055 -43.4097332 593582320 3130613107
593581948 -22.8612221 -43.4098119 144372566
144372566 -22.8608486 -43.4090799 144302220
