1660827779 -22.9398591 -43.6784513 1660827785 1660827757
1660827774 -22.9397975 -43.6752827 1660827784 1542808158
1660827773 -22.9397831 -43.6745531 1660827782 1542808158
1542808158 -22.9396218 -43.6746673 1660827774 1542808248 1660827773
1660827759 -22.9392782 -43.6790169 1660827755
1660827757 -22.9392246 -43.6779439 1660827779 1660827749
1660827755 -22.9390614 -43.6784024 1660827747 1660827759 1660827749
3659435279 -22.9389377 -43.6700292 3659435278
1660827749 -22.9388396 -43.6777736 1660827741 1660827755 1660827757
1660827747 -22.9387491 -43.6784661 1660827755 1660827733
1660827741 -22.9386279 -43.67768 1660827737 1660827749 1660827733
1542808248 -22.9385818 -43.6752583 1542808158 1542807795 1660827714
1660827737 -22.9384946 -43.6766722 1660827741 1542807795
1660827733 -22.9383728 -43.678192 1660827747 1660827741 1660827719
1542807795 -22.9381474 -43.6753797 1542808248 1542808216 1660827737
934574689 -22.938037 -43.6716532 934574688 934574690
1660827719 -22.93799 -43.6789606 3018736132 1660827733
1542808216 -22.9379238 -43.6753517 1660827680 1542807795
934574690 -22.9378098 -43.6710953 934574689 934574691
1660827714 -22.9377706 -43.6737194 1542808248
934574691 -22.9376912 -43.6705481 934574692 934574690
1660827707 -22.9374464 -43.6741095 1660827685 1660827688
1660827690 -22.9371998 -43.6797508 1660827694
1660827688 -22.9371929 -43.6737537 3003439110 1660827707 1660827674
1660827685 -22.9370508 -43.6747539 1660827680 1660827707
1660827680 -22.9369776 -43.6750621 1542808216 1660827664 1660827685
1660827679 -22.9369406 -43.6799719 1660827672
1660827674 -22.9368645 -43.6735206 1660827671 1660827662 1660827688
3003439110 -22.9368572 -43.6743103 1660827664 1660827688
1660827671 -22.9368172 -43.6734006 1660827660 1660827674
1660827670 -22.9367824 -43.6786199 1660827668
1660827668 -22.9366835 -43.6783864 3003439111 1660827656 1660827670
1660827664 -22.9365433 -43.6749174 1660827680 3003439110 1660827655
3003439114 -22.9365387 -43.6794621 3003439116 1660827657 1660827672
1660827662 -22.9364257 -43.6741685 1660827648 1660827674 1660827655
1660827660 -22.9364194 -43.6731023 1660827648 1660827671
3003439116 -22.9363954 -43.6791826 1660827653 3003439114 1660827650
3023899968 -22.9363675 -43.6716082 3023899954
3003439111 -22.9363327 -43.6774374 1660827668 1660827652 3003439112
1660827657 -22.936249 -43.679644 3003439113 1660827666 3003439114
1660827656 -22.936244 -43.6785803 1660827668 1660827654
3023899963 -22.9362082 -43.6712791 3023899950
1660827655 -22.936139 -43.6748006 1660827664 1542808306 1660827662
1660827653 -22.9361026 -43.6793408 1660827644 3003439116 3003439115
1660827654 -22.9360942 -43.6783703 1660827656 1660827647 1660827650
3023899961 -22.9360754 -43.6709356 3023899942
1660827652 -22.9360513 -43.6766632 3003439111 1660827643
1660827650 -22.9359867 -43.6784146 3003439116 1660827644 1660827654
3003439113 -22.935964 -43.6798328 1660827658 1660827657 3003439115
1660827648 -22.9359427 -43.6738737 1660827660 1660827662 1542808306 1660827645
3023899954 -22.935894 -43.6718893 3023899950 3023899968
3023899953 -22.9358896 -43.6704696 3023899938
1660827647 -22.9358862 -43.677844 1660827654 1660827630 3003439112
3003439112 -22.9358156 -43.6776365 1660827647 3003439111 1660827646
3003439115 -22.9358043 -43.6795152 3003439113 1660827641 1660827653
1660827646 -22.9357953 -43.6775902 1660827643 1660827628 3003439112
1660827645 -22.9357406 -43.6728212 1660827648 1660827640
3023899950 -22.9357203 -43.6715588 3023899963 3023899942 3023899954
1660827644 -22.9356922 -43.6785452 1660827653 1660827641 1660827650
3023899942 -22.9355556 -43.6712454 3023899961 3023899950 3023899938
1660827643 -22.9355374 -43.6768435 1660827642 1660827652 1660827646
3023899941 -22.9355025 -43.679975 3023899947 1660827635
1542808306 -22.9354931 -43.6746054 1660827648 1660827655 1542808362
3023899938 -22.9354543 -43.6710448 3023899953 3023899942 3023899832
1660827642 -22.9354196 -43.6764883 1660827637 1660827643 3023899824
1660827641 -22.9353716 -43.67869 1660827644 3003439115 1660827635
3023899832 -22.9353498 -43.6708539 3023899828 3023899938
1660827640 -22.9353428 -43.6728212 1660827645
3023899828 -22.9352822 -43.6705643 3023899812 2035857727 3023899832
1542808362 -22.9352377 -43.6745715 3018588023 1542808306
1660827639 -22.9351822 -43.6773462 1660827637 1660827632
3023899824 -22.9351637 -43.6757051 1660827642 1660827633
3018588023 -22.9350164 -43.6745808 1542808362 1660827633
1660827637 -22.9349438 -43.6766643 1660827642 1660827639 1660827627
3023899816 -22.9348897 -43.6730495 3018588022
3023899814 -22.9348543 -43.6725667 3018588021
1660827635 -22.9348279 -43.6789435 1660827641 3023899941 1660827630
3023899812 -22.9347815 -43.6712269 2035857726 3023899828 3023899806
1660827632 -22.9347557 -43.6775354 1660827631 1660827639
1660827633 -22.9347497 -43.6746057 3018588023 3023899824 1542808495
3023899806 -22.9346131 -43.6710605 3023899812 3023899800
1542808495 -22.9345744 -43.6746242 1660827622 1660827633 3018588022
2035857726 -22.9345729 -43.6715079 3023899812 3023899797 2035857725
1660827630 -22.9345109 -43.6784365 1660827647 1660827635 1660827629
1660827631 -22.9345056 -43.676871 1660827618 1660827632 1660827619
3023899804 -22.9344848 -43.6723817 1660827626
1660827629 -22.9344783 -43.6783251 1660827628 1660827630 1542808006
3023899800 -22.9344561 -43.6707843 3023899806
1660827628 -22.934454 -43.678223 1660827646 1660827629 1660827619
1660827627 -22.9344068 -43.6751377 1660827637 1660827623
3018588022 -22.93439 -43.6734876 3018588021 3023899816 1542808495
2035857725 -22.9343682 -43.6717691 2035857726 2035857721 1660827620
3023899797 -22.9343233 -43.6712599 2035857724 2035857726
3018588021 -22.9343112 -43.6730933 3018588022 1660827626 3023899814
1660827626 -22.9341963 -43.672662 3018588021 1660827620 3023899804
1660827623 -22.9341575 -43.6751978 1660827618 1660827621 1660827627
1660827622 -22.9340709 -43.6747398 1660827615 1542808495 1660827621
1660827620 -22.9340431 -43.6722176 1656845848 2035857725 1660827626
1660827619 -22.9340221 -43.67708 1660827631 1660827628 1660827614
1660827621 -22.9340124 -43.6747667 1660827622 1542807829 1660827623
2035857724 -22.9339903 -43.6708486 3023899797 2035857722
1660827618 -22.9339412 -43.6753415 1660827623 1660827631
1660827615 -22.9337902 -43.6736416 1660827622
1542807829 -22.9337341 -43.6749037 1660827621 1660827613
1660827614 -22.9336717 -43.6762143 1542808006 1660827619 1660827613
2035857722 -22.9333802 -43.6702033 2035857721 2035857724
1660888608 -22.9332901 -43.6701991 3026536354 1660888596
1660827613 -22.933288 -43.6751384 1542807829 3003439108 1660827614
2035857721 -22.9332008 -43.6704391 158798844 2035857725
1660888585 -22.9329014 -43.6707241 1660888527 1660888608
158798844 -22.9326714 -43.6711621 3023899530
1656845848 -22.9326244 -43.6741032 1656845836 1656845843 1660827620
2035857720 -22.9326073 -43.6711197 1660888466 1660888585
1542808006 -22.932605 -43.6777063 1542808401 759447686 1660827614 1660827629
1656845845 -22.9323299 -43.6733017 1656845843 1656845839
1660888527 -22.932313 -43.6702528 1660888466 1660888585
1656845843 -22.9321082 -43.6735963 1656845848 1656845838 1656845845
3023899530 -22.93206 -43.6719918 3026536353
1660888466 -22.9320414 -43.6706262 1660888527 3023899514 2035857720
3026536352 -22.9320287 -43.6719049 2035857720
3026536353 -22.9320243 -43.672038 1656845839
3023899526 -22.9319984 -43.671945 3026536352
3023899514 -22.9317979 -43.6704266 1660888466 2035857717
1656845841 -22.9317126 -43.6733017 1656845835
1656845839 -22.9316686 -43.6725208 2035857716 1656845845
2035857717 -22.9315987 -43.6703148 2035857713 2035857715 3023899514 2035857718
2035857716 -22.9315517 -43.672685 158798843
158796357 -22.9314505 -43.6726959 3023899526 2035857705
1656845838 -22.931437 -43.6744879 1656845843 1656845835 1656845833
158798843 -22.9314075 -43.6729195 3026536350
2035857715 -22.9313425 -43.6710214 2035857717
3026536350 -22.9312944 -43.6730906 158798842
1542808401 -22.9312793 -43.6795755 3023899774 759447689 3018736076 1542808006
1656845836 -22.9312704 -43.675828 1656845848 3003439108 1656845833
158798842 -22.9312639 -43.673135 1656845823
3026536348 -22.9312374 -43.6729828 158796357
3026536347 -22.9312009 -43.6730193 3026536348
2035857713 -22.9311413 -43.670085 874341644 2035857717 2035857712
874341644 -22.9310789 -43.6700626 2035857708 2035857713 1660888405
1656845834 -22.931076 -43.673132 3026536347 1656845831
1656845835 -22.9310736 -43.6741259 1656845823 1656845838 1656845841 3023899440
2035857712 -22.9310367 -43.6704083 2035857713 2035857706
3026536345 -22.9309236 -43.6732871 1656845834
2035857707 -22.9308235 -43.6716249 2035857705 2035857706
3003439108 -22.9307998 -43.676393 3003439109 1656845836 1660827613 1656845822
1656845833 -22.9307424 -43.6753184 1656845836 1656845838 1656845819
2035857706 -22.9307353 -43.6715194 2035857707 2035857712
1656845823 -22.9307333 -43.6737988 3023899448 1656845835
1656845831 -22.9307089 -43.6728017 1656845810 1656845817 1656845834
3023899448 -22.9305969 -43.6739415 3023899439
2035857705 -22.9305682 -43.6719637 158796357 2035857703 2035857704 2035857707
3003439109 -22.9305263 -43.6767653 759447686 3003439108 1656845822
3026536344 -22.9305119 -43.6738039 3026536345
3023899439 -22.9304607 -43.6740533 1656845809
1656845819 -22.930452 -43.6757032 1656845813 1656845833
759447686 -22.9304506 -43.6768673 759447689 3003439109 1542808006
3023899440 -22.9304423 -43.6748939 1656845835
3023899438 -22.9304343 -43.6713791 2035857703
1656845822 -22.9304293 -43.6765941 1542808251 1656845805 3003439109 3003439108
1656845817 -22.9304289 -43.6725564 1656845807 1656845831
3026536343 -22.9303907 -43.6739941 3026536344
3023899428 -22.9302849 -43.6710147 3023899445 3023899420
2035857704 -22.9302819 -43.6723344 3023899410 3023899402 2035857705
1656845815 -22.9302582 -43.6741819 1656845810 3026536343
2035857703 -22.9302455 -43.6716352 3023899415 3023899438 2035857705 3023899410
3023899420 -22.9301899 -43.6713117 3023899415 3023899428
3023899415 -22.9301071 -43.671495 2035857703 2035857700 3023899420
1656845813 -22.9301051 -43.6754083 1656845809 1656845819
3023899409 -22.9299841 -43.6707877 2035857701 2035857702
2035857702 -22.9299808 -43.6706574 2035857699 3023899409
3023899410 -22.9299759 -43.671974 2035857698 2035857704 2035857703
2035857701 -22.9299677 -43.6708806 3023899409 2035857698
1656845810 -22.9299107 -43.6737983 1656845815 1656845807 1656845831
2035857700 -22.9299057 -43.6713132 3023899415
2035857699 -22.9298887 -43.6703141 874341634 2035857702
3023899402 -22.9298033 -43.6729874 3023899385 3023899370 2035857704
1656845809 -22.9297165 -43.6749675 1656845805 1656845813
1656845807 -22.9296766 -43.6735147 1656845810 1656845817
2035857698 -22.9295393 -43.6714421 2035857701 2035857696 2035857691 3023899410
3023899385 -22.9295288 -43.6733461 3023899402
759447689 -22.9294859 -43.6780856 1542808401 1542808251 759447686 3018736075
1656845805 -22.9293546 -43.6754168 1656845804 1656845822
3023899374 -22.9293516 -43.6700444 2035857694 2035857697
3023899370 -22.9292857 -43.672582 3023899334 3023899402
2035857696 -22.9292441 -43.6717899 2035857695 2035857698
2035857694 -22.9292222 -43.6701709 2035857692 3023899374
2035857693 -22.9291451 -43.6734096 3023899334
2035857695 -22.9291372 -43.6718778 2035857696 2035857690
2035857692 -22.9291095 -43.670332 2035857691 2035857694 2035857680
3026536317 -22.9290419 -43.6792702 3018736084
2035857691 -22.9289372 -43.6706533 2035857692 2035857688 2035857698
2035857690 -22.9289155 -43.6719996 2035857695 2035857684
3026536312 -22.9288211 -43.6790721 3026536317
3023899338 -22.9287939 -43.674204 3023899179
3026536310 -22.9287826 -43.6791579 759447692
3026536307 -22.928777 -43.6790483 3026536308 3026536306
1542808251 -22.9287762 -43.6774968 759447689 1542808595 1656845822 1656845804
3026536308 -22.9287755 -43.6790722 3026536309 3026536307
3026536306 -22.9287696 -43.6790258 3026536307 3018736075
3026536309 -22.9287652 -43.6790934 3026536305 3026536308
3018736075 -22.9287545 -43.6790083 759447689 3026536312 3026536306 3026536304
3026536305 -22.9287479 -43.6791083 3026536302 3026536309
3023899334 -22.9287386 -43.6729842 2035857685 2035857693 3023899370
3026536304 -22.9287364 -43.6789995 3026536301 3018736075
3026536302 -22.9287266 -43.6791144 3026536300 3026536305
3026536301 -22.9287166 -43.6789984 3026536298 3026536304
3026536300 -22.9287048 -43.6791108 759447692 3026536302
3026536298 -22.9286977 -43.6790052 3026536301 3026536299
2035857688 -22.9286957 -43.6711064 3023899209 2035857691
759447692 -22.9286862 -43.6790979 2035857681 3026536300 3026536292 3026536297
3026536299 -22.9286824 -43.679019 3026536298 3026536295
3026536297 -22.9286748 -43.6790802 759447692 3026536296
3026536295 -22.9286728 -43.6790379 3026536299 3026536296
3026536296 -22.9286702 -43.6790592 3026536295 3026536297
3026536294 -22.9286693 -43.6789675 3018736075
158796358 -22.9286435 -43.6761096 1656845815
3026536292 -22.9286299 -43.6790467 3026536287
3023899209 -22.9284583 -43.6714305 2035857683 2035857688
1542808595 -22.9284388 -43.6776853 1542808251 3018736072
2035857685 -22.928436 -43.6727431 3023899334 2035857682
3026536287 -22.9284123 -43.6788549 1542808436
2035857684 -22.9284041 -43.672407 2035857690 2035857679 2035857678
3018736072 -22.9283106 -43.6777172 1542808595 3003439107
2035857682 -22.9282856 -43.6728242 3023899168 2035857685 2035857679
3023899189 -22.9282633 -43.6744147 2035857666
2035857683 -22.9282369 -43.6716675 3026536279 3023899209
2035857681 -22.9282236 -43.6796183 759447692 3026536276 2035857649
3003439107 -22.9281924 -43.6777172 1542808390 3018736072
2035857679 -22.9281225 -43.672631 2035857684 2035857676 2035857682
1656845804 -22.9281182 -43.6769527 1542808251 3003439106
3023899179 -22.9281007 -43.6733728 3023899168 3023899338
3026536279 -22.9280681 -43.6717924 2035857678 2035857683
1542808390 -22.9280455 -43.6776611 3003439107 3003439106
2035857678 -22.928034 -43.6718177 3026536279 2035857684 2035857673
3023899168 -22.9279388 -43.673058 2035857666 2035857682 3023899179
3026536276 -22.9279064 -43.6799979 2035857681 2035857674
2035857676 -22.9278364 -43.6723213 2035857663 2035857670 2035857679
2035857673 -22.9277989 -43.6719389 3026536271 2035857678
3003439106 -22.9277659 -43.6774193 3018736074 1542808390
3026536271 -22.9277252 -43.671954 2035857668 2035857673
2035857670 -22.9276482 -43.6720946 2035857668 2035857676
2035857668 -22.9275961 -43.6719804 2035857656 3026536271 2035857670
3026536267 -22.9275585 -43.6738689 2035857662
2035857666 -22.9274564 -43.6733859 3023899168 2035857662 3023899189
3018736074 -22.9273945 -43.6779096 3026536294 1542808436
3023899116 -22.9273434 -43.6779067 3018736074
1542808436 -22.9273273 -43.6779528 158798840
2035857663 -22.9273075 -43.6731354 2035857658 2035857659 2035857676
2035857662 -22.9272907 -43.673558 2035857654 2035857666 3026536267 2035857659
3023899111 -22.9272748 -43.6779259 3023899116
2035857661 -22.9272109 -43.6779652 158796358 3023899111
2035857659 -22.9271598 -43.6734775 2035857646 2035857657 2035857663 2035857662
158798840 -22.927142 -43.6781661 2035857649
2035857658 -22.9271401 -43.6729103 2035857656 2035857663
2035857657 -22.9271056 -43.6736093 3026536253 2035857659
3026536253 -22.9270418 -43.673727 2035857652 2035857657
2035857656 -22.927031 -43.6720887 2035857647 2035857668 2035857658
2035857654 -22.9269904 -43.6740647 3026536236 2035857650 2035857662
2035857652 -22.9269391 -43.6739162 2035857650 3026536253 3023899049
2035857651 -22.926918 -43.676031 2035857635
2035857650 -22.9268857 -43.6739879 2035857645 2035857654 2035857652
2035857649 -22.9268674 -43.6785039 3018736071 2035857681
158796360 -22.926787 -43.6784751 2035857661
2035857646 -22.9267734 -43.6730681 2035857640 2035857659
2035857647 -22.9267264 -43.6720644 2035857656 3026536223
3026536236 -22.926723 -43.6745315 2035857654 3026536221
3026536235 -22.9267045 -43.670583 2035857621 2035857672
3018736071 -22.9266925 -43.678654 158798839
2035857645 -22.9266826 -43.6741855 2035857622 2035857650 3023898832
2035857643 -22.926667 -43.6785836 158796360
3023899049 -22.9266633 -43.6736581 3026536207 2035857652
2035857641 -22.9265443 -43.6766895 2035857629
3026536223 -22.9264774 -43.6720075 2035857647 874341672
3023898832 -22.9264443 -43.6738215 3023898824 2035857645
3026536221 -22.9263999 -43.6750997 3026536236 2035857635
2035857640 -22.9263878 -43.672536 2035857646 874341672
3026536220 -22.9263555 -43.6771391 3026536187
3023898824 -22.9263347 -43.6737528 3023898814 3023898832
874341672 -22.9263088 -43.671965 3026536216 2035857640 3026536223
158798839 -22.9262622 -43.678945 158798838
3023898814 -22.9262444 -43.6736759 3023898774 3023898824 760853248
2035857635 -22.9262442 -43.6753735 2035857619 2035857627 3026536221 2035857651
158796361 -22.926203 -43.6788874 2035857643
2035857629 -22.9261597 -43.6762125 2035857641 2035857627
3026536216 -22.9261563 -43.6719101 3026536202 874341672
2035857632 -22.9261091 -43.6701288 2035857626 2035857633
158798838 -22.9261054 -43.6790213 158798837
158796362 -22.9260809 -43.6789425 158796361
3026536207 -22.926043 -43.6729432 760853255 3023899049
2035857628 -22.9260182 -43.6706438 2035857623 2035857644
3026536202 -22.9259963 -43.6718526 2035857624 3026536216
3026536203 -22.9259876 -43.6770234 2035857615
3023898774 -22.9259632 -43.6739839 3023898814 3023898732
3026536199 -22.9259584 -43.6777003 3026536192
3026536197 -22.9259559 -43.6773628 3026536198 3026536196
3026536196 -22.925952 -43.6773309 3026536197 3026536193
3003439067 -22.9259389 -43.6796397 3026536208 158798837
3026536198 -22.9259329 -43.6773925 1001107288 3026536197
2035857625 -22.9259305 -43.6789726 158796362
3026536193 -22.9259238 -43.6773039 3026536196 3026536181
2035857627 -22.9259167 -43.6759884 3026536187 2035857629 3023898720 2035857635
3026536192 -22.9259 -43.6775528 3026536191 3026536199
1001107288 -22.925897 -43.6773976 3026536191 3026536198
158798837 -22.9258679 -43.6790617 3003439067 3023898709
2035857626 -22.9258562 -43.6706609 2035857623 2035857632
3026536191 -22.9258528 -43.6773822 3026536180 1001107288 3026536192
2035857624 -22.9258269 -43.6717717 2035857621 3026536202 2035857616
2035857623 -22.9257807 -43.6707645 2035857628 2035857626 2035857612
2035857622 -22.9257596 -43.6747808 2035857619 2035857645
2035857621 -22.9257366 -43.6716761 2035857624 3026536235 2035857612
2035857619 -22.9256757 -43.6748434 2035857617 2035857622 2035857635
3026536187 -22.9256563 -43.6764331 2035857615 3026536220 2035857627
2035857616 -22.9256464 -43.6719638 760853255 2035857624
2035857617 -22.9256314 -43.6748718 2035857619 2035857606 2035857585
2035857615 -22.9255535 -43.676582 3026536187 2035857610 2035857593 3026536203
3026536181 -22.9254255 -43.6771258 3026536177 3026536180 3026536193
3023898732 -22.9254046 -43.6733436 3023898673 3023898774
2035857612 -22.9254037 -43.6712737 2035857621 2035857623 2035857609
3026536180 -22.9254014 -43.677204 3026536191 2035857600 3026536181
760853255 -22.9253806 -43.6721518 3026536207 760853248 2035857616
2035857610 -22.9253472 -43.6769491 2035857615 3026536179
2035857609 -22.9253139 -43.6711421 2035857607 2035857612
3026536179 -22.9252872 -43.6769913 3026536177 2035857610
3023898720 -22.9252555 -43.6753974 2035857627 2035857606
2035857607 -22.9252544 -43.6711087 2035857604 2035857609 2035857608
2035857608 -22.9252501 -43.6710315 2035857607 2035857602
3026536177 -22.9252053 -43.6770074 3026536175 3026536179 3026536181
2035857606 -22.9251973 -43.6753667 3023898720 3023898702 2035857617 2035857593
3023898713 -22.9251856 -43.6790577 2035857625
2035857604 -22.9251851 -43.6711296 3026536171 2035857607
2035857605 -22.925185 -43.6704462 2035857599 2035857601 2035857618
3023898709 -22.9251668 -43.679137 3023898423
3023898702 -22.9251352 -43.6753342 2035857606 3023898637
760853248 -22.9251043 -43.672338 760853255 3023898814 2035857597
2035857601 -22.9250895 -43.6706241 2035857605 2035857602
2035857602 -22.9250872 -43.6706847 2035857601 2035857608
2035857600 -22.9250516 -43.6770682 760853211 3026536180
3026536175 -22.925025 -43.6770428 760853211 3026536177
2035857599 -22.9249885 -43.6703406 2035857605 2035857594
760853211 -22.924975 -43.6770641 2035857596 3026536175 2035857600
2035857597 -22.9249603 -43.6724272 3023898673 760853248
3026536171 -22.9249299 -43.671352 2035857590 2035857604
2035857594 -22.9247935 -43.6703149 2035857599 2035857569
2035857593 -22.9247834 -43.6758739 2035857615 3026536165 2035857606
2035857596 -22.9247624 -43.6771799 2035857586 760853211
3023898673 -22.9247232 -43.672669 3023898648 2035857597 3023898732
3023898668 -22.9246823 -43.6791154 3023898713
2035857590 -22.924641 -43.6716731 2035857584 3026536171
3023898648 -22.9245035 -43.6729475 3023898673 2035857581
2035857586 -22.924502 -43.6773907 2035857596 2035857580
3026536165 -22.9244785 -43.6762545 2035857583 2035857593
2035857584 -22.924437 -43.6719658 874341718 2035857590 2035857582
2035857585 -22.9244247 -43.6737224 2035857617 2035857573
2035857583 -22.924385 -43.6763791 3023898371 2035857577 3026536165
3023898638 -22.924377 -43.6791334 3023898668
3023898423 -22.9243383 -43.6792295 3023898417
3023898422 -22.9243261 -43.6791382 3023898638
3023898417 -22.9242984 -43.6792307 2035857570
2035857582 -22.9242972 -43.671483 2035857542 2035857584 2035857569
3023898637 -22.9242714 -43.6745328 3023898702 2035857578
2035857580 -22.9242605 -43.6776164 2035857586 2035857572
3023898404 -22.9242564 -43.6793364 2035857588
2035857570 -22.9242311 -43.6792402 3023898404 3023898379
2035857578 -22.924205 -43.6745107 2035857575 3023898637
759447479 -22.9242044 -43.6791426 3023898422 2035857570
2035857577 -22.9241887 -43.6766086 2035857583 2035857574
2035857581 -22.9241726 -43.6733356 3023898648 2035857573
2035857576 -22.9241542 -43.6788959 759447479
2035857575 -22.9241396 -43.67452 2035857578 2035857567
2035857573 -22.9241179 -43.6733862 3023898378 2035857581 2035857585
2035857574 -22.9241111 -43.6767067 2035857577
2035857572 -22.9241084 -43.6776977 760853206 2035857580
3023898383 -22.9240628 -43.6791466 759447479
3023898378 -22.9240369 -43.6734134 2035857562 2035857573
3023898379 -22.9240307 -43.6792655 3026536156
2035857569 -22.9240305 -43.6704572 2035857552 2035857582 2035857594 2035857568
2035857567 -22.9240143 -43.6745943 2035857575 2035857564
3023898371 -22.9239716 -43.674739 2035857564 2035857583
3023898370 -22.9239638 -43.6745537 2035857564 3023898343
2035857564 -22.9239604 -43.6746675 3023898371 3023898370 2035857567 3023898363
3023898363 -22.9239269 -43.6747432 2035857564 2035857539
3023898361 -22.9238947 -43.6791658 3023898383
760853206 -22.9238885 -43.6777985 2035857576 2035857572
2035857560 -22.9238165 -43.6774927 760853206
2035857559 -22.9237674 -43.6774392 2035857560
2035857558 -22.9237447 -43.6771524 2035857560 2035857574 760837981
3023898352 -22.9237299 -43.6774192 2035857559
2035857562 -22.9237231 -43.6734121 3023898378 2035857555
874341718 -22.9237127 -43.6728746 2035857547 2035857584 3026536158
3023898346 -22.9236966 -43.6773153 2035857558
3023898343 -22.9236941 -43.6735047 3023898370 2035857555
2035857557 -22.9236919 -43.6774226 3023898352
2035857555 -22.9236548 -43.6733866 2035857562 3023898343 3023898331 2035857538
2035857554 -22.9236358 -43.6774519 3023898346 2035857557
2035857551 -22.9235943 -43.6701038 2035857552 2035857530 2035857550
2035857552 -22.9235933 -43.6705595 3026536154 2035857569 2035857551
3023898331 -22.9235864 -43.6732316 2035857547 2035857555
2035857547 -22.9235559 -43.6730629 874341718 3023898331 2035857538
3026536158 -22.9235159 -43.6720289 874341718 2035857542
3026536156 -22.9234579 -43.6793242 158798836
2035857542 -22.9234523 -43.6717559 2035857582 3026536158 3026536155
3026536155 -22.9234342 -43.6716822 2035857542 2035857540
3018736063 -22.9233855 -43.6778319 2035857554
2035857539 -22.9233678 -43.6753801 3023898363 760837981
2035857540 -22.9233666 -43.6714076 3026536155 2035857531
3324207576 -22.9233558 -43.6794623 874345478 158798836
2035857538 -22.9233472 -43.6732978 2035857547 2035857555 2035857526
760837981 -22.9233354 -43.6754854 2035857525 2035857558 2035857526 2035857539
158798836 -22.9233039 -43.6793561 3023898292 3324207576
3026536154 -22.923274 -43.6706279 2035857552 2035857528
3018736061 -22.9232666 -43.6780343 3018736063
2035857531 -22.923265 -43.6712252 2035857540 2035857529
158796363 -22.9232596 -43.67929 3023898361
3023898292 -22.9231794 -43.6793921 3023898269
2035857530 -22.9231441 -43.6701571 2035857512 2035857551
2035857529 -22.9231095 -43.6711113 2035857515 2035857531
2035857528 -22.9230525 -43.6706956 3026536140 3026536154
2035857526 -22.9229283 -43.6737674 760837981 2035857521 2035857538
3003439058 -22.9229108 -43.6786358 3018736061
3023898276 -22.9228681 -43.6794023 158796363
2035857525 -22.922807 -43.6760609 2035857524 760837981
3023898269 -22.9227914 -43.6795094 2035857523
2035857523 -22.9226657 -43.6795629 3023898256 2035857522
2035857524 -22.92266 -43.6762222 874345567 2035857525
2035857522 -22.9226129 -43.67945 3023898255 2035857523 3023898276
2035857521 -22.9226063 -43.672423 2035857515 2035857526
3023898256 -22.9225927 -43.6795943 158798834
3023898255 -22.9225843 -43.6793808 3023898254 2035857522
3023898254 -22.9225702 -43.6793333 3023898255 2035857518
2035857518 -22.92253 -43.6792362 3003439058 874345567 3023898254
3023898246 -22.9224654 -43.6793639 2035857518
3023898245 -22.9224435 -43.679408 3023898246
3026536140 -22.9223923 -43.6709799 2035857514 2035857528
2035857513 -22.9223684 -43.679517 2035857522 3023898245
2035857515 -22.9223262 -43.6712344 2035857514 2035857521 2035857529
3324207583 -22.9223074 -43.6795395 2035857513
2035857514 -22.9222899 -43.6710576 2035857510 3026536140 2035857515 2035857512
2035857510 -22.9222385 -43.6711565 2035857514 874341768
2035857512 -22.9221786 -43.6705569 2035857514 2035857511 2035857530
3023898021 -22.9220289 -43.6796424 3324207583
158798834 -22.9219889 -43.679791 2356703043
2356703043 -22.9219293 -43.6798241 158798832
874345567 -22.9219208 -43.676984 3023897992 2035857524 2035857518
158796364 -22.9219142 -43.6797027 3023898021
158798832 -22.9218892 -43.6798483 2356703024
2356703040 -22.921875 -43.6797302 158796364
3003439064 -22.9218054 -43.679795 2356703040
2356703024 -22.9217704 -43.6799493 3026536130
158796365 -22.9217273 -43.6798739 3003439064
3023897992 -22.9216105 -43.6773151 874345567 874345545
874345545 -22.9215002 -43.6774217 3023897992 2035857507 3003439060
2035857507 -22.9212764 -43.6771976 874345545 3023897931
874341768 -22.9211856 -43.6722267 874341779 2035857510 2035857503
3003439060 -22.9210893 -43.6778584 874345545 874345571
3023897931 -22.9209854 -43.6770808 2035857507 2035857496
2035857503 -22.9207978 -43.6710165 2035857497 2035857498 874341768
2035857496 -22.920648 -43.6769969 3023897931 2035857475
2035857498 -22.9205547 -43.6710995 2035857503 2035857495
3003439055 -22.9205246 -43.675685 3003439056
2035857497 -22.920522 -43.6701498 3026536126 2035857503
2035857495 -22.9204623 -43.6711899 2035857486 2035857498 2035857489
1660887695 -22.9204083 -43.674908 1660887660
2035857489 -22.9201075 -43.67201 2035857495
2035857486 -22.9200207 -43.6709737 2035857495 2035857483
