621484589 -22.8194264 -43.2034711 621484656
1895596229 -22.8193181 -43.2020765 1895596235
1895596258 -22.819318 -43.2020575 1895596229
1895596235 -22.8193136 -43.2020909 1895596260
278080223 -22.8193114 -43.2020247 1895596258
1895596260 -22.8192951 -43.2021095 278080378
3026406002 -22.8192184 -43.2016343 278080223
621484653 -22.8191551 -43.2043064 2957272446 2957272462 621484651 621484656
2957272446 -22.8191462 -43.2042459 621484653 2957272447
2957272462 -22.8191453 -43.2043669 2957272461 621484653
621484651 -22.8191406 -43.2044853 621484649 621484653
2957272447 -22.8191198 -43.2041919 2957272446 2957272452
2957272461 -22.819118 -43.2044206 2957272460 2957272462
621484649 -22.8191167 -43.2046202 2957272483 621484646 621484651
621484656 -22.8191128 -43.2039944 621484589 621484604 621484653
2957272483 -22.8190949 -43.2045302 2957272459 621484649
2957272452 -22.8190787 -43.20415 2957272453 2957272447
2957272460 -22.819076 -43.2044618 2957272459 2957272461
278080378 -22.8190499 -43.2021916 457277693 621484539
2957272453 -22.8190273 -43.2041249 2957272452 2957272454
2957272459 -22.819024 -43.204486 2957272458 2957272460 2957272483
1680644362 -22.8189952 -43.2006972 3026406002
621484559 -22.8189743 -43.2031311 621484550
2957272454 -22.8189711 -43.2041191 2957272453 2957272455
2957272458 -22.8189675 -43.2044905 2957272457 2957272459
457277693 -22.8189316 -43.2017108 278080233
2957272455 -22.8189163 -43.2041335 2957272454 621484604
2957272457 -22.8189128 -43.2044748 2957272456 2957272458
278080327 -22.8188719 -43.2001797 1680644362 621484747
621484604 -22.8188687 -43.2041663 2957272448 2957272455 621484656 621484512
2957272456 -22.8188657 -43.2044407 2957272457 2957272451
2957272448 -22.8188334 -43.2042143 621484604 2957272449
2957272451 -22.8188315 -43.2043918 2957272450 2957272456
2957272449 -22.8188143 -43.2042721 2957272448 2957272450
2957272450 -22.8188137 -43.2043335 2957272482 2957272449 2957272451
278080233 -22.8188092 -43.2012185 3026333809 278080377
1895596217 -22.8188042 -43.2002026 278080327
2957272482 -22.8187857 -43.2042751 2957272450 621484512
621484512 -22.8187397 -43.2042673 2957272482 2957272486 621484604
278080375 -22.8187386 -43.2002311 1895596217
621484646 -22.8186947 -43.2057563 2957272484 621484649
1895596237 -22.8186863 -43.2002681 278080375
1895596234 -22.8186522 -43.2002985 1895596237
1895596262 -22.8186346 -43.2003319 1895596234
278080377 -22.8186273 -43.2004117 621484849 278080376
278080376 -22.8186269 -43.2003806 1895596262
2957272484 -22.8185931 -43.2058872 621484645 621484646
621484539 -22.8185765 -43.2023538 278080378 621484542 457277692
621484542 -22.8185465 -43.2024851 621484539 621484545
621484645 -22.818461 -43.2059507 2957272484 2957272485
2957272485 -22.8182178 -43.2059718 621484645 621484644
457277692 -22.8180387 -43.2025304 621484539 278080188 1563898917
621484545 -22.8180127 -43.2030563 621484542 621484547
621484644 -22.8179867 -43.206037 2957272529 2957272485
1563898917 -22.8179211 -43.2020598 3026333809 457277692
621484530 -22.8178887 -43.2051504 2957272486 621484533
2957272486 -22.8178768 -43.2050743 621484530 621484512 621484551
2957272529 -22.8178534 -43.20612 1053286031 2957272489 621484644
2957272489 -22.8178012 -43.2060723 2957272488 2957272490 2957272529
2957272490 -22.8177961 -43.2060189 2957272489 2957272493
2957272488 -22.8177895 -43.2061244 2957272487 2957272489
3026333809 -22.8177776 -43.2014923 621484849 1060638943 1563898917 278080233
2957272493 -22.8177746 -43.2059706 2957272490 2957272494
278080188 -22.8177636 -43.2026414 457277692 278080187
2957272487 -22.8177622 -43.2061692 1053286031 2957272488
621484533 -22.8177552 -43.2054773 2957272528 621484530
2957272494 -22.8177395 -43.2059328 2957272495 2957272493
621484547 -22.8177391 -43.2034572 621484545 621484550
1053286031 -22.8177227 -43.2062014 2957272531 2957272529 2957272503 2957272487
2957272495 -22.8176946 -43.2059102 2957272494 2957272496
2957272503 -22.8176798 -43.2062166 2957272502 1053286031
2957272496 -22.8176454 -43.2059052 2957272495 2957272497
2957272502 -22.8176348 -43.2062167 2957272501 2957272503
2957272530 -22.817608 -43.2062313 2957272531 2957272501
2957272531 -22.8176012 -43.2062645 621484535 1053286031 2957272530
2957272497 -22.8175975 -43.2059186 2957272528 2957272496 2957272498
2957272501 -22.8175918 -43.2062018 2957272500 2957272502 2957272530
621484849 -22.8175791 -43.2006917 621484744 3026333809 1060638993 278080377
2957272528 -22.8175735 -43.2058876 621484533 1053286034 2957272497
2957272498 -22.8175565 -43.2059487 1053286034 2957272497
2957272500 -22.8175552 -43.2061733 2957272499 2957272501
2957272499 -22.8175285 -43.2061339 2957272500 2957272492 2957272532
1053286034 -22.8175273 -43.2059919 2957272491 2957272528 2957272733 2957272498
2957272492 -22.8175142 -43.2060875 2957272491 2957272499
2957272491 -22.8175138 -43.2060386 1053286034 2957272492
2957272532 -22.8175012 -43.2061194 2957272499 2957272733
2957272733 -22.8174697 -43.2061279 2957272532 1053286034 621484535
621484744 -22.8174076 -43.2000072 452634151 621484849 1563894979 621484747
278080187 -22.8174059 -43.2028909 278080185 278080188
621484535 -22.8173584 -43.2063906 2957272733 2957272531 621484640
621484550 -22.8172603 -43.204745 621484547 621484551 621484559
278080185 -22.8171693 -43.2032686 278080304 622752717 278080187
278080304 -22.8170604 -43.2031346 2946896085
621484640 -22.8170036 -43.2068593 621484535 621484638
2946896086 -22.8169224 -43.2029314 278080188
2946896085 -22.8169141 -43.2030425 278080224
278080224 -22.8168732 -43.202979 278080225 2946896086
621484638 -22.8167618 -43.2073694 621484525 621484640
621484551 -22.8167138 -43.2061362 2957272486 621484550 621484520
622752717 -22.8166848 -43.2045234 2944746385 278080185 622752718
2944746385 -22.8164897 -43.2050713 278080183 622752717
621484520 -22.8164865 -43.2063327 621484521 621484608 621484551
1563894979 -22.8164468 -43.2002722 1060638919 621484744
621484521 -22.8163806 -43.206518 621484523 621484520
621484525 -22.8163695 -43.2068501 621484523 621484610 621484638
621484523 -22.8163608 -43.2066897 621484521 621484525
1060638943 -22.8163209 -43.2019057 1060638993 3026333809 278080231
622752718 -22.816308 -43.204385 622752706 622752717
278080183 -22.8162783 -43.2055221 278080181 2944746385
621484608 -22.8162411 -43.2063736 621484520 621484610
278080225 -22.8161878 -43.2032153 278080224 278080226
1060638993 -22.8161452 -43.201116 1060638919 1060638943 621484849 622752686
621484610 -22.8159984 -43.2063406 621484608 621484525 621484619
1060638919 -22.8159952 -43.2003957 1060638993 1398112749 1563894979 1060638857
278080226 -22.8159224 -43.2032035 278080225 3823431511
278080181 -22.815895 -43.2059523 278080183 621484619
622752707 -22.8158426 -43.2045988 622752706 622752708
622752706 -22.8158167 -43.2042822 622752705 622752718 622752707
622749363 -22.8157885 -43.2076875 622749319
3823431511 -22.8157709 -43.2031478 278080226 278080227
621484619 -22.8157424 -43.2060625 278080180 278080181 622752685 621484610
278080231 -22.8157391 -43.2021009 1060638943 278080230
622752708 -22.8157353 -43.2048529 622752707 622752709
278080227 -22.8156469 -43.2030603 3823431511 3823431509
622749319 -22.8156446 -43.2075204 622749363 622749318 622749320
278080230 -22.8156052 -43.2022285 3823431508 278080231
278080180 -22.8155849 -43.206197 278080179 621484619 622749324
622749324 -22.8155754 -43.2062977 622749323 278080180
3823431509 -22.8155578 -43.2028897 278080227 278080228
622752686 -22.8155403 -43.201288 622752691 1060638993 1398112748
3823431508 -22.8155286 -43.2023769 278080229 278080230
622749320 -22.8155279 -43.2073583 622749319 622749321
622752709 -22.8155248 -43.2052086 622752708 622752685
278080228 -22.8155014 -43.2027358 623055094 278080229 3823431509
622749323 -22.8154901 -43.2065425 622749322 622749324
278080229 -22.8154843 -43.2025279 3823431508 278080228
622749321 -22.8154712 -43.2071512 622749320 622749322
622749322 -22.8154549 -43.2068343 622749323 622749321
622749318 -22.8154423 -43.2074107 622749319 622749317
622752705 -22.8154196 -43.2041574 622752706 622752704
1398112748 -22.8153869 -43.2012697 622752686 1398112755
1398112749 -22.8153818 -43.2005888 621484738 1060638919
621484738 -22.8152844 -43.2007264 621484733
622752685 -22.8152576 -43.2056905 621484626 621484619 622752709
621484762 -22.8152517 -43.2005092 1398112749
1398112755 -22.8152379 -43.2012138 621484841 1398112748
622752704 -22.8151614 -43.2040184 622752703 622752705
621484841 -22.8151376 -43.201143 621484839 1398112755
278080179 -22.8150919 -43.2063787 278080177 278080180
621484839 -22.8150846 -43.2010776 621484841 621484836
621484626 -22.8150448 -43.2055694 621484629 622752685
621484836 -22.815025 -43.2009444 621484839 621484733
623055094 -22.8150138 -43.2028049 278080228 623055095
621484733 -22.8149952 -43.2008315 621484757 621484836
1398112750 -22.8149774 -43.2000466 621484830 621484827
621484757 -22.8149413 -43.2005597 621484762 621484832 621484733
621484830 -22.8149228 -43.200156 1398112750 621484831
621484832 -22.8149126 -43.2004183 621484757 621484831
621484831 -22.8149072 -43.2002745 621484832 621484830
622749929 -22.814822 -43.2088687 622749930 622749928
2906283846 -22.8148175 -43.2049406 622752287 622752288
622749928 -22.81481 -43.209427 622749929 622749833
622752287 -22.8148085 -43.204711 622752286 2906283846
621484629 -22.814807 -43.2055234 621484626 621484631
622752719 -22.8147865 -43.2018812 622752691 1398112752
622752691 -22.8147837 -43.2020419 622752692 622752719 622752686
622749930 -22.8147685 -43.2085273 622749931 622749929
622752286 -22.814768 -43.2044879 622752287 622752285
622752288 -22.8147635 -43.2051588 2906283846 621484631
622752703 -22.8147596 -43.2036998 622752701 622752704
623055095 -22.8147591 -43.2027796 623055094 623055096
1398112752 -22.8147559 -43.2017996 622752719 622752720
622752720 -22.8147032 -43.2017549 1398112752 622752721
622752285 -22.8146929 -43.2043348 622752286 622752284
622749317 -22.814685 -43.2069451 622749316 622749318
622749931 -22.8146627 -43.2082709 622749932 622749930
622752692 -22.8146497 -43.2021717 622752691 622752693
622752284 -22.8146239 -43.2042029 622752276 622752285 622752277
622752721 -22.814602 -43.2017542 622752720 622752722
621484631 -22.814577 -43.2055385 3013019597 621484629 622752288
622752277 -22.8145758 -43.204273 622752284 622752278
622752278 -22.8145653 -43.2044765 622752279 622752277
622749932 -22.8145578 -43.2080873 622749931 622749933
622752693 -22.8144937 -43.2022759 622752692 3717077026
622752279 -22.8144603 -43.2046442 622752280 622752278
623055096 -22.8144601 -43.2026917 623055085 623055095
622752722 -22.8144383 -43.2018324 622752723 622752721
622749316 -22.8144281 -43.2068967 622749315 622749317
622749933 -22.8144067 -43.2078991 622749932 622749934
278080177 -22.8143867 -43.2064578 278080176 278080179
622749823 -22.8143777 -43.20927 622749822 622749824
622749824 -22.8143632 -43.2090643 622749823 622749825
3717077026 -22.8143583 -43.2022898 622752693 622752695
622752276 -22.8143567 -43.2039424 622752275 622752284
622749822 -22.814347 -43.2094706 622749823 2958397684
622752723 -22.8143295 -43.2018098 622752722 622752724
622752280 -22.8143012 -43.2047354 622752279 622752281
622749825 -22.8142951 -43.2089037 622749824 622749826
622749315 -22.8142203 -43.2069135 622749316 622749314
622749934 -22.8142194 -43.2077441 622749935 622749933
2958397684 -22.8141926 -43.2096996 622749821 622749822 2958397690
622749826 -22.8141834 -43.2087765 622749825 622749827
622752695 -22.8141805 -43.202267 3717077026 622752696
622749821 -22.8141221 -43.2097485 622749820 2958397684
622752696 -22.8140856 -43.2022863 622752698 622752695
622752701 -22.8140763 -43.2031902 622752703 622752700 622752730
622752832 -22.8140762 -43.2002969 622752831 622752833
622752724 -22.814056 -43.2016316 622752723 2925339969
622749827 -22.8140545 -43.2087003 622749826 622749828
278080176 -22.8140228 -43.2066001 278080177 278080174
622752281 -22.8140115 -43.2048136 622752280 622752282
622752698 -22.814003 -43.2023374 623055085 622752696
622752833 -22.8140024 -43.2005347 622752832 622752834
622749314 -22.8139998 -43.2070212 622749315 622749313
622752700 -22.8139802 -43.2028728 622752701 622752699
622749935 -22.8139773 -43.2076462 622749310 622749934
2925339969 -22.8139693 -43.2015988 622752724 622752725
622749820 -22.8139537 -43.209824 622749821 622749819
623055085 -22.8139493 -43.2024387 622752698 2822055306 623055096
622752699 -22.8139345 -43.2026637 622752700 2822055306
2822055306 -22.8139279 -43.2025392 623055085 622752699
622749828 -22.8139032 -43.2086634 622749829 622749827
622752275 -22.8138982 -43.2036443 622752274 622752276
622752725 -22.8138885 -43.2016 622752726 2925339969
622752730 -22.8138737 -43.2030151 2925339966 622752701
622752834 -22.8138313 -43.2006698 622752835 622752833
622752726 -22.8138272 -43.2016427 622752727 622752725
622749313 -22.8137775 -43.207234 622749311 622749314
622752282 -22.8137758 -43.2049455 622752281 622752283
622749819 -22.8137664 -43.2098181 622749820 622749818
2925339966 -22.8137618 -43.2028802 622752729 622752730
622749829 -22.8137237 -43.2086668 622749830 622749828
622752835 -22.8137066 -43.2007163 622752834 1060638941
3013019608 -22.8136906 -43.2041554 3013019607
3013019607 -22.8136888 -43.2042192 3013019603
622752229 -22.8136731 -43.2057372 622752283 622752230
622752283 -22.8136699 -43.2050614 3013019600 622752282 622752229
3013019604 -22.8136671 -43.2041013 3013019608
3013019603 -22.8136544 -43.2042673 3013019600
622749311 -22.8136535 -43.2074947 622749310 622749313
622749310 -22.813653 -43.2076013 622749309 622749935 622749311
622752727 -22.8136441 -43.2019599 622752726 2925339967
622752729 -22.8136397 -43.2026716 2925339968 2925339966
3013019601 -22.813629 -43.2040729 3013019604
622752230 -22.8136093 -43.2059837 622752231 622752229
622753086 -22.8135951 -43.2000985 3013019606 3013019589
3013019600 -22.8135937 -43.2042978 622752226 622752283
622752274 -22.8135852 -43.2033692 622752273 622752275
622752226 -22.8135832 -43.2041926 3013019600 3013019590 2906283845
622749818 -22.8135794 -43.2097592 622749817 622749819
2925339967 -22.8135744 -43.2021078 622752727 622752728
3013019597 -22.8135736 -43.2062118 622752231 622752232 621484631
622749830 -22.8135671 -43.2087367 622749829 622749831
3013019594 -22.8135621 -43.204067 3013019601
1060638941 -22.8135608 -43.2006995 622752835 2956643260
2925339968 -22.8135549 -43.2024513 622752728 622752729
622752728 -22.8135358 -43.2022593 2925339967 2925339968
622752231 -22.8135152 -43.2061467 622752230 622752232 3013019597
3013019590 -22.8135038 -43.2040956 622751700 622752226 3013019594
622749309 -22.8134694 -43.2076799 622749306 622749310
2906283845 -22.8134565 -43.2042212 2906283844 622752226
278080174 -22.8134532 -43.206952 278080173 278080176
622749817 -22.8134434 -43.2096254 622749816 622749818
3013019589 -22.8134408 -43.2002056 622753086 622753087
2956643260 -22.8134252 -43.2007192 1060638941 622752267
622749831 -22.8134213 -43.2088599 622749830 2958397685
622752267 -22.8133874 -43.2008061 2956643260 622752268
1396467763 -22.8133822 -43.2040577 622751700 2906283844
622751700 -22.813377 -43.2039407 622751699 1396467763 3013019590
622752273 -22.8133721 -43.2031005 622752272 622752274
622752232 -22.8133524 -43.2063602 622752231 622749729 3013019597
622752268 -22.8133444 -43.2011123 622752267 622752269
2958397685 -22.8133343 -43.209025 2958397686 622749831
2906283844 -22.8133294 -43.2042658 622751702 1396467763 2906283845
622753087 -22.8133259 -43.2002172 622753088 3013019589
622749816 -22.8133099 -43.2094253 622749817 2958397686 3621675325
2958397686 -22.8132897 -43.2092073 2958397685 622749816
278080173 -22.8132791 -43.2071065 278080172 278080174
622752269 -22.8132751 -43.2013376 622752268 622752270
622751699 -22.8132085 -43.2037312 3013019579 622751700
622752272 -22.8131799 -43.202739 632723796 622752273
622751702 -22.8131659 -43.2044042 2906283844 1396467768
622752270 -22.8131499 -43.2015389 622752269 2956625837
3621675325 -22.8130946 -43.2091539 468171075 622749816
622753088 -22.8130922 -43.2001402 2906271140 622753087 622753089
1396467768 -22.8130766 -43.2045299 622751702 622751703
2956625837 -22.8130701 -43.201636 622752271 622752270
632723796 -22.8130655 -43.2021324 622752271 622752272
622751705 -22.8130467 -43.2052434 622751704 622751706
622752271 -22.8130422 -43.2017819 632723796 2956625837
622751703 -22.8130335 -43.2047108 1396467768 622751704
622751704 -22.8130279 -43.2049507 622751703 622751705
3013019579 -22.813024 -43.2034514 622751698 622751699
2906271140 -22.8130156 -43.200197 622753088 622751692
622751706 -22.8129876 -43.2054935 622751705 632723798
622749306 -22.8129816 -43.2079696 468171017 622749309
622753089 -22.8129816 -43.2000718 622753088 622751691
622751693 -22.8129612 -43.2006576 622751692 3013019577
3013019577 -22.8129514 -43.2008442 622751693 622751694
622751692 -22.8129118 -43.2003397 622751691 622751693 2906271140
622751694 -22.8128802 -43.2010566 3013019577 622751695
622749729 -22.8128796 -43.2066591 622749416 622751650 622752232
622751698 -22.8128787 -43.2031774 3013019567 3013019579
632723798 -22.8128687 -43.2056519 622751706 622751707
3013019567 -22.8127527 -43.2028293 622751698 622751697
278080172 -22.8127411 -43.2077932 468170995 278080173
468171017 -22.8126904 -43.2081492 3621675324 622749306
622751695 -22.8126764 -43.2014096 3013019559 622751694
633042916 -22.8126688 -43.2079552 468171017
622751697 -22.812662 -43.2024749 3013019567 632723795
3621675324 -22.8126616 -43.2082655 468171075
468170995 -22.8126584 -43.2078803 633042916 2958411492 278080172
622751707 -22.8126569 -43.2057394 632723798 622751708
622751650 -22.812641 -43.2066855 622751652 622749729
632723795 -22.8126251 -43.2021791 622751696 622751697
3013019559 -22.8126055 -43.2016031 622751695 622751696
468171075 -22.8126028 -43.2083736 3621675323 3621675325
622751742 -22.8126024 -43.2038264 622751743 1396442259
622751696 -22.8125884 -43.2017914 3013019559 632723795
633042881 -22.8125877 -43.2077961 278080172 468170995
1396442259 -22.812578 -43.2036734 622751741 622751742
622752069 -22.812561 -43.2006988 622752072 1396442226
622751743 -22.8125575 -43.204046 622751742 622751744 622751730
1396442226 -22.8125507 -43.2007644 622752068 622752069
2958411492 -22.8125476 -43.2080146 278080170 468170995
622752072 -22.8125317 -43.2005363 622752069 622752076
3621675323 -22.8125175 -43.2083906 468169746
622752068 -22.812506 -43.2008657 1396442204 1396442226
622751741 -22.8124976 -43.2035183 622751740 1396442259
622751744 -22.812486 -43.2042412 622751743 1396467754
622751746 -22.8124738 -43.2050364 1396467754 622751715
622752076 -22.8124645 -43.2004386 622752072 622752078
622751730 -22.8124635 -43.2041867 622751743 1396442181
1396467754 -22.8124558 -43.2044243 622751744 622751746
1396442204 -22.8124549 -43.2009257 622752068 622752065
622751715 -22.8124283 -43.2051542 622751746 1396467757
468169746 -22.8124247 -43.2083658 622749386 622751052
622751652 -22.81241 -43.2066511 622751650 622751653
622751708 -22.8123965 -43.2057515 622751707 622751709
622751740 -22.812394 -43.2034189 622751741 622751739
622752078 -22.8123786 -43.2003791 622752076 622752079
622751786 -22.8123777 -43.2029305 622751785 1396442190
622752065 -22.8123651 -43.2009817 1396442228 1396442204 622752223
1396442190 -22.8123636 -43.2030668 622751787 622751786
278080170 -22.8123608 -43.2081767 622749386 2958411492
1396467757 -22.8123586 -43.2052212 622751715 622751716
622751785 -22.8123332 -43.2027623 622751786 622751784
1396442181 -22.8123215 -43.2042871 622751731 622751730
622751787 -22.8123071 -43.2031913 1396442189 1396442190
622749436 -22.8122862 -43.2077427 633042881
622752079 -22.8122792 -43.2003545 622752078 622752082
622751716 -22.8122746 -43.2052523 1396467749 1396467757
622752223 -22.8122709 -43.201001 622752062 622752065
622749386 -22.8122652 -43.2082399 278080170 622749420 633042873
1396442228 -22.8122459 -43.2010651 1396442221 622752065
622751784 -22.8122413 -43.2026428 622751785 622751783 622751812
622751731 -22.8122337 -43.2043154 1396442181 622751732
622752062 -22.8122296 -43.2009991 1396442240 622752223
622751739 -22.8122265 -43.2033483 622751738 622751740
2958411495 -22.8122185 -43.2077786 622749436
622751653 -22.8121893 -43.2065425 622751654 622751652
1396442221 -22.812188 -43.2011376 1396442228 622752224
622749418 -22.8121859 -43.2078574 622749417 2958411495
1396442189 -22.812185 -43.203307 622751738 622751787
633042871 -22.8121759 -43.208061 622749418
1396442240 -22.8121731 -43.200986 622752062 622752059
633042873 -22.8121713 -43.2081381 633042871
1396442262 -22.8121708 -43.2015515 622751819 622751820
622751052 -22.8121663 -43.2089218 622751035 622751051 468169746
622751819 -22.8121627 -43.2014436 622752109 1396442262
622751783 -22.8121564 -43.2025868 622751782 622751784
622751820 -22.8121564 -43.2016287 622751809 1396442262
622752082 -22.8121559 -43.2003758 1396442183 622752079
622752224 -22.8121542 -43.2012373 622752109 1396442221
1396467749 -22.8121354 -43.2052352 622751711 622751716
622751812 -22.8121324 -43.2023765 622751811 622751784
622752109 -22.8121311 -43.2013582 622751819 622751818 622752224
622751709 -22.8121304 -43.2056499 622751708 622751710
622749417 -22.8121279 -43.2076784 622749436 622749416
622749420 -22.8121166 -43.2083072 622749386 633042873 278080169
622751809 -22.8121018 -43.2017366 1396442263 622751810 622751820
622751818 -22.8120948 -43.201303 622752109 622751817
622751810 -22.8120884 -43.201917 622751811 622751809
622751811 -22.8120879 -43.2021488 622751810 622751812
622752059 -22.8120813 -43.2009339 622752056 1396442240
622751738 -22.8120749 -43.203349 622751737 622751788 1396442266 622751739 1396442189
1396442183 -22.8120672 -43.2004339 622752082 622752084
278080169 -22.8120419 -43.2083457 622749420 278080167
622751732 -22.8120278 -43.2043059 622751731 622751733
1396442263 -22.8120278 -43.2018074 622751809 622751821
622751782 -22.8120179 -43.2025536 622751781 622751783
622752084 -22.8120128 -43.200502 1396442183 1396442253
622752056 -22.8119984 -43.2008261 622752087 622752059 1396442193
622751817 -22.8119883 -43.2012182 1396442206 622751818
1396442193 -22.8119813 -43.2009302 622752056 622751823
1396442253 -22.8119726 -43.2006056 622752084 622752087
622752087 -22.8119653 -43.2006893 1396442253 622752056
622751654 -22.811963 -43.2063416 622751655 622751653
622751821 -22.8119615 -43.2018416 1396442263 622751822
1396442266 -22.8119465 -43.2033498 1396442222 622751738
622751823 -22.8119353 -43.2010187 1396442242 1396467764 1396442193
1396442206 -22.8119257 -43.2011964 622751816 622751817
622751710 -22.8119112 -43.2053633 622751711 622751709
622749416 -22.8119053 -43.2073188 622749726 622749417 622749468 622749729
1396442242 -22.8118968 -43.2011073 622751823 622751816
1396442222 -22.8118768 -43.2033291 1396442266 622751777
622751737 -22.8118685 -43.203447 622751736 622751738
622751781 -22.8118595 -43.2025876 622751780 622751782
622751822 -22.8118572 -43.2018589 622751821 1396442207
622751733 -22.8118468 -43.2041982 622751732 622751734
622751788 -22.8118293 -43.2034011 622751738 622751789
622751797 -22.8118263 -43.2021978 622751798 622751796
622751798 -22.8118261 -43.2024079 622751797 622751780
622751816 -22.8118138 -43.2011938 1396442242 1396442199 1396442206
622751780 -22.811786 -43.2026344 622751798 622751779 622751781
622751711 -22.8117835 -43.2050675 1396467749 622751712 622751710 622751763
622751777 -22.8117771 -43.203267 1396442265 1396442222
622751796 -22.8117744 -43.2019886 1396442207 622751797
1396467764 -22.8117593 -43.2009694 622751823 622751824
622751736 -22.8117571 -43.2035869 622751776 622751737
622749468 -22.8117521 -43.207099 622749416 622749467
622751734 -22.8117244 -43.2040025 622751733 622751735
1396442207 -22.8117204 -43.201821 622751822 1396442176 622751796
1396442199 -22.8117123 -43.2012323 622751815 622751816
622751776 -22.8117072 -43.2037261 622751735 622751736 622751775
622751735 -22.8116967 -43.2038164 622751734 622751776
1396442265 -22.8116811 -43.2031402 622751778 622751777
622751779 -22.8116783 -43.2027747 622751780 1396442258
622751763 -22.8116755 -43.2049594 622751711 622751765
622751778 -22.8116521 -43.2030602 1396442265 1396442258
1396442258 -22.8116426 -43.202899 622751779 622751778
1396442176 -22.8116358 -43.2017505 1396442261 1396442207
622751824 -22.811631 -43.2008806 622751825 1396467764
622751655 -22.8116268 -43.2059672 622751656 622751654
622751789 -22.8116265 -43.2033804 622751788 622751790
622749467 -22.8116236 -43.2069703 622749468 622749466
622751815 -22.8116232 -43.2013139 1396442199 1396442269
622751687 -22.8116223 -43.200102 622751688 622751827
622751775 -22.8116124 -43.2038774 622751774 622751776
1396442261 -22.8115991 -43.2016972 1396442195 1396442176
1396442269 -22.8115782 -43.2013961 622751815 622751814
622751712 -22.8115647 -43.2050501 622751711 622751713
1396442195 -22.8115594 -43.2015825 622751814 1396442261
622751814 -22.8115547 -43.2015203 1396442195 1396442269
622751825 -22.8115338 -43.2007398 622751824 622751826
622751765 -22.8115316 -43.2048674 622751763 622751767
622751774 -22.8115121 -43.2039968 622751773 622751775
622749466 -22.8114926 -43.2068641 622749465 622749467
622751826 -22.8114495 -43.2005987 622751825 622751827
622751656 -22.8114465 -43.2057823 1396467770 622751655
622751790 -22.8114243 -43.2033035 622751789 622751791
622751827 -22.8113652 -43.200518 622753267 622751826 622751687 1396467753
622753292 -22.8113518 -43.2000023 622753293 622753291
622749465 -22.8113425 -43.2068055 3408030494 622749466
278080167 -22.8113408 -43.2086171 1980972985 278080169
1396467770 -22.8113116 -43.2056837 622751656 622751657
622751791 -22.8112873 -43.2032044 622751790 622751792
622753293 -22.8112846 -43.200214 622753292 622753294
622751713 -22.8112732 -43.2050858 622751712 622751714
622751681 -22.811207 -43.2022214 1396467771 1396467751
1396467751 -22.8112055 -43.2023295 622751681 622751680
3408030494 -22.8111984 -43.2067957 622749464 622749465
622751680 -22.8111827 -43.2024398 1396467772 1396467751
622751767 -22.8111711 -43.2047256 622751765 622751769
1396467771 -22.8111691 -43.2021222 622751682 622751681
622751657 -22.8111681 -43.205636 1396467770 622751658
2814617762 -22.8111642 -43.2096414 2814617761
622751773 -22.8111588 -43.204331 622751771 622751774
622751792 -22.8111588 -43.2029577 622751791 622751793
1396467772 -22.8111523 -43.2025162 622751680 622751794
622753294 -22.8111427 -43.2003806 622753293 1396467769
622751793 -22.8111093 -43.2026787 622751792 622751794
622751794 -22.8111051 -43.2025761 1396467772 622751793 622751679
622751682 -22.8110856 -43.2020232 622751683 1396467771
622749726 -22.8110843 -43.2078846 2593870900
622751769 -22.8110722 -43.2046588 622751771 622751767
622751771 -22.8110401 -43.2045241 622751769 622751773
1396467769 -22.8110383 -43.2004422 622753267 622753294
622749464 -22.8110348 -43.2068104 622749460 3408030494
622751679 -22.8109985 -43.2027075 622751678 622751794
622751683 -22.8109985 -43.2019495 622751682 1396467755
622751658 -22.8109935 -43.2056298 622751659 622751657
622751714 -22.8109743 -43.2052153 622751713 1396467759
1396467756 -22.8109496 -43.2033013 622751676 622751675
622751676 -22.8109481 -43.2031956 1396467765 1396467756
1396467755 -22.8109348 -43.201872 1396467750 622751683
622751678 -22.8109249 -43.2028477 622751677 622751679
1396467753 -22.810915 -43.2013151 622751685 622751827
638582747 -22.8109149 -43.200008 638582744 638582671
1396467765 -22.8109026 -43.2030822 622751677 622751676
1396467750 -22.8109026 -43.2017877 622751684 1396467755
638582744 -22.8108995 -43.2000351 638582733 638582747
622751677 -22.8108959 -43.2029695 622751678 1396467765
622751675 -22.8108895 -43.2034183 1396467756 622751662
1980972985 -22.8108889 -43.2087213 278080165 278080167
638582733 -22.8108764 -43.2000549 638582732 638582744
622751685 -22.8108663 -43.2014774 1396467753 622751684
622751684 -22.8108591 -43.2016158 622751685 1396467750
622753267 -22.8108493 -43.2004935 638582596 622753295 622751827 1396467767 1396467769
638582732 -22.8108485 -43.200065 638582596 638582733
638582596 -22.8108341 -43.2000639 622753267 638582731 638582732
638582731 -22.8108119 -43.2000621 638582596 638582727
638582727 -22.8107856 -43.2000478 638582721 638582731
638582721 -22.8107655 -43.2000246 638582717 638582727
1396467759 -22.8107476 -43.2053706 622751714 622751660
622751659 -22.8107379 -43.2056637 622751660 622751658
278080165 -22.8106933 -43.2087424 2581423853 1980972985
1396467767 -22.8106718 -43.2004456 622753267 622754514
622751662 -22.8106306 -43.2036647 622754244 622751675 622751664
622753295 -22.8106196 -43.2004867 622753267 622753270
622751559 -22.8106157 -43.209348 622751558 2814617761
622751558 -22.8105802 -43.2091153 1895596245 622751559
622754514 -22.8105724 -43.2003903 622753280 1396467767
2814617761 -22.8105637 -43.2096888 622751559 622751538 2814617762
622753425 -22.8105386 -43.2020359 622753424 622753427
622753424 -22.8105357 -43.2024923 622753423 622753425
2593870902 -22.8105342 -43.2087042 278080165
622751660 -22.8105249 -43.2056652 1396467752 1396467759 1396467761 622751659
622749460 -22.810517 -43.206996 622749459 622749464
1895596245 -22.8105163 -43.2089492 2581423851 622751558
2593870901 -22.8105025 -43.2086628 2593870902
2593870900 -22.8104948 -43.2086091 2593870899 2593870901
2593284102 -22.8104661 -43.2088124 1895596245
622753280 -22.8104601 -43.2002801 622754514 1396467773
2593870899 -22.8104565 -43.2086855 2593870902 2593870898
2581423853 -22.8104546 -43.2087824 2593284102 2581423851
2593870898 -22.8104506 -43.2087103 2593870897 2581423852
2593870897 -22.8104482 -43.2087553 2581423853 2593870898 2581423851
1396467761 -22.8104184 -43.2056437 1396467760 622751660
2581423852 -22.810417 -43.208676 2593870899 2593870898 2593870896
1396467752 -22.8104076 -43.2059851 622751660 1396467748
2581423851 -22.8104039 -43.2087869 2594402815 2593870895 2593870897
622753423 -22.8104008 -43.2027442 622753424 622753492
622751664 -22.8103839 -43.2041011 622751662 622751665
1396467773 -22.8103829 -43.2001385 622753280 622753281
2594402815 -22.8103808 -43.208779 278080099
622753427 -22.8103736 -43.2013385 622753425 622753428
2593870896 -22.8103712 -43.2086877 2593870894 2581423852
2593870895 -22.8103642 -43.2087604 2593870894 2581423851
622754244 -22.8103565 -43.2038072 622754246 622751662
2593870894 -22.810355 -43.2087244 2593870896 2593870895
622749459 -22.8103277 -43.2072227 622749440
1396467760 -22.8103204 -43.2055713 622751668 1396467761
622753270 -22.8103011 -43.2004737 622753295 1396467747
1396467748 -22.8102956 -43.2062523 1396467752 622751661
622753428 -22.810273 -43.2011316 622753427 622753429
622751665 -22.8102652 -43.2043788 622751664 1396467766
622751668 -22.8102323 -43.2054234 1396467760 622751667
622751667 -22.8101897 -43.2052169 622751666 622751668
622749440 -22.8101889 -43.2074566 622749458
1396467766 -22.8101886 -43.2046491 622751666 622751665
622751666 -22.8101599 -43.2049535 1396467766 622751667
622749441 -22.8101557 -43.2071372 622749440
622751661 -22.8101344 -43.206531 622749444 1396467748
1396467747 -22.810133 -43.2004518 1396467758 622753270
622749458 -22.8101281 -43.2076406 622749457
622753429 -22.8100796 -43.2010184 622753516 622753428
622749442 -22.8100778 -43.2069637 622749441 622749460
622754246 -22.8100753 -43.2039807 622754244 622754247
278080099 -22.8100747 -43.2086932 3621011074 2581423852
622749457 -22.8100029 -43.2078046 622749456
622753492 -22.8099647 -43.2032485 622753499 3624151136 622753423
622751537 -22.8099606 -43.2096815 622751481 622751479 622751538
1396467758 -22.8099467 -43.2003757 622753271 1396467747
622749444 -22.8099371 -43.2068101 622749442 622751661
3624151136 -22.8098498 -43.2032374 622753498 622753492
622754247 -22.8098335 -43.20417 622754246 622754248
3624151135 -22.8098309 -43.2067374 622749444
622753499 -22.8098106 -43.2035451 622753492 622753495
622753271 -22.8097895 -43.2002341 1396467758 622753272
622753491 -22.8097798 -43.2065118 3624151135
622749456 -22.8097592 -43.2079618 622749455
3621011074 -22.8097494 -43.2086347 2944746418 278080099
622753478 -22.8097474 -43.2063009 622753491 622754248
622753495 -22.8097149 -43.2036872 622753499 622753496
622753479 -22.809708 -43.2064904 622753478
622753539 -22.8096913 -43.2018245 622753538 622753540
622753498 -22.8096694 -43.2032463 3624151136 622753420
622753540 -22.8096668 -43.2020157 622753539 622753541
622749445 -22.8096579 -43.2066915 3624151135
622753538 -22.8096244 -43.2016511 622753537 622753539
622749455 -22.8095795 -43.2079932 622749454
622754248 -22.8095745 -43.2044051 622754249 622753497 622754247 622753478
622753496 -22.8095731 -43.2039536 622753495 622753497
622753541 -22.8095673 -43.2021572 622753540 622753542
622753497 -22.8095416 -43.2042141 622753496 622754248
622753537 -22.8095119 -43.2015361 622753536 622753538
622753480 -22.8094896 -43.2067128 622749445 622753479
622754249 -22.8094775 -43.2045348 622751631 622754248
2944746418 -22.8094202 -43.208509 2944746420 3621011074
622753542 -22.8094042 -43.2022298 622753543 622753541
622749454 -22.8093877 -43.2079513 635168222
622753536 -22.8093846 -43.2015043 622753537 622753534
622751642 -22.8093538 -43.2067643 622753480
622751481 -22.80933 -43.2094501 622751520 622751537 3621011072
622753516 -22.8093007 -43.2008645 622753518 622754122 622753429 622753432
622753420 -22.8092987 -43.2032773 622753419 622753498
622749448 -22.8092493 -43.2068238 622751642
635168222 -22.8092378 -43.2078843 622749453
2986052233 -22.8091987 -43.2067576 622751642
2944746420 -22.8091958 -43.2083921 635168231 2944746418
622753543 -22.8091497 -43.202228 622753544 622753542
622753432 -22.8091412 -43.2008012 622753516 622753433
622754122 -22.8091376 -43.200557 622753516 622754121
622749453 -22.8091112 -43.2077527 622749452
622749449 -22.8091034 -43.2069609 622749448
622751641 -22.8090827 -43.2067105 2986052233
622754120 -22.8090569 -43.2000186 622754119 622754121
622754121 -22.8090381 -43.2002834 622754120 622754122
622749452 -22.8090175 -43.2075399 622749451
635168231 -22.8090079 -43.2082471 278080097 2944746420
3621011072 -22.8089964 -43.209287 622751481 2814604190
622749451 -22.8089943 -43.2072911 622751632
622751632 -22.8089914 -43.2071891 622749449 622751640
3624151133 -22.8089744 -43.2041286 3624151131 3624151132
3624151132 -22.8089731 -43.2040822 3624151133 3624151129
3624151131 -22.8089593 -43.204172 3624151133 3624151125
3624151129 -22.8089555 -43.2040399 3624151132 3624151124
3624151125 -22.80893 -43.2042058 3624151120 3624151131
3624151124 -22.8089229 -43.2040066 3624151118 3624151129
622751640 -22.808907 -43.2065928 622751641 622751631
622753544 -22.8089002 -43.2021979 622753543 622753545
3624151120 -22.8088929 -43.2042228 3624152161 3624151125
622753419 -22.8088901 -43.2032298 622753418 622753420
3624151118 -22.8088843 -43.2039916 3624151114 3624151124
3624152161 -22.8088482 -43.2042264 3624152159 3624152160 3624151120
3624151114 -22.8088415 -43.2039931 3624151118 3624151108
3624152159 -22.8088382 -43.204389 622753473 3624152161
622753433 -22.8088347 -43.2006402 622753432 622753434
622751631 -22.8088248 -43.2055219 622751640 622753475 622754249 2592702811
3624152160 -22.8088082 -43.2042099 3624151104 3624152161
3624151108 -22.8088025 -43.2040122 3624151114 622753472
622753473 -22.8087951 -43.2045455 3624152159 622753474
622753534 -22.8087827 -43.2014866 622753533 622753536
3624151104 -22.808777 -43.2041781 3624152160 3624151103
278080097 -22.8087761 -43.2080121 277646680 635168231
622753472 -22.808767 -43.2040448 622753507 3624151108 3624151102
3624151103 -22.8087594 -43.2041358 622754760 3624151104 3624151102
3624151102 -22.808758 -43.2040894 622753472 3624151103
622753475 -22.8087465 -43.2052163 622753474 622751631
622753474 -22.8087414 -43.2048585 622753473 622753475
3621011071 -22.8087351 -43.2099413 622751518 622751519
622753545 -22.8087322 -43.2020829 622753544 622753546
2814604190 -22.8086407 -43.2090619 3621011072 622751373
622753507 -22.8086363 -43.2040198 622753472 3624152163
622753546 -22.8086196 -43.2018422 622753533 622753545
622753418 -22.8085486 -43.2030663 622753550 622753417 622753419
3624152163 -22.8085349 -43.2039689 622753507 622753508
622753533 -22.8085299 -43.2014901 622753529 622753534 622753546
622753434 -22.8085281 -43.2004364 622753435 622753433
622753508 -22.8084768 -43.2039179 3624152162 3624152163
622753518 -22.8084763 -43.2009588 622753516 622753521
622751518 -22.8084629 -43.2098051 3621011071 622751494
622753550 -22.8084544 -43.2029524 622753549 622753418
3624152162 -22.8084375 -43.2038375 622753509 622753508
622753549 -22.8083896 -43.2028352 622753550 622753593
277646680 -22.808381 -43.2075275 277646894 278080097
622753509 -22.8083772 -43.2037694 3624152162 3735289260
622753593 -22.8083678 -43.2027577 622753549 622753526
622753435 -22.8083581 -43.2002069 622753958 622753434 622754160
622753526 -22.8083426 -43.2026097 622753593 622753525 622753527
622753525 -22.8083402 -43.202271 622753524 622753526
3735289260 -22.808331 -43.2037449 622753509 622753510
622753417 -22.8083282 -43.2030076 622753528 622753418
622753524 -22.8082907 -43.2020457 622753523 622753525
622753527 -22.8082762 -43.2028254 622753528 622753526
622753510 -22.8082496 -43.2037423 622753511 3735289260
277646894 -22.8082219 -43.2074029 2592702808
622753523 -22.8082116 -43.2016166 622753529 622753524
2592702821 -22.808203 -43.2072635 277646680
622753529 -22.8081841 -43.2014282 622753533 622753522 622753523
622754760 -22.8081475 -43.2042719 622753468 622754762 3624151103
622753522 -22.8081424 -43.2011981 622753521 622753529
622753528 -22.8081325 -43.2029899 622753417 622753416 622753527
622753521 -22.8081181 -43.2010453 622753522 622753624 622753518
622754762 -22.8081096 -43.2046004 622754760 622754764
622753958 -22.8081031 -43.200119 622753435 622753959 622754160
2592702815 -22.8080763 -43.2072299 2592702812
2592702813 -22.8080725 -43.2070488 2592702816
2592702816 -22.8080677 -43.2071273 2592702821 2592702815
2592702808 -22.808062 -43.2073573 277646893
2592702811 -22.808048 -43.2068152 2592702809 622751631
2592702810 -22.8080427 -43.2069841 2592702813
2592702809 -22.8080363 -43.2069076 2592702810
2592702812 -22.808021 -43.2073089 277646893
622753511 -22.8080192 -43.2038831 622753510 622753513
2600915545 -22.8080089 -43.2071814 2600915544
622754764 -22.8079996 -43.2048927 3621011067 622754762
2600915544 -22.8079864 -43.2072739 277646893
622753468 -22.8079847 -43.2043156 622754760 622753467
622753416 -22.8079796 -43.2030091 622753415 622753528
3621011069 -22.8079725 -43.2070895 2592702816
2592702806 -22.8079715 -43.2071257 2600915545
2592702804 -22.807964 -43.2068919 2592702811
622751494 -22.8079248 -43.2093521 622751493 622751518 622751516
622753959 -22.8079248 -43.2000931 622753958 622753960
622753624 -22.8079149 -43.2010587 622753623 622753521
3621011067 -22.8078699 -43.20508 622754766 622754764
277646893 -22.8078569 -43.2073572 277646892
2592702802 -22.8078303 -43.2070591 3621011069 2592702806
622753467 -22.8078259 -43.2044275 622753468 622753466
622751373 -22.8078212 -43.2083638 622751493 2814604190 3621011066
622754766 -22.80781 -43.2052792 3624152164 3621011067
622753415 -22.8077738 -43.2030976 622753612 622753416
3624152164 -22.8077688 -43.2055434 622754768 622754766
622751629 -22.8077297 -43.2070465 2592702802 2592702804
622753960 -22.8077072 -43.2001145 622753959 622753961
277646892 -22.807677 -43.2074882 622751372
622753614 -22.8076574 -43.2028375 622753613 622753615
622753613 -22.807654 -43.2030369 622753612 622753614
278611859 -22.8076331 -43.2070397 622751629
622753623 -22.8076281 -43.201123 622753622 622753624
622753612 -22.8076257 -43.2032009 622753613 622753413 622753415
622754768 -22.8076213 -43.2059537 278611875 3624152164
622753466 -22.8076083 -43.2046099 622753467 622753465
622753615 -22.8076005 -43.2025828 622753614 622753616
622753616 -22.8075379 -43.2024554 622753617 622753615
622751516 -22.8075149 -43.2098722 622751485 622751495 622751494
3621011066 -22.8075105 -43.2080387 622751372 622751373
277646677 -22.8075015 -43.2070591 278611859
278611860 -22.8074981 -43.206917 278611859
622753513 -22.807491 -43.2040581 622753511 622753514
622753961 -22.80746 -43.200136 622753960 622753450
622753622 -22.8074402 -43.2012625 622753621 622753623
278611875 -22.8074384 -43.2062514 278611861 622754768
622753617 -22.8074377 -43.2023421 622753616 622753800
622751493 -22.8074158 -43.2089063 622751374 622751494 622751373
278611862 -22.8074107 -43.2069594 278611861
278611861 -22.8074068 -43.2067488 278611875 278611860
622753465 -22.8073611 -43.2049103 622753466 622753464
622753800 -22.8073575 -43.2022706 622753617 622753618 622753801
622751372 -22.8073499 -43.2079099 622751367 3621011066
277646676 -22.8073323 -43.2071109 277646677 278611862
622751517 -22.8072819 -43.2096739 622751516
622753621 -22.8072819 -43.2014342 622753622 622753620
622753450 -22.8072819 -43.2002755 622753962 622753451 622753961
278611876 -22.8072575 -43.2062394 278611875
622753801 -22.8072127 -43.2024856 622753750 622753800
622753618 -22.8071974 -43.2021436 622753863 622753800
622753962 -22.8071731 -43.2004364 622753963 622753450
622753514 -22.8071602 -43.2041466 622753513 622753515
622753863 -22.8071573 -43.2021101 622753619 622753618 622753717
622753620 -22.8071545 -43.2016544 622753619 622753621
622753464 -22.8071138 -43.2052644 3624138629 622753465
622753619 -22.8071045 -43.2019354 622753863 622753861 622753620
622753413 -22.8071004 -43.2039759 622753612 622753515
622753963 -22.8070347 -43.2007475 622753962 622753857
622753751 -22.8070197 -43.2029124 622753752
622753861 -22.8070164 -43.2017842 622753619 622753899
622751374 -22.8070149 -43.2094272 622751493 3621011065 622751517
622753752 -22.8070051 -43.2030162 622753753
278611877 -22.8069888 -43.2062742 278611876
622753750 -22.8069742 -43.2028323 622753751 622753801
622753753 -22.8069414 -43.2030636 622753745
622753451 -22.8069358 -43.2004471 622753452 622753450
622753857 -22.8069259 -43.2010479 622753963 622753858
622753717 -22.8069235 -43.2021186 622753863 622753719
3624138629 -22.8069216 -43.2054209 2991647877 622753464
622753515 -22.8069152 -43.2042615 622753410 622753514 622753739 622753413
622753899 -22.8069082 -43.2016881 622753858 622753861 622753900
622753749 -22.8069031 -43.2028135 622753750
622753858 -22.8068962 -43.2012303 622753857 622753899
622753745 -22.8068511 -43.2030597 622753766 622753746
622753748 -22.8068366 -43.2028264 622753749
277646675 -22.8068175 -43.207515 277646676
622753900 -22.8068102 -43.2019195 622753719 622753899
278611878 -22.806803 -43.2064297 278611877
622753746 -22.8067901 -43.2029875 622753747
622753747 -22.8067892 -43.2028966 622753748
622753739 -22.8067837 -43.2045198 622753737 622753515
622753719 -22.806684 -43.2021345 622753900 622753717 622753720
2991647877 -22.8066819 -43.2055592 3624138629 622753463
3621011065 -22.8066807 -43.2098527 622751374 622751368
622753452 -22.8066712 -43.2006488 622753451 2619030983
622751368 -22.8065945 -43.2098967 3621011065 3607111237
622753737 -22.8065797 -43.2047709 622753739 622753736
2619030983 -22.8065721 -43.2007834 622753452 2619030977
3607111237 -22.8065424 -43.2097951 622751367
622753766 -22.8065303 -43.2035048 622753745 622753767
278611879 -22.8065283 -43.2067244 278611878
2619030977 -22.8064928 -43.2008911 2619030975 2619030983 622753402
622753463 -22.8064835 -43.2056054 2991647877 622753462
2619030975 -22.8064254 -43.2008793 2619030977 2619030973
622753401 -22.8064249 -43.2006083 2619030973 622753400
622753720 -22.8063918 -43.2023676 622753719 2792448933
2619030973 -22.8063917 -43.2008043 2619030975 622753401 622753402
2986049445 -22.8063767 -43.2068368 278611879
622753736 -22.8063622 -43.2049854 622753737 622753735
622753402 -22.8063199 -43.201126 2619030973 2619030977 2619030971 2619030966
622753410 -22.8062951 -43.2045707 3624151100 622753515
278611880 -22.8062296 -43.2068922 2986049445
2619030971 -22.806227 -43.2015053 622753405 622753402 2619030969
2619030969 -22.8062084 -43.2014603 2619030971 3735289256
622753462 -22.8061801 -43.2056839 622753463 622753461
622751367 -22.8061698 -43.2094727 2671410947
3735289256 -22.8061647 -43.2014363 2619030969 2619030966
277646674 -22.8061528 -43.208339 277646675
2619030966 -22.8061114 -43.2014456 622753454 622753402 3735289256
3624151100 -22.8061096 -43.2045659 622753410 622753409
622753735 -22.8061082 -43.2050852 622753734 622753736
2986049446 -22.806102 -43.206915 278611880
2671410947 -22.8060856 -43.2095815 2608930203
2792448933 -22.8060012 -43.20293 3624151097 622753720 622753724
622753409 -22.805984 -43.2045347 3624151100 622753767
278611881 -22.8059812 -43.2069161 2986049446
277646673 -22.8059441 -43.2085442 277646674
277647163 -22.8059383 -43.2003224 622754023
3624151097 -22.8059377 -43.2029314 2792448933 622753405
622753405 -22.8058996 -43.2028896 3624151097 2619030971 622753724
622753767 -22.8058892 -43.2044762 622753766 622753408 622753409
2608930203 -22.8058772 -43.209862 277646447
622753461 -22.8058703 -43.2056643 622753460 622753462
457210363 -22.8058584 -43.200222 457216686
622753734 -22.8058521 -43.2051284 622753733 622753735
2986049447 -22.8058183 -43.2068873 278611881
277646447 -22.8058132 -43.2099846 3695242721
622753724 -22.8058022 -43.2032731 622753405 622753407 2792448933 622753728
622753408 -22.8057586 -43.2043159 3624151096 622753767
2671410944 -22.8057321 -43.2096883 277646447
3624151096 -22.8056879 -43.2041033 622753407 622753408
622753407 -22.8056863 -43.2038883 3624151096 622753724
457781092 -22.805653 -43.2087579 277646673
3695242718 -22.8056483 -43.209379 2671410944
622753733 -22.8056209 -43.2050977 3624151093 622753734
278611882 -22.8056 -43.2068099 2986049447
457781083 -22.8055672 -43.20908 3695242718
622753460 -22.8055628 -43.2055536 622753461 622753459
1895596267 -22.8055026 -43.2088504 457781092 457781083
3695242720 -22.8054972 -43.2089795 3695242718
2592689074 -22.8054947 -43.2066205 2592689070
3624151093 -22.8054795 -43.2050004 622753733 622753731
2592689071 -22.8054703 -43.2065948
2592689070 -22.805446 -43.2066923 278611882
3695242719 -22.805432 -43.2089549 3695242720
2592689068 -22.8054187 -43.2066715 2592689071 2592689070
622753728 -22.8053929 -43.2038696 622753729 622753724
2591249567 -22.8053919 -43.2010799 457210363
622753731 -22.8053646 -43.2048481 3624151093 622753730
277646651 -22.8053409 -43.2089636 1895596267 3695242719
650837029 -22.8053367 -43.2066023 2592689068
622753729 -22.8053237 -43.2042666 622753728 622753730
622753730 -22.8053009 -43.2045535 622753729 622753731
624895436 -22.8052852 -43.205669 2619027376
457781086 -22.8052342 -43.2090698 277646651
622753459 -22.8052188 -43.2053286 622753460 1167212676
2908307506 -22.8051977 -43.2091155 457781086
3407990656 -22.8051962 -43.201436 2591249567
2619027376 -22.8051923 -43.2058142 624895436 278611883
2608926964 -22.8051707 -43.2091874 2908307506
2608926965 -22.8051655 -43.2097659 624879302
624879302 -22.805149 -43.2095849 277646640
277646640 -22.8051245 -43.209424 457781068 2608926964
457781068 -22.8050556 -43.2090894 2608926963
2608926963 -22.8050281 -43.2089502 457781069
1167212676 -22.8050217 -43.2050891 622753459 622753458
650836998 -22.8050004 -43.2069001 1895596267
457781069 -22.8049745 -43.2087386 457781070
622753458 -22.8049603 -43.2049881 1167212676 622753457
278611883 -22.8049108 -43.2062584 2592666551 650837029 2619027376
457781070 -22.8049011 -43.2084082 2592666550
2592666551 -22.8048677 -43.2063087 277646448
457788400 -22.8048616 -43.2064342 650836998
622753454 -22.8048469 -43.2034234 2619030966 622753455 2792442453
277646448 -22.8048411 -43.206379 457788400
2814604184 -22.8048339 -43.209886 2814604183
2592666550 -22.804831 -43.2081427 2592666548 2592666547
2594651100 -22.8048152 -43.2021291 3407990656
2792442453 -22.8048051 -43.2034404 622753454 3735289255
622753457 -22.8048035 -43.2046751 622753458 622753456
622754023 -22.8047766 -43.2024677 622754022 277647413
2592666548 -22.8047701 -43.2080715 2592666545
622754022 -22.8047667 -43.2026753 622754019 2792442456
3735289255 -22.8047618 -43.2034324 622754019 2792442453
2592666547 -22.8047419 -43.20767 2619023908
2592666549 -22.8047404 -43.2062001 277646448
2592666546 -22.8047401 -43.207833 2592666547
2594651107 -22.8047398 -43.2022411 2594651100
2792442456 -22.8047335 -43.2026324 277647413
622753455 -22.8047322 -43.2037501 622753454 622754019 622753456
622753456 -22.8047282 -43.2042921 622753457 622753455
622754019 -22.804727 -43.2033827 622754022 3735289255 622753455
2619023908 -22.8047108 -43.2075323 278611821
2592666545 -22.8047011 -43.2080496 2592666543
2814604182 -22.804692 -43.2095204 2814604183
277647413 -22.8046848 -43.2026315 624923507 1895596212
2592666544 -22.804683 -43.207963 2592666546
277646610 -22.8046735 -43.2023147 2594651107
457772615 -22.8046341 -43.2091953 457772616
624923507 -22.8046176 -43.2027777 277647161
277646449 -22.8046121 -43.2060363 278611883 2592666549
1895596212 -22.8046115 -43.2026416 277647412
2592666543 -22.8046113 -43.2080614 2592666544 457772625
457772617 -22.8045629 -43.2088434 457772618
277647412 -22.8045498 -43.2026177 277647411
277646450 -22.8045357 -43.2059612 277646449
277647377 -22.8045309 -43.2028606 277647161
2594651103 -22.8045247 -43.2027749 277647377
277647411 -22.804517 -43.2025698 277646611
624870874 -22.8045169 -43.200534 624870875
457772620 -22.8045155 -43.2085 457772621
277646611 -22.804502 -43.2024737 277646610
277647161 -22.8044929 -43.2030164 277647160
2594651121 -22.8044926 -43.2027027 2594651103
277647155 -22.8044782 -43.2058514 277646450
277647378 -22.8044413 -43.2026711 2594651121
1167212691 -22.804435 -43.2056564 277647155
278611821 -22.804433 -43.2062168 2619023875 277646620
457788407 -22.8044145 -43.2025358 277646611
457772625 -22.8043991 -43.2081603 2592666543 457772651
2591249532 -22.8043888 -43.2026563 277647378
2814604183 -22.804366 -43.209592 2814604181 2814604182 2814604184
1895596242 -22.8043293 -43.2026531 2591249532
277647160 -22.8043291 -43.2033379 277647159
277646620 -22.8043251 -43.2056792 458435096 3063160275
3063160275 -22.8042975 -43.2057102 277646620 458589414
624870859 -22.8042872 -43.2013041 624870857 624870865
277647156 -22.8042667 -43.2047102 1167212691
457772651 -22.8042591 -43.208195 457772625 457772652
277646612 -22.8042432 -43.2026817 1895596242 457788407
277647159 -22.8042305 -43.2036485 277647158
458435096 -22.8042187 -43.2050195 3063160273 3063160274
277647157 -22.8042149 -43.2043348 277647156
277647158 -22.8042005 -43.2039434 277647157 277647262
3063160274 -22.8041764 -43.2048195 277646619 3063160272
277647262 -22.8041658 -43.2040963 2610086602
277646619 -22.8041562 -43.2047244 277646618 3063160271
457772652 -22.804146 -43.2081904 457772651 633046507
2610086602 -22.8041418 -43.2041762 277647261
3063160273 -22.804138 -43.2050387 458435096 458589415
457772633 -22.8041199 -43.2098733 457772642 2814604181 457772634
3063160272 -22.8040992 -43.2048371 631887588 3063160274
2814604181 -22.8040827 -43.2096542 457772633 457772632 2814604183
277647261 -22.804074 -43.2042297 277647260
457772632 -22.804045 -43.2094316 457772616 2814604181 457772641
457772616 -22.8040312 -43.2093501 457772628 457772632 457772615
3063160271 -22.8040196 -43.2045238 277647343 3063160270
277646618 -22.8039985 -43.2043653 277646617
457772628 -22.8039933 -43.2091266 457772610 457772618 457772616
277647260 -22.8039823 -43.2042306 277646617
457772618 -22.8039719 -43.2089903 457772617 457772628 457772621
458589414 -22.8039708 -43.2057874 458589412 458435077 3063160275
3063160270 -22.8039344 -43.2045466 3063160271 631887590
457772621 -22.8039221 -43.2086717 457772627 457772620 457772618
458435077 -22.8039208 -43.205545 458589414 458435079 458435076
277647343 -22.8039178 -43.2044002 624967847
457772642 -22.8039062 -43.2096931 457772633 457772641
624870857 -22.803878 -43.2010222 1397506142 624870859
458435079 -22.8038734 -43.2053151 458435078 458435077 458589415
277646613 -22.8038397 -43.2030078 277646612
458589415 -22.8038287 -43.205111 458589411 3063160273 458435079
457772610 -22.8038034 -43.2091695 457772609 457772611 457772628
277646617 -22.8037922 -43.2040727 277646616
1397506142 -22.8037494 -43.2009012 624870857 624870851
633046507 -22.8037427 -43.2081195 633046508 457772652 457772653
457772611 -22.8037356 -43.2088387 457772627 457772610 457772612
633046508 -22.8037341 -43.2082368 457772629 633046507
457277465 -22.803718 -43.2031752 277646613
457772641 -22.8037132 -43.2095256 457772642 1053021747 457772632
457772627 -22.8037084 -43.208706 457772629 457772611 457772621
457772629 -22.8036694 -43.2085233 457772627 633046508 2814604185
457277468 -22.8036694 -43.2032999 457277465
624870865 -22.8036626 -43.2023177 624870867 624870859
277646616 -22.8036611 -43.2038175 277646615
277646615 -22.80364 -43.2034543 457277468
2619023875 -22.8036278 -43.2063782 1398166248 278611821
277647303 -22.8035769 -43.2035884 277646615
2609890635 -22.803485 -43.203658 277647303
457772653 -22.8034711 -43.2080709 457772654 633046507
457772612 -22.8034394 -43.2089292 633046487 457772611
277647304 -22.803351 -43.2036633 2609890635
1053021747 -22.8032639 -43.2096309 457772641
277647305 -22.8032497 -43.203588 277647304
458589412 -22.8032428 -43.2059604 458589414 458435076 458435100
458435076 -22.8031921 -43.205734 458435078 458589412 458435077
452618902 -22.803157 -43.2015152 452618901 452618903
452618903 -22.803157 -43.2013779 452618902 452613333
624870851 -22.8031483 -43.2003165 624870849 1397506142
458435078 -22.8031399 -43.2055015 458589411 458435076 458435079
452618901 -22.8031254 -43.2016182 452618902 452618900
452613333 -22.8031254 -43.2013006 452613335 452618903
458589411 -22.803086 -43.2052608 458435078 458435095 458589415
452618900 -22.8030542 -43.2017212 452618899 452618901
2814604185 -22.8030419 -43.2087057 457772629
624967810 -22.8030379 -43.2033924 277647305
457772609 -22.803028 -43.2093669 457772610
624870849 -22.8030254 -43.2002269 624874743 624870851
452618899 -22.8029699 -43.2017804 624870867 452618897 452618900
458435100 -22.8029269 -43.2060356 458589412 458435098 458435103
624967814 -22.8029252 -43.2032791 624967810 2609890624
2609890624 -22.8028905 -43.2033212 624967860
624967847 -22.8028887 -43.203418 624967831
458435103 -22.8028726 -43.2057968 458435102 458435100 458435074
624870867 -22.8028491 -43.2020209 452618899 624870865 624870829
624967860 -22.8028488 -43.203336 624967831
2609890623 -22.8028291 -43.203194 624967814
458435074 -22.8028226 -43.2055768 458435073 458435095 458435103
624967831 -22.8027773 -43.2033143 457788403
458435095 -22.802768 -43.2053367 458435094 458589411 458435074
457772648 -22.8027624 -43.2098025 278611816 2942371525 2791748569
457772654 -22.8027194 -43.2085258 457772655 457772653
452618897 -22.8027079 -43.2016058 624875467 452618899 624870829
633046487 -22.8026844 -43.2091225 457772612 633046494
624874743 -22.8026276 -43.200052 452613338 624870849
2791748569 -22.802618 -43.2092401 457772661 457772648 633046494
633046494 -22.8025881 -43.2091609 633046487 457772658 2791748569
624870829 -22.8025787 -43.201861 624870867 452618897
457772655 -22.802577 -43.208646 457772654 457772656
457772658 -22.8025374 -43.2089721 457772656 633046494
452613338 -22.802519 -43.2000054 452613337 624874743 452613339
457772656 -22.8025058 -43.2087919 457772655 457772658
457772661 -22.8024899 -43.2093069 278611816 2791748569
624875467 -22.8024772 -43.2014295 452618893 452618897
455352646 -22.8024216 -43.2040647 455352645
455352647 -22.8023774 -43.2037588 455352646
455352645 -22.8023632 -43.2043684 455352644
452613335 -22.8023608 -43.2007575 452613336 452613333
452613336 -22.802318 -43.2005566 452613335 452613337
278611816 -22.80231 -43.2094309 457772648 278611817 457772661
452613337 -22.8022946 -43.2002964 452613338 452613336 452613341
278611817 -22.8022328 -43.2094465 278611816 278611818
455352648 -22.8021995 -43.2034682 455352647
458435098 -22.8021979 -43.2062088 458435102 458435100
455352644 -22.8021914 -43.2045969 455352643
458435102 -22.8021591 -43.2059734 458435073 458435098 458435103
458435073 -22.8021121 -43.2057381 458435094 458435074 458435102
452618893 -22.8020809 -43.2011804 624875467 452618892
458435094 -22.8020627 -43.205505 458435095 458435073
455352643 -22.8020125 -43.2047263 455352642
455352649 -22.8019703 -43.2033161 455352648
452618892 -22.801939 -43.2011475 452618891 452618893
1398166248 -22.8019388 -43.2067081 2619023875 278611820 633047942
631887588 -22.8019209 -43.2053662 3063160272 631887590
455352642 -22.8018474 -43.2047806 2600915542
631887590 -22.8018417 -43.2050336 631887588 3063160270
458616789 -22.8018129 -43.2040107 458616793 1396412193
458616793 -22.8018061 -43.2040853 1396412221 458616789
1396412193 -22.8017995 -43.2039647 458616786 458616789
452618891 -22.8017829 -43.2011233 452618890 452618892
1396412221 -22.8017817 -43.2041318 458616797 458616793
2600915542 -22.8017801 -43.204789 458440097
458616786 -22.8017702 -43.2039217 1396412193 1396412222
455352650 -22.8017623 -43.2032648 455352649
458616797 -22.8017566 -43.2041575 1396412235 1396412221
1396412222 -22.8017361 -43.2038957 458616786 458616784
633047942 -22.8017302 -43.2057382 458440111 1398166248
458440097 -22.8017243 -43.2047926 455352641 2600915541
1396412235 -22.8017124 -43.2041813 458616799 458616797
458616799 -22.8016841 -43.204187 1396412190 1396412235
458434627 -22.8016692 -43.2057785 458434634
2600915541 -22.8016607 -43.2048606 2600915540
458616784 -22.8016592 -43.2038804 1396412218 1396412222
278611818 -22.8016453 -43.2096026 278611817 1053021838
1396412190 -22.801635 -43.2041821 458616799 1396412183
458440111 -22.8016342 -43.205317 458440091 458589408 633047942
2600915540 -22.8016254 -43.2049108 2600915534
1053021872 -22.8016221 -43.2099581 1053021751
452618910 -22.8016141 -43.2000217 452618909 452618911
2600915534 -22.8015955 -43.2049713 458440091
457788404 -22.8015944 -43.2020995 2609890623
455352652 -22.8015813 -43.2032833 455352650
455352641 -22.8015789 -43.2047819 458440093
1396412218 -22.8015734 -43.2039118 1396412197 458616784
458440091 -22.8015682 -43.2050425 458440093 458440111
1396412183 -22.8015662 -43.2041521 1396412223 1396412190
458589408 -22.8015652 -43.2053344 458440111 1941285534
452618890 -22.8015488 -43.201144 1397506143 1396412216 452618891
1397506143 -22.8015414 -43.2010077 452618890 1397506145
457788403 -22.8015255 -43.2021858 2600915527
1396412197 -22.8015027 -43.2039614 1396412218 1396412204
452618909 -22.8014984 -43.2002387 452618908 452618910
1941285534 -22.8014957 -43.205352 458589406 458589408
1396412223 -22.8014921 -43.2041025 1396412194 1396412183
458440093 -22.8014896 -43.2047644 455352640
1397506145 -22.8014709 -43.2008554 1397506143 452618907
452618908 -22.8014521 -43.200497 452618907 452618909
1396412204 -22.8014505 -43.2040014 1396412197 458616810
458434634 -22.8014496 -43.2058341 458434627 458589403
1396412194 -22.8014495 -43.2040727 1396412223 458616810
452618907 -22.8014373 -43.2007089 1397506145 452618908
455352654 -22.8013924 -43.2033209 455352652
458616810 -22.8013828 -43.2040298 1396412194 458614779 1396412204
2600915527 -22.8013774 -43.2020493 2600915526 277647340
458589406 -22.8013561 -43.2053874 1941285534 458589405
455352640 -22.8013161 -43.2047136 455352719
2600915526 -22.8013161 -43.2020333 2600915525
1053021838 -22.8013108 -43.209521 278611818 1053021751 278611819
2600915525 -22.801282 -43.2020315 2600915524
455352655 -22.8012791 -43.2033225 455352654
1053021751 -22.8012661 -43.2099044 1053021872 1053021838 1053021732
458589403 -22.8012316 -43.2058893 458434634 1941285583
1396412216 -22.8012313 -43.2015718 2600915523 452618890
2600915524 -22.80123 -43.2020333 2600915518
2600915523 -22.8012202 -43.2016235 2600915522
2600915522 -22.8012138 -43.2016793 277647306
277647306 -22.801212 -43.2017269 2576324506 457788404
2576324506 -22.8012085 -43.2018109 277647340
277647340 -22.8012026 -43.2019021 455352638 2600915521
2600915521 -22.8011862 -43.2019893 2600915518
2600915520 -22.8011764 -43.2015965 1396412216
2600915518 -22.8011732 -43.2020421 455352662
455352719 -22.801163 -43.2046845 455352717
455352656 -22.8011446 -43.2033054 455352655
458589405 -22.8011357 -43.2054431 458434638 458589406
2600915517 -22.8011261 -43.2016035 2600915520
455352638 -22.8011198 -43.2018217 278085021
455352728 -22.8011066 -43.2019385 455352638
455352729 -22.8010641 -43.2020431 455352728
2600915516 -22.8010626 -43.2016026 277647306 2600915517
1941285583 -22.8010167 -43.2059436 1941285519 458589403
455352717 -22.8010129 -43.2046539 455352715
455352657 -22.8009941 -43.2032203 455352656
458434638 -22.8009278 -43.2054957 458434605 458589405
455352730 -22.8009193 -43.2021959 455352729
1396427496 -22.8008826 -43.2030696 455352657
455352715 -22.8008324 -43.2046234 455352713
1941285519 -22.8007961 -43.2059995 1941285583 458589400
455608703 -22.8007944 -43.2002102 455608708 455608698
455608651 -22.8007443 -43.2013377 2600915516
455608685 -22.8007153 -43.2012745 455608651
455608698 -22.8007016 -43.200647 455608695 455608703
458434605 -22.8006988 -43.2055537 458589401 458434638
278611819 -22.8006958 -43.2093709 1053021838 459408904 278611820
455608691 -22.8006678 -43.2010942 455608685
455608695 -22.8006678 -43.2009311 455608691
278085022 -22.8006516 -43.2012185 455608651
455352713 -22.8006405 -43.2046043 455352712
455352662 -22.8006316 -43.2025848 1396427496 2600915515
455608816 -22.8006262 -43.2007381 455608698
458614779 -22.800577 -43.2039638 458616759 458616737 458616810
458589400 -22.8005687 -43.206057 1941285519 458589397
455608825 -22.8005348 -43.2007543 455608816
2600915515 -22.8005107 -43.202692 455352738 455352664
278085021 -22.8004875 -43.2012356 3063160266
458589401 -22.8004757 -43.2056101 458434605 458589399
278085061 -22.8004696 -43.2009181 278085022
455352712 -22.8004536 -43.2045888 455352710
455352664 -22.8004393 -43.2026187 455352730 2600915515 1941285579
455608827 -22.8004285 -43.2006875 455608825
458616759 -22.8004227 -43.2037235 458616737 455352739 458614779
455608656 -22.8003739 -43.2006129 455608827 278085061
458589397 -22.8003629 -43.2061092 458434830 458589400
455352739 -22.8003542 -43.2034431 458616759 2793797922
3063160266 -22.8003536 -43.2010903 3063160267
1941285477 -22.8003461 -43.2019652 1941285532
278085062 -22.8003351 -43.200489 455608656
458616737 -22.8003168 -43.2039426 458616759 458614777 458614779
1941285532 -22.800306 -43.2019515 1941285477 1057053021
2793797922 -22.800301 -43.2032962 455352739 2793797920
278085063 -22.8002934 -43.2000165 278085062
1057053021 -22.8002713 -43.2019358 1941285532 1057052924
455352710 -22.8002671 -43.2045866 455352708
458589399 -22.8002655 -43.2056633 458589401 457301836
455352738 -22.8002519 -43.2028962 2793797914
2793797920 -22.8002407 -43.2031622 2793797910 2793797922
3063160267 -22.8002296 -43.2009271 3063160268
2793797918 -22.8002213 -43.2029133 2793797916 2793797914
278611820 -22.8002085 -43.2069629 1941285581 1398166248 633047925 278611819
2793797916 -22.8002007 -43.2028579 2793797918 455352670
2793797914 -22.8001992 -43.2029709 2793797908 2793797918 2793797912
2793797912 -22.8001989 -43.2030224 2793797920
633047925 -22.8001984 -43.2069083 1941285548 278611820
1941285548 -22.8001891 -43.2068581 1941285558 633047925
1941285579 -22.8001891 -43.2023772 1941285522 455352664
2793797910 -22.8001709 -43.2030476 455352740
1941285522 -22.8001582 -43.2023391 1941285481 1941285579
455352670 -22.80015 -43.2028346 2793797916 2793797906 455352664
2793797908 -22.8001487 -43.2029907 455352740 2793797914
1941285481 -22.8001455 -43.2023141 1057053020 1941285522
1057053020 -22.8001386 -43.2022757 1941285481 1941285577
1941285577 -22.8001273 -43.2022428 1057053020 1941285500
1941285558 -22.8001271 -43.2065229 458440104 1941285548
459408904 -22.8001235 -43.2095311 457301848 278611819 457301845
458440104 -22.8001126 -43.2064447 458434830 1941285558
3063160268 -22.8001079 -43.2007423 3063160269
1941285500 -22.8001071 -43.2022156 1057052975 1941285577
455352740 -22.8000992 -43.2029699 455352674 2793797904 2793797908
2793797906 -22.8000989 -43.2028569 2793797904 455352670
455352708 -22.8000913 -43.2045957 455352707
2793797904 -22.8000774 -43.2029119 2793797906 455352740
458434830 -22.8000631 -43.2061792 458589397 458440104 457301836
3063160269 -22.8000349 -43.200585 278085298
457301845 -22.8000188 -43.2095604 459408904 457301846
458614777 -22.8000018 -43.2039456 458614776 458616737
