3818206201 -22.879985 -43.3811598 444830315 444830316
444830315 -22.8794785 -43.3808004 3818206171 3818206201
3818206178 -22.8794335 -43.380232 3818206177 3818206168
3818206177 -22.879431 -43.3802991 3818206174
3818206175 -22.8794268 -43.3801794 3818206178
3818206174 -22.879411 -43.3803498 3818206162
3818206173 -22.8793909 -43.3801187 3818206175
3818206171 -22.8793751 -43.380697 3818206162 444830315
3818206168 -22.8793216 -43.3802411 3818206165 3818206178
3818206167 -22.8793116 -43.3802909 3818206168
3818206165 -22.8793041 -43.3801912 3818206152
3818206162 -22.8792465 -43.3805239 444830314 3818206171
444830314 -22.8791746 -43.3804345 1776193666 3818206162 3818206167
3818205748 -22.867626 -43.3822173 444578513
444578509 -22.8676252 -43.3830092 444578513 444578508
444578513 -22.8676237 -43.3824674 444578509 3818205737
3818205743 -22.8675943 -43.381658 3818205748
444578515 -22.8675809 -43.3814735 3818205743
3818205738 -22.867525 -43.380913 444578515
3818205737 -22.8675183 -43.3816463 3818205733
3818205733 -22.8675041 -43.3814722 3818205730
3818205730 -22.8674757 -43.3809221 3818205729
3818205729 -22.867474 -43.3807199 444578517 3818205738
444578508 -22.8674177 -43.3837689 3818205707 444578509
444578517 -22.867381 -43.380222 3818205729 3818205713
3818205713 -22.8673329 -43.3800066 444578517 444578132
3818205707 -22.867317 -43.3840412 444578507 444578508
444578507 -22.8669511 -43.3850306 444578506 3818205707
444578506 -22.8663817 -43.3867644 444578507 444578505
444578505 -22.865836 -43.3882406 1779579296 444578506
1779579296 -22.8654419 -43.3893822 444578504 444578505
1779579285 -22.8621199 -43.3855784 1779579284
1779579284 -22.8617015 -43.3854221 1779579285 1779579282
