2316627273 -22916764 -43162501 3885806235 3885806234
3885806235 -22916761 -43162615 2316627273 218867768
3885806234 -22916758 -43162394 2316627273 218867769
218867769 -22916735 -43162300 3885806234 218867771
218867768 -22916729 -43162737 3885806235 218867767
218867771 -22916703 -43162213 218867769 3885806233
218867767 -22916697 -43162828 218867766 218867768
3885806233 -22916636 -43162094 3885806230 218867771
218867766 -22916600 -43162998 2316627272 218867767
3885806230 -22916558 -43162002 3885806233 218867773
218867773 -22916470 -43161928 3885806230 2316614636
2316614636 -22916324 -43161849 218867773 218867775
218867775 -22916192 -43161822 2316614636 218867777
2316627272 -22916178 -43163563 3885806225 218867766
3885806225 -22916117 -43163646 218867765 2316627272
218867777 -22916071 -43161819 218867775 218867778
218867765 -22916067 -43163764 3885806225 218867763
218867763 -22916035 -43163861 3885806217 218867765
3885806217 -22915907 -43164382 218867762 218867763
218867762 -22915810 -43164663 3885806217 3885806213
3885806213 -22915656 -43165013 3885806212 218867762
3885806212 -22915503 -43165359 3885806208 3885806213
3885806208 -22915435 -43165478 218867760 3885806212
218867760 -22915177 -43165930 3885806208 218867757
218867757 -22914981 -43166258 218867760 1969297646
218867778 -22914746 -43161900 218867777 218867780
218867780 -22914472 -43161883 218867781 218867778
1969297646 -22914240 -43167787 2590347486 218867757
218867781 -22914142 -43161819 218867780 218867783
2590347486 -22914062 -43168183 218867756 1969297646
218867756 -22913959 -43168413 218867755 2590347486
218867755 -22913848 -43168499 218865369 218867756
2156132307 -22913746 -43167415 1969297646
218865369 -22913698 -43168542 218867755 218853048
218867783 -22913656 -43161689 218867781 3885806192
1969297645 -22913627 -43167299 2156132307
2156132285 -22913588 -43167246 1969297645
2156132299 -22913547 -43167162 2156132285
1969297640 -22913484 -43167070 2156132299
2156132277 -22913420 -43167030 1969297640
3856469188 -22913356 -43169152 218855922
1969297636 -22913343 -43167012 2156132277
3885806192 -22913330 -43161530 2600915568 218867783
218853048 -22913323 -43168530 218872323 3856469188 218865369
2156132309 -22913230 -43167022 1969297636
2600915568 -22912997 -43161369 3885806192 2600915567
2600915567 -22912951 -43161326 2600915568 218867784
335717118 -22912941 -43161218 218867784
218867784 -22912934 -43161293 2600915567 335717118
2156132284 -22912626 -43167062 2156132309
218860961 -22912552 -43169503 218860960 2600915566
2600915566 -22912533 -43169332 218860961 1969297632
1969297632 -22912502 -43169219 2600915566 218860963
2316627298 -22912468 -43167077 2156132284
2316627284 -22912378 -43169382 218333635
3649910976 -22912375 -43169520 2316627284
2843117728 -22912370 -43167097 2316627298
218333635 -22912356 -43169245 3649910967
218860963 -22912336 -43168748 218872323 1969297632
218333637 -22912330 -43169675 3649910976
3649910967 -22912287 -43169136 218333633
218872323 -22912279 -43168569 1969297624 218860963 218853048
218872170 -22912279 -43168450 218872323
3649910972 -22912245 -43169470 218320639
2600915562 -22912243 -43168320 218872170
3649910968 -22912242 -43169328 3649910972
1969297627 -22912221 -43167174 2843117728
1969297624 -22912200 -43168595 218338149
2316627295 -22912188 -43167830 2316627296
2316627297 -22912187 -43167225 1969297627
218872172 -22912186 -43168240 2600915562
218333633 -22912176 -43169046 218333632
218870378 -22912173 -43167985 2316627295
218320642 -22912170 -43169203 3649910968
218320639 -22912167 -43169634 3649910950
2316627296 -22912158 -43167306 218870380 2316627297
218870377 -22912129 -43168058 218870378
218337360 -22912116 -43168532 218338149
3649910956 -22912089 -43168380 218337360
3649910957 -22912086 -43168162 218872172
218338149 -22912081 -43168667 3649910952
218870380 -22912077 -43167134 2843117730
3649910950 -22912071 -43169703 218320637
3649910953 -22912065 -43168094 218870377
3649910948 -22912059 -43169126 218320642
3858109263 -22912015 -43168242 3649910956
2843117730 -22912003 -43167066 218870381
218333632 -22911997 -43168972 2316627283
3649910952 -22911991 -43168763 218338145
218320637 -22911964 -43169725 218320636
3649910947 -22911952 -43168586 218331211
218870381 -22911944 -43167043 2156132329
218331211 -22911933 -43168685 3649910946
3649910945 -22911913 -43168439 3649910947
218320644 -22911910 -43169084 3649910948
218336624 -22911895 -43168135 3649910953 3858109263 3649910957
3649910946 -22911891 -43168783 218338145
218320636 -22911861 -43169686 3649910942
2316627283 -22911853 -43168973 3875686067
3649910943 -22911841 -43168341 3649910945
2156132329 -22911834 -43167046 2156132286
3875686067 -22911815 -43168980 218331209
3649910942 -22911769 -43169610 218320635
218331215 -22911759 -43168278 3649910943
218320645 -22911757 -43169092 218320644
173782507 -22911727 -43169753 218320635
218338145 -22911708 -43168949 218331209
218320635 -22911666 -43169423 173782509
1969297621 -22911654 -43168157 218336624
218331209 -22911597 -43169019 218335571
3649910940 -22911577 -43168266 218331215
1743948216 -22911544 -43169605 3649910939 173786400
218317790 -22911514 -43169496 1743948216
2316627282 -22911513 -43169199 218320645
3649910939 -22911498 -43169944 3649910937
218331220 -22911483 -43168299 3649910940
173782509 -22911469 -43169032 1743948177
3858109262 -22911427 -43168253 1969297621
725745980 -22911396 -43168364 218331220
1743948177 -22911388 -43168901 218329227 173782510
1969297618 -22911339 -43168359 3858109262
173786398 -22911327 -43169067 218317790
218329227 -22911318 -43168675 218331222
218331222 -22911307 -43168546 1969297618 725745980
218331200 -22911234 -43168946 173786398
218316623 -22911156 -43169413 2316627282
173782510 -22911139 -43168652 173782511
2156132286 -22911121 -43167094 1613854164
173786397 -22911048 -43168714 218331200
218318315 -22911030 -43169545 218316623
218335571 -22911030 -43169353 218335572 3649910929
3649910933 -22910983 -43169949 218318317
218331201 -22910980 -43168748 218331200
3649910932 -22910964 -43169677 218318315
218316625 -22910955 -43169629 218318315
218318317 -22910946 -43169808 3649910932
3649910929 -22910907 -43169367 3649910923
173782511 -22910875 -43168442 173782512
218331202 -22910872 -43168724 218331201
3649910928 -22910854 -43169804 218316625
1613854164 -22910843 -43167110 2156132271
3649910925 -22910835 -43169975 3649910928
218335572 -22910835 -43169524 3858109261
173786395 -22910803 -43168527 173786397
218336623 -22910782 -43168206 1969297621
3649910923 -22910781 -43169343 218446853
3858109261 -22910769 -43169647 218334964
725745986 -22910769 -43168739 218331202
3649910922 -22910734 -43169644 218334964
218334964 -22910719 -43169940 3649910921
218449295 -22910714 -43169530 3649910922
218446853 -22910677 -43169252 218446855 218331205
218331203 -22910664 -43168812 725745986
3649910918 -22910664 -43169458 218449295
218331204 -22910619 -43168888 218331203
218870389 -22910607 -43168195 218336623
173782512 -22910600 -43168363 173782513
218449293 -22910598 -43169374 3649910918
3649910917 -22910590 -43168981 218331204
218331205 -22910581 -43169066 3649910917
218445841 -22910571 -43168641 3649910913
3649910913 -22910559 -43168726 218447253
218445840 -22910551 -43168532 218445841
218446855 -22910541 -43169094 1583763322
218447253 -22910532 -43168797 3649910911
2156132271 -22910522 -43167129 218870384
3649910909 -22910515 -43169304 218449293
3649910906 -22910496 -43168164 218870389
3649910911 -22910467 -43168859 218447254
218446104 -22910461 -43168419 218445840 173786395
1583763322 -22910448 -43169022 218447254
218870384 -22910428 -43167172 218870385
3649910902 -22910425 -43168069 3649910906
218449292 -22910389 -43169252 3649910909
218871636 -22910364 -43167769 3649910902 218871639
2505574422 -22910361 -43167605 218871636
3874256689 -22910358 -43167523 2505574422
218870385 -22910345 -43167266 3874256689
218871639 -22910319 -43168044 2691820916
173782513 -22910311 -43168271 2707110212
218447254 -22910298 -43169004 218440499
2691820916 -22910277 -43168130 2707110212 218871645
2707110212 -22910267 -43168266 173782514 2691820920
218442359 -22910262 -43169239 218449292
2691820920 -22910254 -43168373 218446104
218871645 -22910203 -43168192 173782514
173782514 -22910036 -43168256 1686035221
2505574420 -22909994 -43168371 2691820920
2581646117 -22909705 -43169450 218442359
3858109260 -22909425 -43169530 2581646117
218440499 -22909353 -43169395 2843117736 2843117735 2758090347
218442358 -22909321 -43169618 3858109259 3858109260
2843117735 -22909297 -43169546 218442358
2843117736 -22909212 -43169527 218442356
218442356 -22909188 -43169667 3858109258 218442358
2752892952 -22908791 -43169882 2758090347 218442356
2758090347 -22908736 -43169672 3358926695
2758076714 -22908606 -43169963 2752892952
3358926699 -22908592 -43169147 3358926697 3358926698
3358926695 -22908433 -43169788 2758089390 3358926698
3358926697 -22908374 -43168472 3358926699 2505574420
3358926698 -22908276 -43169262 3358926699 3360100776 3358926695 3360107961
3360107961 -22908242 -43169148 3358926698 3358926696
3358926696 -22908154 -43168853 3360107961
173784040 -22907974 -43168501 3358926697
2758089390 -22907915 -43169973 2758089391 218444724
3360100776 -22907820 -43169399 3358926698
1686035219 -22907760 -43168587 173784040
1686035211 -22907616 -43168618 1686035219
218386469 -22906990 -43169768 1556235555
2634589404 -22906872 -43168679 1686035211
1686035221 -22906647 -43168461 1686035216
1556235555 -22906380 -43169725 2808917456
1686035216 -22906379 -43168387 1686035209
1556235571 -22906368 -43168705 2634589404 1556235555
2808917456 -22906349 -43169762 1556235570
1556235570 -22906302 -43169871 1556235564
1686035209 -22906212 -43168385 1686035215
1686035215 -22905945 -43168407 173790408
218461355 -22905917 -43168729 1556235571
3649910703 -22905829 -43168749 218461355
173790408 -22905778 -43168438 173790409
218461353 -22905738 -43168787 3649910703
173790409 -22905623 -43168507 3649910692
3649910697 -22905616 -43168874 218461353
218461351 -22905527 -43168980 3649910697
3649910692 -22905505 -43168586 173790410
218461349 -22905460 -43169108 218461351
3649910690 -22905423 -43169154 218461349
173790410 -22905390 -43168678 1686035218
2691826740 -22905372 -43169182 3649910690
3649910684 -22905316 -43169186 2691826740
1686035218 -22905278 -43168837 173790412
2691826739 -22905262 -43169168 3649910684
218463722 -22905247 -43169683 218461349
3649910682 -22905221 -43169876 218463722
3649910681 -22905218 -43169129 2691826739
173790412 -22905200 -43168955 3649910680
2691826738 -22905191 -43169075 3649910681
3649910680 -22905185 -43169014 2691826738
