593438920 -22859951 -43481119 593438216 593438368 593439178
593439538 -22859943 -43482815 593439357 593439539 593441713
1848506899 -22859905 -43489685 1848506852 593419988
593419988 -22859845 -43488975 1848506899 593420349 1848506910
593408208 -22859824 -43487847 593440548 593408720
593439357 -22859816 -43482444 593409197 593438032 593439538
593440548 -22859810 -43487171 593408208 593437568 593440546
593437568 -22859794 -43486409 593440711 593440548 593439541
593440711 -22859769 -43485208 593437568 593409188 593440878
593409188 -22859755 -43484564 593440711 593409191
593409191 -22859715 -43483877 593409188 593437809
593437809 -22859697 -43483772 593409191 593409194 593439540
1848506903 -22859652 -43489605 1848506861 1848506895 1848506908
1848506895 -22859652 -43489579 1848506903 1848506910
1848506910 -22859626 -43489029 593435278 593419988 1848506895
593409194 -22859617 -43483319 593409197 593437809
593408720 -22859528 -43487493 593408208 593433837
593433830 -22859498 -43487900 593433737 593434217
593433737 -22859498 -43487611 593433615 593433830 593433837
593409197 -22859488 -43482568 593409194 593439357 593442482
593433837 -22859478 -43487450 593433619 593433737 593408720
593438368 -22859474 -43481302 593438832 593438920 593438296
1848506815 -22859449 -43489938 1848506888
1848506908 -22859407 -43489670 1848506903
593442482 -22859378 -43482225 593409197 593409199 593442450
593435278 -22859366 -43489093 593434430 1848506910 593435078
593434430 -22859360 -43488147 593434870 593435278
593442663 -22859360 -43484607 593443980
593409199 -22859350 -43482139 593439015 593442482 593438296
593438832 -22859346 -43480906 593438368 593438606 593437504
593438606 -22859228 -43480540 593438832 593438454 593438733
593433615 -22859221 -43487611 593433478 593433737 593433644
593433619 -22859212 -43487223 593408721 593433478 593433837
593428476 -22859202 -43489864 1848506888 593428597 593428573
593433478 -22859201 -43487321 593433615 593433619 593433367
593428597 -22859123 -43489507 593428476 593428700 593421693
593438296 -22859121 -43481438 593409199 593409201 593438368
593438454 -22859118 -43480169 593438606 593438457 593438584
593435078 -22859116 -43489156 593435278 593434870 593421693
593442450 -22859112 -43482611 593443970 593442482
593434870 -22859102 -43488152 593434430 593434429 593435078
593443980 -22859081 -43484674 593442663 593443975 593443096
593421693 -22859048 -43489173 593428597 593435078 593434555
593443975 -22858994 -43483662 593443970 593443980
593409201 -22858952 -43480909 593436328 593443966 593438296
593408721 -22858875 -43486935 593433619 593408722
593434555 -22858854 -43489222 593432799 593434776 593421693
593434776 -22858851 -43488823 593433363 593434429 593434555
593443970 -22858831 -43482722 593442450 593443966 593443975 593442453
593434429 -22858816 -43488158 593434870 593434776
593442453 -22858786 -43482740 593443970 593443256
593443096 -22858648 -43484780 593443980 593443253 593443082
593408722 -22858618 -43486677 593408721 593408723 593433371
593433371 -22858569 -43486677 593432965 593408722 593433367
593433367 -22858563 -43487353 593433478 593433644 593433371
593433644 -22858560 -43487621 593434217 593433615 593433367
593434217 -22858558 -43487890 593433363 593434224 593433644 593433830
593433363 -22858549 -43488909 593432786 593434776 593434217
593443253 -22858529 -43483759 593443096 593443256
593408723 -22858440 -43486441 593408724 593408722
593432799 -22858376 -43489344 593430596 593432786 593434555
593443256 -22858364 -43482911 593442454 593443253 593443258 593442453
593431949 -22858321 -43487117 593431952 593434224 593432965
593443966 -22858319 -43481123 593443258 593409201 593443970 593444229
593432965 -22858312 -43486677 593431711 593431949 593433371
593434224 -22858311 -43487879 593432549 593431949 593434217 593434227
593432549 -22858302 -43488555 593432212 593432786 593434224
593408724 -22858292 -43486152 593408723 593447744
593432786 -22858272 -43488952 593433363 593432799 593432549 593432503
593443082 -22858234 -43484880 593444668 593443096 593442666
593447744 -22858170 -43485837 593408724 593408725 593447834
593444668 -22858136 -43484220 593442454 593444696 593443082
593408725 -22858134 -43485744 593447744 593447860
593447860 -22858076 -43485475 593448057 593408725 593408726
593444229 -22858040 -43480270 593443966 593443963 593444410
593408726 -22858005 -43485143 593448067 593447860 593442666
593442454 -22857966 -43483072 593444668 593443256 593442880 593436220
593432212 -22857956 -43488684 593432405 593432502 593432549
593432405 -22857952 -43488222 593434227 593432212 593432404
593434227 -22857949 -43487879 593432405 593434224 593431674 593434229
593431674 -22857946 -43487536 593431671 593431952 593434227
593442666 -22857942 -43484951 593408726 593408728 593443082
593431952 -22857936 -43487123 593431949 593431953 593431674
593408728 -22857867 -43484768 593448249 593448265 593442666
593443258 -22857859 -43481278 593443966 593436220 593443256
593448265 -22857733 -43484433 593448358 593444696 593408728
593444696 -22857694 -43484336 593448265 593408730 593444668
593442880 -22857623 -43483210 593442454 593442690 593442878
593431711 -22857590 -43486678 593430397 593432965 593431953
593431953 -22857585 -43487128 593431671 593431711 593431952
593431671 -22857580 -43487552 593431669 593431674 593431953
593432503 -22857580 -43489145 593432502 593430593 593432786
593432502 -22857580 -43488812 593432212 593432404 593432503
593432404 -22857580 -43488228 593432405 593432502 593432221
593408730 -22857471 -43483834 593444696 593408732
593436220 -22857459 -43481413 593443258 593442454 593436217
593430596 -22857319 -43489614 593432799 593422825 593430593
593436217 -22857252 -43481510 593436216 593436220
593430593 -22857244 -43489231 593430596 593432565 593432221 593432503
593432221 -22857244 -43488233 593430593 593434229 593432404
593434229 -22857244 -43487879 593431669 593434227 593432221 593434232
593431669 -22857244 -43487568 593431671 593431232 593434229 593431666
593431232 -22857244 -43487289 593431247 593431669 593431229
593431247 -22857244 -43487042 593431383 593430397 593431232
593430397 -22857244 -43486678 593431711 593431247 593445203
593408732 -22857224 -43483662 593408730 593442455 593448358
593442690 -22857223 -43483370 593442455 593442880 593436215
593448358 -22857211 -43484446 593448265 593408732 593448249
593448249 -22857206 -43484789 593448358 593408728 593448067
593448067 -22857200 -43485132 593408726 593448249 593448057
593445427 -22857198 -43485658 593448057 593446347 593447834
593447834 -22857195 -43485862 593447744 593445427 593445203
593448057 -22857194 -43485465 593445427 593447860 593448067
593445203 -22857185 -43486667 593430605 593430397 593447834
593442878 -22857175 -43481806 593436216 593442880
593436216 -22857093 -43481692 593442878 593436215 593436217
593442455 -22856959 -43483476 593408732 593442690 593446586
593436215 -22856827 -43482164 593436214 593436216 593442690
593446586 -22856761 -43483337 593442455 593408734
593436214 -22856698 -43482389 593408734 593436215
593430605 -22856651 -43486678 593446176 593431383 593445203
593431383 -22856645 -43487020 593430605 593431229 593431247 593431386
593431229 -22856641 -43487300 593431383 593431666 593431090 593431232
593431666 -22856636 -43487568 593431229 593431444 593431669 593434232
593434232 -22856631 -43487890 593430801 593431666 593434229
593430801 -22856610 -43489209 593432565 593430912 593434232
593432565 -22856607 -43489403 593430801 593422825 593430593
593422825 -22856607 -43489795 593430596 593428700 593310592 593432565
593445905 -22856587 -43484720 593446347 593446360
593446347 -22856582 -43485664 593445427 593446176 593447507 593445905
593446176 -22856572 -43486678 593430605 593446347 593447591
593408734 -22856530 -43483194 593408738 593436214 593446586
593446495 -22856506 -43483614 593447040 593446911
593447323 -22856502 -43484403 593447219 593446360 593447060
593447060 -22856502 -43484135 593447157 593447323 593447040
593447040 -22856502 -43483856 593446495 593447036 593447060
593446360 -22856498 -43484720 593447400 593445905 593447323
593430912 -22856493 -43489274 593430801 593310592
593447507 -22856404 -43485666 593446347 593447517 593447400
593447400 -22856399 -43484720 593445908 593446360 593447507
593424221 -22856394 -43489851 593425099 593427113 593424419
593310592 -22856394 -43489247 593422825 593430929 593430912
593425099 -22856295 -43489598 593424982 593310589 593424221
593447591 -22856275 -43486678 593431091 593446176 593447517
593447517 -22856265 -43485667 593445652 593447507 593447591
593408738 -22856235 -43483040 593408734 593445309
593310589 -22856196 -43489311 593425438 593425099 593425136
593425438 -22856108 -43489082 593425490 593425342 593310589
593445309 -22856087 -43482856 593408738 593408747 593446911
593446911 -22856080 -43483613 593447036 593446495 593445309 593446914
593447036 -22856080 -43483845 593447157 593446911 593446942 593447040
593447157 -22856077 -43484113 593447219 593447036 593447160 593447060
593447219 -22856075 -43484403 593445908 593447157 593447189 593447323
593445908 -22856068 -43484720 593445652 593447219 593447400 593423477
593445652 -22856065 -43485669 593431091 593445908 593447517 593445656
593431091 -22856057 -43486679 592063901 593431386 593445652 593447591
593431386 -22856055 -43487021 593431091 593431383 593431090
593431090 -22856054 -43487310 593431444 593431386 593431229
593431444 -22856052 -43487578 593430929 593431090 593431666
593430929 -22856048 -43488329 593310592 593431444 593423464
593424419 -22856038 -43489948 593426953 593424221 593424466
593408747 -22856028 -43482783 593408750 593445309
1848621162 -22856014 -43480741 1848620989
593425490 -22856008 -43488809 593425438 593425575 593425644
593425644 -22855909 -43488557 593425805 593425490 593425786
593425805 -22855811 -43488290 593425904 1848543063 593425644
2506878101 -22855800 -43481939 1848621162
1848543063 -22855728 -43488058 593425805 1848543018 593424220
593408750 -22855710 -43482551 2506878101 593408747
593424220 -22855642 -43487814 593424219 1848543063
593423468 -22855613 -43485368 593445656 593423471
593445656 -22855604 -43485669 592063901 593423468 593445652
593423464 -22855603 -43487085 593430929 592063901
592063901 -22855594 -43486706 593431091 592063895 593423464 593445656
593423471 -22855583 -43485154 593423468 593423474
593446914 -22855562 -43483595 593408750 593446911
593446942 -22855518 -43483856 593447036 593446914
593424982 -22855507 -43489801 593425099 593425136
593423474 -22855494 -43484886 593423471 593423477
2506878107 -22855482 -43482232 593443363
593447160 -22855478 -43484124 593447157 593446942
593425136 -22855465 -43489500 593425342 593310589
593425342 -22855445 -43489257 593425438 1848543243
593447189 -22855438 -43484393 593447160 593447219
593424219 -22855435 -43487203 1848543166 593424220
2506878123 -22855427 -43481691 3130613111
3130613112 -22855422 -43482537 2506878107
1848543243 -22855421 -43489049 593425575
593425575 -22855413 -43488978 593425490 593425786
1848543166 -22855411 -43487093 592063895 593424219
593423477 -22855391 -43484709 593445908 593447189 593423474 1848543067
593425786 -22855383 -43488726 593425644 593424798
593425904 -22855352 -43488438 1848543018 593425805
593424798 -22855351 -43488482 593425904
144372548 -22855349 -43482938 3130613112
1848543018 -22855341 -43488164 593424802 1848543063
1848543199 -22855328 -43485775 593423477
1848543081 -22855319 -43487094 592063895
593424802 -22855316 -43487607 1848543081
592063895 -22855311 -43486687 592063901 1848543199 1848543166
3130613111 -22855284 -43482497 144302235
1848621036 -22855272 -43480886 2506878106
144372546 -22855181 -43484075 144372548 593408750
144372540 -22855164 -43489770 144372541
2506878106 -22855129 -43481687 3892274359
1848543067 -22855106 -43484688 144372546 593423477
592210235 -22855083 -43480169 592210228 592210241
144302235 -22855064 -43483737 592057347
144372541 -22855055 -43488687 2506878114
144372545 -22855024 -43485796 1848543067
592057347 -22855002 -43484312 592057400
2506878114 -22854997 -43487508 144372543
145046182 -22854989 -43489344 144302240
144372543 -22854988 -43486898 144372545
3892274359 -22854976 -43482540 1848543247
592057400 -22854949 -43484814 1848543106
1848543116 -22854931 -43488679 145046182 616722267
1848543106 -22854898 -43485290 1848543089
592210241 -22854881 -43480435 592210235 617008786
2506878109 -22854873 -43487530 1848543116
1848543223 -22854853 -43486660 1848543098 2506878109
1848543089 -22854853 -43486195 1848543223 1848543079
1848543247 -22854852 -43483235 1848543246
617008786 -22854815 -43480498 617008785 592210246 592210241
1848543204 -22854748 -43489882 616722267
1848543246 -22854716 -43484333 1848543027 1848543106
1848543053 -22854664 -43488950 1848543204
1848543027 -22854647 -43485008 1848543020
1848543020 -22854622 -43485389 1848543079
1848543241 -22854602 -43488017 1848543053
1848543079 -22854587 -43486193 1848543098 3819923727 1848543089
1848543194 -22854583 -43487417 1848543241
1848543098 -22854577 -43486653 1848543194 1848543223
592210246 -22854367 -43480928 617008786 592210251
592210251 -22854189 -43481250 592210246 617008826
617008826 -22854136 -43481422 592210251 617008825 592210261
3819923737 -22854077 -43484879 3819923731
592210261 -22854070 -43481636 617008826 592210272
3819923736 -22854025 -43485280 3819923735
592210272 -22854001 -43482065 592210278 592210261
592210278 -22853942 -43482419 617008847 592210272 592210285
592210285 -22853863 -43482645 592210278 592210290
616721636 -22853763 -43489373 593406282 593406281 616721891
592210290 -22853675 -43482902 592057120 592210285
3819923734 -22853655 -43485668 3819923733
617008847 -22853533 -43481983 592210278
3819923729 -22853526 -43486037 3819923730
592057120 -22853493 -43483055 592057113 592210290
593406282 -22853428 -43487342 616721636 616721719 616721955
617008825 -22853385 -43480996 617008826
3819923732 -22853354 -43484491 3819923731
616721719 -22853295 -43486902 593406282 593406284 616721716
592057113 -22853295 -43483173 592213165 592057120
3819923731 -22853285 -43484963 3819923735 3819923737 3819923732
593406284 -22853279 -43486849 616721719 593406287
3819923735 -22853279 -43485294 3819923731 3819923733 3819923736
3819923733 -22853271 -43485696 3819923735 3819923734 3819923730
3819923730 -22853264 -43486051 3819923728 3819923729 3819923733
616721891 -22853177 -43489524 616721636 616721955 616721890
593406287 -22853121 -43486420 593406284 3819923727 616721809
3819923727 -22853087 -43486340 3819923728 593406287 1848543079
592213165 -22853052 -43483331 592057113 592213170
3819923728 -22852968 -43486066 3819923727 593406290 3819923730
593406298 -22852894 -43484489 616721789 593406302
593406290 -22852874 -43485851 3819923728 593406293
616721789 -22852863 -43484869 593406297 616721838 593406298
593406297 -22852854 -43484971 616721789 593406293
593406302 -22852844 -43484113 593406305 593406298
593406293 -22852805 -43485465 593406297 593406290
592213170 -22852765 -43483535 592213165 593406305
616721955 -22852743 -43487523 593406282 616721880 616721891
616721890 -22852736 -43489638 616721840 616721891 616721880
593406305 -22852636 -43483618 592213170 592213183 617008848 593406302
592213183 -22852548 -43483675 593406305 616721839
616721809 -22852508 -43486586 616721878 616721838 593406287
616721840 -22852319 -43489746 616721635 616721890 616721859
616721880 -22852287 -43487643 616721955 616721859 616721890
616721838 -22852201 -43485039 616721789 616721804 616721868 616721809
616721804 -22852102 -43484644 616721838 616721803 616721839
616721878 -22852101 -43486696 616721773 616721809 616721868
616721635 -22851885 -43489858 616722034 616721840 616722044 616722045
616721859 -22851874 -43487752 616721716 616722045 616721880 616721840
616721839 -22851848 -43484155 592213189 616721804 592213183
616721716 -22851776 -43487294 616721719 616721773 616721859
616721868 -22851767 -43485151 616721838 616721878 616721866
616721773 -22851677 -43486811 616721878 616721956 616721716 616721866
616722045 -22851462 -43487861 616722033 616721859 616721635
616722034 -22851462 -43489974 616722033 616722047 616721635
616721803 -22851400 -43484847 616721804 616721802
592056984 -22851387 -43480930 592056983 617008778
616721866 -22851345 -43485260 616721788 616721773 616721868
592213189 -22851282 -43484544 616721791 616721839
616721802 -22851282 -43484847 616721791 616721803
592056983 -22851249 -43481070 592056984 617008848
616721956 -22851243 -43486921 616721773 616722032 616721788
616721791 -22851120 -43484670 592213189 616721969 616721802
616722033 -22851017 -43487978 616722057 616722062 616722034 616722045
617008848 -22850923 -43481447 593406305 592056983 617008886
616722062 -22850916 -43487495 616721338 616722032 616722033
616721788 -22850906 -43485373 616721956 616721969 616721866
616722032 -22850818 -43487029 616721956 616722064 616722062 616722030
616721969 -22850789 -43484926 616721791 592213195 616721788
616722057 -22850579 -43488094 616721649 616722033 616722047
616722030 -22850451 -43485416 592213195 616722032
616722064 -22850412 -43487133 616722032 616721774 616722101
616721609 -22850400 -43489781 616721605 616720968 616721608
592213195 -22850313 -43485295 616721969 616722090 616722030
616721605 -22850296 -43489307 616721578 616721638 616721609
616721649 -22850158 -43488205 616721338 616722057 616721008 616721638
616722101 -22850105 -43485856 616722064 616722090
616721638 -22850063 -43488238 616721649 616721376 616721605
616721338 -22850051 -43487711 616721649 616722062 616721774 616721376
616722090 -22850016 -43485705 592213195 616721011 616722101
616721376 -22849954 -43487740 616721775 616721338 616721638 616721377
616721774 -22849952 -43487250 616721338 616722064 616721775 616721009
616721775 -22849855 -43487284 616721112 616721376 616721774
616721009 -22849848 -43486768 616721011 616721112 616721774
616721578 -22849838 -43489450 616721575 616721581 616721605
616721112 -22849769 -43486875 616721775 616720965 616721009 616721113
617008886 -22849736 -43482917 617008848 617008887
616720965 -22849700 -43486575 616720933 616721112
616721011 -22849664 -43486190 616722090 616720933 616721009
616721377 -22849611 -43487852 616721378 616721376
616721575 -22849591 -43488206 616721378 616721578
616720933 -22849585 -43486299 616721011 592213199 616720965
616721378 -22849502 -43487959 616721379 616721377 616721575
616721581 -22849311 -43489567 616721462 616721578 616721608
592213199 -22849216 -43486807 616720933 592213207
616721462 -22849200 -43488559 616721379 616721380 616721581
616721379 -22849186 -43488431 616721378 616721380 616721462
616721380 -22849057 -43488603 616721379 616721462 616721564
617008887 -22849015 -43483711 617008886 617012007
616721113 -22848968 -43487937 616721112 616721114
592213207 -22848919 -43487183 592213199 592213209
616723745 -22848869 -43489783 616721607 616723803 616723818
616721114 -22848850 -43487927 616721262 616721113 616721196
616723803 -22848849 -43489461 616723745 616723749 616723802
616723749 -22848830 -43489150 616723803 616721564
616721196 -22848790 -43487830 616721114 592213209
592213209 -22848771 -43487333 592213207 592213215 616721196
616721564 -22848741 -43488688 616721380 616721565 616723749
592213215 -22848613 -43487462 592213220 592213209
616723802 -22848523 -43489515 616723803 616723801
592213220 -22848366 -43487526 592213215 616721275
617012007 -22848354 -43484610 617008887
616723818 -22848118 -43489922 616723745 616723801
616723801 -22848118 -43489536 616723800 616723802 616723818
616721275 -22847967 -43487588 592213220 592213226 616721262
616721565 -22847920 -43488796 616721564 616721336
616721262 -22847891 -43488045 616721114 616721275 616721336
592213226 -22847881 -43487601 616721275 592213231
616723800 -22847861 -43489557 616723799 616723801
616721336 -22847772 -43488785 616721262 616721565 616721566
616723799 -22847663 -43489547 616723798 616723800
616723879 -22847545 -43489933 616723878 616723880
3788082864 -22847508 -43480817 3788082867 3788082861
616723798 -22847456 -43489536 616723797 616723799
616721566 -22847317 -43488785 616721567 616721336
3788082861 -22847154 -43481190 3788082864 3788082860
616721567 -22846991 -43488753 616721566 616721569
3788082860 -22846980 -43481307 3788082861 3788082859
592213231 -22846952 -43487677 592213226 592213236
3788153459 -22846878 -43485749 617011638
617011687 -22846826 -43483874 3787844669 617011685
3788082859 -22846685 -43481336 3788082860 3788082855
616723797 -22846645 -43489257 616723798 616723795
617011638 -22846620 -43486058 3788153459 617011632 617011639
616721569 -22846546 -43488753 616721567 616721570
592213236 -22846387 -43487810 617011633 592213231 3788153351
616723795 -22846358 -43489107 616723883 616723797
616723883 -22846323 -43489035 616723882 616721570 616723795
617011632 -22846317 -43486416 3788153353 617011638 617011635
616721570 -22846210 -43488806 616723883 616721569 616721571
3788082855 -22846191 -43481225 3788082859 3788082853
616723880 -22846190 -43489472 616723879 616723881
616723882 -22846131 -43489203 616723883 616723881
616723881 -22846121 -43489332 616723880 616723882
616721571 -22846042 -43488785 592213244 616721570
3788153353 -22846004 -43486824 617011632 617011633 3788153343
617011639 -22845920 -43485374 617011638 617011640
3788153351 -22845899 -43487975 592213236 592213239
3788082853 -22845875 -43480813 3788082855 3788153349
3788153349 -22845805 -43480791 3788082853 3788082850
617011640 -22845782 -43485363 617011639 617011641
3788082850 -22845731 -43480817 3788082833 3788153349
592213239 -22845726 -43488052 592213244 3788153351
617011633 -22845689 -43487235 592213236 3788153353 617009007
617011641 -22845653 -43485427 617011640 617011635
616724197 -22845617 -43489793 616724080 616724079
592213244 -22845488 -43488202 3016946151 592213239 616721571
617011635 -22845455 -43485674 617011632 3788153343 617011641
3016946151 -22845363 -43488366 592213244 592213246
3788082833 -22845230 -43481246 3788082850 3788082821
592213246 -22845217 -43488626 3016946151 592213251
3788153343 -22845101 -43485996 3788153353 617011642 617011635
616724079 -22845033 -43489547 592213251 616724038 616724197
617011642 -22844803 -43486265 3788153343 617011678 617009007
617011678 -22844733 -43486039 617011642 617011680
617011685 -22844724 -43485792 617011680 617011687
592213251 -22844717 -43489479 616724079 592213246 616724036 617013273
617011680 -22844704 -43485910 617011678 617011685
617009007 -22844674 -43486382 617011633 3787844668 617011642
616724036 -22844605 -43489680 592213251 616724035 592213255
3788082821 -22844604 -43481529 3788082833 3788082817
592213255 -22844549 -43489779 616724036 592213256
3788082817 -22844539 -43481532 3788082821 3788082816
3788082816 -22844493 -43481499 3788082817 3787844682
3787844669 -22844351 -43482197 3787844668 617011687 3787844670
3787844670 -22843843 -43481651 3787844671 3787844669
3787844668 -22843250 -43485150 617009007 617013127 3787844669
617013127 -22843073 -43484997 3787844668 617013093
617013093 -22842973 -43484911 617009008 617013127
3787844682 -22842867 -43480293 3787844677 3788082816
3787844671 -22842774 -43480996 3787844672 3787844670
617013273 -22842054 -43488807 592213251 617013271
617013271 -22841925 -43488775 617013273 617013556
3787844672 -22841529 -43480120 3787844671 3787844673
3787844673 -22841513 -43480051 3787844672 3787844674
617013653 -22840691 -43487176 617013556
617009008 -22840383 -43482670 617013093 617009009
617013556 -22840275 -43488332 617013325 617013653 617013271
617013325 -22840205 -43488313 617013556
