1542850074 -22879398 -43640722 1542850109 1542850106
1542850106 -22879240 -43641601 1542850074 1542849978
1542849978 -22878825 -43642631 1542850106 1542850023
3750028721 -22878798 -43647875 2615827524 2615827523
1542849984 -22878647 -43646408 1542850361 1542850398
1542850361 -22878588 -43646193 1542849895 1542849984
1542850398 -22878291 -43648167 1542849984 1542850424
1542850424 -22878232 -43648661 1542850418 1542850398
1542850023 -22878142 -43644051 1542849895 1542849978
1542849895 -22878122 -43644373 1542850023 1542850361
2615827523 -22876633 -43647789 3750028721 2615827527
2615827527 -22875663 -43647635 2615827522 2615827523
2615827522 -22875151 -43647668 2615827521 2615827527
2615827521 -22874752 -43647825 2615827520 2615827522
2615827520 -22874340 -43648068 2615827526 2615827521
2615827526 -22873663 -43648701 2615827525 2615827520
2615827525 -22873189 -43649216 2615827526 2615827519
2615818727 -22870349 -43646383 2615825400
2615825400 -22870191 -43647134 2615829740 2615818727
