1796564015 -22919973 -43193931 525160640
1796563977 -22919969 -43193629 1796564027
525160640 -22919929 -43193906 1796564016
1796564027 -22919920 -43193667 525160641
1796564016 -22919887 -43193869 525160641
1796564052 -22919883 -43194143 153834345
1071737609 -22919863 -43190673 1071737606 3377366113
498703548 -22919861 -43196265 498703549
525160641 -22919844 -43193770 1796564025 1796563989
1796564025 -22919832 -43193809 1796564042
1796563989 -22919827 -43193707 525160641 1796564045
549225791 -22919826 -43193325 549225939 549225787
1796564042 -22919815 -43193856 1796564011
153837674 -22919804 -43194305 3487887803 1796563983
1796564045 -22919789 -43193568 1796563989 549225787
525160710 -22919780 -43194572 1796564008 2013516318
549225787 -22919770 -43193439 2014252486 1796564045 549225791
1071737606 -22919765 -43190986 1071737609 3377366112
1796564011 -22919760 -43193946 525160643
1796564019 -22919719 -43194335 153837674
153834345 -22919679 -43194244 153834347
525160643 -22919674 -43194016 186052085
3377366112 -22919670 -43191277 1071737620 1071737606
1796564008 -22919669 -43194346 525160712
1796563991 -22919618 -43192723 1796564041 1796564032
1796564041 -22919613 -43192756 1796563986 1796563991
525160712 -22919605 -43194255 1796564018
186052085 -22919603 -43194056 1796563990
1796564032 -22919589 -43192684 1796564017 1796563991
153837672 -22919571 -43194393 1796564019
1796564017 -22919571 -43192683 2283565742 1796564032
1796564018 -22919556 -43194209 1796564037
1071737620 -22919548 -43191562 2283565748 3377366112
153834347 -22919535 -43194310 1796576489
2014252486 -22919514 -43193440 1796563981 549225787
1796564037 -22919509 -43194186 1796563976
2283565748 -22919497 -43191827 2014252483 2283565747 1071737620
1796563976 -22919459 -43194176 1796563999
3377366111 -22919456 -43190667 549225959 549225960
549225960 -22919449 -43190710 549225961 3377366111
549225959 -22919434 -43190646 3377366111 3377366109
2653080908 -22919434 -43195863 498703548
3819077749 -22919422 -43198293 3819077748
2014252483 -22919422 -43192214 2283565738 2283565748
3377366110 -22919414 -43190356 1768236809 3377366107
549225961 -22919410 -43190803 549225963 549225960
3377366109 -22919401 -43190672 549225959 549225957
2013516334 -22919394 -43195634 2013516322 2013516318
549225957 -22919356 -43190738 549225955 3377366109
549225963 -22919328 -43190960 549225961 549225964
549225955 -22919286 -43190805 549225957 549225954
1796563999 -22919281 -43194197 186052086
2283565747 -22919266 -43192213 2283565748 2283565740
1796563990 -22919262 -43194168 186052086
549225964 -22919256 -43191149 549225963 3377366108
3819077748 -22919251 -43198119 3819077747 3819077749
2283565745 -22919226 -43191830 2283565746 2283565743
1796563981 -22919222 -43193357 1796563986 2014252486
549225954 -22919219 -43190813 549225955 332237224
2283565746 -22919213 -43191876 1071737619 2283565745
3819077755 -22919209 -43198650 3819077754
3377366108 -22919206 -43191332 549225952 549225964
1796563986 -22919202 -43193319 1796563981 1796564041
2283565743 -22919201 -43191787 2283565745 2283565741
3377366107 -22919186 -43190665 3377366110 332237224
1071737619 -22919184 -43191978 2283565734 2283565746
2283565742 -22919181 -43192958 1796564017 2014252484
549225952 -22919180 -43191507 3377366106 3377366108
2013516318 -22919161 -43194751 525160710 2013516334
3377366106 -22919160 -43191590 549225952 549225953
2283565741 -22919149 -43191792 549225951 2283565743
2283565740 -22919147 -43192336 2283565747 2283565739
332237224 -22919140 -43190696 3377366107 3377366105 549225954
2283565739 -22919127 -43192347 2283565740 2283565737
3377366105 -22919117 -43190700 332237224 3377366104
2283565738 -22919114 -43192898 2014252484 2014252483
549225953 -22919112 -43191682 549225951 3377366106
2283565737 -22919107 -43192343 2283565735 2283565739
498703547 -22919104 -43195663 2653080908
2014252484 -22919102 -43192974 2283565742 2283565738 2014252487
3819077747 -22919101 -43198014 3819077746 3819077748
2283565735 -22919092 -43192322 2283565734 2283565737
3819077754 -22919091 -43198371 3819077753 3819077755
153837670 -22919089 -43194517 153837672
1796576489 -22919088 -43194416 1796576492
2283565734 -22919086 -43192285 2283565735 1071737619
186052086 -22919082 -43194234 186052087
3377366104 -22919054 -43190698 3377366105 332237225
549225951 -22919032 -43191844 2283565733 2283565741 549225953
2283565733 -22918978 -43191890 549225951 2283565732
332237225 -22918959 -43190665 549225996 498698559 3377366104
186052087 -22918914 -43194265 1796564000
2283565732 -22918894 -43191916 2283565733 549225984
3819077746 -22918878 -43197905 3819077750 3819077747
3819077753 -22918876 -43198122 3819077752 3819077754
549225996 -22918852 -43191108 549225982 332237225
549225984 -22918852 -43191920 2283565729 2283565732 3377366103
153837668 -22918852 -43194537 153837670
2283565729 -22918850 -43191884 2283565726 549225984
1796576492 -22918836 -43194438 1796576473
2014252487 -22918833 -43193082 2014252484 2014252485
549225982 -22918721 -43191571 549225996 549225983
2283565726 -22918691 -43191844 549225983 2283565729
498698559 -22918689 -43190576 498698563 332237225 3377361886
3377366103 -22918682 -43191941 2283565723 549225984
549225983 -22918679 -43191810 549225982 2283565726
1796564000 -22918669 -43194284 1796576451
2013502224 -22918642 -43195365 498703547
3819077752 -22918584 -43197851 3819077751 3819077753
3819077750 -22918559 -43197695 3819077745 3819077746 3819077859
3819077859 -22918553 -43197768 3819077750 3819077751 3819077858
3819077751 -22918550 -43197800 3819077752 3819077859
2283565725 -22918517 -43191423 3377361888 3377361889
3377361889 -22918509 -43191325 2283565725 2283565724
1796576451 -22918499 -43194283 1796576444
3819077858 -22918490 -43197778 3819077857 3819077859
1796576478 -22918489 -43194599 153837668
3819077863 -22918488 -43199879 498706753 3819077864
2283565724 -22918486 -43191233 3377361887 3377361889
3377361888 -22918479 -43191533 2283565725 2283565722
3819077745 -22918478 -43197642 3819077750 3819077744
3377361887 -22918456 -43191158 2283565724 2283565721
498706754 -22918451 -43199207 498706753 498706756
3819077857 -22918441 -43197829 3819077756 3819077858
498706756 -22918427 -43199096 498706754 498706757
2013502229 -22918425 -43195236 2013502224
2283565723 -22918420 -43191945 3377366103 2283565722
3377361886 -22918420 -43190486 498698559 480094452
2283565722 -22918417 -43191698 2283565723 3377361888
2283565721 -22918385 -43191093 3377361887 3377361884
498706757 -22918374 -43199066 498706756 498706758
1796576473 -22918358 -43194407 1796576475
1796576429 -22918333 -43194495 153837668
498706753 -22918332 -43199791 3819077862 498706754 3819077863
3377361884 -22918311 -43191051 2283565721 3377361882
3819077862 -22918283 -43199820 498706753 498706751
498706758 -22918277 -43199147 498706757 498706759
549225990 -22918277 -43191290 549225966 3377361883
525160714 -22918251 -43194597 1796576478
498706767 -22918245 -43197902 3819077756 498706768
3377361883 -22918244 -43191175 549225990 1071737618
3819077756 -22918238 -43197927 498706767 3819077857 498706766
1796576444 -22918216 -43194255 1796576486
549225966 -22918216 -43191503 549225990 549225988
498706766 -22918206 -43198040 3819077756 498706765
2014252485 -22918199 -43193107 549225826 2014252487
3377361882 -22918199 -43191030 3377361884 1071737618
3819077744 -22918199 -43197446 3819077745 3819077743
498706759 -22918198 -43199267 498706758 3819077741
498706768 -22918190 -43197765 498706767 3819077742
1071737618 -22918168 -43191099 2283565720 3377361882 3377361883
3819077741 -22918137 -43199313 498706759 498706760
498706751 -22918134 -43199791 3819077862 498706750
1796587983 -22918131 -43194584 525160714
3819077743 -22918117 -43197427 3819077742 3819077744
498706760 -22918095 -43199319 3819077741 498706761
498703544 -22918091 -43195021 2013502229
2283565720 -22918087 -43191298 525160689 1071737618
549225988 -22918050 -43191992 549225987 549225966
498706761 -22918008 -43199138 498706760 498706762
498706765 -22918008 -43198272 3819077860 498706766
3819077742 -22917995 -43197479 498706768 498706770 3819077743
1796576486 -22917991 -43194218 2506823422 1796576469 1796576506
3819077860 -22917922 -43198390 498706763 498706765
525160689 -22917917 -43191643 2283565720 525160690
498706763 -22917889 -43198503 3819077861 3819077860
498706762 -22917881 -43198829 498706761 3819077861
3819077861 -22917880 -43198639 498706762 498706763
549225826 -22917845 -43193121 3377361881 2014252485 3377361878
3377361881 -22917833 -43193051 549225826 3377361880
549225987 -22917830 -43192594 3377361880 549225988
549229565 -22917800 -43194789 498703544
1796576469 -22917735 -43194109 2506823423
2506823423 -22917721 -43194103 1796576477
2506823422 -22917715 -43194143 1796576447
3377361880 -22917714 -43193001 3377361881 549225987
1796587999 -22917713 -43194730 549229565
498706770 -22917700 -43197048 3819077742 498706700
3026245112 -22917674 -43194707 1796587999
1796576477 -22917652 -43194073 1796576495
525160690 -22917637 -43192169 525160689 3377361879
498706750 -22917613 -43199619 3819077914 498706751
1796576447 -22917607 -43194113 525160700
498703543 -22917596 -43194660 3026245112
1796576495 -22917587 -43194034 1796576467
3377361879 -22917566 -43192324 525160691 525160690
1796576467 -22917540 -43193994 1796576436
3377361878 -22917538 -43193134 549225826 2014252488
2014252482 -22917521 -43192922 2014252488 525160693
2014252488 -22917502 -43193091 3377361878 2014252482
525160691 -22917501 -43192525 3377361879 525160693
1796588030 -22917479 -43194606 498703543
1796576436 -22917460 -43193885 525160695
525160693 -22917451 -43192894 525160691 549225997 2014252482
525160695 -22917421 -43193810 1796576498 1796576449
1796576449 -22917420 -43193870 525160699
525160699 -22917408 -43193921 1796576446
3819077914 -22917395 -43199516 498706748 498706750
549225997 -22917388 -43193133 525160693 525160694
1796576446 -22917378 -43193970 1796576452
1796576498 -22917354 -43193523 525160694 525160695
525160694 -22917344 -43193415 1796576498 549225997
1796576452 -22917342 -43193995 1796576504
480094452 -22917310 -43190118 480094457 3377361886
1796576504 -22917300 -43194012 525160700
498706748 -22917249 -43199447 498706747 3819077914
525160700 -22917241 -43194021 186056246
480094457 -22917239 -43190126 549226007 480094452
1796576506 -22917158 -43194125 1796576475
1796587990 -22917141 -43194487 1796588030
1796587971 -22917128 -43194423 1796587983
549226007 -22917068 -43190358 480094457 1768240246 549226012
498706703 -22917056 -43195895 498706705
498706747 -22917012 -43199276 498706746 498706748
1796587984 -22917012 -43194712 1796587994
1796587994 -22917011 -43194786 1796587998
498706705 -22916997 -43195133 549229565
1796587998 -22916994 -43194863 496161824
496161820 -22916982 -43194584 1796587984
496161824 -22916963 -43194947 496161826
1796588033 -22916945 -43194525 496161820
496161826 -22916923 -43195025 496161829
1796587970 -22916897 -43194471 1796588033
498706700 -22916875 -43197136 498706770 496161849 498706773
498706701 -22916854 -43196066 498706703
1796576475 -22916833 -43194114 1796576461
1796576431 -22916831 -43194199 1796576429
498706746 -22916798 -43199096 498706745 498706747
496161829 -22916793 -43195190 498706705 3819077739
496161849 -22916785 -43196182 498706701
496161818 -22916778 -43194402 1796587990 1796587970 1796587971
549226004 -22916749 -43190338 549226002 549226005
549226005 -22916748 -43190276 549226004 549226006
549226006 -22916722 -43190169 549226005 549226008
498706745 -22916719 -43199156 498706744 498706746
498706742 -22916719 -43198658 498706740 498706743
549226002 -22916711 -43190367 549226004 549226000
332238285 -22916698 -43193317 332238273
498706775 -22916677 -43197860 498706773
498706744 -22916672 -43199138 498706745 498706743 3819077890
498706743 -22916664 -43199070 498706742 498706744
498706740 -22916656 -43198632 498706742 498706738
549226000 -22916651 -43190319 549226002 549225999
3819077890 -22916628 -43199251 3819077889 498706744
3819077889 -22916586 -43199291 3819077888 3819077890
549225999 -22916538 -43190143 3377358937 549226000
525158953 -22916530 -43194394 496161818
3819077888 -22916517 -43199291 3819077891 3819077889
1796576461 -22916514 -43194070 1796576426
153837664 -22916500 -43194164 1796576431
186056246 -22916494 -43193896 1796588002 1796587975
498706773 -22916474 -43197189 498706775 498706700
498706738 -22916465 -43198658 3819077886 498706740
1768240261 -22916434 -43191632 1768240234 1768240273
1768240273 -22916430 -43191679 1768240238 1768240261
1768240234 -22916420 -43191587 1768240246 1768240261
3377358937 -22916420 -43190029 448811984 549225999
1768240238 -22916412 -43191715 1768240242 1768240273
1768240242 -22916392 -43191736 1768240250 1768240238
496161848 -22916382 -43196251 496161849
1768240246 -22916378 -43191544 549226007 1768240234 1768240245
1768240250 -22916362 -43191753 1768240263 1768240242
1768240245 -22916340 -43191531 1768240246 332237228 1768240271
1796588013 -22916324 -43194404 525158953
1768240263 -22916323 -43191758 1768240269 1768240250 480094572
3819077886 -22916307 -43198741 3819077902 498706738
1768240271 -22916298 -43191536 1768240245 1768240267
1768240269 -22916269 -43191738 1768240263 1768240253
1768240267 -22916263 -43191557 1768240255 1768240271
3819077739 -22916262 -43195423 3819077740 496161829 2013543460
1768240255 -22916246 -43191576 1768240267 1768240265
1768240253 -22916245 -43191712 1768240269 1768240236
498706733 -22916233 -43196310 496161848 498706773
1768240236 -22916228 -43191672 498697978 1768240265 1768240253
1768240265 -22916228 -43191617 1768240255 1768240236
3819077902 -22916227 -43198798 3819077886 3819077901 3819077887
3819077901 -22916225 -43198841 3819077902 3819077891
1796576426 -22916225 -43194073 1796576493
332238273 -22916224 -43193240 332238285 1796576484 480094572
1796576459 -22916216 -43194168 153837664
480094572 -22916211 -43192692 332238273 1768240263
448811971 -22916199 -43190394 448811970 3377358933
3377358933 -22916175 -43190304 448811971 448811972
448811970 -22916172 -43190496 448811969 448811971
3819077891 -22916149 -43198998 3819077901 3819077892 3819077887 3819077888
1796587991 -22916131 -43194437 1796588013
448811969 -22916084 -43190574 448811968 448811970
1796587975 -22916062 -43193749 186054664
3819077887 -22916054 -43198922 498706737 3819077902 3819077891
498706737 -22916039 -43198932 2917568244 3819077887
448811972 -22916026 -43190041 3377358933 3377358931
153837663 -22916024 -43194191 1796576459
1796576493 -22916021 -43194099 1796576487
448811968 -22916003 -43190572 448811967 448811969
3819077892 -22915983 -43199262 3819077897 3819077891
1796588016 -22915951 -43194487 1796587991
3819077897 -22915941 -43199379 3819077892 3819077893
3819077740 -22915918 -43194500 3819077739 1796588016
3819077893 -22915901 -43199492 3819077897 3819077894
3819077895 -22915879 -43199804 3819077894 3819077896
3819077894 -22915857 -43199766 3819077893 3819077895
525158950 -22915836 -43194532 3819077740
498697978 -22915834 -43191766 498697979 1768240236
448811967 -22915827 -43190500 448811966 448811968
1796576488 -22915814 -43194241 153837663
1796588002 -22915798 -43193809 186057339
1796576487 -22915791 -43194158 1796576507
448811962 -22915746 -43190204 3377358930 448811963
3377358930 -22915732 -43190126 448811961 448811962
1796576484 -22915727 -43193125 332238273 332238286
186057339 -22915711 -43193815 1796587989
448811963 -22915667 -43190216 3377358927 448811962
186054664 -22915647 -43193649 1796587976 332238287
332238286 -22915634 -43193115 1796576484 1796576474
2013543460 -22915619 -43195705 2013543457 3819077739 496161832
1796576455 -22915606 -43194326 1796576488
1796576474 -22915582 -43193143 332238286 332238287
1796576507 -22915575 -43194243 1796576457
1796587976 -22915574 -43193643 1796588015
332238287 -22915553 -43193251 1796576474 186054664 1796576458
498697979 -22915549 -43191851 498697978 498698003
498695865 -22915533 -43192323 498698003 332238290
498698003 -22915518 -43191989 498697979 498695865
1796587989 -22915513 -43193853 186057340
1796588015 -22915479 -43193661 1796587980
496161832 -22915465 -43195770 2013593389 2013543460
3377358927 -22915428 -43190154 448811964 448811963
1796587992 -22915425 -43194700 525158950
1796587980 -22915416 -43193682 186054665
448811966 -22915416 -43190275 448811965 448811967
186057340 -22915415 -43193883 1796588022
186054665 -22915373 -43193707 1796588021
448811964 -22915358 -43190170 3377358927 448811965
448811965 -22915353 -43190221 448811964 448811966
2013543457 -22915319 -43194844 2013543460
332238289 -22915314 -43192725 1796576466 332238290
2013593388 -22915294 -43196676 2013593389 498706733
186057346 -22915290 -43194693 1796587992
1796588022 -22915284 -43193939 1796587978
1796587978 -22915206 -43193982 186057341
1796587982 -22915199 -43194672 186057346
186057345 -22915158 -43194658 1796587982
186057341 -22915099 -43194062 1796587973 1796587993
2013593389 -22915083 -43195915 2013593388 496161832 2013540104
1796576458 -22915079 -43193417 332238288 332238287
1796588004 -22915077 -43194607 186057345
2917568244 -22915075 -43199773 498706737
1796587993 -22915051 -43194101 1796587967
1796587973 -22915048 -43194143 1796588014
332238290 -22915042 -43192633 498695865 332238289 498695867
1796587997 -22915042 -43194562 1796588004
1796576466 -22915041 -43193331 332238289 1796576453
332238288 -22915038 -43193412 1796576458 1796576453
1796576453 -22915030 -43193370 332238288 1796576466
1796588014 -22915011 -43194218 1796588025
1796587967 -22915006 -43194147 1796587969
1796588025 -22914995 -43194274 186057342
1796588024 -22914992 -43194457 1796587997
186057342 -22914986 -43194339 1796588024
1796587969 -22914928 -43194252 1796588032
2013540104 -22914911 -43195981 2013540105 2013593389 496161839
496161839 -22914856 -43196002 496161842 2013540104
332237228 -22914816 -43190639 1768240245 498697980
2013540105 -22914628 -43195134 2013540104
1796588032 -22914599 -43194852 1796587981
1796587981 -22914555 -43194908 1796588023
2446724823 -22914515 -43198309 525159310
525159305 -22914511 -43198436 2446724823
1796588023 -22914504 -43194951 186060893
496161842 -22914492 -43196079 496161839 331658639
331658859 -22914490 -43198579 2446724818 525159305
525159310 -22914473 -43197873 331658638
2446724818 -22914446 -43198622 2446674368 331658859
186060893 -22914431 -43194998 1796588011
498697980 -22914417 -43191158 498697979 498697986 332237228
2446674368 -22914400 -43198649 2446724818 2446673353
498697986 -22914396 -43191186 498697980 332238171
1796588021 -22914364 -43194430 1796588008
331658809 -22914342 -43199385 331658859
2446673353 -22914336 -43198672 2446674368 331658858
331658638 -22914308 -43197060 2446671632 2013593388
498695867 -22914292 -43193173 332238290 498695869
525158947 -22914288 -43195138 1796587992
1796588011 -22914283 -43195055 1796587968
331658636 -22914276 -43199693 331658809
2446674373 -22914246 -43199437 331658809
2446671632 -22914244 -43196700 436343509
1796587974 -22914233 -43195169 525158947
1796587968 -22914226 -43195059 186060894
1796588008 -22914221 -43194520 186054666
525158943 -22914193 -43195199 1796587974
331658858 -22914180 -43198698 2446673353 498713917
436343509 -22914177 -43196328 331658639 436344700
1796588009 -22914164 -43195233 525158943
186060894 -22914161 -43195052 1796588029
1796588007 -22914143 -43195272 1796588009
331658639 -22914143 -43196138 436342161 496161842
1672517251 -22914136 -43199457 2446674373
525158940 -22914116 -43195331 1796588007
1796594174 -22914093 -43195471 525158940
1796576480 -22914089 -43194905 1796576455
436344700 -22914085 -43196351 436342582 436343509
186054666 -22914080 -43194585 1796588020
1796576457 -22914061 -43194810 1796576440
436342161 -22914060 -43195674 525158874 1796594174 2446724822 1039035870
1796588029 -22914044 -43195012 1796587988
2446724822 -22914028 -43195375 2446724817
2446724817 -22914009 -43195237 1796587985
1796587988 -22914009 -43194988 1796588005
525158874 -22913978 -43195560 1796594194
1796588005 -22913968 -43194947 1796587985
1039035870 -22913959 -43195698 436342161 436342292
1796594194 -22913924 -43195504 525158877
1796587985 -22913923 -43194867 331658442
331658442 -22913907 -43194796 331658398
1671316135 -22913880 -43190282 332235605
1671316185 -22913833 -43190242 1671316135
1671316109 -22913792 -43190185 1671316107 1671316185
1671316107 -22913785 -43190246 1671316180
332236201 -22913772 -43190416 1671316138 1671316135
525158877 -22913768 -43195389 1796594205
1671316180 -22913763 -43190285 1671316127
436342582 -22913735 -43196435 1796588034 436344700
1671316127 -22913732 -43190314 1671316098
1671316138 -22913718 -43190361 1671316098
2451274019 -22913716 -43190040 1671316109
1796594205 -22913702 -43195360 1796594202
498695869 -22913691 -43193920 1796594203 498695867
1796594206 -22913690 -43194368 1796594179
1796588020 -22913683 -43194761 1796588017
1796588034 -22913667 -43196433 436342582 1796588018
1671316098 -22913660 -43190333 1671316091
436342292 -22913637 -43195773 1039035870 1796587972
1796588018 -22913632 -43196424 1796588034 1482081396
1796594202 -22913631 -43195341 1796594182
1796588017 -22913631 -43194772 186054668
1482081396 -22913597 -43196408 1796588012 1796588018
1671316091 -22913586 -43190312 331658399
1796594203 -22913578 -43194089 1796594196 498695869
186054668 -22913572 -43194766 1796594200
1796588012 -22913567 -43196377 1482081392 1482081396
1796587972 -22913566 -43195806 1482081391 436342292
1796594182 -22913549 -43195329 1796594193
1482081392 -22913544 -43196336 331659006 1796588012
1796594196 -22913532 -43194108 1796594203 1796594181
1482081391 -22913524 -43195847 1796588028 1796587972
331659006 -22913511 -43196190 1482081393 2283565687 1482081392
1796588028 -22913492 -43195885 1482081391 1796588019
1796594181 -22913489 -43194091 1796594196 1796594179
1482081393 -22913480 -43196053 331659006 1796588019
1796588019 -22913475 -43195934 1796588028 1482081393
1796594193 -22913414 -43195343 525158885
1796594179 -22913337 -43193986 1796594181 332238171 1796594206
1796594200 -22913259 -43194702 186054669
331658398 -22913213 -43191834 448811947
186054669 -22913205 -43194690 1796594188 498697990
498713918 -22913177 -43199434 1672517251 498713917 498713921
498713917 -22913169 -43198758 331658858 331658857 498713918 331658891
331658891 -22913156 -43198231 331658909 331658889 498713917
331658909 -22913143 -43197728 498713808 331658908 331658891
1796594188 -22913143 -43194701 1796594172
498713808 -22913128 -43197103 331658909 2446667868
448811947 -22913111 -43191496 331658359
1796594172 -22913097 -43194721 1796594186
1796594186 -22913058 -43194751 1796594197
331658359 -22913042 -43191306 332236201 448811948
525158885 -22913030 -43195482 1796594187
2446667868 -22912978 -43197134 498713808 2446667870
1671316159 -22912978 -43191192 448811948
448811948 -22912972 -43191114 331658399
1671316149 -22912963 -43191248 1671316159
448811956 -22912947 -43191444 331658359
1796594187 -22912920 -43195496 1796594198
1671316069 -22912910 -43191351 1671316149
1796594198 -22912872 -43195490 1796594192
1796594197 -22912841 -43194969 1796594195
2446667870 -22912837 -43197182 498713807 2446667868
1796594192 -22912827 -43195472 1796594176
1796594195 -22912768 -43195025 498695870
332238171 -22912708 -43193378 498697986 332237229 1796594179
498695870 -22912678 -43195066 1796594191
331658399 -22912617 -43190192 3071213637
448811955 -22912534 -43191981 1671316069 448811956
1796594191 -22912527 -43195113 525158854
450799248 -22912513 -43190285 331658399
1796594176 -22912425 -43195277 1796594189
331658808 -22912382 -43199378 498713918 331658754
1796594189 -22912362 -43195253 1796594184
331658857 -22912263 -43198785 476497952 331658808 498713917
1796594184 -22912243 -43195223 525158854
498697990 -22912213 -43194546 332237230 186054669
331658889 -22912205 -43198300 331658857 2135486131 331658891
331658908 -22912129 -43197896 331658889 331658909
525158854 -22912109 -43195207 498695876
332237230 -22912065 -43194485 332237229 498697990
498713807 -22912054 -43197496 2135486132 331658908 2446667870
332236481 -22912030 -43192721 448816572 448811955
332237229 -22912002 -43194296 332237230 332238171
2135486131 -22911991 -43198318 331658889 2135486132 498713802
436335255 -22911960 -43196995 498713807
2135486132 -22911940 -43197542 2135486131 498713807 2446667867
1671324650 -22911924 -43192915 332236481
2283565687 -22911895 -43196644 331659006 436335255 2013523005
498695876 -22911883 -43195255 3708646525 1796594175
1796594175 -22911832 -43195299 3708636126
2446674371 -22911816 -43199357 331658808
525159056 -22911811 -43196307 2283565687
331658358 -22911805 -43193045 1671324650
3708636126 -22911783 -43195346 1796594178
1796594178 -22911755 -43195385 525158906
3708646525 -22911742 -43195280 3708636127
1796603187 -22911735 -43196188 525159056
525158906 -22911722 -43195461 525158911
498713802 -22911706 -43198342 2446671178 436321586 2135486131
525158911 -22911704 -43195626 525159056
3708636127 -22911702 -43195288 498695878
2446667867 -22911702 -43197637 2135486132 498713803
2446674374 -22911678 -43199354 2446674371
498713803 -22911664 -43197665 2446671178 2446667867
2446671178 -22911650 -43197700 498713802 498713803
498695878 -22911643 -43195299 525158911 1796594177
1671324652 -22911639 -43193187 331658358
3708606827 -22911625 -43195197 498695878
1796603206 -22911613 -43196094 1796603187
3708606826 -22911611 -43195113 3708606827
1796603185 -22911602 -43195813 525159094
1796603180 -22911596 -43195904 1796603185
525159094 -22911575 -43195750 1796603163
331658806 -22911558 -43199378 2446674374
525159091 -22911552 -43195959 1796603180
1796603163 -22911543 -43195704 1796603182
3708635926 -22911533 -43194689 305084886 3708606826
1796594177 -22911512 -43195315 1796594185
3638077986 -22911505 -43191066 450799248
525159079 -22911500 -43196005 525159091
1796603190 -22911493 -43196055 1796603206
1796576483 -22911465 -43195900 1796576480
3638077985 -22911462 -43190886 332236299
3638077984 -22911451 -43191113 3638077986
1796603182 -22911450 -43195628 525159100
1796576440 -22911443 -43195822 153834358
448816572 -22911429 -43191397 3638077983
3638077983 -22911403 -43191291 332236299
332236299 -22911396 -43191197 529727381 3638077984
525159100 -22911380 -43195595 1796603200
525159047 -22911372 -43196051 525159079 1796603190
1796594185 -22911356 -43195369 525158862
305084886 -22911329 -43193521 3708635926 331658357
448816571 -22911322 -43191053 332236299
331658357 -22911301 -43193449 1671324652 305084886
448816573 -22911266 -43191218 332236299
1796603200 -22911249 -43195573 525158862
3708636128 -22911246 -43193355 331658357
3708606828 -22911218 -43193505 331658357
3708636026 -22911212 -43193304 3708636128
2135463876 -22911186 -43197413 436321586
3708636027 -22911161 -43193541 3708606828
529727381 -22911096 -43192827 3741757281
2013523005 -22911095 -43196868 331659007 2283565687
3741757281 -22911081 -43192869 332236964
525158862 -22911021 -43195607 525159104
332236964 -22911006 -43192956 496161784 3708636026
476497953 -22910959 -43199606 331658806 331658752 476497952
3708646625 -22910944 -43192865 332236964
332236565 -22910938 -43190222 448816571
1796603205 -22910922 -43196075 1796576483
3638077981 -22910903 -43192799 3708646625
153834358 -22910902 -43195987 525159104 3487887804
476497952 -22910838 -43198860 2446679082 331658857 476497953
436321586 -22910808 -43198380 2446679083 1672517246 2135463876 498713802
2446679083 -22910783 -43198445 2446679082 436321586
2446679082 -22910774 -43198512 476497952 2446679083
305084873 -22910557 -43192194 3638077981
525159043 -22910359 -43196292 1796603205 525159047
3487887804 -22910317 -43196202 525159222
525159104 -22910270 -43196108 525159185
494550714 -22910225 -43194140 3708636027
305084872 -22910167 -43191520 448816573 305084873
496161783 -22909819 -43194353 496161784 494550714
525159176 -22909815 -43196497 525159043
305084871 -22909652 -43190697 305084872
2135485146 -22909584 -43199218 1672517246
3638077979 -22909566 -43190512 305084871
525159185 -22909565 -43196366 525159202 1796603166
3033933196 -22909494 -43190333 3638077979
494550715 -22909474 -43194535 496161783
496161784 -22909472 -43193503 3708646728
1796603166 -22909367 -43196481 525159222
1672517246 -22909305 -43198412 2446667869 436321586 2135485146
525159202 -22909272 -43196442 2099122666
2446667869 -22909271 -43198290 1672517242 1672517246 2135485142
3638077977 -22909241 -43191947 305084873
2135485142 -22909205 -43197996 2446667869
2446719386 -22909046 -43199690 3741766294
305084927 -22909040 -43191867 305084872 3638077977 3638077975
1796603170 -22908912 -43196856 525159176
525159222 -22908883 -43196778 1796603202
2099122666 -22908772 -43196530 496161780 525159205
3741766294 -22908730 -43198634 3741766293
3741766293 -22908711 -43198570 1672517242
1672517242 -22908690 -43198502 2446667869 3711839826
525159205 -22908678 -43196540 1796603197 1796603194
3741766292 -22908598 -43198536 1672517242
1796603194 -22908586 -43196577 1796603179
1796603199 -22908585 -43197026 1796603170
1796603202 -22908557 -43196944 161889868
3741766291 -22908553 -43198552 3741766292
1796603197 -22908551 -43196551 1796603173
3638077975 -22908549 -43191516 305084953
525159168 -22908544 -43197160 525159176
1796603179 -22908521 -43196615 525159208
3711839826 -22908499 -43197844 3711839925
1796603165 -22908496 -43197149 525159168
1796603175 -22908494 -43197196 525159168
3711839925 -22908485 -43197798 331659007
1796603171 -22908460 -43197240 1796603175
1796603183 -22908459 -43197125 1796603165
525159208 -22908447 -43196702 1796603177
331659007 -22908436 -43197615 525159166 2013523005 3711818026
525159214 -22908431 -43197096 1796603183
1796603160 -22908430 -43197309 1796603171
1796603193 -22908411 -43197381 1796603160
1796603184 -22908410 -43197055 525159214
1796603173 -22908403 -43196548 525159237
1796603177 -22908401 -43196825 1796603189
1796603204 -22908397 -43197005 1796603184
525159166 -22908397 -43197487 1796603193 525159245
1796603189 -22908392 -43196889 1796603204
2446719385 -22908342 -43199965 3711839825
3711818026 -22908338 -43197642 331659008 331659007
525159237 -22908320 -43196533 525159244
496161780 -22908314 -43195047 494550715 2099122666
3708646729 -22908285 -43194972 496161780
525159244 -22908195 -43196449 1796603201
1796603201 -22908139 -43196386 525159245
523431687 -22908054 -43199543 343094557
525159245 -22908006 -43196190 3708606830
3708646728 -22908002 -43194020 496161781
3708636031 -22907982 -43193951 3708646728
496161781 -22907952 -43194038 3708646725 3708646729
3711839825 -22907950 -43198771 343094277 3741766291
3708636030 -22907809 -43193379 3708636031
3708606830 -22907798 -43195503 3708635927
3708635927 -22907783 -43195449 331659101
343094277 -22907754 -43198142 2099123311
331659101 -22907738 -43195300 496161780 3708606627
2099123311 -22907737 -43198089 331659008
2134404877 -22907681 -43190051 3033933185 2134404898
331659008 -22907663 -43197831 148431542 3711818026
343094557 -22907622 -43198192 2099123308
3033933185 -22907610 -43190203 2134404888
2099123308 -22907607 -43198148 343094532
3708646725 -22907575 -43194172 3708636028
2134404898 -22907574 -43190117 3741757258
343094532 -22907549 -43197985 2262456937 148446284
3708636028 -22907514 -43194191 331659102
2099123316 -22907504 -43198917 343087594
343094632 -22907489 -43198872 2099123316
305084953 -22907479 -43190628 2134404836
2262456937 -22907465 -43198006 2262456925
3708606627 -22907462 -43194346 3708646726
3708646726 -22907449 -43194300 331659102
186064294 -22907429 -43199067 2365919117 186064310
331659102 -22907428 -43194220 3075917863 3075917862
3741757258 -22907426 -43190170 3741757257
2134404836 -22907415 -43190543 2134404888
2099123307 -22907394 -43198966 186064294
3075917862 -22907391 -43194232 529727423
343094647 -22907374 -43198908 2099123307
2134404888 -22907359 -43190447 3741757256
3741757257 -22907356 -43190195 305084954
2262456925 -22907322 -43198043 148448813
3741757256 -22907301 -43190286 305084954
3075917863 -22907293 -43193755 3708646727 3708636029
305084954 -22907279 -43190223 3033933184
3708646727 -22907239 -43193605 2363801809 3708636030
148448813 -22907236 -43198066 343094632
148431542 -22907167 -43196339 1445062323
161899436 -22907114 -43198691 1435993068
3033933184 -22907100 -43190288 494555692
148446284 -22907100 -43196557 148442381 146422286
1435993075 -22907098 -43198533 161899436
1435993068 -22907073 -43198858 161899438
161899435 -22907028 -43198374 1435993075
161894279 -22907010 -43197770 343094647
161899438 -22906988 -43198989 1435993070
3757036985 -22906938 -43198291 161899435
186064310 -22906865 -43199276 3757036980 186064294
2363801809 -22906859 -43192527 305084927
1435993070 -22906858 -43199074 1435993074
3757036982 -22906845 -43197513 161894279
161899434 -22906844 -43198240 3757036985
146422286 -22906811 -43195725 3033933183 2099123314
148442381 -22906792 -43196680 148446284 148448813
3757036980 -22906783 -43199297 186064308 186064310
1445062323 -22906768 -43195197 2099123309
1435993074 -22906754 -43199103 1435993061
3033933183 -22906733 -43195334 3033933182
161891241 -22906708 -43197731 1796603199
529727423 -22906691 -43194459 2099123317
186064308 -22906658 -43199292 3757036980 186064306
2099123317 -22906652 -43194471 529727341
1435993061 -22906618 -43199097 161899439
3033933182 -22906618 -43194955 2099123309
161889868 -22906609 -43197673 1796603172 161889870
1839915098 -22906597 -43196526 161894279
2099123309 -22906583 -43194734 529727341
1435993051 -22906557 -43195949 148442381
186064306 -22906531 -43199251 186064305 186064308
494555791 -22906516 -43192629 2363801809
161899439 -22906511 -43199059 161899441
529727341 -22906506 -43194520 343086530 529727397
3757036978 -22906504 -43196701 3757036982
2099123314 -22906470 -43194868 529727397
1435993056 -22906452 -43195561 1435993051
343086530 -22906448 -43194321 2099123312
1435993053 -22906441 -43196614 3757036978
2099123312 -22906427 -43194258 3708636029
3757036976 -22906424 -43197909 161891241
1435993049 -22906414 -43195950 1839915098
161899441 -22906408 -43198981 1435993069
3708636029 -22906382 -43194113 2363801815
529727397 -22906369 -43194594 529727340 343086534
1435993079 -22906353 -43196554 1435993053
186064305 -22906345 -43199131 3757036971 186064306
1796603172 -22906326 -43197700 161894269
1435993052 -22906323 -43197998 3757036976
1435993069 -22906320 -43198857 161899442
3757036973 -22906303 -43195608 3757036972
161899433 -22906300 -43198136 161899434
148453426 -22906297 -43195503 1435993049 3757036973
343086534 -22906293 -43194379 2099123310
3757036972 -22906283 -43195680 161899423
2099123310 -22906271 -43194316 3703752725
161899442 -22906250 -43198711 1435993063
1435993076 -22906245 -43198105 1435993052
3757036971 -22906241 -43199021 186064304 186064305
529727340 -22906234 -43194684 1435993056 529727339
161899423 -22906227 -43195792 161899425
3757036970 -22906224 -43196503 1435993079
1435993063 -22906206 -43198574 3757036967
161894269 -22906202 -43197688 161894271
3757036969 -22906194 -43198261 1435993076
3757036968 -22906186 -43198176 161899433
3757036967 -22906183 -43198399 3757036969
186064304 -22906166 -43198905 186065049 3757036971
2099123313 -22906136 -43194367 529727340
186065965 -22906132 -43198231 3757036968
343086586 -22906115 -43194302 2099123313
161894278 -22906110 -43196496 3757036970
161894271 -22906109 -43197661 1435993060
529727339 -22906101 -43194832 148453426
1435993064 -22906088 -43198306 186065965
186065049 -22906074 -43198668 3757036964 186064304
1435993046 -22906061 -43198420 1435993064
3757036964 -22906057 -43198552 1435993046
1435993073 -22906053 -43198050 161899433
1435993060 -22906037 -43197622 3757036963
3703752725 -22906011 -43193550 343090207
1435993078 -22905987 -43196516 161894278
2099123315 -22905981 -43194425 529727339
3703752825 -22905975 -43193877 343086586 3703752725
494555692 -22905970 -43190610 494555791 2363791330
186064302 -22905966 -43198362 186065049
3757036963 -22905964 -43197560 161894272
343087299 -22905960 -43194360 2099123315
3757036962 -22905957 -43197994 1435993073
2363801815 -22905934 -43192803 343090111 494555791
343090111 -22905904 -43192703 2363801816
161894272 -22905901 -43197497 331681912
1435993050 -22905894 -43197936 3757036962
161894276 -22905888 -43196562 1435993078
2363801816 -22905883 -43192640 343085870
331681912 -22905835 -43197397 161894274
331681914 -22905808 -43196648 161894276
161899425 -22905807 -43196365 1435993055
161899430 -22905800 -43197819 186064302 1435993050
161894274 -22905787 -43197279 331681913
3757036944 -22905745 -43196775 331681914
343090207 -22905745 -43192760 2363801813
331681913 -22905743 -43197121 161894275
2363801813 -22905724 -43192698 343085646
161894275 -22905724 -43196927 3757036944
1435993055 -22905677 -43196568 1435993071
1435993071 -22905613 -43196712 161899427
161899428 -22905609 -43197201 161899430
2363801808 -22905594 -43192745 3703752825
3757036930 -22905583 -43197042 161899428
161899427 -22905578 -43196883 3757036930
343091096 -22905572 -43192678 2363801808
2363770923 -22905514 -43193047 343087299
2363791330 -22905463 -43190759 305084837
2363801811 -22905438 -43192802 2363770923
343091344 -22905416 -43192734 2363801811
305084837 -22905402 -43190777 3670564817
3033933169 -22905397 -43192678 343091344
343085870 -22905364 -43191030 3670564817
3670564817 -22905294 -43190809 2644202604 305084857 3033933167
343085646 -22905239 -43191195 305084853
3033933167 -22905226 -43190882 305084853
305084857 -22905178 -43190742 2644202602
2644202604 -22905172 -43190436 3033933161
305084853 -22905156 -43190938 2644202602 305084854
3033933161 -22905147 -43190356 2370235716
2644202602 -22905084 -43190720 3033933158 3670564816
2370235716 -22905072 -43190052 2365904469
305084854 -22905050 -43191054 343091096 2363770897
3033933158 -22905007 -43190476 3033933156
343090059 -22904994 -43191434 3033933169
2363770897 -22904990 -43191146 3033933154
3033933156 -22904983 -43190398 343081469
3033933154 -22904968 -43191236 305084855
305084855 -22904962 -43191331 343090059
2202214926 -22904948 -43199962 2202214930
3670564816 -22904927 -43190685 2644202596 305084854
305084858 -22904845 -43190430 3670564816
2644202596 -22904835 -43190668 3670564815
3033933147 -22904823 -43190356 305084858
3670564815 -22904745 -43190652 305084855 3033933137
2644202594 -22904685 -43190457 3670564815
2365904535 -22904663 -43190391 2644202594
186753635 -22904575 -43198838 2283565522
3033933138 -22904538 -43190126 343083662
343083662 -22904522 -43190212 2363770887
2363770887 -22904493 -43190287 343083664
3033933137 -22904471 -43190597 3033933136
343083664 -22904452 -43190356 3033933135
3033933136 -22904402 -43190588 305084860
3033933135 -22904400 -43190407 3033933134
3033933134 -22904357 -43190433 3033933133
3033933133 -22904307 -43190442 3033931932
3033931932 -22904267 -43190437 343083665
343083665 -22904211 -43190429 3033931929
2283565522 -22904191 -43198945 186778771 2202214930 186783725 186753635
3033931929 -22904162 -43190441 305084860
186772359 -22904093 -43196641 496161709
305084860 -22904079 -43190498 2363791288 567653511
186772358 -22904069 -43196744 186772359
161889870 -22904067 -43198632 161889872
2363791288 -22904022 -43190315 305084860 2363791333
2363791333 -22904004 -43190266 2363791288 2363791259
567653511 -22903996 -43190510 305084860 1186090340
186783725 -22903944 -43199014 186783351 2283565522 186783724
1186090340 -22903869 -43190551 2363791336
186783350 -22903824 -43199929 186783351
186778771 -22903779 -43197279 186772358 2283565522
496161709 -22903758 -43195710 186777437 2091670329
2363791336 -22903710 -43190616 567653814
186777437 -22903682 -43195543 186777438
567653814 -22903665 -43190636 799917333
186783351 -22903612 -43199082 186783350 186783047 186783725
799917333 -22903611 -43190663 567653820
2202396456 -22903529 -43198892 161891241
186783046 -22903523 -43199807 186783047
161889872 -22903487 -43198819 2202396455
2091670329 -22903458 -43197037 496161707 2091670328 496161709
186783047 -22903360 -43199128 186753633 186783351 186783046
161891237 -22903350 -43198968 2202396456
496161706 -22903333 -43198147 186778771 496161707
186777438 -22903310 -43194418 451098708
2202396455 -22903296 -43198908 2202396458
186782632 -22903247 -43199723 186782633
186753633 -22903220 -43199167 186782633 186783047
496161707 -22903218 -43198096 496161706 2091670329
161891236 -22903193 -43199063 161891237
2202396458 -22903143 -43199009 2202459278
186782633 -22903136 -43199217 2202389378 186753633 186782632
451098708 -22903117 -43193748 186777441 2296508818
2296508818 -22903059 -43193694 2296508754 451098708
567653820 -22903012 -43190962 799917337
2091670328 -22902996 -43196891 2091670329 2091670333
2091670333 -22902956 -43196891 2091670328 2091670337
2091670337 -22902922 -43196907 2091670334 2091670333
2296508754 -22902919 -43193630 2296508818 2296508830
2202389378 -22902917 -43199393 186753632 186782633
161891234 -22902912 -43199299 161891236
2091670334 -22902892 -43196950 2091670338 2091670337
2296508830 -22902875 -43193623 2296508754 451098780
451098780 -22902830 -43193632 2296508811 2296508764 2296508830
2296508764 -22902828 -43193466 2296508825 451098780
2296508825 -22902812 -43193400 451098773 2296508764
2296508811 -22902788 -43193646 451098800 451098780
2091670338 -22902741 -43197846 2091670334 2091670325
799917337 -22902740 -43191175 567653822
2202459278 -22902731 -43199338 161889875
186753632 -22902724 -43199512 186753631 2202389378
567653822 -22902706 -43191198 567653730
2202389379 -22902661 -43199465 161891234 496161706
451098800 -22902654 -43193696 451098817 2296508811
2091670325 -22902618 -43198460 2091670338 2091670327
186777441 -22902606 -43191491 567653730
3649910643 -22902596 -43191232 567653730 1309677413
1309677413 -22902596 -43191065 1309677412 3649910643
161889875 -22902563 -43199423 161889877
451098817 -22902543 -43193737 451098834 451098800
567653730 -22902537 -43191352 186778098 451098768 3649910643
2202389375 -22902526 -43199754 186753631 186782137
186778098 -22902428 -43191215 186777442
186753631 -22902421 -43199663 2202389375 186753632 2202389377
451098834 -22902390 -43193795 451098832 451098843 451098817
2091670327 -22902383 -43199279 2091670325 2091670330
2091670330 -22902352 -43199335 2091670327 2091670335
2091670335 -22902312 -43199388 2091670332 2091670330
2296508802 -22902307 -43194053 2296508816 2296508820
2296508820 -22902294 -43193991 451098843 2296508802
2296508816 -22902294 -43194130 2296508828 2296508802
2091670332 -22902264 -43199427 2091670335 2091670326
451098843 -22902240 -43193903 2296508806 2296508820 2296508821 451098834
2296508828 -22902240 -43194313 2296508816
2091670326 -22902212 -43199456 2091670332 2091670331
2296508806 -22902201 -43193849 451098843 451098839
2091670331 -22902077 -43199493 2091670326 3819074237
2202389377 -22902051 -43199783 2202389376 186753631
2202389376 -22901940 -43199847 186735282 2202389377
3819074237 -22901916 -43199487 3819074238 2091670331
451098773 -22901879 -43191981 451098768 2296508825
186735282 -22901860 -43199920 2202389376 3837720282
2296508821 -22901819 -43194160 451098843
3819074238 -22901815 -43199422 3819074239 3819074237
451098768 -22901810 -43191875 451098832 451098773 2296508760
3819074239 -22901718 -43199310 3819074238 3819074240
161891231 -22901712 -43199869 2202389379
161889877 -22901695 -43199806 161889878
2202459310 -22901634 -43199578 2202459253 2202459299
2202459299 -22901619 -43199635 2202459310 2202459273
2202459253 -22901613 -43199490 2202459287 2202459310
2202459311 -22901603 -43199805 2202459268
2202459273 -22901592 -43199666 2202459299 2202459296
2202459296 -22901563 -43199676 2202459273 2202459305
2202459260 -22901536 -43198374 2202459288 3819074240
2202459288 -22901526 -43198272 2202459271 2202459260
2202459305 -22901516 -43199670 2202459283 2202459296
2202459287 -22901511 -43199332 2202459253 2202459292
2202459271 -22901496 -43198189 2202459288
161889878 -22901487 -43199962 161889880
2202459292 -22901486 -43199276 2202459256 2202459287
3819074240 -22901483 -43198975 3819074239 2202459256 2202459260
2202459256 -22901466 -43199170 3819074240 2202459292
451098832 -22901421 -43192266 451098834 451098839
2296508760 -22901265 -43191039 2296508822 305084806 451098768
2202459270 -22901175 -43199933 2202459266 2202459268
2202459283 -22901080 -43199455 3819074246 2202459305
3819074246 -22901060 -43199451 2202459283 2202459275
451098839 -22901035 -43192655 344372323 2296508776 2296508806
2202459275 -22901033 -43199446 3819074246 2202459281
2202459281 -22900985 -43199462 3819074241 2202459275 2202459307
2202459266 -22900979 -43199564 2202459307 2202459270
2202459307 -22900970 -43199507 2202459281 2202459266
3819074241 -22900935 -43199322 2202459281 3819074242
2296540770 -22900865 -43195763 2296540758
2202198745 -22900780 -43199371 451132018
2296508776 -22900755 -43192366 451098839
3819074242 -22900733 -43197881 3819074241
451132018 -22900697 -43199179 2202198808 2202198763
2202198763 -22900654 -43198923 451132018 2202198790
344372323 -22900646 -43193046 344372322
2202198790 -22900592 -43198769 451132015 2202198763
451132015 -22900438 -43198525 2202198759 2202198790
2296540758 -22900378 -43195146 2296540770 451131983
2202198808 -22900315 -43199480 2202198811
2202198759 -22900313 -43198405 451132011 451132015
451132011 -22900194 -43198326 2202198759 451132009
2296544786 -22900104 -43193764 2296544738 451131976
2296544738 -22900098 -43193820 2296544761 2296544786
451131976 -22900092 -43193532 2296544749 2296544767 2296544786
2202198811 -22900087 -43199659 2202198733
2296544767 -22900081 -43193474 451131974 451131976
2296544761 -22900072 -43193855 2296544738 451131978
451131974 -22900049 -43193445 451131972 2296544767
451131978 -22900033 -43193879 2296544761 2296544789
2296540764 -22900029 -43194629 2296544746 2296544765
2296544765 -22900022 -43194649 451131983 2296540764
2296544746 -22900021 -43194603 2296544774 2296540764
2296508822 -22900010 -43192139 2296508774 2296508760
