1763137306 -22799967 -43606534 1763137320 1763137235
1763137311 -22799962 -43602999 1763137199 1763137345 1763137332
1763137332 -22799823 -43602902 1763137227 1763137311
1763137199 -22799669 -43603390 1763137337 1763137311
1763137227 -22799635 -43602811 1763137344 1763137286 1763137325 1763137332
1763137255 -22799602 -43600057 1763137293
1763137277 -22799586 -43601534 1763137196 1763137301
1763137348 -22799527 -43602269 1763137234 1763137330
1763137235 -22799486 -43606389 1763138474 1763137306 1763151613
1763137234 -22799448 -43602457 1763137286 1763137348
1763137286 -22799309 -43602618 1763137196 1763137283 1763137234 1763137227
1763138486 -22799190 -43605733 1763138474 1763138469
1763137196 -22798932 -43602355 1763137277 1763137286 1763137304 1763137221
1763138474 -22798924 -43606076 1763151536 1763137235 1763138486
1763151613 -22798885 -43607646 1763151538 1763137235
1763137325 -22798847 -43603795 1763137329 1763137227
1763137337 -22798799 -43604501 1763137341 1763137199
1763137329 -22798690 -43603991 1763137285 1763137325
1763137283 -22798660 -43603427 1763137295 1763137286
1763137295 -22798620 -43603476 1763137318 1763137313 1763137283
1763137221 -22798608 -43602136 1763137335 1763137342 1763137196
1763137341 -22798586 -43604741 1763137337 1763137285 1763137316
1763137313 -22798553 -43603417 1763137295 1763137334
1763137316 -22798547 -43604785 1763137328 1763137341
1763137334 -22798472 -43603283 1763137313 1763137304
1763137328 -22798470 -43604893 1763137205 1763137203 1763137316
1763137205 -22798428 -43604951 1763137328 1763137201
1763137285 -22798398 -43604383 1763137329 1763137341 1763137318 1763137225
1763137203 -22798359 -43604911 1763137269 1763137328 1763137274
1763137304 -22798349 -43603170 1763137196 1763137346 1763137334
1763151538 -22798280 -43608884 1763151613
1763137274 -22798225 -43605027 1763137203 1763137201
1763137201 -22798205 -43605220 1763137276 1763137205 1763137274 1763137258
1763137258 -22798167 -43605112 1763137269 1763137305 1763137201
1763137269 -22798126 -43604951 1763137305 1763137203 1763137258 1763137225
1763137225 -22798122 -43604753 1763137285 1763137231 1763137269
1763137318 -22798107 -43604115 1763137250 1763137295 1763137285
1763137276 -22798087 -43605402 1763137260 1763137201
1763151536 -22798051 -43605590 1763137260 1763138474 1763151610
1763137260 -22798022 -43605574 1763137276 1763138480 1763151536
1763137305 -22798022 -43604995 1763137231 1763137269 1763137258
1763137231 -22797904 -43605045 1763137206 1763137305 1763137225
1763137346 -22797830 -43603809 1763137212 1763137304
1763138480 -22797729 -43605382 1763137206 1763137260
1763137206 -22797677 -43605348 1763137231 1763137250 1763138480
1763137212 -22797673 -43604021 1763137259 1763137346
1763151610 -22797612 -43606550 1763151546 1763151536
1763151546 -22797493 -43606888 1763151559 1763151610
1763151559 -22797460 -43607065 1763151546 1763151519
1763137335 -22797405 -43603659 1763137266 1763137221
1763151519 -22797370 -43607188 1763151584 1763151559
1763137250 -22797340 -43605161 1763137318 1763137206 1763137259
1763151584 -22797231 -43607392 1763151592 1763151519
1763137259 -22797017 -43604912 1763137212 1763137266 1763137250
1763151592 -22796925 -43608047 1763151599 1763151584
1763137266 -22796677 -43604651 1763137335 1763137259
1763151599 -22796573 -43608755 1763151592
