2205842315 -22.8503038 -43.7294778 2205842310 2205842417
2205842310 -22.8495301 -43.7287858 2205842377 2205842315
2205842377 -22.849058 -43.7283647 2205842495 2205842310
2205842495 -22.8483066 -43.7275547 2205842427 2205842377
2205842427 -22.8479136 -43.7271014 2205842495 2205842355
2205842355 -22.847355 -43.7263959 2205842427 2205842446
2205842446 -22.8464948 -43.7253472 2205842431 2205842355
2205842431 -22.8458324 -43.7245103 2205842465 2205842446
2205842465 -22.845165 -43.7236628 2205842492 2205842431
2205842492 -22.8444284 -43.7227642 2661743260 2205842465
2661743260 -22.8436784 -43.7218402 2205842492 2205842485
2205842485 -22.8433878 -43.7214821 2661743260 2205842449
2205842449 -22.8427228 -43.7206426 3049321839 2205842485
3049321839 -22.8425944 -43.7204825 2205842311 2205842449
1655083781 -22.8411555 -43.7201818 1655083776 1655083779
1655083776 -22.8411257 -43.7203432 1655083762 1655083781
1655083770 -22.84107 -43.7201899 1655083768 1655083758
1655083768 -22.8410514 -43.7200204 1655083756 1655083770
1655083762 -22.840977 -43.7204925 1655083725 1655083776
1655083758 -22.8409286 -43.720432 1655083770 1655083721
1655083725 -22.8402481 -43.7211826 1655083762
1655083721 -22.8401997 -43.7211059 1655083758
