3073450059 -22.9790249 -43.5292685 3073450057 3073450058
3073450058 -22.9790068 -43.5289343 3073450059
3073450057 -22.9789646 -43.5295897 3073450059 3073450045
3073450028 -22.9782651 -43.5285806 3073450027 3073450025
3073450027 -22.9782608 -43.5284137 3073450024 3073450028
3073450025 -22.9782267 -43.5286872 3073450028 3073450019
3073450024 -22.9782054 -43.5282237 3073450022 3073450027
3073450022 -22.9781584 -43.5280754 3073450016 3073450024
3073450019 -22.9781286 -43.5287335 3073450010 3073450025
3073450016 -22.9780645 -43.5279364 3073450009 3073450022
3073450010 -22.9779664 -43.5288494 3073450001 3073450019
3073450009 -22.9779664 -43.5277881 3073450016 3073450003
3073450003 -22.9778981 -43.5276815 3073449979 3073450009
3073450001 -22.9778683 -43.5290533 3073450010 3073449997
3073449997 -22.9777957 -43.5292109 3073450001 3073449984
3073449984 -22.9775909 -43.5293778 3073449997 3073449978
3073449979 -22.9774266 -43.5269167 3073449975 3073450003
3073449978 -22.9773861 -43.5295446 3073449984 3073449969
3073449975 -22.9773306 -43.5267476 3073449974 3073449979
3073449974 -22.9773264 -43.5266155 3073449975 3073449973
3073449973 -22.9773178 -43.5264811 3073449972 3073449974
3073449972 -22.9772901 -43.526393 3073449971 3073449973
3073449971 -22.9772773 -43.5263536 3073449972
3073449969 -22.9772197 -43.5296929 3073449978 3073449963
3073449963 -22.9770959 -43.5299108 3073449962 3073449969
