1661755687 -22913897 -43737048 1661755680 1661755689
1661755684 -22913417 -43735752 1661755671 1661755680
1661755680 -22913267 -43737324 1661755687 1661755673 1661755684
1661755673 -22911370 -43738157 1661755680 1661755669 1661755656
1661755669 -22910440 -43738565 1661755664 1661755673
1661755664 -22910223 -43738701 1661755669 1661755675
1661755656 -22908367 -43730581 1661755640 1661755673 1661755671 1661755651
1661755644 -22905060 -43739030 1661755649 1661755638
1661755642 -22904569 -43733026 1661755640
1661755640 -22904449 -43732532 1661755642 1661755656 1661755636
1661755638 -22903744 -43739749 1661755644 1661755647 1661755625
1661755637 -22903473 -43735356 1661755627
1661755636 -22903460 -43732903 1661755640 1661755635
1661755635 -22903172 -43733332 1661755636
1661755629 -22902480 -43731694 1661755651
1661755627 -22901503 -43736295 1661755637 1661755625
1661755625 -22900967 -43736878 1661755638 1661755627 1661755622
1314983749 -22900060 -43730913 1314983861 1314983753
