1776520311 -22.8999654 -43.5477543 1776520309 2057754050
1871751432 -22.8999582 -43.5493492 1871751435 1776487013
2057754047 -22.8998983 -43.5471009 1776520309 1776520375 1871934834 2057754050
1871751477 -22.8998761 -43.5496456 1871751471
1776520309 -22.8998301 -43.5470865 2057754047 1542469435
1871751431 -22.8998261 -43.5492627 1871751432
1871934834 -22.899794 -43.5465767 2057754047 1118224463 1542469435
1871751465 -22.8997777 -43.5492465 1871751431
1542469435 -22.8997294 -43.5465895 437002545 1871934834
1871751471 -22.8997036 -43.5496167 1871751426
1871751475 -22.8995613 -43.549279 1871751465
1776487013 -22.8995312 -43.5470808 1871751432 1776487002 1734132452
1734132452 -22.8995169 -43.5470056 1776487011 1776487013
1871751445 -22.8994935 -43.5492717 1871751475
437002545 -22.8994647 -43.5452829 437003688
1776487011 -22.8993794 -43.5463154 1776487008 1776487006 1734132452
1118553548 -22.8993275 -43.541751 1118224444 1776533513 1776520320
1776487006 -22.8993012 -43.5464082 1776487011 2439153532
437003688 -22.8992908 -43.544665 1776520295
1776487008 -22.8992892 -43.5458602 1776487011 2057734278
1776520295 -22.8992503 -43.5445676 437003705 1871934678
1118224444 -22.8991988 -43.5418857 1776520260 1118553548 1776520267
2057734278 -22.8991142 -43.5452261 1776487008 2057734277
1871751470 -22.8990261 -43.5490974 1871751445
437003705 -22.8989587 -43.5438667 437003713
2057734277 -22.8989339 -43.5447023 2057734278 1776487003
2058095613 -22.8989277 -43.5449134 2058095612 2058095611
2058095612 -22.8988886 -43.5449958 2058095609 2058095613
2058095611 -22.8988725 -43.5447611 2058095610 2058095613
1736449847 -22.8988506 -43.5491414 1736449844
1736449834 -22.8988263 -43.5492158 1871751474
2058095610 -22.8988012 -43.5446462 1776487005 2058095611
2058095609 -22.8987966 -43.5450782 2058095612
1871751426 -22.8987551 -43.5492468 1871751474
437003713 -22.8987452 -43.5434805 1776520267
1776487005 -22.8987346 -43.5445809 2058095610 1776486998
1776520277 -22.8986993 -43.5400603 1776520264 1776520283
1776487003 -22.8986511 -43.5441307 1776486996 2057734277 1776487001
1776487002 -22.8986488 -43.5478245 1776487013
1871751474 -22.8986406 -43.5491487 1736449859
1871751453 -22.8985718 -43.5489458 1871751470
1736449840 -22.8985362 -43.5490171 1736449847
1736449859 -22.8985046 -43.5490851 1542469581
1736449841 -22.8983697 -43.5488992 1736449840
1776487001 -22.8983354 -43.5435888 1776487003 1776486999
1542469581 -22.8983312 -43.5489624 1542470055
1776520267 -22.8982586 -43.5428371 1776520252 1118224444
1776520264 -22.8982365 -43.5405164 1118553548 1776520277
1871751461 -22.8981957 -43.5487732 1871751453 1736449841
1776486998 -22.8981609 -43.5452683 1776486996 1873911795 1776487005
1776520260 -22.8981176 -43.5406843 1872022457 1776520236
1118553547 -22.898116 -43.54038 1776520264
1776486999 -22.8980938 -43.5432186 1776486997 1776487001
1542470055 -22.8980325 -43.548724 1736453486
1873911816 -22.8978464 -43.5463664 1873911795 1873911787
1776486997 -22.8978253 -43.5429453 1776486993 1776486999 1776486995
1776486996 -22.8978073 -43.5448292 1776486994 1776487003 1776486998 1776486991
1736449842 -22.8977891 -43.5484652 1871751461
1736453486 -22.897785 -43.5485491 1736453488
1736506003 -22.8977452 -43.5496641 1736506004
1776486995 -22.8977449 -43.5430388 1776486987 1776486997
1736453488 -22.8977246 -43.5485362 1736453493 1736506013
1776520252 -22.8977184 -43.5422366 2361932997
1776486994 -22.8977026 -43.5446953 1776486996 1776486992
1542470121 -22.897666 -43.5496559 1776461967
1736506002 -22.8976637 -43.5493253 1736506003
1776486993 -22.897663 -43.5428409 2361932999 1776486997
1736453493 -22.8976611 -43.548548 1736506021
1776461967 -22.8976408 -43.5495554 1776461930 1736506027
1736506032 -22.8976203 -43.5483767 1736449842
1736506021 -22.8976133 -43.5485942 1736506023
1736506023 -22.8975873 -43.5486345 2626236567
1736506027 -22.8975824 -43.5493222 1736453496
2626236567 -22.8975774 -43.5486953 2626236566
1776486992 -22.8975741 -43.5446068 1776486994 1776486990
1736506019 -22.8975728 -43.5488691 1736506002
2626236566 -22.8975718 -43.5487483 1736506019
1736506013 -22.8975663 -43.5484856 2439153535
1736506034 -22.8975219 -43.5483475 1736506032
3301821854 -22.897507 -43.5482737 1736506032
2439153534 -22.8975046 -43.5485942 1736506019
2626236564 -22.8974978 -43.5483427 1736506034
1873911795 -22.8974912 -43.5459824 1873911816 1776486974 1776486998
1736453496 -22.8974819 -43.548957 1542469794
1736506036 -22.8974687 -43.5483434 2626236564
2439153535 -22.8974666 -43.5484793 2439153534 2626236568
3301821855 -22.897465 -43.5482469 3301821854
2439153542 -22.8974171 -43.5483486 1736506036 2439153535
2626236568 -22.8973999 -43.5484723 1743087827
2439153538 -22.8973946 -43.5483005 2439153542
1736506011 -22.8973945 -43.5483638 2439153542
1776486991 -22.8973873 -43.545228 1776486981 1776486996 1776486989
1542469794 -22.8973676 -43.5486887 1736506010 1542469801
2626236563 -22.8973623 -43.5483918 1736506011
1736506010 -22.8973489 -43.5485952 1743087825
1743087825 -22.8973395 -43.5485403 1736506025
1743087827 -22.8973386 -43.548442 2626236563 1542469801
1736506020 -22.8973365 -43.5484677 1743087827
1736506025 -22.8973354 -43.5485015 1736506020
2439153543 -22.8973128 -43.5481489 3301821855 2439153538
2439153532 -22.897274 -43.5480922 1776487006 2439153543
1542469801 -22.8972735 -43.5483797 3301821853
3301821853 -22.8972575 -43.5483287 1736506012
1776486990 -22.8972513 -43.5445176 1776486985 1776486992
1776486989 -22.897235 -43.544993 1776486985 1776486991
1776486987 -22.8972279 -43.5432933 1776486984 1776486995
1873911787 -22.8972138 -43.5470369 1873911816
2439153544 -22.8972063 -43.548005 2439153532
2361932997 -22.8971597 -43.5416765 1776520236
1776520236 -22.8971348 -43.5416515 1776520260 1776520219
1736506012 -22.8970988 -43.5480147 1542470129
2439153537 -22.8970877 -43.5478816 2439153544
1776486985 -22.8970431 -43.544496 1776486980 1776486990 1776486989 1776486986
1776461930 -22.8970134 -43.5496901 3793508067 1776461965 1776461967 1871958098
1776486986 -22.8969969 -43.54431 1776486985 1776486983
1776486984 -22.8969633 -43.5433586 1776486982 1776486987
1776486983 -22.8969034 -43.5439962 1776486975 1776486986
1776486982 -22.8968899 -43.5434004 1873911788 1776486975 1776486984
2361932999 -22.8968814 -43.542014 1776486977 1776486993
1776486981 -22.8968725 -43.5457719 1776486979 1776486978 1776486991
1776486980 -22.8968665 -43.5444784 1776486985 1776486973
1776486979 -22.8968566 -43.5456161 1776486976 1776486981
3793508067 -22.8968457 -43.5497314 1776461930 1776461924
1776486978 -22.8968304 -43.5458164 1776486967 1776486981
1542470129 -22.8968178 -43.5475541 1776486974 2439153537
1776486977 -22.8967787 -43.5419053 1776486969 1776486968 2361932999
1776486976 -22.8967418 -43.5453299 1776486979 1776486970
1776461924 -22.8966884 -43.5497679 3793508067 1776461911
1776486975 -22.8966377 -43.5435442 1776486971 1776486982 1776486983
1873911788 -22.8966261 -43.5428468 1776486982 1776486969 1873911809
1776461911 -22.8965637 -43.5496984 1776461905 1776461924 3793508068
1776486974 -22.8965559 -43.5469787 1542470129 1776486972 1873911795
1776486973 -22.8964997 -43.5445698 1776486970 1776486980
1776486972 -22.8964888 -43.5468311 1542469822 1776486974 1871958098
1776486971 -22.8964823 -43.5436327 1776486966 1776486975
3793508068 -22.8964469 -43.5498114 3793508069 1776461911 1776461903
1776520219 -22.8964136 -43.5408334 1776520215
1776461905 -22.8963859 -43.5495439 1776461864 1776461899 1776461911
1776486970 -22.8963839 -43.5446568 1776486976 1776486964 1776486973
1542469822 -22.8963681 -43.5465659 1776486972 1776486967
1776486969 -22.8963621 -43.5422929 1776486977 1776486965 1873911788 1776486963
1776486968 -22.8962956 -43.5413824 1776486977
1776486967 -22.8962364 -43.5461072 1542469822 1542469316 1776486978
3793508069 -22.8962055 -43.5496791 3793508068 3793508070
1776461899 -22.8961352 -43.5495003 1776461836 1776461905
1871958098 -22.8960715 -43.5470374 1776461930 1776486972 1871958143
1542469316 -22.8960589 -43.5454484 1776486967 1776486964
1776486966 -22.8960434 -43.5440047 1776486961 1776486971
1776486965 -22.8959354 -43.541751 1776486958 1776486969 1776486962
1776486964 -22.895902 -43.545019 1542469316 1542469599 1776486970
1871958143 -22.8958946 -43.5471984 1776461864 1871958187 1871958098
1776520215 -22.8958769 -43.5402624 1871958116 1872022457
1873911809 -22.8958403 -43.543285 1873911788 1776486963
1776486963 -22.8957584 -43.5432621 1776486958 1776486957 1776486969 1873911809
1776461864 -22.8956543 -43.54752 1776461905 1871958143 1871958190
1776486962 -22.8956364 -43.5413711 1776486965 1776486954 1776486959
1871958187 -22.8956326 -43.5469133 1871958154 1873911789 1871958143
1542469599 -22.8955873 -43.5445688 1776486961 1776486964
1776486961 -22.8955289 -43.544503 1873911801 1542469599 1776486966
3793508070 -22.8954739 -43.5498169 3793508069 3793508071
1776486959 -22.8954635 -43.5411515 1776486953 1776486962 1776486952
1871958190 -22.8953954 -43.5477126 1776461864 1871958188
1776486958 -22.8953143 -43.5428734 1776486965 1776486963 1776486955
1871958154 -22.8953023 -43.547124 1871958187 1776461820 1871958183
1873911801 -22.8952731 -43.5442148 1776486961 1776486957 1873911807
1871958188 -22.8952471 -43.5477662 1871958190 1871958189
1873911790 -22.8952173 -43.5453578 1873911807
1871958183 -22.8951868 -43.5471973 1871958170 1871958154
1873911789 -22.8951588 -43.5457227 1776461820 1871958088 1871958187
1776486957 -22.8951551 -43.5440818 1873911801 1776461837 1776486963
1776486956 -22.8950932 -43.5426354 1776486954
1871958088 -22.895084 -43.5455346 1873911789
1871958170 -22.8950791 -43.5472191 1871958101 1871958183
1776486955 -22.8950632 -43.5433272 1776486958
1871958189 -22.8950247 -43.5477019 1871958188 1871958094
3793508071 -22.8949989 -43.5499603 3793508070
1776461837 -22.8949901 -43.5438958 1776486957 1776461810 1776461746
1776486954 -22.8949723 -43.5424356 1776486962 1776486956 1776486953
1871958101 -22.8949556 -43.5471547 1871958170 1871958158
1776461836 -22.8949147 -43.5496961 1776461813 1776461899
1776486953 -22.8948167 -43.5421785 1776486959 1776486954
1776486952 -22.8947885 -43.5402941 1776486939 1776486959 1776486949
1776461820 -22.894788 -43.5458745 1871958154 1871958175 1873911789
1871958158 -22.8947665 -43.5469885 1871958101 1776461789 1871958181
1776461813 -22.8947028 -43.549701 1776461836 1776461807
1871958094 -22.8946986 -43.5475677 1871958189 1776461782
1871958181 -22.8946739 -43.5468167 1871958175 1871958158
1776461810 -22.8945851 -43.5434394 1776461837 1542469673 1776461724
1873911807 -22.8945846 -43.5444671 1873911801 1873911798 1873911790
1542469673 -22.8944818 -43.5432645 1776461810 1542469375
1776461807 -22.8944705 -43.5496593 1776461813 1776461799 1776461796
1542469281 -22.894421 -43.5423173 1776461802 1542469375
1776461804 -22.8944172 -43.5485477 1776461796
1776461802 -22.8944034 -43.5420826 1542470143 1776461793 1542469281
1542469375 -22.8943914 -43.5429702 1542469673 1776461727 1542469281
1542470143 -22.8943815 -43.5417916 1776461802 1542469968
1776461799 -22.8943571 -43.549639 1776461776 1776461807
1871958175 -22.8943536 -43.5460357 1776461820 1776461789 1871958181
1873911797 -22.8943377 -43.5450628 1873911814 1873911798
1776461796 -22.8942631 -43.5485985 1776461804 1776461778 1776461807
1542469968 -22.8942135 -43.5414038 1542470143 1776486939
1873911798 -22.8942043 -43.5446444 1873911807 1873911797
1776461793 -22.8942037 -43.542279 1776461802 1776461786
1776461789 -22.8939263 -43.5462017 1776461785 1871958175 1871958158
1776461786 -22.8938848 -43.5424683 1776461793 1776461753
1776486939 -22.8937719 -43.5406289 1542469968 1776461757 1776486952
1776461785 -22.8937699 -43.5463453 1776461780 1776461789
1776461782 -22.893684 -43.5466691 1776461780 1871958184 1871958094
1776461780 -22.8936797 -43.5465607 1776461782 1776461785
1776461778 -22.8936656 -43.5487957 1776461777 1776461796 1776461776
1871958184 -22.8936252 -43.5465912 1871958135 1776461782
1776461777 -22.8936145 -43.548626 1776461778
1776461776 -22.8935835 -43.5494622 2057734274 1776461778 1776461799
1776461757 -22.8935258 -43.5401971 1776486939 1542470037 1776461733
1542470037 -22.893492 -43.5401378 1776461757 1542470206
1776461753 -22.8934596 -43.5426067 1776461786 1776461743
2057734274 -22.8934535 -43.5494314 1776461760 1776461776
1776461760 -22.8933524 -43.5498072 2057734274
1871958135 -22.8933 -43.5465378 1871958184 1873911800
1776461746 -22.8932942 -43.5446009 1776461837 1776461668
1776461743 -22.8932853 -43.5426713 1776461753 1776461720
1873911800 -22.8932554 -43.5464683 1873911814 1871958135
1776461733 -22.8930873 -43.5403437 1776461757 1776461722
1776461730 -22.8930834 -43.5409686 1776461722 1776461700
1873911814 -22.8930007 -43.545614 1873911797 1873911800
1776461727 -22.8929784 -43.5434267 1776461712 1542469375
1776461724 -22.8929669 -43.544084 1776461810
1776461722 -22.8929636 -43.5404095 1776461730 1776461733 1776461719
1776461720 -22.8929495 -43.5425975 1776461743 1776461715
1776461719 -22.89294 -43.5404221 1776461722 1776461717
1776461717 -22.8928528 -43.5406016 1776461694 1776461719
1776461715 -22.8926986 -43.5425467 1776461720 1776461702
1776461712 -22.8925912 -43.5436021 1776461727 1776461679 1776461685
1776461702 -22.8924733 -43.5425052 1776461715 1776461685
1776461700 -22.8924327 -43.5411978 1776461730 1776461694
1776461697 -22.892341 -43.5446276 1776461688
1776461694 -22.8923386 -43.5407921 1776461717 1776461682 1776461700
1776461688 -22.8922303 -43.5443045 1776461663 1776461679 1776461697
1776461685 -22.8922255 -43.5425629 1776461702 1776461712 1776461667
1776461682 -22.8921219 -43.5408725 1776461694
1776461679 -22.8920704 -43.5438379 1776461688 1776461712 1776461667
1776461674 -22.8917292 -43.5460592 1776461668
1776461668 -22.891652 -43.5452559 1776461746 1776461665 1776461674
1776461667 -22.891651 -43.5426966 1776461661 1776461679 1776461685
1776461665 -22.8915488 -43.5449203 1776461663 1776461668
1776461663 -22.8914777 -43.5446237 1776461688 1776461665
1776461661 -22.8914054 -43.5427538 1776461667
1776461659 -22.8913173 -43.5401283 1776461630 1776461741
1776461630 -22.8900588 -43.5404882 1776461659
1776486854 -22.8887814 -43.5497462 1776486877 1776486838
1776486835 -22.8884173 -43.5499283 1776486785 1776486822 1776486846
1776486838 -22.888365 -43.5472647 1776486783 1776486854 1776486830
1776486830 -22.888271 -43.5467048 1776486680 1776486825 1776486838
1776486822 -22.8882646 -43.549027 1776486796 1776486835 1776486779
1776486825 -22.8882162 -43.5463784 1776486830 1776486819
1776486819 -22.8881721 -43.5461611 1776486825 1776486790 1776486795
1776486796 -22.8880925 -43.5481093 1776486758 1776486781 1776486822
1776486795 -22.8880588 -43.5460851 1776486709 1776486819
1776486790 -22.8880167 -43.5455629 1776486720 1776486819
1776486781 -22.8879979 -43.5475608 1776486668 1776486783 1776486796
1776486783 -22.8879372 -43.5470089 1776486675 1776486838 1776486781
1776486779 -22.8878537 -43.5491087 1776486772 1776486733 1776486822
1776486772 -22.8877483 -43.5484666 1776486779 1776486722 1776486758
1776486758 -22.88763 -43.5478385 1776486658 1776486796 1776486772
1776486733 -22.8874256 -43.5492021 1776486711 1776486779 1776486722 1776486740
1776486722 -22.8872638 -43.5481645 1776486677 1776486772 1776486733
1776486720 -22.8872109 -43.5450734 1776486790 1776486715
1776486715 -22.8870558 -43.5451505 1776486709 1776486720
1776486711 -22.8870107 -43.5492924 1776486677 1776486665 1776486731 1776486733
1776486709 -22.8869983 -43.5453898 1776486715 1776486680 1776486795
1776486680 -22.8868886 -43.5458407 1776486709 2967480021 1776486675 1776486830
1776486677 -22.886806 -43.5478806 1776486711 1776486651 1776486722
1776486675 -22.8867759 -43.5463146 1776486680 1776486668 1776486783
1776486668 -22.8866716 -43.5467482 1776486658 1776486675 1776486781
1776486665 -22.8866017 -43.5493741 1776486706 1776486642 1776486711
1776486658 -22.88656 -43.5472123 1776486668 1776486651 1776486758
2967480021 -22.8864559 -43.5457022 1777351629 1776486680
1777351631 -22.8864532 -43.5452433 1777351629 1777351620
1776486651 -22.8864521 -43.5476611 1776486677 1776486658 2967480020 1776486623
1777351629 -22.886339 -43.5456648 1777351628 1777351631 1777351592 2967480021
1776486642 -22.8861966 -43.5494551 1776486662 1776486665 1776486623
1777351628 -22.8861266 -43.5460335 1777351629 1777351585 1777351626
1776486623 -22.8860719 -43.54948 1776486642 1776486651 1871775093
2967480020 -22.8860302 -43.5475194 1777351624 1776486651
1871775093 -22.8860138 -43.5497265 1776486617 1776486623 1871775079
1777351626 -22.8859028 -43.546422 1777351623 1777351628 1777351581
1777351624 -22.8857832 -43.5474364 1777351608 2967480020 2579326864
1777351623 -22.8857054 -43.5467648 1777351569 1777351608 1777351626
2579326864 -22.8857032 -43.5477948 1777351624 1777351605 1777351621
1777351621 -22.8855927 -43.5482895 1777351610 1777351599 2579326864
1777351620 -22.8855385 -43.5445457 1777351631 1875316962 1777351598
1777351610 -22.8854978 -43.5487147 1777351593 1777351607 1777351621
1777351608 -22.8854697 -43.547174 1777351557 1777351624 1777351623 1777351605
1875316962 -22.8854004 -43.5439228 1875316971 1777351620 1777351575
1777351607 -22.8853961 -43.5491701 1777351587 1777351610 1871775079
1871775079 -22.885313 -43.54957 1777351603 1777351607 1871775093
1777351605 -22.8852769 -43.5474957 1777351538 1777351599 1777351608 2579326864
1875316971 -22.8852632 -43.5433043 1875316962 1777351600 1875316958
1777351600 -22.8850905 -43.5425253 1777351597 1875316971 1777351589
1777351599 -22.8850463 -43.5478836 1777351593 1777351605 1777351526 1777351621
1777351598 -22.8850361 -43.5441751 1777351592 1777351547 1777351620
1777351597 -22.8849525 -43.5419026 1777351596 1777351600
1777351596 -22.8848731 -43.5418216 1777351597 1777351591
1777351595 -22.8848639 -43.5493702 1777351582 1777351603
1777351592 -22.8848221 -43.5445409 1777351585 1777351527 1777351629 1777351598
1777351593 -22.8848057 -43.5482738 1777351587 1777351502 1777351610 1777351599
1777351591 -22.88469 -43.5417408 1777351586 1777351596
1777351589 -22.8846222 -43.5425953 1875316965 1777351600
1875316958 -22.8846144 -43.5428784 1875316965 1875316971
1777351585 -22.8845889 -43.5449037 1777351592 1777351499 1777351628 1777351581
1777351587 -22.8845846 -43.5486324 1777351593 1777351582 1777351478 1777351607
1777351586 -22.8845697 -43.5417351 1777351583 1777351591
612946349 -22.8845297 -43.5499235 612946344
1875316965 -22.8844401 -43.5427689 1777351575 1777351589 1875316958
1777351583 -22.8844249 -43.5417549 1777351566 1777351586
612942015 -22.8843962 -43.5498967 612942014
1777351581 -22.8843576 -43.5452635 1777351585 1777351569 1777351465 1777351626
1777351582 -22.88435 -43.5490128 1777351568 1777351587 1777351459 1777351595
612946351 -22.8842331 -43.5495694 612946349
1777351578 -22.8842289 -43.5422466 1777351525
1777351575 -22.8841627 -43.5430332 1875316962 1777351547 1875316965 1777351545
612942014 -22.8841392 -43.5496177 1736560628
1777351569 -22.8841272 -43.545656 1777351557 1777351623 1777351581 1777351458
1777351568 -22.8840809 -43.5494492 612946351 1777351582
1777351566 -22.8840084 -43.5418262 1777351564 1777351583 1777351540
1777351564 -22.8839616 -43.5414666 1777351566 1777351562
1777351562 -22.8839514 -43.5414186 1777351564 1777351559 1777351560
1777351560 -22.8839289 -43.5414222 1777351382 1777351562
1777351557 -22.8839177 -43.5460039 1777351456 1777351569 1777351538 1777351608
612946353 -22.8839069 -43.5493119 1777351568
1777351559 -22.8838952 -43.5411544 1777351544 1777351562
1777351545 -22.8838603 -43.5427154 1777351575 1777351473
1777351547 -22.8838256 -43.5433384 1777351527 1777351575 1777351598
1777351544 -22.8838032 -43.5408606 1777351559 1777351539 1777351363
1777351538 -22.8837 -43.5463638 1777351557 1777351453 1777351526 1777351605
1777351540 -22.8836865 -43.5418812 1777351517 1777351566
1777351539 -22.8836844 -43.5404807 1777351544 1777351537 1777351355
1777351537 -22.8836599 -43.5404024 1777351539 1777351530
1777351530 -22.8835531 -43.5400872 1777351537 1777351529 1777351351
1777351529 -22.8835362 -43.5400372 1777351514 1777351530
1736560628 -22.8835275 -43.5491751 1663022823 1663022733
1777351527 -22.8834869 -43.5436544 1777351592 1777351499 1777351547
1777351526 -22.8834751 -43.5467365 1777351538 1777351502 3022936055 1777351599
1777351525 -22.8834243 -43.5423427 1777351517 1777351412 1777351578
1777351517 -22.8833797 -43.541919 1777351525 1777351393 1777351540
1777351502 -22.8832556 -43.5471082 1777351593 1777351526 1777351478
1777351499 -22.8831695 -43.5439505 1777351585 1777351465 1777351527 1777351480
3022936055 -22.8831165 -43.5464763 3022936059 1777351450 1777351526
1777351478 -22.8830251 -43.5474611 1777351502 1777351459 1777351587
1777351480 -22.8830165 -43.5438396 1777351471 1777351499
1777351473 -22.8829313 -43.5428692 1777351471 1777351426 1777351545
1777351471 -22.8829007 -43.5435815 1777351473 1777351480
1777351465 -22.8828232 -43.5442735 1777351499 1777351581 1777351462
3022936059 -22.882798 -43.5469972 3022936055 3022936060
1777351459 -22.8827901 -43.547818 1777351441 1777351478 1777351582
1777351462 -22.8827726 -43.5443207 1777351465 1777351460
3022936060 -22.8827495 -43.5470549 3022936059 3022936064
1777351460 -22.8827479 -43.544484 1777351458 1777351462
1777351456 -22.8827477 -43.5451493 1777351557 1777351453 1777351458
1777351458 -22.88274 -43.5446734 1777351569 1777351456 1777351460
1777351453 -22.8827287 -43.5456602 1777351538 1777351450 1777351456
3022936064 -22.8827057 -43.5470741 3022936056 3022936060
1777351450 -22.8826921 -43.5461749 3022936055 1777351453 3022936056
1663022733 -22.8826879 -43.5485676 612942013 2944188600
3022936056 -22.8826491 -43.5470775 1777351441 1777351450 3022936064
1777351441 -22.8826013 -43.5481329 1777351459 612946355 3022936056
612946355 -22.8825169 -43.5483044 1777351441 612946353
1777351426 -22.8824616 -43.542919 1777351419 1777351473 1777351403
612942013 -22.8823896 -43.5483517 612942012
1777351419 -22.8823802 -43.5438779 1777351426
1777351415 -22.8823472 -43.544197 1777351398 1777351414
1777351414 -22.8823413 -43.5443239 1777351415 1777351413
1777351413 -22.8823183 -43.5447498 1777351248 1777351408 1777351414
1777351412 -22.8823144 -43.5424913 1777351525 1777351397
3377991891 -22.8822951 -43.5495944 3377991888 3377991892 2944188600
1777351408 -22.8822902 -43.5452697 1777351348 1777351413 1777351406
1777351403 -22.8822517 -43.5429415 1777351426 1777351397 1777351389
2944188600 -22.8822377 -43.5493076 3377991891 1663022733
1777351406 -22.8822236 -43.5465048 1777351368 1777351408 1777351404
1777351404 -22.8821962 -43.5470124 1777351406 1777351352 1777351402
1777351398 -22.8821961 -43.5439097 1777351285 1777351415 1777351395
1777351397 -22.8821862 -43.5425096 1777351393 1777351403 1777351412
1777351402 -22.8821686 -43.5475254 1777351404 1777351384 612946357
1777351395 -22.8821566 -43.5436603 2141522145 1777351398 1777351389
612946357 -22.8821376 -43.5480996 612946355 1777351402
1777351393 -22.8821232 -43.5420684 1777351382 1777351517 1777351397
1777351389 -22.8820985 -43.5429576 1777351361 1777351395 1777351403
1777351382 -22.8820713 -43.541654 1777351370 1777351393 1777351560
612942012 -22.8820536 -43.5481693 1663043532
1777351384 -22.8820248 -43.5474646 1777351341 1777351402
1777351370 -22.8820058 -43.5413844 1777351382 1777351363
1777351361 -22.8819768 -43.5429758 1777351389
1777351368 -22.8819725 -43.5463991 1777351348 1777351406
1777351363 -22.8819577 -43.5412088 1777351544 1777351358 1777351370
2660244866 -22.8819446 -43.548005 1663043532 612946357
1777351360 -22.8819155 -43.5400031 1777351347 1777351407 1777351333
1663043532 -22.8818968 -43.5480932 1777397106 612942011
1777351358 -22.8818848 -43.5410438 2141522154 1777351355 1777351363
3377991892 -22.8818277 -43.5497278 3377991891 3377998593
1777351355 -22.8818143 -43.540856 1777351358 1777351351 1777351539
2141522162 -22.881782 -43.5426881 2141522143 2141522142
2141522145 -22.8817791 -43.5438541 2141522161 2141522137 1777351395
2141522143 -22.8817427 -43.5428095 2141522156 2141522162
1777351352 -22.8817231 -43.5467747 1777351324 1777351404
2141522156 -22.8817202 -43.5429832 2141522137 2141522143
2141522137 -22.8817178 -43.54323 2141522145 2141522156
2141522142 -22.8816969 -43.5420061 2141522167 2141522162 2141522133
1777351351 -22.8816812 -43.5404608 1777351347 1777351355 1777351530
612942011 -22.8816779 -43.5479869 612942010
2141522133 -22.8816215 -43.5415343 2141522152 2141522154 2141522142
1777351348 -22.8815682 -43.5459232 1777351368 1777351408 1777351324
1777351347 -22.8815627 -43.5400851 1777351360 1777351278 1777351295 1777351351
2141522154 -22.8815548 -43.5411174 1777351339 1777351358 2141522133
612946359 -22.8815248 -43.5477992 2660244866
1777351341 -22.8815179 -43.547124 1777351282 1777351384
1777351339 -22.8814419 -43.5411388 1777351287 2141522154 1777351295
612942010 -22.8814308 -43.5478582 612942009
2141522161 -22.8814103 -43.544051 2141522148 2141522145 2141522168
2141522168 -22.8813745 -43.5436928 2141522134 2141522150 2141522161
1777397106 -22.8813254 -43.5489088 1663022481 1777397095 1663043532
2141522150 -22.8813078 -43.5430478 2141522168
2141522167 -22.8812583 -43.5420912 2141522152 2141522160 2141522142
612946361 -22.881248 -43.5476168 612946359
1777351324 -22.8812181 -43.54624 1777351348 1777351352 1777351282
2141522152 -22.8811815 -43.5416287 2141522167 2141522133 2141522141
612942009 -22.8811738 -43.5476865 612942008
1777351295 -22.8810963 -43.5401737 1777351339 1777351347 1777351216 1777351244
2141522134 -22.8810236 -43.5438772 2141522140 2141522147 2141522168
1777351287 -22.8810001 -43.5412227 1777351339 1777351127 1777351244
1777351285 -22.8809988 -43.5449627 1777351398
612946363 -22.8809712 -43.5473807 612946361
1777351282 -22.8809265 -43.5465039 1777351324 1777351248 1777351341
2141522147 -22.8809198 -43.543094 2141522134
1777397095 -22.8808948 -43.5486207 1777397106 1777397088 1777397094
612942008 -22.8808872 -43.547429 612942007
1777351248 -22.8806962 -43.5461916 1777351233 1777351413 1777351282
1777351244 -22.8806788 -43.5402531 1777351169 1777351287 1777351198 1777351295
2141522140 -22.8806579 -43.5440327 2141522134 2141522144 2141522158
2141522160 -22.8806008 -43.5422188 2141522163 2141522167 2141522146
1777351233 -22.8805285 -43.5463407 1777351248
1777397094 -22.8804908 -43.5483504 1777432843 1777397095 1777397091
2141522148 -22.8804736 -43.5445613 2141522161 2141522144 2670734005
2141522163 -22.8804701 -43.5425118 2141522149 2141522160
1777397093 -22.8804519 -43.5477587 1777397089
612942007 -22.8804424 -43.546957 3613742454
612946365 -22.8804276 -43.5467907 612946363
2141522158 -22.8804157 -43.5432227 2141522140
2141522149 -22.880408 -43.542656 2141522165 2141522163
2141522144 -22.880353 -43.5441897 2141522140 2141522153 2141522148
2141522165 -22.8803265 -43.5427525 2141522149 2141522157
2141522146 -22.8803119 -43.542265 2141522136 2141522160
612946367 -22.8802694 -43.5465439 612946365
1777351198 -22.8802658 -43.5403316 1777351118 1777351121 1777351244
3613742454 -22.8802655 -43.5467149 612942006
2141522157 -22.8802427 -43.5427934 2141522165 2141522155
1777397091 -22.8802009 -43.5481465 1777432853 1777397085 1777397090 1777397094
2141522136 -22.8801853 -43.5422744 2141522146 2141522139 2141522141
2141522139 -22.8801568 -43.5423554 2141522136 2141522169
2141522155 -22.8801463 -43.5428202 2141522138 2141522157
612942006 -22.8801458 -43.5464849 612942005
612946369 -22.880131 -43.546222 612946367
2670734005 -22.8801278 -43.5447413 2141522148 1777351119 2670734008
1777397090 -22.8801019 -43.5480903 1777397089 1777397091
2141522141 -22.8800894 -43.5418362 2141522152 612946380 2141522136
2141522169 -22.8800751 -43.5424718 2141522164 2141522139
2141522153 -22.88005 -43.5432549 2141522144
1777397089 -22.8800382 -43.5480291 1777397093 1777432846 1777397090
2141522138 -22.880008 -43.5428202 2141522164 2141522155
