2778391185 -22939993 -43254636 2778391187 2778391184
249090645 -22939988 -43253394 2778391147 2778391145
2778391145 -22939907 -43253260 249090645 249090646 2778391153
249090646 -22939865 -43253124 2778391145 249090647
2778391187 -22939849 -43254649 2778391417 2778391185
249090647 -22939808 -43252804 249090646 249090648
2778391417 -22939775 -43254669 2778391187 2778391189
2778391189 -22939720 -43254701 2778391190 2778391417
2778391158 -22939717 -43253575 2778391160 2778391157
249090648 -22939703 -43252537 249090647 249090649
2778391153 -22939681 -43253441 2778391155 2778391145
2778391157 -22939675 -43253526 2778391158 2778391155
2778391155 -22939666 -43253480 2778391157 2778391153
249090649 -22939604 -43252294 249090648 249090650
249090653 -22939503 -43251469 249090652 249090654
249090650 -22939492 -43252103 249090649 249090651
249090652 -22939481 -43251770 249090651 249090653
249090651 -22939462 -43251948 249090652 249090650
249090654 -22939432 -43251226 249090653 249090658
2778391190 -22939261 -43254949 2778391191 2778391189
2778391191 -22939216 -43254959 2778391190 2778391192
2778391192 -22939159 -43254959 2778391191 2778391193
2778391193 -22939105 -43254929 2778391194 2778391192
2778391194 -22939051 -43254874 2778391422 2778391193
2778391414 -22938981 -43253301 2778391411
249090658 -22938981 -43250852 249090654 2778260166
2778391422 -22938956 -43254780 2778391196 2778391194
2778260166 -22938926 -43250797 249090658 249090659
2778391196 -22938917 -43254740 2778391197 2778391422
249090659 -22938882 -43250739 2778260166 1659751178
249090661 -22938873 -43250346 2124721998 1659751212
2124721998 -22938865 -43250445 249090661 249090660
1659751212 -22938860 -43250241 249090661 249090662
249090660 -22938859 -43250521 2124721998 1659751178
1659751178 -22938859 -43250636 249090659 249090660
2778391197 -22938857 -43254705 2778391199 2778391196
2778391411 -22938846 -43253187 2778391408 2778391414
249090662 -22938840 -43250172 1659751212 1394278586 1659751231
2778391199 -22938794 -43254682 2778391201 2778391197
2778391408 -22938753 -43253073 2778391406 2778391411
2778391201 -22938707 -43254682 2778391203 2778391199
2778391406 -22938666 -43252959 2778391408 2778391403
2778391203 -22938641 -43254679 2778391201 2778391204
2778391403 -22938618 -43252855 2778391406 2778391401
2778391401 -22938600 -43252738 2778391399 2778391403
2778391204 -22938587 -43254662 2778391206 2778391203
2778391399 -22938585 -43252582 2778391397 2778391401
2778391391 -22938576 -43252122 2778391389 2778391393
2778391389 -22938576 -43251999 2778391391 2778391387
2778391397 -22938573 -43252474 2778391395 2778391399
2778391387 -22938567 -43251868 2778391385 2778391389
2778391395 -22938561 -43252367 2778391393 2778391397
2778391393 -22938555 -43252269 2778391391 2778391395
2778391385 -22938546 -43251745 2778391383 2778391387
2778391206 -22938524 -43254623 2778391208 2778391204
2778391383 -22938483 -43251657 2778391385 2778391381
2778391208 -22938470 -43254539 2778391206 2778391210
2778391210 -22938446 -43254496 2778391212 2778391208
2778391381 -22938423 -43251621 2778391379 2778391383
2778391335 -22938417 -43253581 2778391337 2778391334
2778391337 -22938417 -43253484 2778391335 2778391338
2778391212 -22938413 -43254454 2778391214 2778391210
2778391338 -22938393 -43253357 2778391337 2778391340
2778391334 -22938390 -43253676 2778391333 2778391335
2778391379 -22938369 -43251611 2778391377 2778391381
2778391214 -22938347 -43254399 2778391215 2778391212
2778391333 -22938321 -43253744 2778391332 2778391334
2778391371 -22938318 -43251960 2778391369 2778391373
2778391377 -22938315 -43251653 2778391379 2778391375
2778391340 -22938312 -43253243 2778391338 2778391342
2778391373 -22938306 -43251859 2778391371 2778391375
2778391369 -22938303 -43252080 2778391367 2778391371
2778391215 -22938293 -43254366 2778391217 2778391214
2778391375 -22938291 -43251745 2778391373 2778391377
2778391342 -22938249 -43253132 2778391340 2778391344
2778391217 -22938248 -43254356 2778391219 2778391215
2778391367 -22938246 -43252259 2778391365 2778391369
2778391332 -22938231 -43253793 2778391331 2778391333
2778391365 -22938189 -43252354 2778391363 2778391367
2778391219 -22938134 -43254389 2778391217 2778391221
2778391331 -22938126 -43253816 2778391332 2778391330
2778391363 -22938102 -43252520 2778391361 2778391365
2778391361 -22938075 -43252546 2778391358 2778391363
2778391221 -22938038 -43254405 2778391222 2778391219
2778391330 -22938027 -43253819 2778391331 2778391329
2778391265 -22937993 -43256379 2778391266 2778391263
2778391263 -22937984 -43256317 2778391261 2778391265
2778391266 -22937969 -43256427 2778391268 2778391265
2778391358 -22937955 -43252617 2778391361 2778391356
2778391222 -22937936 -43254399 2778391424 2778391221
2778391261 -22937927 -43256265 2778391259 2778391263
2778391356 -22937922 -43252699 2778391355 2778391358
2778391268 -22937909 -43256450 2778391270 2778391266
2778391355 -22937889 -43252738 2778391352 2778391356
2778391424 -22937871 -43254366 2778391224 2778391222
2778391329 -22937823 -43253845 2778391328 2778391330
2778391224 -22937819 -43254350 2778391226 2778391424
2778391270 -22937813 -43256457 2778391272 2778391268
2778144342 -22937786 -43250111 2778144341
2778391328 -22937775 -43253874 2778391327 2778391329
2778391352 -22937757 -43252797 2778391355 2778391350
2778391327 -22937754 -43253907 2778391326 2778391328
2778391326 -22937745 -43254005 2778391325 2778391327
2778391344 -22937724 -43253002 2778391342 2778391347
2778144341 -22937720 -43250042 2778144342 2778144340
2778391325 -22937712 -43254129 2778391324 2778391326
2778391226 -22937708 -43254304 2778391324 2778391224
2778391350 -22937682 -43252845 2778391352 2778391349
2778144340 -22937678 -43250006 2778144341 2778144311
2778391272 -22937675 -43256486 2778391270 2778391274
2778391347 -22937667 -43252969 2778391344 2778391349
2778391324 -22937663 -43254285 2778391228 2778391325 2778391226
2778391349 -22937658 -43252924 2778391347 2778391350
2778391259 -22937630 -43256079 2778391261 2778391257
2778391228 -22937600 -43254258 2778391324 2778391230
2778391274 -22937558 -43256499 2778391275 2778391272
2778391230 -22937519 -43254167 2778391232 2778391228
2778391275 -22937456 -43256506 2778391277 2778391274
2778391232 -22937420 -43254066 2778391234 2778391230
2778391234 -22937363 -43254017 2778391235 2778391232
2778391277 -22937327 -43256515 2778391279 2778391275
2778391235 -22937321 -43254008 2778391237 2778391234
2778391257 -22937294 -43255858 2778391259 2778391255
2778391237 -22937261 -43254053 2778391239 2778391235
2778144369 -22937252 -43251762 2124721994 2124721993
2124721994 -22937246 -43251611 2778144369 2124721992
2778391279 -22937240 -43256535 2778391281 2778391277
2778391255 -22937225 -43255786 2778391257 2778391254
2778391239 -22937222 -43254118 2778391241 2778391237
2124721993 -22937209 -43251866 2124721991 2778144369
2778391241 -22937201 -43254223 2778391239 2778391243
2124721992 -22937193 -43251439 2124721994 2124721990
2778391243 -22937183 -43254366 2778391241 2778391244
2124721991 -22937179 -43251899 2778144367 2124721993
2778391254 -22937171 -43255626 2778391255 2778391252
2778391281 -22937156 -43256551 2778391283 2778391279
2778391244 -22937147 -43254509 2778391246 2778391243
2778144367 -22937128 -43251938 2124721989 2124721991
2778391246 -22937117 -43254656 2778391248 2778391244
2124721990 -22937103 -43251295 2124721992 2124721988
2778391252 -22937099 -43255125 2778391250 2778391254
2778391248 -22937093 -43254786 2778391250 2778391246
2778391250 -22937087 -43254923 2778391252 2778391248
2124721989 -22937070 -43251942 2778144367 2124721985
2778391283 -22937057 -43256597 2778391285 2778391281
2124721988 -22937012 -43251055 2124721990 2124721973
2778391285 -22936991 -43256610 2778391283 2778391287
2784759466 -22936981 -43257088 2784759465
2778144381 -22936955 -43250395 2778144379
2124721985 -22936945 -43251856 2124721989 2124721974
2778391287 -22936937 -43256597 2778391289 2778391285
2778144379 -22936879 -43250415 2778144377 2778144381
2778391289 -22936871 -43256567 2778391291 2778391287
2778391291 -22936805 -43256545 2778391293 2778391289
2124721974 -22936786 -43251719 2124721959 2124721985
2124721973 -22936786 -43250599 2124721988 2124721968
2778144377 -22936775 -43250413 2778144379 2778144376
2124721968 -22936693 -43250340 2124721973 2124721967
2124721967 -22936680 -43250255 2124721968 2778144365
2778391293 -22936676 -43256489 2778391291 2778391295
2778144365 -22936675 -43250184 2124721967 2778144376
2778144376 -22936669 -43250155 2124721966 2778144365 2778144377
2124721966 -22936659 -43250111 2124721961 2778144376
2778391295 -22936577 -43256431 2778391296 2778391293
2124721959 -22936515 -43251572 2124721950 2124721974
2778391296 -22936490 -43256372 2778391298 2778391295
2778144371 -22936436 -43251734 2124721949 2124721951
2124721950 -22936425 -43251552 2124721959 2124721946
2784759465 -22936421 -43256502 2784759464 2784759466
2124721951 -22936416 -43251663 2778144371 2124721946
2124721949 -22936407 -43251805 2778144372 2778144371
2778391298 -22936397 -43256252 2778391296 2778391306
2124721946 -22936382 -43251572 2124721951 2124721950
2784759464 -22936376 -43256417 2784759463 2784759465
2778144372 -22936364 -43251817 2124721949 2124721943
2784759463 -22936343 -43256326 2784759462 2784759464
2784759462 -22936334 -43256244 2778391306 2784759463
2778391306 -22936331 -43256151 2784759462 3026584429 2778391298
2124721943 -22936323 -43251805 2124721937 2778144372
3026584429 -22936224 -43256008 2784759459 2778391308 2778391306
2124721937 -22936184 -43251698 2124721943 2124721931
2778391308 -22936123 -43255874 2778391309 3026584429
2784759459 -22936046 -43256088 2784759458 3026584429
2124721931 -22936029 -43251568 2124721937 2778144374
2778391309 -22935976 -43255702 2778391310 2778391308
2778144374 -22935941 -43251530 2124721924 2124721931
2778391310 -22935910 -43255597 2778391309 2778391311
2784759458 -22935905 -43256169 2784759457 2784759459
2784759457 -22935860 -43256160 2784759458 2784759456
2124721924 -22935857 -43251521 2778144374 2124721921
2778391311 -22935841 -43255470 2778391310 2778391312
2778391312 -22935805 -43255307 2778391313 2778391311
2784759456 -22935800 -43256098 2784759455 2784759457
2778391313 -22935799 -43255145 2778391314 2778391312
2778391314 -22935784 -43254838 2784759446 2778391313
2124721921 -22935781 -43251561 2124721924 2784759468
2784759446 -22935757 -43254510 2778391314 2778391315 2784759447
2778391315 -22935748 -43254399 2784759446 2778391316
2784759468 -22935743 -43251593 2124721921 2784759469
2124721919 -22935739 -43251698 2784759469 2124721915
2784759469 -22935737 -43251649 2784759468 2124721919
2778391316 -22935730 -43254301 2778391317 2778391315
2784759447 -22935722 -43254671 2784759446 2784759448
2784759455 -22935710 -43255964 2784759445 2784759456
2778391317 -22935703 -43254184 2778391318 2778391316
2784759448 -22935659 -43254828 2784759449 2784759447
2124721915 -22935637 -43251734 2124721919 2124721914
2784759403 -22935627 -43253054 2784759402 2784759404
2784759402 -22935624 -43253002 2784759401 2784759403
2784759449 -22935619 -43254944 2784759467 2784759448 2784759450
2778391318 -22935616 -43253946 2778391319 2778391317
2784759404 -22935615 -43253096 2784759405 2784759403
2784759445 -22935604 -43255736 2784759444 2784759454 2784759455
2784759401 -22935597 -43252741 2784759400 2784759402
2784759400 -22935585 -43252471 2784759399 2784759401
2784759405 -22935582 -43253136 2784759404 2784759406
2784759450 -22935581 -43255052 2784759449 2784759451
2784759399 -22935570 -43252386 2784759410 2784759400
2778391319 -22935562 -43253888 3026584660 2778391318
2124721914 -22935559 -43251763 2784759470 2124721915
3026584660 -22935551 -43253861 2778391319 2778391321
2784759470 -22935546 -43251833 2124721912 2124721914
2784759410 -22935544 -43252343 2784759398 2784759399
2778391321 -22935541 -43253835 2778391322 3026584660
2124721913 -22935539 -43252039 2124721912 2124721911
2124721912 -22935539 -43251884 2784759470 2124721913
2784759451 -22935530 -43255199 2784759452 2784759450
2784759406 -22935528 -43253149 2784759405 2784759407
2784759454 -22935527 -43255498 2784759453 2784759445
2124721911 -22935523 -43252279 2124721913 2784759398
2784759398 -22935522 -43252311 2124721911 2784759410 2124721910
2784759444 -22935507 -43255698 2784759443 2784759445
2778391322 -22935507 -43253635 1765523248 3026584703 2778391321
2784759453 -22935506 -43255388 2784759452 2784759454
2784759452 -22935503 -43255313 2784759451 2784759453
2784759407 -22935483 -43253158 2784759408 2784759406
2124721910 -22935470 -43252344 2784759411 2784759398
3026584703 -22935458 -43253306 2784759408 2778391322
2784759408 -22935439 -43253177 3026584708 2784759407 3026584703
1765523248 -22935438 -43253614 2778391322 1765523298
3026584708 -22935433 -43253137 2124721909 2784759408
2784759411 -22935420 -43252355 2124721908 2124721910
2784759443 -22935418 -43255629 2784759442 2784759444
2124721909 -22935380 -43252782 3026584708 2124721907
2124721908 -22935366 -43252406 2784759411 3026584665
1765523298 -22935361 -43253598 1765523248 1765523646
3026584665 -22935334 -43252453 2124721908 2124721906
2784759442 -22935289 -43255495 2784759441 2784759443
2124721906 -22935288 -43252520 3026584665 2784759409
2124721907 -22935279 -43252640 2124721909 3026584685 2784759409
1765523646 -22935275 -43253579 1765523298 1765523452
2784759409 -22935269 -43252586 2124721906 2124721907
3026584685 -22935238 -43252685 2784759412 2124721907 3026584701
3026584731 -22935227 -43254541 3026584730
2784759412 -22935223 -43252701 3026584685 2784759413
2784759441 -22935189 -43255396 2784759440 2784759442
3026584730 -22935187 -43254470 3026584731 2784759427
1765523452 -22935171 -43253563 1765523255 1765523646
3026584701 -22935162 -43252696 3026584685 3026584686
3428067016 -22935158 -43259951 3428067019 1838908925
2784759427 -22935154 -43254409 3026584730 2784759426
2784759413 -22935147 -43252772 2784759412 2784759414
1838908925 -22935129 -43259930 3428067016 1838908820
2784759426 -22935112 -43254340 2784759425 2784759427
2784759440 -22935100 -43255271 2784759439 2784759441
2784759414 -22935098 -43252853 2784759415 2784759413
3026584686 -22935080 -43252696 3026584701
1765523255 -22935077 -43253563 1765523452 1765523339
1838908820 -22935068 -43259897 1838908925 1838908943
2784759415 -22935052 -43252986 2784759414 2784759416
2784759425 -22935019 -43254180 3026584659 2784759426
2784759439 -22935018 -43255129 2784759440 2784759467
2784759416 -22935005 -43253116 2784759415 3026584711
1838908943 -22935003 -43259889 1838908820 2660542401
1765523339 -22935003 -43253566 1765523255 1765523512
3026584711 -22934995 -43253149 2784759416 3026584707
3026584659 -22934975 -43254117 2784759424 2784759425
3026584707 -22934960 -43253265 3026584711 2784759417
1838908834 -22934955 -43259379 2657093609
2784759467 -22934940 -43255001 2784759439 2784759449 2784759438
1765523512 -22934939 -43253571 1765523339 2784759419
2784759417 -22934937 -43253342 2784759418 3026584707
2784759424 -22934927 -43254048 3026584717 3026584659
2660542401 -22934921 -43259875 1838908943 3428066995
2784759438 -22934917 -43254963 2784759437 2784759467
2784759418 -22934914 -43253484 2784759417 3026584718
3026584718 -22934911 -43253541 2784759418 2784759419
2784759419 -22934909 -43253581 1765523267 1765523512 3026584718
3026584717 -22934897 -43254013 2784759423 2784759424
3428066995 -22934896 -43259873 1838908912 2660542401
1765523267 -22934890 -43253587 2784759419 1765523375
2784759423 -22934870 -43253982 3026584717 2784759422
1765523375 -22934845 -43253601 1765523267 1765523308
2784759437 -22934823 -43254827 2784759436 2784759438
1838908912 -22934793 -43259873 3428066964 1838908932 3428066995
3428066964 -22934776 -43259913 1838908997 1838908912
2784759422 -22934768 -43253895 2784759421 2784759423
1765523308 -22934754 -43253633 1765523274 1765523375
1838908997 -22934732 -43259980 3428066964 3428066948
2784759421 -22934712 -43253838 2784759420 2784759422
1765523274 -22934709 -43253652 1765523694 1765523308
1838908932 -22934696 -43259866 1838908912 3428066937
2784759436 -22934695 -43254631 2784759435 2784759437
2657093609 -22934680 -43259197 1838908834 2661758469
2784759420 -22934666 -43253771 2784759421 1765523276
1765523694 -22934652 -43253662 1765523274 1765523276
2661758469 -22934628 -43259162 2657093609 1838909158
2784759435 -22934621 -43254524 3026584640 2784759436
3428066937 -22934601 -43259836 1838908932 1838909022
3026584640 -22934600 -43254495 2784759435 2784759434
1838909158 -22934590 -43259135 2661758469 1838908819
1765523276 -22934578 -43253673 1765523694 3026584647 2784759420
3026584647 -22934534 -43253672 1765523276 3026584671
3026584671 -22934509 -43253673 3026584647 1765523559
1838909022 -22934507 -43259788 3428066937 1838908880
2784759434 -22934497 -43254354 3026584646 3026584640
3026584646 -22934465 -43254318 2784759433 2784759434
1838908880 -22934428 -43259756 1838909235 1838909022 1838909273
1765523559 -22934386 -43253699 1765523332 3026584671
2784759433 -22934375 -43254216 3026584646 2784759432
1838908819 -22934366 -43258947 2660542402 1838909158
1838909273 -22934335 -43259689 1838908880 2660542413
1765523332 -22934329 -43253729 1765523559 2784759428
2784759432 -22934315 -43254148 2784759431 2784759433
2784759428 -22934298 -43253748 1765523332 2784759429 1765523253
2660542413 -22934297 -43259642 1838909277 1838909273
2660542402 -22934289 -43258899 1838908819 1838909137
1838909277 -22934286 -43259617 3428066905 2660542413
2784759431 -22934284 -43254109 2784759430 2784759432
2784759430 -22934271 -43254059 2784759429 2784759431
2784759429 -22934271 -43254018 2784759430 2784759428
3428066905 -22934269 -43259535 1838909277 1838909060
1838909137 -22934255 -43258878 2660542402 1838909098
1765523253 -22934255 -43253775 1765523631 2784759428
1838909060 -22934251 -43259504 3428066905 3428066898
3428066898 -22934224 -43259482 1838909060 2660542410
1765523631 -22934181 -43253828 1765523245 1765523253
2660542410 -22934163 -43259416 3428066898 1838908766
1838909098 -22934156 -43258854 1838909108 1838909137
2660499925 -22934140 -43258763 3428066880
1838908766 -22934127 -43259380 2660542409 2660542410
1765523245 -22934114 -43253901 1765523631 1765523269
1838909108 -22934109 -43258808 1838909098 1838909221
3428066880 -22934105 -43258720 2660499925 2660499926
2660542409 -22934093 -43259349 1838908766 3428066876
1838909221 -22934070 -43258730 1838909108 1838908973
2660499926 -22934062 -43258624 2660499927 3428066880
3428066876 -22934056 -43259321 2660542409 3428066868
1765523269 -22934037 -43253995 1765523245 1765523781
2660499927 -22934034 -43258591 2660499926 1838908813
1838908973 -22934023 -43258642 1838908813 1838909221
3428066868 -22934006 -43259267 1838909274 3428066876
1838908813 -22933981 -43258563 1838908973 2660499857 2660499927
1765523781 -22933976 -43254065 1765523436 1765523269
1838909274 -22933958 -43259212 1838908791 3428066868
1765523436 -22933931 -43254089 1765523345 1765523781
1838908791 -22933910 -43259157 1838909274 1838908906
1765523345 -22933892 -43254102 1765523436 1765523464
1838908906 -22933865 -43259118 1838908791 3428066836
1765523464 -22933859 -43254102 1765523345 1765523653
3428066836 -22933830 -43259106 1838908906 1838908818
2660499857 -22933826 -43258484 1838908813 1838908804
1765523653 -22933822 -43254086 1765523464 1765523333
1765523705 -22933815 -43253844 1765523280 1765523277
1765523280 -22933812 -43253879 1765523705 1765523467
1765523277 -22933808 -43253823 1765523705 1765523460
1765523333 -22933803 -43254070 1765523786 1765523653
1838908818 -22933795 -43259100 1838908771 3428066836
1765523460 -22933795 -43253802 1765523277 1765523366
1765523786 -22933788 -43254035 1765523699 1765523333
1765523467 -22933785 -43253984 1765523699 1765523280
1765523699 -22933783 -43254014 1765523786 1765523467
1765523366 -22933743 -43253762 1765523460 1765523723
1838908771 -22933685 -43259097 1838908818 3428066808
1838908861 -22933674 -43257950 1838908782 1838908792
1838908792 -22933655 -43257906 1838908861 1838908989
1838908782 -22933651 -43258012 1838908861 2657093586
1838908804 -22933647 -43258374 2660499857 1838908806
1838908989 -22933617 -43257873 1838908971 1838908792
2657093586 -22933606 -43258126 1838908782 1838909093
1838908806 -22933593 -43258309 1838908804 1838909093
3428066808 -22933592 -43259075 1838908771 1838909017
1838909093 -22933583 -43258245 1838908806 2657093586
1838908971 -22933546 -43257840 1838908989 1838908965
1838909017 -22933512 -43259024 3428066808 3428066801
1765523723 -22933491 -43253530 1765523364 1765523366
3428066801 -22933469 -43258987 1838909017 1838909062
1765523364 -22933449 -43253483 1765523514 1765523723
1838909062 -22933435 -43258936 3428066801 1838909114
1838908965 -22933418 -43257773 1838908971 1838909242
1765523514 -22933405 -43253388 1765523364 1765523599
1765523582 -22933397 -43253021 1765523780 1765523626
1765523626 -22933397 -43252986 1765523582 1765523794
1765523794 -22933378 -43252962 1765523626 1765523637
1765523780 -22933375 -43253096 1765523582 1765523429
1765523599 -22933368 -43253298 1765523514 1765523429
1765523637 -22933361 -43252949 1765523794 1765523311
1765523429 -22933355 -43253206 1765523599 1765523780
1838909114 -22933337 -43258761 1838909228 1838909062
1765523311 -22933333 -43252946 1765523278 1765523637
1838909242 -22933326 -43257708 1838908965 1838908768
1765523278 -22933304 -43252954 1765523451 1765523311
1838908958 -22933297 -43257105 1838909036 3428066786
1838909036 -22933297 -43257166 3428066782 1838908958
1838909228 -22933292 -43258700 1838909114 2660542430
1765523451 -22933279 -43252968 1765523278 1765523392
1765523392 -22933252 -43253011 1765523451 1765523386
3428066786 -22933248 -43256945 1838908958 1838908995
2660542430 -22933238 -43258649 1838909228 1838908795
3428066782 -22933231 -43257186 3428066770 1838909036
1838908768 -22933217 -43257632 1838909242 1838908786
1838908995 -22933197 -43256827 3428066786 3428066769
1765523386 -22933190 -43253129 1765523392 1765523397
3428066770 -22933149 -43257218 1838908859 3428066782
3428066769 -22933147 -43256739 1838908995 1838908904
1838908904 -22933081 -43256666 3428066769 2660499791
1838908786 -22933064 -43257502 1838908768 1838908978
1838908859 -22933059 -43257252 3428066770 1838908832
1765523397 -22933020 -43253455 1765523390 1765523386
1838908832 -22932999 -43257298 1838908859 1838908842
1765523390 -22932997 -43253480 1765523397 1765523426
1838908795 -22932990 -43258475 2660542430 2660542448
2660499791 -22932984 -43256601 1838908871 1838908904
1765523426 -22932980 -43253485 1765523390 1765523439
1838908842 -22932977 -43257322 1838908978 1838908832
1765523439 -22932968 -43253485 1765523376 1765523426
1765523376 -22932950 -43253475 1765523439 1765523762
1765523400 -22932934 -43252673 1765523407 1765523508
1765523508 -22932934 -43252657 1765523400 1765523443
1838908978 -22932929 -43257379 1838908786 1838908842 1838908929
1765523443 -22932924 -43252641 1765523713 1765523508
1765523762 -22932923 -43253450 1765523376 1765523369
1765523407 -22932913 -43252795 1765523792 1765523400
1765523713 -22932911 -43252633 1765523443 1765523656
2660542448 -22932897 -43258414 1838908795 1838909272
1765523656 -22932892 -43252639 1765523713 1765523354
1765523369 -22932884 -43253399 1765523570 1765523762
1765523354 -22932874 -43252649 1765523328 1765523656
1838908871 -22932872 -43256539 2660499791 2660499781
1765523328 -22932864 -43252668 1765523354 1765523340
1765523340 -22932859 -43252695 1765523328 1765523325
1765523570 -22932852 -43253365 1765523369 1765523506
1765523325 -22932849 -43252773 1765523365 1765523340
1765523365 -22932841 -43252809 1765523325 1765523504
1765523506 -22932790 -43253313 1765523570 1765523720
1838908929 -22932785 -43257261 1838908978 1838908982
1765523504 -22932779 -43252922 1765523365 1765523337
1838909272 -22932767 -43258342 2660542448 1838909156
1765523720 -22932763 -43253281 1765523506 1765523730
1765523730 -22932755 -43253263 1765523792 1765523720
1765523792 -22932755 -43253244 1765523407 1765523730
1765523337 -22932728 -43252992 1765523698 1765523504
2660499818 -22932714 -43256779 2660499819
2660499781 -22932701 -43256416 1838908871 3515671562
2660499817 -22932688 -43256862 2660499818
1765523698 -22932684 -43253052 1765523337 1765523257
2660499819 -22932676 -43256718 2660499820
1760376951 -22932637 -43250135 1760376925 1765523268
1765523257 -22932611 -43253107 1765523698 1765523702
1838909156 -22932597 -43258253 1838909272 1838909152
1838908982 -22932595 -43257120 2660499816 1838908778 1838908929
2660499816 -22932567 -43257100 1838908931 2660499817 1838908982
1838909152 -22932563 -43258216 3428066725 1838909156 1838908933
2660499820 -22932543 -43256581 2660499821
1765523702 -22932531 -43253158 1765523770 1765523257
1760376925 -22932524 -43250414 1760376951 1765523450
1838908778 -22932521 -43257285 1838908765 1838908982
1838908933 -22932516 -43258106 1838909152 3428066722
3428066725 -22932498 -43258286 1838908805 1838909152
1765523450 -22932492 -43250540 1760376925 1765523258
3515671562 -22932487 -43256308 1838909161 2660499781
3428066722 -22932475 -43258044 1838909079 1838908933
2660499821 -22932446 -43256492 2660499822
1838909161 -22932437 -43256283 3515671562 2660499772
1838908765 -22932429 -43257418 1838909194 1838908829 1838908778
1838908805 -22932427 -43258355 1838909230 3428066725
1765523258 -22932419 -43250714 1765523576 1765523450
1838909079 -22932414 -43257994 3428066722 1838909092
1838909230 -22932398 -43258388 1838909201 1838908805
1765523770 -22932389 -43253203 1765523702 1765523458
1765523458 -22932343 -43253214 1765523770 1765523709
2660499772 -22932326 -43256217 1838909161 3515671558
1765523709 -22932311 -43253219 1765523458 1765523306
2660499822 -22932297 -43256380 2660499823
1838908845 -22932286 -43258949 2660542640
1838909194 -22932264 -43257595 1838908765 1838908956
3515671558 -22932257 -43256178 2660499772 1838908854
1765523306 -22932246 -43253214 1765523709 1765523528
2660542640 -22932242 -43258906 1838908845 1838909042
1838909201 -22932238 -43258483 1838909230 1838908799
1838908799 -22932203 -43258502 1838909025 1838909201
2522660707 -22932194 -43255367 2522660708 3428065492
1838909042 -22932190 -43258866 2660542640 1838908787
1838908829 -22932190 -43257262 1838908765 1838909183
3428065492 -22932185 -43255331 2660499754 2522660707
1838908854 -22932185 -43256135 3515671558 2522660715
2522660712 -22932181 -43255733 2522660713 2522660711
2660499823 -22932179 -43256340 3515671557
2522660711 -22932178 -43255663 2522660712 2522660710
1765523528 -22932176 -43253153 1765523306 1765523495
1838908956 -22932167 -43257702 1838909194 2657093558 1838909103
3515671557 -22932167 -43256332 3515671555
1765523398 -22932162 -43251696 1765523510 1765523690
2522660710 -22932161 -43255607 2522660709 2522660711
1838909092 -22932160 -43257834 1838909079 2657093558
1765523510 -22932158 -43251659 1765523260 1765523398
1765523690 -22932157 -43251723 1765523398 1765523360
2522660708 -22932157 -43255472 2522660707 2522660709
2522660713 -22932156 -43255808 2522660712 2522660714
2522660709 -22932148 -43255548 2522660708 2522660710
1765523360 -22932143 -43251755 1765523772 1765523690
1765523260 -22932140 -43251615 1765523510 1765523362
1760376918 -22932132 -43250673 1760376925
1838909103 -22932130 -43257536 1838908956 1838909058
1765523576 -22932130 -43251138 1765523258 1765523356
2660499754 -22932126 -43255278 1838908772 3428065492
2522660714 -22932106 -43255897 2522660713 2522660715
1765523772 -22932106 -43251790 1765523360 1765523561
1838908787 -22932096 -43258800 1838908781 1838909042
1765523589 -22932096 -43250680 1760376918
1838909025 -22932091 -43258613 1838908781 1838908799
2657093558 -22932074 -43257782 1838908956 1838909243 1838909092
1838909058 -22932064 -43257324 1838909103 1838909183
1765523523 -22932055 -43250667 1765523589
1765523362 -22932051 -43251490 1765523584 1765523260
1838909243 -22932050 -43257803 2657093558 1838909275
1765523356 -22932049 -43251288 1765523576 1765523361
1765523495 -22932040 -43253029 1765523343 1765523528
2522660715 -22932034 -43256027 2522660714 1838908854
1765523665 -22932029 -43250645 1765523523
1765523584 -22932024 -43251441 1765523320 1765523362
1765523361 -22932022 -43251353 1765523320 1765523356
1765523320 -22932019 -43251409 1765523361 1765523584
1765523331 -22932002 -43250605 1765523665
1838908781 -22931994 -43258723 506864272 1838909025 1838908787
1838909183 -22931970 -43257142 1838908829 1838909058 1838908855
1838909046 -22931951 -43255963 2522660715
2657093554 -22931944 -43257737 3430831582
3515671556 -22931942 -43255953 1838909046
1838909187 -22931925 -43259925 1838909279 1838908895
1765523531 -22931920 -43250369 1765523331
3428065475 -22931915 -43255171 2529568105 1838908772
1838908772 -22931914 -43255123 2660499754 1838908852 3428065475
1838909063 -22931909 -43255920 3515671556
2529568105 -22931901 -43255221 2529568104 3428065475
1838908974 -22931889 -43255871 1838909063
1765523343 -22931877 -43252898 1765523495 3390273361
506864272 -22931876 -43258642 3430831580 1838908781
2529568104 -22931875 -43255323 2529568105 2529568103
2529568103 -22931853 -43255406 2529568102 2529568104
3515671555 -22931852 -43256124 2660499824
2529568102 -22931827 -43255466 2529568101 2529568103
2529568101 -22931795 -43255525 2529568102 2529568100
1765523561 -22931794 -43251922 1765523772 1765523304
3390273361 -22931777 -43252788 1765523343 1838908808
1838909279 -22931772 -43259771 1838908822 1838909187
3430831582 -22931770 -43257637 2657093554 1838908763
2660499829 -22931769 -43255806 2522660716 1838908974
1838909275 -22931751 -43258065 1838909243 3428065474
1765523304 -22931750 -43251924 1765523561 1765523384
2529568100 -22931747 -43255592 2529568099 2529568101
2660499824 -22931725 -43256039 2660499825
2522660716 -22931717 -43255778 2660499829 2529568098
1838908855 -22931708 -43256960 1838909183 1838908775
2529568099 -22931707 -43255663 2529568098 2529568100
1765523384 -22931705 -43251910 1765523304 1765523658
1765523462 -22931704 -43251468 1765523789 1765523493
1765523493 -22931703 -43251578 1765523456 1765523462
2660499825 -22931700 -43256026 2660499826
3428065474 -22931694 -43258103 1838909238 1838909275
2529568098 -22931694 -43255728 2522660716 2529568099
1765523456 -22931691 -43251720 1765523636 1765523493
2660499826 -22931683 -43256010 2660499827
1765523658 -22931683 -43251886 1765523636 1765523384
1765523789 -22931682 -43251409 1765523462 1765523329
2660499828 -22931681 -43255954 2660499829
1838908822 -22931679 -43259696 1838909279 1838908793
1765523636 -22931676 -43251844 1765523456 1765523658
2660499827 -22931674 -43255988 2660499828
1838908808 -22931664 -43252670 3390273361 2752814383 1838908910
1838908800 -22931651 -43252923 1838908910
1838908910 -22931639 -43252813 1838908800 1838908808
2752814383 -22931623 -43252625 1838908808 1765523355
1765523329 -22931588 -43251157 1765523789 1765523565
1765523355 -22931587 -43252571 3390273360 2752814383
1838909238 -22931585 -43258175 3428065474 1838909195
1838908793 -22931579 -43259638 1838908969 1838908822
3390273360 -22931575 -43252548 1765523355 3390273359
1838908931 -22931560 -43256388 2660499816 1838908825
1838908763 -22931555 -43257514 3430831582 3430831581
1838908969 -22931547 -43259618 1838909280 1838908793
1838909280 -22931530 -43259546 1838908940 1838908969
3430831581 -22931528 -43257495 1838908763 1838908972
3390273359 -22931523 -43252472 3390273360 1765523399
1838909195 -22931508 -43258194 1838909238 1838908838
1838908940 -22931505 -43259437 1838908780 1838909280
1838908780 -22931496 -43259367 1838908940 1838909175
3430831580 -22931488 -43258375 3428065468 506864272
1838909175 -22931481 -43259317 1838908780 3428065469
1765523399 -22931476 -43252428 1765523448 3390273359
3428065469 -22931455 -43259290 3428065467 1838909175
1765523565 -22931435 -43250902 1765523329 3390273357
1765523448 -22931424 -43252361 1765523399 1765523312
1838908825 -22931391 -43256272 1838908931 1838909215 1838908836
1838908852 -22931389 -43254738 506864297 1838908772
1765523312 -22931384 -43252259 1765523448 1765523382
3428065468 -22931382 -43258297 3430831580 506864271
506864271 -22931363 -43258283 3428065468 506864270
1838908838 -22931357 -43258170 1838909195 506864270
1765523382 -22931352 -43252122 1765523318 1765523312
3390273357 -22931350 -43250767 1765523635 1765523565
1838908775 -22931347 -43256683 1838908855 1838909094
1765523281 -22931335 -43251391 1765523275 1765523662
1765523275 -22931335 -43251431 1765523279 1765523281
1765523318 -22931332 -43252002 1765523382 1765523557
1765523279 -22931325 -43251497 1765523275 1765523756
1765523557 -22931323 -43251897 1765523318 1765523756
1765523756 -22931322 -43251784 1765523557 1765523279
1765523662 -22931320 -43251349 1765523281 1765523273
1838908836 -22931290 -43256460 1838908825 1838909021
1838909094 -22931283 -43256608 1838908775 1838909021
1838909021 -22931276 -43256542 1838909094 1838908836
1765523273 -22931273 -43251258 1765523662 1765523363
1765523635 -22931272 -43250653 3390273357 1765523578
506864297 -22931236 -43254627 2966475122 1838908852
1765523578 -22931225 -43250605 1765523635 1765523498
1765523363 -22931198 -43251130 3390273355 1765523273
3428065467 -22931197 -43259272 2660542642 3428065469
1765523498 -22931190 -43250585 1765523405 1765523578
3390273355 -22931158 -43251063 1765523363 3390273354
1765523405 -22931146 -43250562 1765523498 1765523372
3390273354 -22931126 -43250977 3390273355 1765523323
506864270 -22931122 -43258081 1838908838 3430831554 506864271
1765523323 -22931095 -43250908 3390273354 1765523779
3430831554 -22931091 -43258057 3430831542 506864270
1765523779 -22931040 -43250787 1765523323 1765523341
1838908972 -22930992 -43257117 3430831581 1838908930
1765523341 -22930958 -43250676 1765523779 1765523357
3430831542 -22930920 -43257924 506864269 3430831554
1838908930 -22930908 -43256999 1838908972 1838909162
1838909215 -22930905 -43255940 1838908825 1838909232
1765523357 -22930888 -43250564 1765523341 1838908815
1765523372 -22930880 -43250466 1765523405 1765523774
506864269 -22930849 -43257869 506864268 3430831542
1838908815 -22930846 -43250485 1765523526 1765523357
1765523774 -22930845 -43250443 1765523372 1765523526
2660542642 -22930836 -43258978 3428065467 1838909078
1838909162 -22930836 -43256819 1838908930 1838908857
1765523526 -22930818 -43250429 1765523774 1765523640 1838908815
1838908857 -22930799 -43256653 1838909162 1838908873
1838908873 -22930789 -43256428 1838908857 1838908794
1765523640 -22930788 -43250377 1765523526 1765523310
1838908794 -22930774 -43256265 1838908764 1838908873
1838908764 -22930755 -43256212 1838908794 1838909149
1765523310 -22930755 -43250301 1765523640 1765523602
1838909078 -22930719 -43258862 3430831529 2660542642
1765523602 -22930708 -43250219 1765523305 1765523310
506864268 -22930702 -43257728 3788436888 506864269
1765523305 -22930686 -43250175 1765523602 1765523394
3788436888 -22930678 -43257721 506864267 506864268
1838909149 -22930675 -43256130 1838908764 506864294
1765523394 -22930632 -43250130 1765523305 1765523491
3430831529 -22930598 -43258748 1838908975 1838909078
506864267 -22930574 -43257688 1838909007 3788436888
1765523491 -22930569 -43250079 1765523394 1765523649
1838909232 -22930560 -43255735 506864297 1838909215
1838908975 -22930536 -43258690 1838909000 3430831529
2966475122 -22930493 -43253975 893169412
1838909007 -22930487 -43257657 506864266 506864267
3397769439 -22930483 -43259906 3397769436
1765523649 -22930464 -43250056 1765523491 1765523765
1838909000 -22930446 -43258614 1838908947 1838908975
506864294 -22930437 -43255938 1838909232 1838909149
3397769436 -22930429 -43259930 3397769430 3397769439
2713408037 -22930425 -43252484 2752814394
506864266 -22930420 -43257563 506864265 1838909007
1765523765 -22930392 -43250032 1765523649 1765523711
1838908947 -22930365 -43258531 3788436875 1838909000
506864265 -22930359 -43257439 506864266 506864264
3788436875 -22930351 -43258506 1838908879 1838908947
2752814394 -22930350 -43252440 1838908790 2713408037
3397769430 -22930346 -43259962 3397769428 3397769436
1838908879 -22930299 -43258408 1838908963 3788436875
506864264 -22930246 -43257334 506864263 506864265
1838908963 -22930235 -43258265 1838908774 1838908879
1838908774 -22930186 -43258172 1838908963 1838908853
1838908853 -22930125 -43258114 1838908774 1838908846
506864263 -22930122 -43257290 506864261 506864264
1838908846 -22930055 -43258076 1838908903 1838908853
1838908903 -22929984 -43258061 1838909266 1838908846
3397772711 -22929974 -43259780 1838908927 3397772710
1838908927 -22929972 -43259736 3397772711 1838908826
1838908826 -22929944 -43259681 642547264 1838908927
3397772710 -22929943 -43259852 3397772711 3397772709
1838909266 -22929926 -43258076 1838909264 1838908903
642547264 -22929893 -43259646 642547263 1838908826
1838909264 -22929863 -43258122 1838909005 1838909266
1838909005 -22929843 -43258203 1838909264 1838909044
1838909044 -22929811 -43258268 1838909001 1838909005
1838909001 -22929766 -43258273 1838909239 1838909044
3390273321 -22929744 -43251276 506864310
1838909239 -22929725 -43258237 1838909236 1838909001
506864309 -22929710 -43251161 3390273321
506864310 -22929694 -43251415 1838908790
1838909236 -22929688 -43258171 1838909239 1838909234
1838909234 -22929618 -43258024 1838909236 1838909198
1838909198 -22929567 -43257989 1838909075 1838909234
1838909075 -22929527 -43257994 1838909193 1838909198
1838909200 -22929527 -43252203 1838908779
506864284 -22929502 -43255316 506864294 506864261
1838909193 -22929466 -43258041 1838909076 1838909075
1838909076 -22929389 -43258145 1838909193 1838909115
1838908790 -22929347 -43251853 506864299 2752814394
3615202993 -22929306 -43250461 3615156138 3615203093
1838909115 -22929304 -43258225 1838909076 1838908967
1838908967 -22929243 -43258233 1838908901 1838909115
3615203093 -22929218 -43250712 3615156139 3615202993
3615156139 -22929184 -43250807 3615203093 506864309
1838908901 -22929166 -43258212 2777870152 1838908967
893169412 -22929132 -43252863 1540080829 1838908779
1838908779 -22929078 -43252819 1838909200 893169412 506864299
2777870152 -22928951 -43258103 1838908863 1838908901
506864261 -22928923 -43256366 506864284 506864263 1838908970 506864260
506864299 -22928777 -43252574 1838908779 2997983930
1838908863 -22928766 -43258008 1838908770 2777870152
506864288 -22928660 -43250059 1431514944 506864303 3407458197
1838908770 -22928572 -43257915 1838908863 1838908970
506864303 -22928569 -43250392 3615156139 506864288 506864305
2997983930 -22928438 -43252322 1431514943
1838908970 -22928328 -43257787 1838909179 506864261 1838908770
1540080829 -22928320 -43254526 506864284 893169412
1838909179 -22928278 -43257892 1838908970 642547263
1431514943 -22928182 -43252132 2997983928
506864305 -22927970 -43250018 506864306 506864303
642547263 -22927956 -43258578 1838909179 642547257 506864281 642547264
2997983928 -22927909 -43251964 2997983895
506864260 -22927678 -43255389 1958733472 506864261
506864281 -22927552 -43259354 642547260 3397768615 506864280 642547263
2997983895 -22927441 -43251675 506864301
506864301 -22927271 -43251570 506864305 506864302
2997983891 -22927213 -43251689 506864301
3397768615 -22927032 -43259076 3762136425 3397768610
1958733472 -22926985 -43254908 1958733458 506864259 506864260
3762136425 -22926944 -43259028 642547256
506864307 -22926794 -43252566 506864308 2997983891
1838908993 -22926728 -43256931 1838908970
3397768610 -22926632 -43259969 3762136424
1838909026 -22926613 -43256853 1838908938 1838908993
1838908938 -22926585 -43256917 642547257 1838909026
1838909059 -22926522 -43256775 1838909026
506864285 -22926453 -43253278 506864307 1540080829 3762129503
642547257 -22926257 -43257617 1838908938 642547256 1958733475
1958733458 -22926134 -43256115 1958733456
1958733456 -22926040 -43256211 1838909059 1958733462
506864259 -22926026 -43254196 506864285 1958733472
1958733462 -22925963 -43256318 1958733475
642547256 -22925866 -43258451 642547253 642547257 3762136426
1958733475 -22925547 -43257229 642547262
3762129500 -22925517 -43255204 506864259
1958733461 -22925463 -43255314 3762129500 1958733465
642547253 -22925459 -43259319 642547255 3397768610 642547256
1838908890 -22925401 -43255434 1958733461 1958733456
1838909050 -22925321 -43255602 1838908890
506864302 -22925195 -43250239 1392002550
3762136423 -22925174 -43259163 642547253
3762136426 -22924962 -43257971 642547261
2707967352 -22924928 -43256456 1838909050
1977133109 -22924898 -43250824 506864302
3762129503 -22924875 -43252317 1834850354
1834850354 -22924792 -43252267 3371052232
642547262 -22924760 -43256807 2707967352
506864308 -22924667 -43251260 1977133109
3371052232 -22924583 -43252072 1445221341
3762129499 -22924564 -43257219 642547262
1977133114 -22924564 -43250780 1977133111
1977133111 -22924558 -43250821 1977133113
506864327 -22924556 -43250721 1977133114
1977133113 -22924527 -43250851 1977133110
1834850357 -22924527 -43251526 506864308
1445221341 -22924499 -43251959 1445221336 267094753
1977133110 -22924479 -43250879 1977133112
1445221336 -22924470 -43251946 3371052231
1834850356 -22924462 -43251656 1834850357
3371052230 -22924446 -43251737 1834850356
267094753 -22924436 -43251823 3371052230 1834850355
3371052231 -22924433 -43251943 1445221334
1445221329 -22924433 -43251838 267094753
1445221332 -22924413 -43251862 1445221329
1445221334 -22924405 -43251951 3371052233
1476423645 -22924398 -43252939 506864259 1476423639
1834850355 -22924396 -43251728 1977133108
2880064850 -22924393 -43252767 1476423645 2506473154
1445221338 -22924385 -43251879 1445221332
3762129504 -22924383 -43252540 2880064850
3371052233 -22924380 -43251967 506864296
642547261 -22924359 -43257652 3762129499
506864296 -22924358 -43252003 3762129504
3371052234 -22924352 -43251875 1445221338
506864322 -22924327 -43251863 3371052234 506864296
1476423639 -22924237 -43254158 3762129502
3762129502 -22924189 -43254380 267094902
267094902 -22924182 -43254411 267094903
1070939082 -22924180 -43251618 1070939121 506864322
267094903 -22924146 -43254565 1958733465
1977133112 -22924104 -43250930 1977133108
1958733465 -22924102 -43254685 1834853612
1977133108 -22924018 -43250942 456681498 2752692846
642547252 -22923961 -43258499 642547261 3762136423
3762131577 -22923854 -43259626 402293998
402293998 -22923852 -43259607 642547255 3762133432
3762133432 -22923850 -43259582 1476423619
2752692846 -22923841 -43250947 1977133108 1070939082
1476423611 -22923812 -43258797 642547252
3762131583 -22923795 -43259607 3765885245 3762133430 3762133432
3762131586 -22923789 -43258843 1476423611
1476423625 -22923772 -43258913 3762131586
1476423619 -22923766 -43258968 3762131588
3762131588 -22923763 -43258947 3762133429 1476423625
1834853612 -22923719 -43255900 468121533 2707967352
3765885245 -22923711 -43258987 3765885244
3765885244 -22923702 -43258916 3762133429
2506473154 -22923693 -43252667 2880064850
1834853608 -22923660 -43258072 3070949651
3762133429 -22923652 -43258572 3765903641
3070949651 -22923651 -43258197 1834853614
3070949650 -22923651 -43257934 1834853608
1834853616 -22923623 -43257813 3070949650
1834853614 -22923621 -43258308 3070949649 642547252
3765903641 -22923592 -43258488 3762131587
3070949649 -22923567 -43258391 3762131587
468121533 -22923536 -43256428 1564530631 1070938995
3762131587 -22923504 -43258459 267094975
1070938995 -22923458 -43256681 3762129501
1834853603 -22923454 -43257282 1834853616
1564530631 -22923450 -43256498 1564530625
3762129501 -22923445 -43256752 1834853606
1834853606 -22923436 -43256798 3070949646
3070949648 -22923431 -43257175 1834853603
3070949646 -22923429 -43256858 3070949647
1834853610 -22923421 -43257066 3070949648
3070949647 -22923420 -43256962 1834853610
1564530625 -22923413 -43256509 3070949643
3070949643 -22923372 -43256510 1070939094
1564530623 -22923349 -43256897 1834853610
1070939094 -22923336 -43256496 1070939020
3070949642 -22923328 -43256866 1564530623
3070949641 -22923300 -43256841 3070949642
1564530632 -22923267 -43256834 3070949641
468121551 -22923235 -43256840 1564530632
1070939121 -22923042 -43251540 1070939082 2880064838
2752692847 -22922946 -43251089 2752692846
267094975 -22922640 -43258498 3762129505
2752692848 -22922585 -43250152 2752692847 267094738
3762129505 -22922429 -43258520 402294329
402294329 -22922328 -43258531 402293997 468121576
1070939093 -22922277 -43257264 1070939020 468121551
1070939020 -22922023 -43255481 1070939093 496330916
496330916 -22921875 -43254494 2880064843 1070939020 1834853612
468121576 -22921857 -43258587 402294321
468121553 -22921635 -43257501 1070939093 468121576
2752664329 -22921409 -43250380 2752692848
2752664327 -22921351 -43250360 2752664329
2752664324 -22921301 -43250313 2752664327
2203497301 -22921272 -43250250 2203497300 2752664324
2203497298 -22921270 -43250116 2203497301
496330827 -22921268 -43255566 3631634796 468121553
2880064845 -22921263 -43250379 2880064844
2880064844 -22921249 -43250340 2203497297
496330770 -22921246 -43250424 2880064845 2752664329
2203497300 -22921239 -43250300 2203497297
2203497297 -22921207 -43250317 3631507515
402294321 -22921156 -43258715 1445221337
2880064843 -22921099 -43253895 496330909 496330916
1445221337 -22920935 -43258763 267094977
496330909 -22920923 -43253744 2880064842 2880064843 496330827
2880064842 -22920870 -43253485 2880064838 496330909
267094977 -22920828 -43258810 3631634815
3631634816 -22920822 -43253494 2880064842
3631634815 -22920751 -43258876 1834857767
1834857767 -22920694 -43258959 1445221340
2880064838 -22920660 -43252028 1070939081 2880064842 1070939121
3631634814 -22920579 -43259557 402293995
3631634813 -22920553 -43259470 3631634814
3631634812 -22920545 -43259730 1445221333
1445221340 -22920510 -43259348 3631634813 3631634810 3631634811
3631634811 -22920504 -43259572 3631634812
1070939081 -22920429 -43250622 2880064838 496330770
3631634810 -22920373 -43259643 3631634809
3631634809 -22920319 -43259729 402294227
3631634808 -22920248 -43259896 402294227
402294227 -22920247 -43259774 3631634807 3631634806
1921963284 -22920235 -43259979 3631634808
3631634807 -22920233 -43259682 3631634805
3631634806 -22920160 -43259809 3631634803
3631634805 -22920121 -43259073 3631634804
3631634804 -22920112 -43259024 642546873
642546873 -22920089 -43258899 468121561
3631634803 -22920075 -43259824 642546851
