3077165497 -22959967 -43389736 3077165498 3819881902
2905796213 -22959914 -43388287 2905796212
1674398984 -22959903 -43389480 3077165497 1674398973
2905796212 -22959897 -43388214 2905796211
2905796211 -22959879 -43388143 2905795192
2905795199 -22959617 -43388293 1674398984
2905795198 -22959600 -43388223 2905795199
2905795197 -22959584 -43388147 2905795198
1674396895 -22959523 -43387795 1674396893 2905795197
1674398973 -22959239 -43389660 934568474 3069302726 1674398984
934569999 -22959100 -43386073 1674396895 3069302724
3069302726 -22959096 -43389056 1674398973 3069302723
3069302724 -22959020 -43386088 2978352839 934569999
2905795192 -22958984 -43384296 2978311300 2978311305
2978352839 -22958932 -43386076 3069302724 934568699
3069302723 -22958910 -43388257 3069302726 1674396893
1674379148 -22958883 -43385129 934569999 2978352840
2978311300 -22958875 -43383811 2978311296
2978311305 -22958867 -43384019 2978311312
2978311296 -22958860 -43383736 2905795179
1674396893 -22958844 -43387981 3069302723 3069302717 1674396866 1674396895
2978311312 -22958821 -43383979 3069302720
3069302720 -22958776 -43383976 1674370070
1674369777 -22958702 -43384383 1674379148
3069302717 -22958687 -43387359 1674396893 3069302716
2978352840 -22958643 -43385065 3077165466 1674379148
2905795179 -22958623 -43382716 2905795178
1674370070 -22958617 -43384021 2978311269 1674369777
2905795178 -22958602 -43382627 2905795168
2978311299 -22958567 -43383808 1674370070
2978311302 -22958550 -43383738 2978311299
2905795176 -22958512 -43382655 2905795178
2978311269 -22958484 -43384064 1674369981
3069302716 -22958420 -43386225 3069302717 934568699
3077165466 -22958411 -43384940 2305437149 2978352840
2905795168 -22958408 -43381841 2905795167
2905795167 -22958388 -43381764 453543185 2905795165
1674369981 -22958380 -43384061 3069302712
2905795171 -22958362 -43382691 2905795176
2905795165 -22958316 -43381787 2905795156 2905795167
1674370050 -22958304 -43382708 2905795171 2978311302
934568699 -22958295 -43385684 3069302716 2978352839 934569998
3069302712 -22958288 -43384019 1674369809
453543185 -22958271 -43381357 453545016
2905795169 -22958269 -43382534 1674370050
1674396866 -22958199 -43388163 934569985 1674396869 1674396893 934569981
453545016 -22958190 -43381171 453545017 3747591742
3747591742 -22958186 -43380637 453545016 3747591743
1674369809 -22958174 -43383926 934569640
2905795156 -22958167 -43381833 2905795152 2905795165
2978311270 -22958157 -43382744 1674370050
1674379122 -22958129 -43381905 2905795169
934569640 -22958129 -43383879 3069302704 3069302706
2905795152 -22958116 -43381849 1674379122 2905795156
2905795150 -22958103 -43381794 2905795152
1674370164 -22958078 -43382825 2978311270
3069302706 -22958077 -43383867 934569640 3069302700
453545017 -22958077 -43380963 3747591735
3069302704 -22958052 -43383774 1674369832
453543085 -22958037 -43381508 2905795150
1674379249 -22958013 -43381759 1674379122
1674369832 -22958005 -43383675 3069302697
3069302700 -22958000 -43383869 3069302694 3069302706
1674369836 -22958000 -43382962 1674370164
3069302697 -22957965 -43383554 3069302693
453564293 -22957963 -43381287 453543085
3069302694 -22957948 -43383887 1674379124 3069302700
1674369977 -22957947 -43383143 1674369836
3069302693 -22957939 -43383394 1674369938
1674369938 -22957934 -43383277 1674369977
1674379153 -22957924 -43381727 1674379249
1674379209 -22957918 -43381332 1674379287
1674379255 -22957917 -43381155 1674379209 453564293
1674379287 -22957905 -43381507 1674379215
3069302688 -22957897 -43383309 1674369938
3747591736 -22957895 -43380085 3747591735 3747591737
453564295 -22957868 -43381013 1674379255
3069302686 -22957839 -43383338 3069302688
1674379215 -22957836 -43381709 1674379153 1674379220
1674396906 -22957816 -43389368 3069302682 1674396913 1674396908
934569981 -22957800 -43386455 3069302677 1674396866 934569998
3069302683 -22957787 -43383343 3069302686
3069302682 -22957733 -43389026 1674396906 1674396885
3069302681 -22957659 -43383335 3069302683
1674396885 -22957655 -43388707 3641367231 3069302682 1674396869
453564297 -22957655 -43380695 453564295
3747591735 -22957631 -43380368 453545018 3747591736
3077670938 -22957628 -43389979 3077670937 1674396908 1674396913
1674396869 -22957572 -43388327 1674396866 1674396885 1674396915
2305437149 -22957549 -43384366 1674379124 3077165466
934569998 -22957525 -43385176 2305437148 934569981 934568699
1674396915 -22957488 -43387989 1674396890 1674396869 1674396933
1674379124 -22957476 -43384276 934570063 2305437149 3069302694
3069302678 -22957353 -43383854 1674379124
3069302677 -22957345 -43386577 1674396874 934569981
1674396933 -22957329 -43387336 1674396870 1674396874 1674396915
3069302676 -22957273 -43383480 3069302678
1674379263 -22957258 -43381358 1674379041 1674379107
1674379104 -22957256 -43383307 3069302681 3069302676 1674379220
1674379041 -22957253 -43381413 1674379263 1674379253
1674379107 -22957240 -43381303 1674379074 1674379263
1674396874 -22957174 -43386627 3069302677 1674396933 934569980 3069302674
1674379220 -22957108 -43383293 1674379104 1674379077 1674379215
3069302674 -22957070 -43386135 1674396874 1674396871
2305437148 -22956980 -43384832 934569998 3069302673
1674379253 -22956969 -43382029 1674379041 1674379266 1674379048
1674396871 -22956947 -43385590 934569980 3069302674 3069302672
3069302673 -22956934 -43384774 2305437148 934570063
3069302672 -22956923 -43385493 1674396871 1674396934
934570063 -22956908 -43384721 1674396934 1674379077 1674379124 3069302673
3641367231 -22956880 -43388907 3641367225 1674396885
1674396934 -22956754 -43384836 1674379054 934570063 3069302672
1674396913 -22956593 -43389724 3077670938 1674396906 934568477
1674379266 -22956584 -43382813 1674379253 3069302671 1674379264
1674379074 -22956567 -43380381 1674379134 1674379048 1674379107 1674379259
1674379077 -22956539 -43383231 1674379220 934570063 1674379230
3069302671 -22956527 -43382961 1674379266 1674379230
1674379230 -22956417 -43383221 1674379077 3069302669 3069302671
1674379054 -22956342 -43385176 1674379197 1674396934 3069302670
3069302670 -22956282 -43385022 1674379054 1674369794
3069302669 -22956126 -43383187 1674379230 1674369794
1674379048 -22956051 -43380811 1674379074 3069302662 1674379253 1674379045
1674369794 -22955851 -43383165 3069302669 3069302666 3069302670 1674379233
3069302666 -22955821 -43383067 1674369794 1674379078
1674379078 -22955771 -43382969 3069302666 3069302661
1674379197 -22955758 -43385643 1674379145 1674379054 3069302664
3641367225 -22955740 -43389221 3641367231 1674396887
3069302664 -22955701 -43385503 1674379197 1674379058
3069302662 -22955664 -43381164 1674379048 1674379264
1674379058 -22955574 -43384918 3069302664 1674379082 1674379021
1674379021 -22955496 -43384578 1674379056 1674379058 1674379032
1674379264 -22955486 -43381316 1674379098 1674379266 1674379204 3069302662
934568477 -22955468 -43389437 1674396913 934569142 1674396887
1674396887 -22955433 -43389314 1674396890 3641367225 3077165227 934568477
3069302661 -22955348 -43382406 1674379098 1674379078
1674379032 -22955313 -43383853 1674379144 1674379021 1674379233
1674396890 -22955283 -43388597 1674396870 1674396887 1674396872 1674396915
1674379233 -22955149 -43383098 1674379178 1674369794 1674379032
1674396870 -22955119 -43387914 1674396890 1674396933 934569980 1674396931
1674379082 -22955118 -43385245 1674379058 1674379093 1674379131
1674379178 -22955012 -43383082 3069302647 1674379233 3069302655
934569980 -22954976 -43387234 1674396870 934569931 1674396874 1674396871 3069302656
1674379098 -22954928 -43381819 1674379070 3069302661 1674379264
3069302656 -22954810 -43386599 1674379145 934569980
1674379145 -22954752 -43386458 934569639 1674379197 3069302656 1674379131
3069302655 -22954741 -43382696 3069302648 1674379178
3077165433 -22954646 -43389937 934569142 3077165231
3077165231 -22954561 -43389936 3077165433 3077165230
3069302648 -22954534 -43382416 1674379120 3069302655
3077165230 -22954480 -43389947 739115972 3077165231
3069302647 -22954477 -43383040 1674379178 1674379035
739115972 -22954388 -43389973 3077165226 3077165230
1674379131 -22954359 -43385888 1674379238 1674379145 1674379082 1674379261
1674379120 -22954336 -43382145 1674379200 3069302648
1674379070 -22954263 -43380944 1674379098 1674379283 1674379071
1674379200 -22954256 -43382097 1674379071 1674379120
3077165227 -22954248 -43389605 1674396916 1674396887
3077165226 -22954228 -43389897 3077165224
1674379071 -22954189 -43382085 1674379070 1674379200 1674379207
1674379207 -22954170 -43382284 1674379035 1674379071 1674379127
1674379035 -22954115 -43383005 3069302647 1674369874 1674379207
3077165224 -22954034 -43389822 1674396916
1674396916 -22953809 -43389785 3077165220 3077165227 1674396872
1674369874 -22953743 -43382985 1674379035 3077165221 1674379144
1674379144 -22953685 -43383710 1674379056 1674379032 1674379158 1674369874
1674379056 -22953624 -43384398 1674379024 1674379021 1674379144
3069302532 -22953598 -43387722 934569930 934569931
1674379062 -22953594 -43381251 1674379076 1674379064
934569930 -22953594 -43387821 3069302633 3069302532
1674379076 -22953586 -43381320 1674379109 1674379062
934569931 -22953586 -43387624 3069302532 3069302530 934569980
1674379064 -22953582 -43381197 1674379062 1674379177
3069302633 -22953575 -43387917 934569930 934569929
1674396872 -22953570 -43389060 1674396890 1674396916 1674396931
1674379109 -22953562 -43381357 1674379076 1674379236
3069302530 -22953560 -43387536 934569931 934569639
934569929 -22953540 -43388009 3069302633 3069302529
1674379238 -22953526 -43386535 1674379182 1674379147 1674379131
934569639 -22953522 -43387453 1674379145 3069302530 934569932
3077165221 -22953504 -43382964 1674369874 3077165214
3069302529 -22953491 -43388092 934569943 934569929
1674379147 -22953489 -43386460 1674379238 1674379261
3077165220 -22953478 -43389735 739115964
934569932 -22953465 -43387370 934569639 3069302526
934569943 -22953430 -43388165 3069302527 3069302529
3077165218 -22953398 -43388254 934569943
3069302526 -22953396 -43387300 934569933 934569932
1674379236 -22953381 -43381509 1674379202 1674379061 1674379109
3077165219 -22953379 -43388329 3077165218
3069302527 -22953367 -43388219 3077165216 934569943
1674396931 -22953364 -43388410 3077165219 1674396870 1674396872
1674379261 -22953340 -43385801 1674379147 1674379093 1674379131
3077165217 -22953323 -43388338 1674396931
934569933 -22953316 -43387244 3069302526 3069302523
3077165216 -22953298 -43388261 3069302524 3069302527
1674379177 -22953297 -43380792 1674379184 1674379064 1674379072
3077165215 -22953278 -43388307 3077165217
3069302523 -22953228 -43387206 934569933 934569934
3069302524 -22953223 -43388292 3077165215 934569941 3077165216
1674379093 -22953164 -43385071 1674379024 1674379261 1674379082
934569934 -22953135 -43387185 3069302523 3069302518
934569941 -22953122 -43388313 934569940 3069302524
739115964 -22953079 -43389678 1674396894 3077165205
3069302518 -22953040 -43387183 934569934 1674379143
934569940 -22953019 -43388311 3069302517 934569941
1674379024 -22953001 -43384353 1674379056 1674379093 1674379211
1674379143 -22952946 -43387200 3069302516 1674379182 3069302518
1674379182 -22952937 -43387034 1674379143 1674379238 3069302515
3069302517 -22952918 -43388288 934569940 934569939
1674379184 -22952864 -43380210 1674379222 1674379283 1674379177
3069302516 -22952850 -43387238 1674379143 934569935
3077165214 -22952827 -43382903 3077165221 1674370045
3069302515 -22952817 -43386553 1674379182 1674379155
934569939 -22952807 -43388232 2305437145 3069302517
1674379202 -22952778 -43382020 3069302514 1674379236
934569935 -22952762 -43387296 3069302516 1674389810
2305437145 -22952759 -43388197 3069302513 934569939
3077165213 -22952741 -43388208 934569939
3069302514 -22952731 -43382100 1674379127 1674379202
1674379222 -22952715 -43380025 1674379184 1674379027 1674379049
1674379127 -22952715 -43382165 3069302514 1674379207 1674379257
3069302513 -22952701 -43388141 2305437145 3069302512
1674379155 -22952696 -43386018 3069302515 3069302511 1674389709
2305437142 -22952692 -43388229 3077165213
1674389810 -22952687 -43387372 934569935 3069302510 2305437143
2305437141 -22952661 -43388264 2305437142
3069302512 -22952652 -43388077 934549722 3069302513
2305437140 -22952645 -43388312 2305437141
1674396894 -22952638 -43388365 739115964 2305437140
3069302511 -22952636 -43385751 1674379155 1674379211
2305437143 -22952626 -43387463 3069302509 1674389810
3069302510 -22952622 -43387351 3069302506 1674389810
3077165211 -22952602 -43388267 1674396894
934549722 -22952598 -43387971 3077165210 934569938 3077165209 3069302512
3077165210 -22952592 -43388171 3077165213 3077165211
3077165209 -22952586 -43388031 3077165207
3069302509 -22952583 -43387566 3069302507 2305437143
934569938 -22952574 -43387901 934569937 934549722
3069302506 -22952563 -43387347 3069302510 3069302505
3069302507 -22952559 -43387676 3069302509 934569937
934569937 -22952556 -43387789 3069302507 934569938
3077165207 -22952528 -43388107 3077165204
3069302505 -22952504 -43387353 1674389625 3069302506
3077165206 -22952498 -43388165 3077165210
3077165205 -22952471 -43389585 1674396925 3077165202
3077165204 -22952441 -43388167 1674396892 3077165206
3077165202 -22952403 -43389860 3077165200 3077165205 3077165203
3077165203 -22952390 -43389906 3077165202 3077165201
1674396925 -22952349 -43389567 1674396892 2305437139
1674389625 -22952344 -43387426 3069302502 1674389620 3069302505
1674379211 -22952273 -43384261 1674379024 1674389642 3069302511 1674379158
3069302502 -22952256 -43387073 1674389625 1674389752
1674389752 -22952179 -43386741 3069302502 1674389800 3069302501
1674379049 -22952154 -43380012 1674379222 1674379072 1674379291
1674379158 -22952130 -43383575 1674389824 1674379211 1674379144
1674389824 -22952102 -43383467 3069302500 1674379158 1674389673
3069302501 -22952100 -43386406 1674389783 1674389752
1674389709 -22952099 -43385922 1674389783 1674379155
3069302500 -22952054 -43383250 1674389824 1674370045
1674389642 -22952022 -43383972 1674379211 1674389673
1674389783 -22951992 -43385927 1674389726 3069302501 3069302499 1674389709
1674370045 -22951953 -43382815 1674379180 3069302500 3077165214
1674396892 -22951950 -43388408 1674396925 1674389758 3077165204
2305437139 -22951914 -43389448 1674396867
3069302499 -22951842 -43385288 1674389783 3069302498
1674379072 -22951797 -43380657 1674379100 1674379049 1674379177
3077165200 -22951779 -43389685 3077165198 3077165193 3077165202
3069302498 -22951757 -43384934 3069302496 3069302499
3069302496 -22951679 -43384664 1674389624 3069302498
1674389800 -22951658 -43386997 1674389726 1674389752 1674389765
1674379100 -22951657 -43380844 1674379228 1674379072
1674389624 -22951640 -43384588 3069302496 1674389715
3077165198 -22951624 -43389627 3077165197 3077165200
1674379257 -22951609 -43382070 1674379180 1674379127 3069302491
1674389715 -22951606 -43384545 1674389624 1674389802
1674396867 -22951579 -43389343 934549094 1674396935
1674379180 -22951562 -43382784 1674370045 3069302490 1674379257
3077165197 -22951558 -43389607 3077165198 3077165195
1674379228 -22951523 -43380991 1674379100 1674379225
1674389802 -22951490 -43384408 1674389715 3069302494
3077165195 -22951473 -43389601 3077165197 3077165191
1674389726 -22951451 -43386074 3069302492 1674389783 1674389800
1674389758 -22951422 -43388668 1674396935 1674396892 2305437138
1674379225 -22951421 -43381085 1674379061 1674379228
934549094 -22951404 -43389331 934549095
1674389765 -22951402 -43387156 1674389800 1674389822
3383561828 -22951387 -43380009 1674379291 1583253395
1674396935 -22951359 -43388698 1674389744 1674396867 1674389758
2305437138 -22951352 -43388587 1674389618 1674389758
1674389673 -22951314 -43383395 1674389824 1674389642 1674389826
3069302494 -22951278 -43384237 1674389802 1674389623
1674389822 -22951239 -43387340 1674389765 1674389839
3069302492 -22951235 -43385211 1674389726 1674389736
3077165191 -22951192 -43389635 3077165189 3077165195
1583253395 -22951185 -43380335 3383561828 1583253397
3069302491 -22951172 -43382022 1674379257 3069302488
1674389623 -22951152 -43384138 3069302494 3069302489 1674389626
1583253397 -22951138 -43380395 1583253387 1583253395
3069302490 -22951131 -43382757 1674379180 1674370077
1674379061 -22951130 -43381309 1674379175 1674379236 1674379225
3077165189 -22951130 -43389666 3077165188 3077165191
3069302489 -22951119 -43384108 1674389730 1674389623
934549095 -22951107 -43389391 3077165181
3077165188 -22951086 -43389735 3077165182 3077165189
1583253387 -22951079 -43380430 1583253397 1583253421
1674379175 -22951078 -43381401 1674379061 1674379102
1674389626 -22951069 -43384287 1674389623 1674389704
1674389736 -22951056 -43384434 3069302492 1674389704
1674389704 -22951052 -43384354 1674389626 1674389736
3069302488 -22951047 -43382021 3069302491 1674379102
1674370077 -22951013 -43382758 3069302490 1674370094
1674389839 -22950984 -43387625 1674389750 1674389822 1674389848
1674379102 -22950937 -43382029 1674379175 1674379212 3069302488
1674389618 -22950922 -43388343 1674389746 1674389620 2305437138
1674389848 -22950880 -43387740 1674389854 1674389839 1674389757
1674370094 -22950873 -43382773 1674389643 1674370077
1674389826 -22950783 -43382998 1674389673 1674389786
1674379212 -22950783 -43382042 1674379276 1674379102
1674389620 -22950719 -43388225 1674389625 1674389694 1674389618
1674389786 -22950710 -43382905 1674389826 1674389643
1674389643 -22950671 -43382825 1674370094 1674370161 1674389786
1674389854 -22950653 -43387977 1674389621 1674389619 1674389848
1674389694 -22950633 -43388234 1674389654 1674389620
1583253421 -22950632 -43380698 1583253387 1583253429
1674389750 -22950614 -43387236 1674389839
1674389654 -22950584 -43388170 1674389619 1674389694
1583253429 -22950579 -43380746 1583253421 1583253396
1674389619 -22950569 -43388089 1674389745 1674389805 1674389854 1674389654
3077165181 -22950557 -43389545 934549097
1583253396 -22950525 -43380815 1583253429 1583253394
1674389757 -22950520 -43387408 1674389848
1583253394 -22950499 -43380880 1583253396 1674379128
1674370161 -22950490 -43382890 1674389643 1674370008
1674389621 -22950436 -43387837 1674389854
1674389730 -22950432 -43383614 1674389782 3069302489 1674370073
1674389668 -22950345 -43384438 1674389677 1674389784
1674389677 -22950341 -43384615 1674389641 1674389668
1674389782 -22950336 -43383746 1674389730 1674389784
1674389784 -22950311 -43383816 1674389782 1674389668
1674379276 -22950292 -43382191 1674379212 1674379128
1674389641 -22950291 -43384803 1674389732 1674389677
1674389745 -22950247 -43387973 1674389861 1674389619
1674379128 -22950176 -43382189 1674379276 1583253394 1583253404
1674389732 -22950153 -43385125 1674389641 1674389803 1674389850
1674370008 -22950139 -43383116 1674379037 1674370161
1674379037 -22950105 -43383183 1674379214 1674370073
1674389746 -22950085 -43388808 1674389776 1674389618
1674379214 -22950078 -43383145 1674379159 1674370008 1674379037
1674370073 -22950039 -43383311 1674369962 1674389730
1674379159 -22950031 -43383084 1583253419 1674379214
1583253404 -22950025 -43382683 1583253402 1674379128
1583253402 -22950010 -43382752 1583253419 1583253404
1674389850 -22950010 -43385468 1674389732 1674389780
934549097 -22950007 -43389775 1674389830
1674369795 -22949995 -43383183 1674379214
1583253419 -22949987 -43382988 1583253402 1674379159
1674389805 -22949972 -43388406 1674389619
1674369985 -22949931 -43383279 1674369795
1674389803 -22949906 -43385162 1674389732 1674389774
1674389780 -22949901 -43385822 1674389638 1674389850
1674369792 -22949891 -43383392 1674369985
1674389744 -22949878 -43389423 1674389776 1674396935 2305437132
1674369962 -22949856 -43383510 1674369792 1674370098
1674389861 -22949848 -43388180 1674389745
1674370098 -22949812 -43383698 1674370167 1674369962
1674389638 -22949792 -43386160 1674389658 1674389780
1674370167 -22949777 -43383891 1674369814 1674370098
1674389774 -22949748 -43385226 1674389803
1674369814 -22949713 -43384003 1674370167 1674369872
2305437133 -22949698 -43389459 1674389776 2305437132
1674389776 -22949679 -43389379 1674389746 1674389744 1674396932 2305437133
1674389658 -22949679 -43386412 1674389638 1674389627
1674369872 -22949585 -43384100 1674369814 1674389835
1674389830 -22949572 -43389854 934549099 3077165180 1674389722
1674389627 -22949565 -43386589 1674389724 1674389658
1674389635 -22949525 -43384733 1674389649
3077165180 -22949503 -43389830 3077165179
1674389722 -22949499 -43389855 1674389751 1674389830
2305437132 -22949490 -43389607 1674389669 1674389744 2305437133
1674389696 -22949486 -43385468 1674389637 1674389634
3077165179 -22949462 -43389800 3077165178
3077165176 -22949453 -43389655 2305437132
1674389649 -22949451 -43384390 1674389635 1674389835
1674389751 -22949443 -43389800 1674389622 1674389722
3077165178 -22949438 -43389760 3077165177
3077165177 -22949436 -43389709 3077165176
1674389669 -22949435 -43389622 3077165174 1674389622
1674389622 -22949434 -43389721 1674389669 1674389751
1674389835 -22949413 -43384177 1674369870 1674369872 1674389649
1674389637 -22949397 -43385634 1674389696 1674389691
1674389634 -22949387 -43385253 1674389696 1674389648
1674389724 -22949362 -43386884 1674389629 1674389627
1674389691 -22949333 -43385843 1674389637
1674389648 -22949180 -43384953 1674389634 1674389870
1674369870 -22949165 -43384288 1674389738 1674389835
1674370004 -22949137 -43383116 1674370097 1674370052
1674389629 -22949112 -43386834 1674389762 1674389724
1674370052 -22949112 -43383218 1674370004 1674369890
1674370097 -22949110 -43383081 1674369946 1674370004
1674369890 -22949018 -43383792 1674369833 1674370052 1674369801
1674389755 -22949002 -43384384 1674389870 1674389738
1674389738 -22949000 -43384328 1674369801 1674369870 1674389755
934549099 -22948961 -43389949 934549100
1674369946 -22948949 -43383041 1674369835 1674370097
3077165174 -22948914 -43389901 934549100
1674396932 -22948913 -43389130 1674389776 1674389651 1674396868
1674389870 -22948890 -43384520 1674389763 1674389755 1674389648
1674369801 -22948890 -43384356 1674369890 934561062 1674389738
1674369835 -22948880 -43383020 1674369817 1674369946
1674389762 -22948864 -43386734 1674389629 1674389690
1674369817 -22948809 -43383070 1674369833 1674369835
934561062 -22948808 -43384366 1674389728 1674369801
1674389671 -22948765 -43385731 1674389672 1674389859
934549100 -22948757 -43389996 934560153
1674389690 -22948732 -43386732 1674389762 1674389747
1674389672 -22948730 -43386020 1674389671
1674389859 -22948671 -43385296 1674389763 1674389671
1674389763 -22948600 -43384893 1674389870 1674389859 1674389636
1674389747 -22948554 -43386759 1674389690 1674389652
1674389636 -22948495 -43385029 1674389740 1674389763
1674389652 -22948453 -43386702 1674389747 1674389717
1674369833 -22948444 -43383663 1674369808 1674369890 1674369817
1674389856 -22948391 -43388475 1674389651
1674389700 -22948340 -43386203 1674389713 1674389630
1674389630 -22948335 -43386112 1674389700 1674389735
1674389728 -22948306 -43384250 1674389707 934561059 934561062
1674369808 -22948302 -43383631 1674369833
1674389717 -22948286 -43386562 1674389713 1674389652
1674389713 -22948276 -43386492 1674389717 1674389700
1674389735 -22948276 -43385951 1674389756 1674389630
1674389754 -22948261 -43385634 1674389737 1674389740
1674389756 -22948256 -43385843 1674389737 1674389735
1674389737 -22948246 -43385752 1674389756 1674389754
1674370053 -22948183 -43382832 1674369871
934561059 -22948156 -43384215 934561057 1674389728
1674389740 -22948147 -43385505 1674389754 1674389766 1674389636
1674389651 -22948117 -43388850 1674389856 1674389720 1674396932
1674389734 -22948055 -43387992 1674389720
1674389655 -22948037 -43387092 1674389748
1674389766 -22948029 -43385672 1674389740
1674396868 -22947995 -43389589 1674396855 1674396932
1674396855 -22947920 -43389589 1674396914 1674396868
934561057 -22947771 -43384162 1674389739 934561059
1674389739 -22947638 -43384163 1674369871 934561057 1674389801
1674389640 -22947590 -43385766 1674389707
1674389720 -22947582 -43388657 1674389734 1674389820 1674389651
1674389760 -22947524 -43386634 1674389675
1674369770 -22947457 -43382913 1674369758 1674369802
1674369758 -22947446 -43382823 1674369940 1674369770
1674369871 -22947436 -43384165 1674389739 934561056 1674370053
1674369940 -22947388 -43382741 1674369758 1674369968
1674389707 -22947344 -43385573 1674389681 1674389728 1674389640
1674369802 -22947309 -43383197 1674369969 1674369770
1674369969 -22947220 -43383309 1674369857 1674369802
1674389801 -22947165 -43384839 1674389739 1674389681 1674389778
1674389748 -22947136 -43388314 1674389820 1674389655
1674369857 -22947126 -43383299 1674370115 1674369969
1674389820 -22947102 -43388509 1674396911 1674389720 1674389748
1674370115 -22947042 -43383245 1674369894 1674369857
1674389632 -22947008 -43386147 1674389753 1674389698
1674389753 -22947003 -43386228 1674389857 1674389632
1674396911 -22946984 -43388467 1674389820 1674396891 1674389675
1674389698 -22946978 -43386083 1674389633 1674389632
1674369768 -22946953 -43383814 1674370009
1674396891 -22946929 -43388551 1674396929 1674396911
1674389681 -22946911 -43385202 1674389633 1674389707 1674389801
1674369894 -22946731 -43382998 1674370134 1674370115
934551459 -22946605 -43389934 3077165172 934551460
1674389633 -22946553 -43385713 1674389681 1674389812 1674389698 1674389749
934561056 -22946527 -43384196 1674369871 1674369853
1674369968 -22946469 -43382124 1674369940 1674370122
1674389778 -22946444 -43384865 1674389650 1674389801
1674370134 -22946375 -43382746 1674369894 1674369850
1674389675 -22946357 -43388240 1674389760 1674389857 1674396911
1674389650 -22946316 -43384903 1674389778
1674370122 -22946290 -43381976 1674369968 1674370155
934551460 -22946249 -43389633 934551459 1674396896
1674369850 -22946128 -43382623 1674369989 1674370134 1674370091
1674389749 -22946097 -43385333 1674389633 1674389779 1674389808
1674369829 -22946010 -43383626 1674370116 1674370142
1674370155 -22946000 -43381652 1674370122 1674369810
1674370116 -22945985 -43383792 1674369829 1674369752
1674369989 -22945975 -43382505 1674369988 1674369850
1674370142 -22945965 -43383417 1674370009 1674369829
1674370091 -22945965 -43382843 1674369850 1674369913
1674369752 -22945946 -43383905 1674370116 1674369853 1674369900
1674370009 -22945926 -43383095 1674369768 1674369913 1674370142
1674396914 -22945901 -43388899 1674396855 1674396877 1674396929
1674369913 -22945901 -43382993 1674369929 1674370091 1674370009
1674369810 -22945876 -43381491 1674370155 1674369893
1674396877 -22945832 -43388964 1674396914 1674396910
1674396896 -22945828 -43389145 1195007224 1674396910 934551460
1674369853 -22945827 -43384258 1674389779 1674370088 934561056 1674369752
1674396910 -22945817 -43389028 1674396877 1674396896
1674369900 -22945817 -43383749 1674369752 1674369859
1674369893 -22945807 -43381325 1674370159 1674369810 1674370136
1674370136 -22945771 -43381058 1674369893 1674369895
1674396929 -22945743 -43388872 1674396914 1195007224 1674396891
1674369895 -22945723 -43380488 1674370136 1674370030
1674389857 -22945688 -43388023 1674389753 1674389759 1674389675
1674369988 -22945672 -43382169 1674370159 1674369989
1674369859 -22945628 -43383612 1674369900 1674369898 1674369916
1674389779 -22945606 -43384896 1674389741 1674369853 1674389749 1674389692
1674389692 -22945597 -43384977 1674389779 2305437131
2305437131 -22945581 -43385032 1674389692 1674389832
1195007224 -22945560 -43388835 1674396896 934555519 1674396929
1674389812 -22945402 -43387247 1674389633 1674389759 1674389808
1674370159 -22945377 -43381807 1674370066 1674369988 1674369893
1674370066 -22945269 -43381717 1674370159 1674369911 1674369812
934555519 -22945250 -43388477 1195007224 1674389781 3818227330
1674369911 -22945195 -43380788 1674370066 1674369936 1674369812
1674369936 -22945107 -43380029 1674370121 1674369911 1674370138
1674389759 -22945022 -43387805 1674389857 1674389812 1674389781
1674389741 -22944997 -43384876 1674389653 1674389779 1674389702
1674389808 -22944966 -43386884 1674389832 1674389812 1674389749
1674389781 -22944850 -43388062 934555519 2305437129 1674389759
1674369812 -22944807 -43381327 1674370066 1674369911 1674369929
2305437129 -22944677 -43387841 1674389781 1674389828
1674370119 -22944676 -43380477 1674370121 1674370002 1674370157
1674369916 -22944670 -43383622 1674370114 1674369859 1674369956
1674389832 -22944516 -43386509 2305437131 1674389852 1674389808
1674370088 -22944498 -43384231 1674389679 1674369853 1674370114
1674369929 -22944452 -43381820 1674369913 1674369812 1674369898
1674370002 -22944338 -43380949 1674370119 1674370046 1674369819
1674389653 -22944184 -43386007 1674389741 1674389852 1674389702
1674369898 -22944094 -43382317 1674369929 1674370044 1674369859
1674389852 -22944080 -43386132 1674389799 1674389653 1674389832
1674370044 -22944077 -43382303 1674369898 1674370075
1674370046 -22943999 -43381421 1674370002 1674370075 1674370140
1674370114 -22943785 -43383631 1674370018 1674370088 1674370016 1674369916
1674389799 -22943647 -43385741 1674389631 2305437128 1674389852
1674370075 -22943624 -43381920 1674370044 1674369854 1674370046 1674369956
2305437128 -22943536 -43385724 1674389799 1674389798
1674389702 -22943502 -43384893 1674389741 1674389653 1674389679
1674389798 -22943497 -43385736 2305437128 1674389764
1674389764 -22943459 -43385795 1674389798 1674389828
1674389828 -22943448 -43385930 1674389631 2305437129 1674389764
1674369956 -22943258 -43382450 1674370075 1674370018 1674369916
1674369854 -22943175 -43381542 1674369788 1674369967 1674370075
1674389679 -22943112 -43384257 1674369987 1674370088 1674389702
1674389631 -22942951 -43385141 934551462 1674389799 1674389828
1674370018 -22942932 -43382923 1674369788 1674369956 1674369877 1674370114
934551462 -22942723 -43384804 1674389631 2305437126
1674369877 -22942587 -43383398 1674370047 1674370018 1674370016
1674369987 -22942548 -43384238 1674369875 1674389679 1674369757
2305437126 -22942524 -43384612 934551462 934551463
1674369788 -22942492 -43382544 1674369854 1674369891 1674370018
1674369967 -22942454 -43380936 1674369854 1674369891 1674369769
1674370016 -22942399 -43383658 1674369877 1674370102 1674370114
1674369757 -22942391 -43384298 1674369987 1674369922
1674370140 -22942375 -43380078 1674369775 1674370046 1674369819 1674369769
1674369922 -22942344 -43384356 1674369964 934551463 1674369757
1674369964 -22942344 -43384313 1674369922 1674369781
934551463 -22942307 -43384466 2305437126 934551464 1674369922
1674369781 -22942300 -43384264 1674369964 1674369875
1674370102 -22942216 -43383867 1674370145 1674370016 1674370163
1674369875 -22942155 -43384225 1674369987 1674370068 1674370022 1674369781
1674370068 -22942082 -43384185 1674369875 1674370145
1674370145 -22942064 -43384101 1674370068 1674370102 1674370022
934551464 -22942051 -43384346 934551463 934551420
1674369769 -22942021 -43380571 1674369967 1674369797 1674370117 1674370140
1674370022 -22941972 -43384227 2305437127 1674369875 1674370145
2305437127 -22941896 -43384257 934551420 1674370022
1674369891 -22941761 -43381915 1674370072 1674369788 1674369967
1674370117 -22941663 -43381056 1674370072 1674370175 1674369769
934551420 -22941635 -43384257 2305437127 2305437125 1674370135 934551464
3818904276 -22941460 -43389551 3818904277 1425242164
2305437125 -22941418 -43384257 934551420 934551421
1674370072 -22941312 -43381528 1674369869 1674369891 1674370117 1674370047
3818904297 -22941282 -43389975 3818904314
1425242164 -22941273 -43389067 3818904324 3818904276
3818904324 -22941212 -43388996 3818904323 3818904275 1425242164
3818904323 -22941119 -43389074 3818904322 3818904324
3818904275 -22941115 -43388881 3818904324 3818904274
1674370047 -22940962 -43382015 1674370101 1674370072 1674369877 1674370163
1674370175 -22940917 -43380462 1674370117 1674369815
934551421 -22940746 -43384215 2305437125 2305437124
3818904274 -22940719 -43388259 3818904273 3818904275
1674370163 -22940612 -43382500 1674370047 1674370135 1674369983 1674370102
3818904273 -22940512 -43387974 3818904272 3818904274
3818904272 -22940344 -43387872 3818904271 3818904330 3818904273
3818904322 -22940339 -43389417 3818904323 3818904321
2305437124 -22940284 -43384221 934551421 934551422
3818904271 -22940255 -43388006 3818904321 3818904272
3818904330 -22940240 -43387797 3818904331 3818904272
1674370135 -22940207 -43383063 934551420 1674370000 1674370163
3818904331 -22940171 -43387786 3818904330 3818904332
3818904332 -22940136 -43387969 3818904331 3818904335
3818904310 -22940131 -43389954 3818904309 3818904311
3818904311 -22940057 -43389938 3818904310 3818904312
3818904335 -22940052 -43388224 3818904333 3818904332 1709803198
3818904333 -22940038 -43388269 3818904335 3818904334
