2439140199 -22.899561 -43.6425071 2439140208 2439140246
2439140208 -22.8992801 -43.6422955 2439140199 2439140202
2439140202 -22.8990775 -43.6417752 2439140208 2439140187
2439140187 -22.8985529 -43.6406564 2439140185 2439140202
2439142543 -22.8933446 -43.6401626 3818203379 2439142531 2439142520
2439142520 -22.8925934 -43.6405489 2439142543 3818203377
3818203377 -22.8925679 -43.6405607 3818203378 2439142524 2439142520
1778079458 -22.8923306 -43.6445055 1778079456 1778079442
1778079456 -22.892289 -43.644695 1778079427 1778079458
1778079442 -22.8919994 -43.6426227 2439143176 1778079458 1778079419
2439142524 -22.8919015 -43.6408707 2439143176 3818203377
2439143176 -22.8917633 -43.6409207 2439142524 1778079431 1778079442
1778079431 -22.8916692 -43.6402426 1778079430 2439143176
1778079430 -22.8916576 -43.6402172 1778079414 1778079431 1778079410
1778079427 -22.8916073 -43.6446499 1778079407 1778079456 1778079419
1778079419 -22.8912915 -43.6427482 1778079427 1778079398 1778079410 1778079442
1778079410 -22.8909295 -43.6404849 1778079430 1778079387 1778079388 1778079419
1778079407 -22.8908776 -43.6446054 1778079362 1778079427 1778079402
1778079402 -22.8907217 -43.6438467 1778079398 1778079407 1778079364
1778079398 -22.8905238 -43.6428843 1778079367 1778079402 1778079419 1778079392
1778079392 -22.8904062 -43.6421122 1778079387 1778079398
1778079387 -22.8902182 -43.6406895 1778079410 1778079386 1778079392
1778079386 -22.8902122 -43.6406445 3818203288 1778079387
3818203288 -22.8899944 -43.6401842 1778079370 3818203287 1778079386
1778079373 -22.8896207 -43.6416892 1778079371 1778079369
1778079371 -22.889598 -43.6413788 1778079368 3818203283 1778079373
1778079369 -22.8895818 -43.6422018 1778079367 1778079319 1778079373
1778079368 -22.8895736 -43.6410447 3818203287 1778079371
1778079367 -22.8895245 -43.642957 1778079398 1778079365 1778079369 1778079364
1778079365 -22.8894715 -43.6429609 1778079367 1778079318
1778079364 -22.8894584 -43.6437318 1778079402 1778079367 1778079362 1778079317
1778079362 -22.8893915 -43.6445148 1778079347 1778079407 1778079364
3818203287 -22.8893258 -43.6405168 3818203286 1778079368 3818203288
3818203286 -22.8892392 -43.6403325 3818203287 1778079354 3818203285
1778079347 -22.8886475 -43.6444694 1778079362 1778079313
3818203285 -22.8883981 -43.6407338 3818203286 3818203284
3818203284 -22.8882902 -43.6408632 3818203283 3818203285
3818203283 -22.8882214 -43.6412886 1778079323 1778079371 3818203284
1778079331 -22.8878557 -43.6402698 1778079351 1778079327
1778079327 -22.8876558 -43.6405378 1778079331 1778079322
1778079324 -22.8875464 -43.6409885 1778079323 1778079322
1778079323 -22.887532 -43.6412434 3818203283 1778079324 1778079319
1778079322 -22.8875265 -43.640876 1778079327 1778079324
1778079319 -22.8874891 -43.6420008 1778079369 1778079323 1778079318
3818203297 -22.8874841 -43.6403332 3818203298 3818203296
3818203296 -22.8874784 -43.6404133 3818203297 3818203295
1778079318 -22.8874425 -43.642825 1778079365 1778079319 1778079317
3818203298 -22.8874246 -43.6401595 3818203297 3818203314 1778079342
3818203295 -22.8874046 -43.6406229 3818203296 1778079314
1778079317 -22.8873934 -43.6435686 1778079364 1778079318 1778079313
1778079313 -22.8873385 -43.6443997 1778079347 1778079317 1778079304
1778079314 -22.8873308 -43.6409679 3818203295 3818203294
3818203294 -22.8873239 -43.6411284 1778079314 1778079310 1778079307
1778079310 -22.8872584 -43.6426542 3818203294 1778079286
1778079309 -22.8872523 -43.6428425 1778079279 1778079305
1778079307 -22.8872231 -43.6411578 1778079302 3818203294
1778079305 -22.8872016 -43.6435668 1778079309 1778079304 1778079254
1778079304 -22.8871443 -43.6443857 1778079252 1778079305 1778079313
1778079302 -22.8870702 -43.6412152 1778079307 1778079297
1778079342 -22.8868994 -43.6404318 3818203298 3818203299
1778079297 -22.8868792 -43.6413046 1778079290 1778079302
3818203299 -22.8867723 -43.6404925 3818203300 1778079342 1778079288
1778079290 -22.8866176 -43.6414896 1778079284 1778079297
1778079286 -22.8864593 -43.6417893 1778079283 1778079310
1778079284 -22.8864177 -43.6416875 1778079283 1778079290
1778079288 -22.8864112 -43.640703 3818203299 1778079275
1778079283 -22.8863952 -43.6417151 1778079269 1778079286 1778079284
1778079279 -22.8862522 -43.6417998 1778079266 1778079309 1778079272
1778079275 -22.886167 -43.6408693 1778079271 1778079288
1778079272 -22.8860325 -43.642065 1778079279 3818203289
3818203291 -22.8860194 -43.6400559 3818203292 3818203290
1778079271 -22.8859772 -43.6410433 1778079275 1778079269
1778079269 -22.8858917 -43.6411328 1778079283 1778079271 1778079264
1778079266 -22.8858399 -43.6413245 1778079264 1778079279
1753575120 -22.8858325 -43.6499469 1753575054
1778079264 -22.8857867 -43.6412452 1778079266 1778079257 1778079251 1778079269
1753575107 -22.8857831 -43.649904 1753575120
1753575082 -22.8857287 -43.6499206 1753575107
3818203290 -22.8856731 -43.6403209 3818203291 1778079251
1753575087 -22.8856645 -43.6499635 1753575082
3818203289 -22.8855993 -43.6429398 1778079272 1778079254
1778079257 -22.8855539 -43.6414855 1778079253 1778079264
1778079254 -22.8854339 -43.6434413 3818203289 1778079252 1778079246 1778079305
1778079253 -22.8854189 -43.6417015 1778079250 1778079257
1778079252 -22.8853305 -43.6442749 1778079242 1778079304 1778079254
1778079251 -22.8852806 -43.640666 1778079264 1778079247 3818203290 1778079248
1778079250 -22.8851896 -43.6421769 1778079253 1778079249
2615827524 -22.8851544 -43.6487422 144302289 3750028721
1778079249 -22.8851468 -43.6422726 1778079250 1778079244 1778079246
144372466 -22.8850834 -43.6472092 1753575076
1778079248 -22.8848736 -43.6411722 1778079251 1778079245
1778079247 -22.8847714 -43.6401446 3818203336 1778079251 1778079243 1778079241
1778079246 -22.8846538 -43.6433753 1778079240 1778079254 1778079249
144372467 -22.8846011 -43.6455012 144372466
1778079245 -22.8845203 -43.6418761 1778079248 1778079244
1778079244 -22.8844967 -43.6419247 1778079245 1778079239 1778079249
144302289 -22.8843006 -43.645999 2506908856
1778079243 -22.8842711 -43.6407387 1778079236 1778079247
1778079242 -22.8842556 -43.6442119 144372467 1778079252
1778079240 -22.8841901 -43.6433361 1778079237 1778079238 1778079246
1778079239 -22.8841586 -43.6426207 1778079244 1778079238
1778079238 -22.8840672 -43.6428012 1778079240 1778079239 144372468
1778079237 -22.884017 -43.6433214 1778079240 1778079242
1778079236 -22.8839772 -43.6412875 1778079243 1778079234
144372468 -22.8838973 -43.6428748 1778079237 1778079238
3818203302 -22.8837782 -43.6401536 1778079235 1778079233 3818203303
1778079234 -22.8836323 -43.6419096 1778079236 144372468
1778079233 -22.8836068 -43.6403941 3818203302 1778079232
2506908853 -22.8835244 -43.6416434 1778079234
2506908888 -22.8834577 -43.6415388 2506908853
2506908833 -22.8834013 -43.6414861 2506908888
2506908858 -22.883344 -43.6410158 2506908864
2506908822 -22.8833119 -43.6414932 2506908833
2506908864 -22.8833045 -43.6411526 2506908860
1778079232 -22.8832908 -43.6406655 2506908858 1778079233 1778079234
2506908860 -22.8832724 -43.6411928 2506908839
2506908847 -22.8832397 -43.6415457 2506908822
2506908839 -22.8832229 -43.6412036 2506908886
2506908884 -22.8831888 -43.6416174 2506908847
2506908886 -22.8831611 -43.6412089 2506908844
2506908856 -22.8831477 -43.6417364 2506908873 2506908884
2506908844 -22.8830875 -43.6411509 2506908878
2506908878 -22.8830524 -43.6410346 2506908875
2506908875 -22.8828696 -43.6404311 2506908873
2506908873 -22.8827676 -43.6403313 2506908879
