3081816743 -22.932535 -43.5091319 3081816740
3081816740 -22.9324602 -43.509071 3081816734 3081816743
3081816734 -22.9323457 -43.5090253 3081816532 3081816740
3081816532 -22.9322451 -43.5090253 3081816526 3081816734
3081816526 -22.932161 -43.5091142 3081816522 3081816532
3081816522 -22.9321283 -43.5091599 3081816519 3081816526
3081816519 -22.9320324 -43.5092741 3081816515 3081816522
3081816515 -22.9319342 -43.5093147 3081816505 3081816519
3081816505 -22.931794 -43.5094187 3081816515 3081816497
3081816497 -22.9317075 -43.5095863 3081816488 3081816505
3081816488 -22.9315953 -43.5097183 3081816485 3081816497
3081816485 -22.9315182 -43.5098579 3081816488 3081816476
3081816463 -22.9311647 -43.5026961 3081816459 3081816460
3081816460 -22.9311133 -43.5028941 3081816463 3081816449
3081816459 -22.9310852 -43.5025235 3081816463 3081816457
3081816457 -22.9310455 -43.5023484 3081816459 3081816451
3081816452 -22.9309824 -43.5040236 3081816448 3081816445
3081816451 -22.9309754 -43.5021073 3081816457 3081816444
3081816449 -22.930959 -43.5030794 3081816448 3081816460
3081816448 -22.9309473 -43.5036581 3081816452 3081816449
3081816445 -22.9309239 -43.5044703 3081816452 3081816128
3081816444 -22.9308912 -43.5019194 3081816451 3081816439
3081816439 -22.9307813 -43.5015996 3081816434 3081816444
3081816434 -22.9307486 -43.5013128 3081816116 3081816439
3081816128 -22.9306738 -43.5049729 3081816097 3081816445
3081816122 -22.930629 -43.5004045 3081816116 3081816124
3081816116 -22.9306158 -43.5009394 3081816434 3081816122
3081816097 -22.930239 -43.505747 3081816072 3081816128
3081816081 -22.9299959 -43.5072268 3081816079 3081816071
3081816079 -22.9299912 -43.5076862 3081816058 3081816081
3081816072 -22.9299351 -43.50628 3081816067 3081816097
3081816071 -22.9299305 -43.5069197 3081816081 3081816067
3081816067 -22.9299024 -43.5068004 3081816071 3081816072
3081816058 -22.9297808 -43.5080923 3081816035 3081816079
3081816035 -22.9296219 -43.5085492 3081815823 3081816058
3081815823 -22.929526 -43.5086964 3081816035 3081815804
3081815804 -22.9292853 -43.5088411 3081815782 3081815823
3081815782 -22.9290188 -43.5089832 3081815756 3081815804
3077403940 -22.9288756 -43.5098736 3077403938
3077403938 -22.9288161 -43.5096873 3077403940 3077403933
3081815756 -22.9287429 -43.5090847 3081815782 3081815525
3077403933 -22.9286781 -43.5097073 3077403938 3077403931
3077403931 -22.9286086 -43.5099685 3077403935 3077403933
3081815525 -22.9283783 -43.5092269 3081815509 3081815756
3081815509 -22.9282427 -43.5094172 3081815508 3081815525
3081815508 -22.9282146 -43.5096482 3081815509 3077403895
3077403782 -22.926147 -43.5091891 3077403780 3077403781
3077403781 -22.926147 -43.5089775 3077403782 3077403777
3077403780 -22.9261204 -43.5093429 3077403775 3077403782
3077403777 -22.9260916 -43.5088885 3077403781 3077403772
3077403775 -22.9260783 -43.5094968 3077403766 3077403780
3077403772 -22.9260429 -43.5088693 3077403769 3077403777
3077403771 -22.9260141 -43.508564 3077403767 3077403764
3077403769 -22.926003 -43.5088453 3077403765 3077403772
3077403767 -22.9259964 -43.5086914 3077403765 3077403771
3077403766 -22.925992 -43.5095977 3077403775 3077403762
3077403765 -22.9259853 -43.5087996 3077403769 3077403767
3077403764 -22.9259853 -43.5085231 3077403771 3077403760
3077403762 -22.9259366 -43.5096939 3077403761 3077403766
3077403761 -22.9259233 -43.5098309 3077403763 3077403762
3077403760 -22.9259034 -43.5084991 3077403764 3077403742
3077403743 -22.9255669 -43.5079486 3077403740 3077403738
3077403742 -22.9255646 -43.5083284 3077403760 3077403740
3077403740 -22.9255514 -43.5081914 3077403742 3077403743
3077403738 -22.9254938 -43.5077394 3077403743 3077403736
3077403736 -22.9254362 -43.5075639 3077403738 3077403735
3077403735 -22.9253897 -43.5075134 3077403732 3077403736
3077403732 -22.9252945 -43.5074966 3077403735 3077403727
3077403727 -22.9251484 -43.507511 3077403732 3077403725
3077403725 -22.9249535 -43.50735 3077403727 3077403724
3077403724 -22.9248295 -43.507249 3077403725 3077403719
3077403719 -22.92471 -43.5071384 3077403724 3077403715
3077403715 -22.9245815 -43.5070999 3077403719 3077403714
3077403714 -22.924504 -43.5069749 3077403715 3077403711
3077403711 -22.9244066 -43.5068379 3077403710 3077403714
3077403710 -22.9243668 -43.5067225 3077403711 3077403708
3077403708 -22.9243247 -43.5066456 3077403710 3077403705
3077403705 -22.9242317 -43.506535 3077403702 3077403708
3077403702 -22.9240369 -43.5064316 3077403705 3077403697
3077403700 -22.9239837 -43.5060085 3077403698 3077403699
3077403699 -22.9239682 -43.505809 3077403700
3077403698 -22.9239571 -43.5061503 3077403697 3077403700
3077403697 -22.9239505 -43.5063162 3077403702 3077403698
