558250460 -22879911 -43411528 558250441 558250476 2939729723
558250147 -22879893 -43410340 558250150 558250210 556788786
442138831 -22879881 -43414321 554813420
554813231 -22879862 -43415010 554812777 554813296 554812426
554813881 -22879858 -43417633 554813892 554814796 554814910
558248952 -22879838 -43414247 558248939 442138705
558250639 -22879780 -43411898 558250636 558250441
558250441 -22879747 -43411807 558250639 558250460
554812426 -22879626 -43415226 554813231 554813420 554813594
442139001 -22879612 -43414438 558248952
558250210 -22879606 -43410885 2996697436 558250147 558250212
554814796 -22879587 -43417887 554813881 554814056 554813727
558249286 -22879583 -43413083 558249019 442138705
558250150 -22879542 -43410096 558250147 556788789 558250212
558245783 -22879462 -43414546 442139001 558245292
2996697436 -22879387 -43411327 2996697438 558250210
2996697438 -22879302 -43411360 2996697436 2996697435
554813420 -22879302 -43414794 442138829 554812426
558250212 -22879282 -43410641 558250150 2996697433 558250210
442139000 -22879255 -43414707 558245783
2996697435 -22879245 -43411349 2996697434 2996697438
554813892 -22879216 -43416817 554813881 554813779
558245292 -22879132 -43414130 558245308 558246623 558245783
2939729720 -22879086 -43414852 442139000
2996697434 -22879077 -43411223 2996697437 2996697435
2996697433 -22879050 -43411089 2996697437 558250212
2996697437 -22879048 -43411167 2996697433 2996697434
554813727 -22879019 -43418421 554814220 554814796 554813747
442138829 -22878979 -43415098 442138828
442138999 -22878924 -43415032 2939729720
558249038 -22878903 -43411855 558249019 558249799 558249813
558245308 -22878871 -43414319 558245292 558223249 558222813
558251522 -22878855 -43410430 558251510 558251578
554814220 -22878828 -43418600 439820479 554813727 554814088
558251578 -22878760 -43410405 558251522 558249609
558248939 -22878744 -43412928 558248929 558248952
558249019 -22878721 -43412130 558248916 558249038 558249286
442138828 -22878720 -43415499 442138827 2939695209
442138998 -22878694 -43415343 442138999
558249609 -22878689 -43410482 558249594 558249626 558251578
558249594 -22878642 -43410362 558249609 558249576
442138827 -22878618 -43415759 554813779
558223249 -22878602 -43414593 558223234 558245308
2939695209 -22878602 -43415676 2939695208
558248929 -22878586 -43412705 558248916 558248939
554813779 -22878559 -43415989 554813775 554813892
2939695208 -22878532 -43415697 2939694154
558249576 -22878531 -43410319 558248874 558249594
558248916 -22878476 -43412439 558248929 558248886 558249019
2939694154 -22878469 -43415704 442138997 442138998
558223234 -22878444 -43414705 558223249 558244958
2939694160 -22878431 -43415828 2939694154
558249799 -22878412 -43411409 558249782 558249038
558249626 -22878412 -43411031 558249609 558248886 558249764
2939694162 -22878400 -43416020 2939694160
442138995 -22878393 -43416213 2939694162
442138997 -22878373 -43415582 556800070
558244958 -22878373 -43414722 558223234 558244928
554813747 -22878363 -43417611 554813647 554813594 554813727
442138994 -22878355 -43416526 442138995
558249782 -22878349 -43411306 558249764 558249799
558249764 -22878349 -43411186 558249626 558249782
2939694161 -22878324 -43415906 2939694160
558246623 -22878317 -43413168 558245292 558246643
558244928 -22878294 -43414662 558244897 558244958
554814174 -22878259 -43419973 554814100
558240525 -22878231 -43415921 2939694161
558246643 -22878230 -43413005 558246623 558246671 558222631
2939694193 -22878225 -43417016 442138994
558244897 -22878183 -43414525 558244869 558244928
558222813 -22878183 -43413520 558245308 558222826
554813775 -22878164 -43417486 554813647 554813747
558242623 -22878146 -43417309 558242827 2939694193
558222631 -22878104 -43413014 558222647 558246643
554813647 -22878053 -43417949 442138824
558222826 -22878017 -43413331 558222813 558245448
558222647 -22877970 -43413022 558222631 558247317
558248886 -22877898 -43411040 558248874 558248916 558249626
442138824 -22877869 -43418730 442138823
558245448 -22877867 -43413143 558244268 558222826
558246671 -22877843 -43412035 558246643 558246699
558244869 -22877819 -43413460 558244897 558244268
439820479 -22877801 -43419627 554814220 554802965
558247317 -22877796 -43413005 558247643 558244268 558222647
558244268 -22877788 -43413151 558244869 558244041 558247317 558245448
2939694158 -22877736 -43419613 439820479
442138823 -22877729 -43419305 2939694159
558241888 -22877718 -43419012 558241126 558242623
2939694159 -22877693 -43419522 2939694158 554802965
558247643 -22877693 -43412911 558247667 558247317
554802965 -22877661 -43419805 442138822
556800070 -22877626 -43414462 2939694163 558241064
558248874 -22877614 -43410353 558248846 558248886 558249576
558247667 -22877598 -43412774 558247643 558247688
442138991 -22877576 -43419773 558241888
558247688 -22877550 -43412602 558247667 558247715
558241064 -22877538 -43414550 558241079
558248846 -22877535 -43410181 558248821 558248874
558242827 -22877517 -43417123 558242623 558242657 558242881
558247715 -22877503 -43412250 558247688 558222512
558222512 -22877495 -43411872 558222514 558247715
558222514 -22877495 -43411675 558222512 558246699
2939694163 -22877493 -43414296 556800070 556800082
558246699 -22877479 -43411194 558246730 558222514 558246671
556800082 -22877461 -43414194 2939694163 556800094
558241079 -22877452 -43415227 558240501
556800094 -22877409 -43413771 556800082 556800104 558239940
556800104 -22877365 -43413315 556800094 558244041
558244041 -22877352 -43413225 556800104 556800116 558244268
558246730 -22877345 -43410902 558246699
558240501 -22877339 -43415704 558240525 558239993 558242657
556800116 -22877290 -43413160 556800129 558244041
558242881 -22877234 -43418284 558242827 558241110
556800129 -22877141 -43413133 556788589 558221239 556800116
558221239 -22877102 -43412503 556800129 558230623 558221249
558221249 -22877064 -43411896 558221239 558221264 558229899
558221264 -22877053 -43411610 558221249 558221272
558239940 -22877052 -43413735 558239953 558239398 556800094
558221272 -22877021 -43411297 558221264 558222182 558221284
558242657 -22876997 -43416962 558242827 558241095 558240501
558239953 -22876989 -43414319 558239973 558239940
558221284 -22876965 -43410654 558221294 558228706 558221272
558221294 -22876934 -43410036 558227015 558221284 558221308
558239973 -22876902 -43414988 558239993 558239953
558241095 -22876870 -43417503 558241110 558240010 558242657
558222182 -22876862 -43411297 558222496 558221272
558239993 -22876799 -43415529 558239973 558240010 558239487 558240501
558241110 -22876768 -43417872 558241095 558241126 558242881
558241126 -22876514 -43418104 558241110 558242282 558241888
558239398 -22876475 -43413692 558239427 558243229 558239940
558239427 -22876435 -43414198 558239398 558239468
558240010 -22876388 -43417099 558239993 558241095 558239511
558239468 -22876356 -43414816 558239427 558239487
558239487 -22876238 -43415357 558239993 558239468 558239511 556788594
558242282 -22876172 -43417837 558241126 558241867 558242232
558241867 -22876151 -43417820 556788599 558242282
558228706 -22876040 -43410971 558221284 558228722
556788589 -22875985 -43413057 556800129 558227750 558243229
558243229 -22875920 -43413692 556788589 556788592 558239398
558239511 -22875898 -43416705 558239487 558240010 556788596
556788592 -22875835 -43414516 556798333 558243229
556798333 -22875803 -43414715 556788592 556788594 556798378
558228722 -22875771 -43410988 558228706 558222502
556788594 -22875724 -43415211 556798333 556788596 558239487
558242232 -22875724 -43418292 558242376 556788602 558242249 558242282
556788596 -22875511 -43416465 556788599 556788594 558239511
558226989 -22875265 -43410765 558222502 558227015
558222502 -22875249 -43410945 558222496 558226989 558228744 558228722
558222496 -22875241 -43411211 558229899 558229266 558222502 558222182
558227015 -22875233 -43410576 558226989 558221294 556788798
558229899 -22875215 -43411744 558222496 558230623 558229926 558221249
558230623 -22875186 -43412353 558229899 558230521 558221239 558227750
558227750 -22875155 -43412993 556788589 558230623 556798304
556788599 -22875115 -43417005 556788596 556788602 558241867
556798304 -22875092 -43412988 556800141 558227750 556798378
556798378 -22875068 -43414636 556798333 556798138 556798304 556798305
556798305 -22875068 -43414671 556798378
556788798 -22875052 -43410019 556788796 556792476 558227015
558228744 -22875044 -43410920 558228775 558222502
558242376 -22874918 -43419251 2205953592 556788605 558242232 558641457
556792476 -22874895 -43410073 556788798 556788800 556793245
558641457 -22874885 -43419985 558242376 558641510 558641514
558228775 -22874822 -43410834 558228744 558228804
556788602 -22874807 -43417306 556788599 556798140 558242232
556798138 -22874720 -43414825 556798124 556798126 556798378
556798126 -22874673 -43416199 556800735 556798138 556801578
556801578 -22874656 -43416748 556801550 556798126 556798140
556798140 -22874635 -43417480 556788605 556801578 556788602
558228804 -22874537 -43410456 558228775 556788800
556800735 -22874533 -43416025 556800570 556798126 556801409
558641509 -22874486 -43419332 558641510
556788800 -22874451 -43410225 556792476 558228804 558225868
558641510 -22874431 -43419944 558641509 558641457 558641477
558229266 -22874237 -43411100 558222496 558229287
558225868 -22874228 -43410326 556788801 556788800
556800570 -22874172 -43415576 556798124 556800735 556800706
556798975 -22874135 -43413967 556798987
556801550 -22874127 -43417194 556801578 556801786 556801409
558229287 -22874039 -43410988 558229266 558229312
556788605 -22874008 -43418114 558242376 558641540 556798140
558229312 -22873921 -43410774 556788801 558229287
558641540 -22873851 -43417917 556788605 556801786 558641538
556788801 -22873826 -43410508 558229312 558225868 556795250
556798124 -22873803 -43415117 556798138 556800544 556800398 556800570
558641538 -22873743 -43419598 558641540
556801409 -22873740 -43416731 556800735 556801550 556800921
558641477 -22873735 -43419881 558641510
556801786 -22873643 -43417658 558641540 556801550 558641543
558641543 -22873542 -43417532 556801786 558641608 556800921
558641608 -22873541 -43417565 558641602 558641555 558641543
556800398 -22873459 -43414635 556798124 556800469 556798122
558641555 -22873450 -43419298 558641608
556798987 -22873391 -43413958 556798975 556798663
558641792 -22873339 -43419881 558641793
556800921 -22873250 -43417166 558641593 558641543 556801409
556795250 -22873211 -43410701 556788801 556788804 556795062
558229926 -22873201 -43411623 558229899 558230521 558229952
558230521 -22873148 -43412241 558229926 556800141 558230623
556800141 -22873099 -43412817 556796680 558230521 556798304
556798122 -22873020 -43414018 556798663 556800398
558641593 -22873010 -43416866 556800706 558641602 556800921
556798663 -22872995 -43413985 556800371 556798121 556798122 556798987
558641602 -22872973 -43417547 558641592 558641593 558641627 558641608
556796680 -22872909 -43412851 556800141 556800152 558229952
558641592 -22872897 -43419006 558641602
556800706 -22872888 -43416714 558641593 556800544 556800570
558641796 -22872841 -43419461 558641793
558641793 -22872786 -43419830 558641796 558641797 558641794 558641792
558229952 -22872778 -43411581 556796680 556788804 558229926
556788804 -22872703 -43410860 556790025 556795250 556788806 558229952
556800152 -22872624 -43412928 556796680 556798121
556800544 -22872515 -43416248 556800706 556800469 556798124
556798121 -22872355 -43413117 556800152 556800163 556788808 556798663
556788806 -22872253 -43411083 556788804 556788808 556797728
556800469 -22872141 -43415780 556800544 558641714 556800398
558641630 -22872082 -43416791 558641631
556800163 -22872071 -43413375 556788853 556798121
558641714 -22872029 -43415640 556800469 556800371 558641642
558641640 -22871924 -43416405 558641641
556797728 -22871913 -43410525 556797727 556788806
556797727 -22871841 -43410328 556797718 556797728
556788853 -22871770 -43413838 556800163 556800175
556797718 -22871762 -43410173 556797010 556797727
556800371 -22871681 -43415206 442139773 558641714 556798663
442139773 -22871348 -43414790 556800371 556800175
556788808 -22871304 -43411667 556788811 556790011 556788806 556798121
558641627 -22871204 -43417435 558641626 558641602
556800175 -22871182 -43414553 442139773 556788853 556788812 558641734
558641734 -22871142 -43415170 558641642 558641754 556800175
558641642 -22871115 -43415589 558641641 558641734 558641714
558641794 -22871079 -43419735 559984806 558641793 558641806 559984865
558641641 -22871065 -43416353 558641642 558641631 558641640
558641626 -22871054 -43417298 558641627 558641625
558641631 -22871040 -43416749 558641641 558641625 558641630
558641625 -22871014 -43417143 558641631 558641626
559984806 -22870807 -43419724 558641794 2331204441 559984819
559984865 -22870794 -43419143 558641794 443988190 559984863
558641778 -22870769 -43417392 558641779
558641752 -22870651 -43415495 558641751 558641753
558641753 -22870635 -43415993 558641752
559984863 -22870633 -43419170 559984862 559984865
556788811 -22870616 -43412199 556788853 556788808 556788812
556790011 -22870568 -43410628 556797010 556789995 556788808
558641754 -22870508 -43415136 558641733 558641751 558641734
558641751 -22870492 -43415491 558641750 558641752 558641754
443988190 -22870402 -43418332 559984865 558641779
558641750 -22870350 -43415487 558641749 558641751
558641749 -22870318 -43415993 558641750
556789995 -22870115 -43411149 556788811 442523402 556790011
442523400 -22870054 -43411021 442523399 556789995
442523401 -22870046 -43411175 442523400
559984862 -22870024 -43419144 559984858 559984863
559984858 -22870008 -43418775 559984862
442523399 -22870006 -43410832 3819339083 442523400
442523402 -22869982 -43411347 442523401 556789995
556788812 -22869939 -43412786 556788811 558641760 556800175 442139774
558641779 -22869917 -43417366 558641778 559980420 2215069942 443988190
2331204441 -22869866 -43419686 559984806 559980474 559984686
559980474 -22869636 -43419676 2331204441 559984685 559984868
442139774 -22869513 -43412180 442523404 558641761 556788812
442523403 -22869492 -43411870 442523402 443990475
442523404 -22869476 -43412008 442523403
559984868 -22869431 -43419050 559980474
2215069942 -22869380 -43416294 443987535 558641779
558641761 -22869373 -43412116 558641760 442139774 443990471
559984685 -22869344 -43419655 559980474 559982008 559984682
559980420 -22869296 -43417342 558641779
443987535 -22869295 -43416126 2215069942 443987526 2361710793
558641760 -22869282 -43413358 558641733 558641761 558641770 556788812
443990471 -22869264 -43412066 558641761 443990475
558641733 -22869227 -43415066 558641754 2361710801 558641760
2361710801 -22869214 -43415338 558641733 558641759
558641759 -22869211 -43415401 2361710801
443987526 -22869177 -43415989 443987518 443987535
443990475 -22869090 -43412075 443990479 443990471 442523403
2361710793 -22869084 -43415727 443987535 2361710779
443987012 -22869050 -43416075 443987013 443987011
443987013 -22869026 -43415731 443987012 443987014
443987011 -22868995 -43416418 443987012 443987194 559982311
2361710779 -22868969 -43415510 2361710793 443987014
559982311 -22868954 -43416828 443987041 559982344 443987011
443987194 -22868947 -43416015 559982344 443987191 443987011
443987041 -22868909 -43417282 559982008 559982348 559982311
443987518 -22868892 -43415783 443987526 443987189
443987014 -22868868 -43415319 2361710779 443987013 443987189 2361710776
443987191 -22868821 -43415757 443987189 443987194
558641770 -22868729 -43413719 558641760
559982008 -22868720 -43419610 443987041 559984685 443987039 559982349
443987189 -22868648 -43415514 559982155 443990734 443987518 443987014 443987191
559982348 -22868245 -43417222 443987041 559982352 559982349
443990479 -22868201 -43412592 2946713109 443990475
559982344 -22868079 -43416742 559982321 559982311 443987194
559982349 -22868046 -43419541 559982468 559982008 559982274 559982348
2946713109 -22867834 -43412798 443990479 2361710789
2361710776 -22867829 -43413192 2946713110 443987014
2361710789 -22867738 -43412852 2946713109 2946718637
559982321 -22867636 -43416699 559982344 559982159 559982340
2946718637 -22867626 -43412913 2361710773 2361710789
559982352 -22867583 -43417163 559982468 559982348 559982521
2361710773 -22867575 -43412941 2946718637 443990491
559982340 -22867572 -43416621 559982321 559982341
559982155 -22867556 -43416372 443987189 559982157 559982341
559982341 -22867541 -43416518 559982340 559982155
443990491 -22867536 -43412941 2361710773 443990495
443990495 -22867500 -43412916 443990491 443990499
559982468 -22867399 -43419475 559982523 559982352 559982349 559982272
559982157 -22867319 -43416544 559982155 559982159
559982159 -22867193 -43416655 559982321 559982157 559982210
3819339084 -22867125 -43410371 3819339085
443990499 -22866960 -43411734 443990734 443990495
559982210 -22866955 -43416870 559982159 559982119 559982521
559982521 -22866924 -43417104 559982352 559982119 559982523 559982210
2946713110 -22866872 -43411231 443988196 443990499 2361710776 443989728
443988196 -22866844 -43411174 2946713110 443989134
443989728 -22866733 -43411208 2946713110 443988581
559982523 -22866720 -43419405 559982240 559982468 559982521 559982524
443990734 -22866712 -43411461 443988581 443987189
559982119 -22866710 -43417084 559982521 559982210 559982220
443988581 -22866677 -43411328 443989141 443990734 443989728
443989141 -22866662 -43411071 443989134 443988581
443989134 -22866591 -43410654 443988196 443989141 593585371
559982220 -22866259 -43417488 559982119 559982221 559982571
559982571 -22866168 -43418836 559982545 559982220 559982580
559982545 -22866133 -43419345 559982571 559982547
559982580 -22865737 -43418775 559982221 559982571
559982221 -22865548 -43418106 559982222 559982220 559982580
559982240 -22865350 -43419264 559982222 559982523 559982552
559982222 -22865128 -43418415 559982221 559982240 559982238
559982238 -22864994 -43418149 559982222
144372562 -22864333 -43417475 144372561
2425647040 -22864266 -43417744 2425647494
3788305596 -22864114 -43416772 144372562
2425647494 -22863814 -43416234 144302223
593585046 -22863694 -43410402 593584958 593585371
144372564 -22863606 -43415141 3788305596
593584958 -22863467 -43410520 593582320 593585046
593581189 -22862992 -43415048 593581187 593581192
593581192 -22862982 -43414780 593581197 593581189
144302223 -22862925 -43413707 593581976 593582928
593581187 -22862923 -43415252 593581184 593581189
593581197 -22862874 -43414383 593581192 593581199
593582000 -22862782 -43412942 144372564
593581184 -22862755 -43415402 593581187 593581181
593582316 -22862676 -43412387 593582000
593581976 -22862567 -43413149 593581970
593581181 -22862547 -43415531 593581184 593580805
593582320 -22862354 -43411181 593582316 593584958 593581204
593580805 -22862320 -43415552 593581181
593581199 -22862270 -43412988 593581197 593581201
593581970 -22862221 -43412452 593581955
593583943 -22862173 -43411541 593582000
593582928 -22862023 -43411609 593582916
593584120 -22861992 -43411140 593583943
593581955 -22861974 -43411990 593581204
3130613107 -22861868 -43410881 593584120
593581201 -22861846 -43412036 593581199 593581204
593582916 -22861824 -43411181 3130613106
3130613106 -22861727 -43410959 593581948
593581204 -22861678 -43411558 593581948 593582320 593581201 593609646
593609646 -22861134 -43410335 593609649 593581204
