1824400974 -22.9522618 -43.211756 2885383836 2885383835
2885383836 -22.9522506 -43.2118261 1824400946 1824400974
2885383835 -22.9522373 -43.2116995 1824400951 1824400974
1824400946 -22.9522223 -43.2118872 2885383836 2885383834
3673904397 -22.9522018 -43.2113661 3673904398 3673904396
1824400951 -22.9522007 -43.2116623 2989716917 2885383835
3673904398 -22.9521981 -43.211303 3673904399 3673904397
2792628382 -22.9521903 -43.2116458 2989716917 2792628376
2989716917 -22.9521872 -43.2116603 2885383833 1824400951 2792628379 2792628382
3673904396 -22.952187 -43.2114278 3673904397 3673904395
2885383834 -22.9521797 -43.211907 1824400946 1824400925
2792628379 -22.9521632 -43.2117339 2792628373 2989716917
2792628376 -22.95216 -43.2115953 2792628370 2792628382
3673904395 -22.9521537 -43.2114653 3673904396 321220777
3673904399 -22.952145 -43.2112735 3673904400 3673904398
1824400925 -22.9521344 -43.2119069 2885383834 1824400949
2885383833 -22.9521293 -43.2116517 321220781 2989716917
2792628373 -22.9520984 -43.2117527 2792628360 2792628379
3673904400 -22.9520635 -43.2112816 3673904401 3673904399
321220781 -22.9520611 -43.2116738 2885383831 2885383833
2792628370 -22.9520529 -43.2115848 2792628376
3673904401 -22.9520438 -43.2113379 3673904400
2885383831 -22.9519999 -43.2116835 321220781 2885383829
1824400948 -22.9519742 -43.2123632 321220797 1824400957
321220797 -22.9519699 -43.2122974 2885383830 1824400948
2885383830 -22.9519511 -43.2122641 1824400955 321220797
1824400957 -22.9519431 -43.2124517 1824400948 321220798
2885383829 -22.9519431 -43.2116806 2885383827 2885383831
1824400953 -22.9519283 -43.2136153 321220811 2885383828
1824400955 -22.951922 -43.2122462 321220796 2885383830
2885383827 -22.9519192 -43.2116758 2885383826 2885383829
2792628360 -22.9519167 -43.2117269 2792628373
321220798 -22.951911 -43.2124823 1824400957 321220799
2885383826 -22.9519032 -43.211658 2885383827 2885383825
321220777 -22.9519008 -43.2114561 2885383824 3673904395
2885383828 -22.9518937 -43.2137102 1824400954 1824400953
321220811 -22.9518876 -43.2135181 321220810 1824400953
2885383825 -22.9518859 -43.2116209 2885383824 2885383826
1824400949 -22.9518835 -43.2118867 1824400925 2885383820
1824400990 -22.9518754 -43.2131182 2885383822 321220808
321220808 -22.9518754 -43.2130564 1824400917 1824400990
2885383824 -22.9518695 -43.2115511 321220777 2885383825
1824400917 -22.9518693 -43.2130188 2885383823 321220808
2885383822 -22.9518592 -43.2131823 1824400990 2885383821
2885383823 -22.9518567 -43.2130009 1824400934 1824400917
2885383821 -22.9518449 -43.2132574 2885383822 321220810
321220796 -22.9518427 -43.2122434 1824400955 321220795
321220810 -22.9518368 -43.2133855 2885383821 321220811
1824400934 -22.9518353 -43.2129836 2885383819 2885383823
2885383820 -22.9518086 -43.2118695 1824400949 321220785
2885383819 -22.9517858 -43.2129806 2885383818 1824400934
321220799 -22.9517809 -43.2125802 321220798 1824400981
321220785 -22.9517398 -43.2118359 2885383820 2885383817
321220795 -22.9517302 -43.212249 321220793 321220796
1824400981 -22.9517214 -43.2126109 321220799 1216785579
1824400954 -22.9517066 -43.2138097 2885383828 1824400950
2885383817 -22.9516999 -43.211791 321220785 321220786
2885383818 -22.9516883 -43.2130277 2885383819 1824400969
321220786 -22.9516794 -43.2117433 2885383817 2885383816
1216785579 -22.9516786 -43.2126172 1824400981 321220800
2885383816 -22.9516683 -43.2115208 321220786 1824400985
1824400985 -22.9516557 -43.2112527 2885383815 2885383816
321220793 -22.9516523 -43.2122045 2885383812 321220795
2885383815 -22.95165 -43.2112205 1824400927 1824400985
1824400927 -22.9516395 -43.2111932 2885383815 2885383814
2885383814 -22.9516323 -43.2111871 1824400927 2885383813
2885383813 -22.9516252 -43.2111844 2885383810 2885383814
2885383812 -22.9516213 -43.2121245 321220793 2885383809
2885383811 -22.9516213 -43.2117759 321220790 2885383809
2885383810 -22.9516147 -43.2111871 2885383813 2885383808
321220800 -22.9516115 -43.2125998 1216785579 321220802
321220790 -22.9516112 -43.2113475 1824400987 2885383811
2885383809 -22.9516097 -43.211956 2885383811 2885383812
2885383808 -22.9516088 -43.2111934 2885383810 2885383807
1824400987 -22.9516027 -43.2112832 2885383806 321220790
2885383807 -22.9515995 -43.2112039 2885383808 2885383806
2885383806 -22.9515964 -43.2112251 2885383807 1824400987
1824400969 -22.9515683 -43.2130542 2885383818 1824400959
1824400950 -22.9515378 -43.2138406 1824400954 321220815
321220802 -22.9515236 -43.2124782 321220800 1824400972
1824400959 -22.9515072 -43.2130299 1824400933 1824400969
1824400972 -22.951466 -43.212437 321220802 1824400977
1824400933 -22.9514422 -43.2129702 1824400916 1824400959
1824400977 -22.9514168 -43.2124272 1824400961 1824400972
1824400916 -22.9513872 -43.2128377 1824400920 1824400933
321220815 -22.951371 -43.21375 1824400950 321220816
1824400961 -22.9513695 -43.2124502 1824400935 1824400977
1824400935 -22.9513448 -43.2124651 1824400961 321220803
1824400920 -22.9513322 -43.2126304 321220803 1824400916
321220803 -22.9513312 -43.2124979 1824400935 1824400920
321220816 -22.9510068 -43.2133634 321220815 1824400967
1824400918 -22.9509984 -43.2126554 321220820 1824400938
321220820 -22.9509948 -43.2127302 321220819 1824400918
1824400938 -22.9509819 -43.2126184 1824400918 1824400929
1824400929 -22.9509575 -43.2126083 1824400982 1824400938
321220819 -22.9509455 -43.2128968 1824400967 321220820
1824400982 -22.9509316 -43.2126095 321220821 1824400929
1824400967 -22.9509276 -43.213178 321220819 321220816
321220821 -22.9508962 -43.2126244 1824400982 321220822
321220826 -22.9508794 -43.2117419 1824400962 2885383804
321220822 -22.9508624 -43.2126687 321220821 321220824
1824400962 -22.9508518 -43.2118977 1824400970 321220826
2885383804 -22.9508077 -43.2117059 321220826 2885383805
1824400970 -22.950758 -43.2124551 321220825 1824400962
321220824 -22.9507353 -43.2131708 321220822 1824400958
2885383805 -22.9507304 -43.2117778 2885383804 1934412684
1824400958 -22.9506586 -43.2132582 1824400975 321220824
1824400975 -22.9505869 -43.2132343 321220825 1824400958
321220825 -22.9505593 -43.2131324 1824400975 1824400970
1934412684 -22.9504544 -43.2123892 2885383805 1934412683
1934412683 -22.9502833 -43.2126828 1934412684 1934412682
2885383803 -22.9502006 -43.2140614 1934412681 1934412680
1934412680 -22.9500791 -43.214457 2885383803 2885383802
1934412681 -22.9500791 -43.2136778 1934412682 2885383803
1934412682 -22.9500295 -43.2132822 1934412683 1934412681
2885383802 -22.9498418 -43.2148945 1934412680 1934412679
1934412679 -22.9495003 -43.2152252 2885383802 2885383801
2885383801 -22.9491964 -43.2154132 1934412679 1934412678
1934412678 -22.9488484 -43.2153979 2885380200 2885383801
2880839531 -22.948644 -43.21988 2880839528 2880839519
2880839519 -22.948631 -43.219735 329599770 2880839531
329599770 -22.948586 -43.219527 329599760 2880839519
2880839527 -22.9485168 -43.2113212 2880839525 2880839526
2880839526 -22.9485059 -43.2114085 2880839527 2880839522
2880839525 -22.9485014 -43.2112624 2880839527 2880839521
2880839522 -22.948468 -43.2114693 2330907737 2880839526
2880839521 -22.9484373 -43.2111721 2330907720 2880839525
2880839520 -22.9484355 -43.2118081 2330907764 2330907728
2330907764 -22.9484355 -43.2117041 2330907737 2880839520
2330907737 -22.948421 -43.2115648 2880839522 2330907764
2330907728 -22.9483957 -43.2119002 2880839520 2880839517
2330907720 -22.9483641 -43.2110191 2330907742 2880839521
2880839517 -22.948356 -43.2119885 2330907728 2330907739
2885380200 -22.9483351 -43.21538 1934412677 1934412678
2880839516 -22.9483145 -43.2133106 2880839513 2880839515
2880839515 -22.948309 -43.2133851 2880839516 2880839514
2880839514 -22.9483018 -43.2135224 2880839515 2880839511
2330907742 -22.9482946 -43.2109038 2330907702 2330907720
2880839513 -22.9482801 -43.2132282 2880839509 2880839516
2880839511 -22.9482494 -43.2138147 2880839514 2330907732
329599760 -22.948205 -43.218614 329599770 329599749
2880839509 -22.9482007 -43.2131419 2330907731 2880839513
2330907739 -22.9481862 -43.2121631 2880839517 2880839506
2330907732 -22.9481411 -43.2139598 2880839511 2330907761
2330907731 -22.9481284 -43.2130693 2880839505 2880839509
2330907702 -22.9481034 -43.2107011 2330907757 2330907742
1934412677 -22.9480481 -43.215314 2885380200 2885380199
2880839506 -22.9480417 -43.2124181 2330907716 2330907739
2880839505 -22.9480237 -43.2129281 2330907716 2330907731
2330907716 -22.9480092 -43.2126927 2880839505 2880839506
329599749 -22.947998 -43.218239 329599760 3759968730
2330907757 -22.9479583 -43.2105426 2880839504 2330907702
2330907761 -22.9479171 -43.21385 2330907732 2330907750
3759968730 -22.94785 -43.21803 2880839503 329599749
2880839504 -22.9478364 -43.2102263 2330907719 2330907757
2885380199 -22.9477555 -43.2152361 1934412677 1934414896
2880839503 -22.947751 -43.217931 2876768605 3759968730
2876768605 -22.947688 -43.217896 329599674 2880839503
2330907750 -22.9476787 -43.2138559 2330907761 2880839000
329599674 -22.94755 -43.217856 2876768605 1934412674
2880839000 -22.9475486 -43.2138853 2330907750 2330907700
2330907700 -22.9474583 -43.2139598 2880839000 2330907759
1934414896 -22.9473692 -43.215386 1934412675 2885380199
2330907759 -22.9473086 -43.2142711 2330907700 2885380198
2885380198 -22.947154 -43.2145283 2885380197 2330907759
2885380197 -22.9469383 -43.2147571 2885380198 2330907736
1934412674 -22.946805 -43.217717 3759968729 329599674 1934414895
3759968729 -22.946735 -43.21773 329599663 1934412674
1934412675 -22.9466627 -43.2158834 1934414896 1934412673
1934412672 -22.9466131 -43.2173039 1934414895 2885380191
1934414895 -22.9466114 -43.2176047 2885380195 1934412672 1934412674
329599663 -22.946602 -43.2178014 3759968729
2330907736 -22.9465192 -43.2151582 2885380197 2885380194
2885380195 -22.9463746 -43.2177535 1934414895 2885380193
1934412673 -22.9463095 -43.2160033 1934412675 2885380192
2885380191 -22.9462543 -43.217178 1934414894 1934412672
2885380194 -22.9462488 -43.215362 2330907729 2330907736
2330907729 -22.9460527 -43.2154621 2885380194 2330907749
2885380193 -22.9460335 -43.2175736 2885380195 2330907753
1934414894 -22.9459563 -43.2168364 2885380190 2885380191
2885380192 -22.9459231 -43.2161951 1934412673 2885380190
2885380190 -22.9458348 -43.2164888 2885380192 1934414894
2330907753 -22.9457907 -43.2171001 2330907763 2885380193
2330907749 -22.9456425 -43.215628 2330907729 2880838996
2330907763 -22.9455257 -43.2166506 2330907767 2330907753
2880838996 -22.9454761 -43.2158295 2330907767 2330907749
2330907767 -22.9454319 -43.2161412 2880838996 2330907763
329634562 -22.9409963 -43.2100377 329634549 329634575
329634575 -22.9408372 -43.2101913 329634562 329634595
329634595 -22.9407878 -43.2102516 329634612 329634575
329634612 -22.9406178 -43.2102187 329634595 329634622
329634622 -22.9403984 -43.2100432 329634612 329634638
