612946371 -22879983 -43545826 612946369
612942005 -22879950 -43545954 1871751424 612942004
2141522164 -22879905 -43542818 2141522166 2141522138 2141522169
1777432843 -22879893 -43549475 1777397094 1777397086 1777397085
612946384 -22879846 -43541375 1777351127
1777351127 -22879838 -43541445 1777351287 612946382
612946386 -22879835 -43541126 612946384
1871751424 -22879823 -43545927 612942005 1871751415
612946382 -22879816 -43541667 612946380
2141522166 -22879811 -43542850 2141522164 2141522151
612946388 -22879776 -43540837 612946386
1777397087 -22879775 -43541156 1777397083 612941997
1871751415 -22879763 -43545884 1871751424 1871751467
612941998 -22879761 -43541421 1777397087
612941997 -22879755 -43541056 612941996
612946380 -22879754 -43541907 612946378 2141522141
3613742453 -22879749 -43541600 612941998
1777432853 -22879736 -43548998 1777397085 1777397091 1777432846
1777351121 -22879730 -43540434 1777351117 1777351198
1777351119 -22879717 -43544956 612946371 2670734005
612941999 -22879711 -43541775 3613742453
612941996 -22879711 -43540821 2156876098
2670734008 -22879705 -43543266 2670734005
1777351117 -22879661 -43540469 612946388 1777351121
3613742452 -22879646 -43541938 612941999
1777397086 -22879625 -43549979 1777432843 1777397079 1777397088
1777397085 -22879576 -43549291 1777397081 1777432843 1777432853 1777397091
612942000 -22879533 -43542129 3613742452
1871751467 -22879448 -43545444 1871751415 1871751464
2141522151 -22879393 -43542941 2141522159 2141522166
612946378 -22879342 -43542623 612946376
2164472170 -22879342 -43541422 1777397083 2164472226
1871751464 -22879324 -43545304 1871751467 1871751421
1777397083 -22879320 -43541228 2164472170 1777397062 1777397087
1777397081 -22879304 -43549117 1777397077 1777397085
2164472226 -22879256 -43541698 2164472170 1777397082 2164472267
612946376 -22879229 -43542832 2141522159
612946373 -22879212 -43543304 1777351119
2141522159 -22879193 -43542951 612946374 2141522151
612942001 -22879190 -43542743 612942000
612946374 -22879183 -43543090 612946373
1777432846 -22879182 -43548583 1777397076 1777397089 1777432853
612942004 -22879178 -43543438 612942003
1777397082 -22879165 -43541873 2164472226 1777397080
1777397079 -22879130 -43549673 2944191161 1777397086
612942002 -22879118 -43542966 612942001
612942003 -22879098 -43543181 1777397069 612942002
1777397080 -22879050 -43542050 1777397075 1777397082
1777397077 -22878965 -43548811 1777397076 1777397081
1871751421 -22878928 -43544907 1871751443 1871751464
1777397075 -22878922 -43542217 1777397080 1777397074 1777397064
1777397076 -22878922 -43548760 1777397077 1777432846
1777397074 -22878804 -43542454 1777397075 1777397071
1777397071 -22878706 -43542710 1777397037 1777397074 2164472190
1871751443 -22878666 -43544634 1871751421 1871751469
2164472190 -22878659 -43542937 1777397070 1777397071
1777397069 -22878657 -43543259 1777397070 1871751450 612942003
1777397070 -22878648 -43543129 1777397069 2164472190
1871751469 -22878454 -43544414 1871751443 1871751455
2944191161 -22878343 -43548934 1777397079 2944191160
1777397064 -22878336 -43542303 1777397075 2164472267 1777397035
1871751455 -22878306 -43544194 1871751469 1871751458
2164472267 -22878277 -43541849 2164472226 1777397062 1777397064
1777397062 -22878218 -43541400 1777397028 1777397083 2164472267
1871751458 -22878118 -43543899 1871751450 1871751455
1871751450 -22877821 -43543413 1777397038 1777397069 1871751458
1777397038 -22877655 -43543436 1871751450 1777397037 1777397016
1777397037 -22877574 -43542883 1777397038 1777397071 1777397035
1777397035 -22877518 -43542422 1777397028 1777397037 1777397064
1777397028 -22877409 -43541527 1777397008 1777397062 1777397035
2944191159 -22877392 -43549243 1777397073 2944191160
2944191160 -22877392 -43549075 2944191161 2944191159
1777397016 -22877248 -43543497 1777397001 1777397038 1777397008
1777397008 -22876991 -43541592 1777397028 1777396977 1777397016
1777397001 -22876822 -43543555 1777396966 1777397016 1777396977
1777397073 -22876786 -43549369 2944191159
1777396981 -22876594 -43541339 1777396979 1777396965
1777396979 -22876572 -43541401 1777396975 1777396981
1777396977 -22876566 -43541661 1777396975 1777397001 1777396949 1777397008
1777396975 -22876532 -43541412 1777396979 1777396977 1777396955
1777396965 -22876445 -43540142 1777396942 1777396981 1777396995
1777396966 -22876436 -43543610 1777396887 1777397001 1777396949
1777396955 -22876260 -43541435 1777396942 1777396902 1777396975
1777396949 -22876158 -43541814 1777396928 1777396977 1777396966
1777396950 -22876150 -43543066 1777396937
1777396942 -22876110 -43540198 1777396918 1777396965 1777396955
1777396937 -22875963 -43543093 1777396907 1777396950 1777396928
1777396927 -22875790 -43540918 1777396924 1777396923
1777396923 -22875780 -43541052 1777396927 2156875708
1777396924 -22875777 -43540702 1777396918 1777396927
1777396928 -22875776 -43541881 1777396901 1777396949 1777396937
2156875708 -22875725 -43541122 1777396923 1777396914
1777396918 -22875708 -43540262 1777396942 1777396880 1777396924
1777396914 -22875650 -43541124 2156875708 1777396911
1777396907 -22875579 -43543155 1777396883 1777396901 1777396937
1777396911 -22875572 -43541082 1777396914 1777396896
1777396902 -22875433 -43541548 1777396898 1777396873 1777396955
1777396901 -22875418 -43541916 1777396907 1777396895 1777396928
1777396898 -22875369 -43541428 1777396902 1777396834
1777396896 -22875327 -43540842 1777396911 1777396871
1777396895 -22875313 -43541931 1777396872 1777396901
1777396887 -22875215 -43543797 1777396883 1777396822 1777396966
1777396883 -22875135 -43543223 1777396887 1777396862 1777396907 1777396872
2576143671 -22875127 -43546257 2576143679
1777396880 -22875071 -43540381 1777396918 1777396882 1777396871
1777396873 -22875001 -43541607 1777396870 1777396902 1777396808
1777396872 -22874965 -43541999 1777396844 1777396883 1777396870 1777396895
1777396870 -22874913 -43541619 1777396872 1777396841 1777396873
1777396871 -22874905 -43540416 1777396880 2156875716 1777396896
2576143679 -22874815 -43546472 2576143680 2576143671
2156875716 -22874748 -43540251 1777396871
2576143680 -22874705 -43546531 2576143670 2576143679
1777396862 -22874702 -43543294 1777396883 2164472255 2164472248
2576143670 -22874622 -43546565 2576143678 2576143680
2164472255 -22874615 -43542619 1777396862 1777396844 2164472260
1777396844 -22874542 -43542048 1777396872 2164472255 1777396841
1777396841 -22874485 -43541668 1777396844 1777396870 1777396789 2164472218
2576143678 -22874474 -43546546 2576143677 2576143670
1777396834 -22874419 -43540469 1777396898 1777396825
2164472248 -22874414 -43543342 1777396862 2164472273
1777396825 -22874324 -43540408 1777396812 1777396834
2164472260 -22874273 -43542828 2164472242 2164472213 2164472255
2576143677 -22874261 -43546445 2576143678 2576143675
1777396822 -22874230 -43544032 1777396887 2164472271 1875271706
1777396808 -22874159 -43540749 1777396873
1777396812 -22874154 -43540357 1777396787 1777396740 1777396825
2164472273 -22874142 -43543427 2164472271 2164472248
2164472242 -22874135 -43541914 2164472260
2164472218 -22874125 -43541736 1777396804 1777396841
1777396804 -22874051 -43541733 2164472197 2164472218
1762600172 -22873994 -43549481 1762600153 1762600180
1762600180 -22873994 -43549640 1762600172 1762600187
2164472197 -22873976 -43541692 1777396770 1777396804
1762600187 -22873953 -43549787 1762600180 1762600155
2164472271 -22873940 -43543522 2164472213 2164472191 1777396822 2164472273
1777396789 -22873907 -43541064 1777396841
1875271706 -22873902 -43544237 1875271710 1777396822
1762600153 -22873887 -43549024 1762600184 1762600172
1777396787 -22873881 -43540648 1777396740 1777396812
2164472195 -22873838 -43542504 2164472257 2164472231
2164472231 -22873821 -43542706 2164472195 2164472213
2164472257 -22873792 -43542341 2164472195 2164472206
2576143675 -22873771 -43546238 2576143677 2576143676
1762600184 -22873761 -43548616 1762600171 1762600153
2164472213 -22873732 -43543156 2164472231 2164472271 2164472276 2164472260
2164472206 -22873719 -43542225 2164472257
1762600171 -22873701 -43548494 1779340829 1762600184
1779340829 -22873638 -43548416 1762600171 1779340812 1762600158
2576143676 -22873620 -43546178 2576143669 2576143675
1875271710 -22873576 -43544462 1875271712 1875271706
1777396770 -22873572 -43541301 2164472197
1762600158 -22873553 -43548310 1779340829 1762600185
2576143669 -22873477 -43546153 2576143674 2576143676
1779340827 -22873370 -43549578 1779340824 1779340815
1779340824 -22873362 -43549401 1779340812 1779340827
1762600185 -22873320 -43548067 1762600166 1762600158
1779340815 -22873311 -43549788 1779340814 1779340827
2576143674 -22873290 -43546178 2576143672 2576143669
2164472191 -22873275 -43543912 2164472271
1875271712 -22873250 -43544645 1875271714 1875271710
1779340814 -22873230 -43549902 1779340804 1779340815
2164472276 -22873156 -43543470 2164472213
1779340812 -22873122 -43548585 1779340829 1779340786 1779340824
1762600166 -22873114 -43547811 1779340802 1762600185
2576143672 -22873097 -43546230 2576143673 2576143674
1875271714 -22872983 -43544666 1875271708 1875271712
1779340804 -22872958 -43549995 1779340814 1779340788
1779340802 -22872931 -43547519 1762600166 1779340761 1762600173
2576143673 -22872894 -43546290 2576143672 1762600178
1762600173 -22872892 -43547456 1762600182 1779340802
1762600182 -22872790 -43547080 1762600165 1762600173
1875271708 -22872785 -43544602 1875271714 1875271704
1762600165 -22872722 -43546575 1762600182 1762600178
1762600178 -22872696 -43546373 1762600189 1762600165 2576143673
1762600189 -22872648 -43545826 1762600183 1762600178
1762600183 -22872645 -43545151 1762600189 1762600190
1875271704 -22872627 -43544462 1875271708 1762600190
1779340786 -22872592 -43548759 1779340812 1779340763 1779340788
1762600190 -22872397 -43544335 1762600183 1762600156 1875271704
1779340776 -22872280 -43540068 1779340745 1779340779 1779340775
1779340775 -22872265 -43540108 1779340776 1779340770
1762600156 -22872213 -43544173 1762600175 1762600190
1779340771 -22872146 -43549392 1779340773
1779340770 -22872117 -43540289 1779340679 1779340775
1779340763 -22871967 -43548937 1779340786 1779340733
1762600175 -22871951 -43544038 1762600177 1762600156
1779340761 -22871928 -43547858 1779340752 1779340802
1779340752 -22871710 -43548164 1779340761 1779340668
1779340733 -22871637 -43549228 1779340763 1779340734 1779340721
1762600177 -22871602 -43543977 1762600154 1762600175
1779340721 -22871455 -43549421 1779340733 1779340670
1779340682 -22871343 -43540047 1779340730 1779340662
1779340679 -22871337 -43540958 1779340667 1779340770
1762600154 -22871277 -43544015 1762600186 1762600177
1779340670 -22871179 -43549565 1779340721 1779340657 1779340672
1779340668 -22871150 -43548548 1779340752
1779340667 -22871064 -43541244 1779340679 1779340664 1779340636
1779340664 -22870991 -43541320 1779340667 1779340622
1779340662 -22870967 -43540375 1779340682 1779340639
1762600186 -22870904 -43544092 1762600154 1762600152
1779340660 -22870860 -43540161 1779340677 1779340644
1779340657 -22870773 -43549545 1779340619 1779340670 1779340658
1779340644 -22870705 -43540321 1779340660 1779340626 1779340598
1779340639 -22870623 -43540810 1779340636 1779340662
1779340636 -22870600 -43540855 1779340626 1779340667 1779340639 1779340631
1762600152 -22870580 -43544186 1762600168 1762600186
1779340631 -22870525 -43540972 1779340636 1779340615
1779340626 -22870433 -43540715 1779340644 1779340636 1779340624
1779340624 -22870417 -43540738 1779340626 1779340612
1779340622 -22870416 -43542317 1779340664 1762600168
1779340619 -22870374 -43549526 1738690032 1779340617 1779340657
1779340615 -22870277 -43541307 1779340610 1779340631
1779340612 -22870243 -43540959 1779340608 1779340624 1779340557
1779340610 -22870083 -43541583 1779340615 1779340601
1779340608 -22870018 -43541297 1779340612 1779340525 1779340602
1779340602 -22869959 -43541384 1779340608 1779340589
1779340601 -22869957 -43541684 1779340610 1779340590
1738690032 -22869891 -43549503 1779340619 1779340581 1738690036
1779340590 -22869818 -43541773 1779340546 1779340601
1779340589 -22869796 -43541506 1779340602 1779340586
1779340586 -22869704 -43541549 1779340576 1779340589 1779340521
1779340583 -22869698 -43548354 1779340566
1779340581 -22869649 -43549450 1738690032 1779340575
1779340572 -22869560 -43547306 1779340566
1762600168 -22869534 -43544166 1779340622 1779340530 1762600152
1779340576 -22869517 -43541637 1779340552 1779340586
1779340575 -22869466 -43549264 1779340581 1779340554 1779340549
1779340566 -22869393 -43547372 1779340583 1779340572 1779340526 1779340527
1779340564 -22869354 -43548661 1779340562 1779340527
1779340562 -22869343 -43548882 1779340564 1779340549
1779340554 -22869285 -43549460 1779340575 1779340516
1779340552 -22869251 -43541659 1779340576 1779340528 1779340518
1779340549 -22869215 -43549009 1779340523 1779340562 1779340575
1779340546 -22869176 -43541925 1779340590
1779340530 -22869151 -43544441 1762600168 1779340524
1779340528 -22869121 -43541671 1779340552
1779340527 -22869047 -43547495 1779340564 1779340519 1779340566 1779340520
1779340526 -22869029 -43546096 1779340566 1779340520
1779340525 -22869001 -43540241 1779340512 1779340608 1779340557 1779340521
1779340524 -22868879 -43544845 1779340530 1779340509
1779340523 -22868826 -43548479 1779340519 1779340549
1779340521 -22868731 -43540555 1779340471 1779340525 1779340586 1779340518
1738690016 -22868693 -43549915 1738690036
1779340520 -22868664 -43546457 1779340505 1779340526 1779340527
1779340519 -22868555 -43547670 1779340523 1779340515 1779340527
1779340518 -22868475 -43540851 1779340552 1779340459 1779340521
1779340516 -22868464 -43549376 1779340554
1779340515 -22868419 -43547264 1779340505 1779340519 1779340478
1779340509 -22868369 -43545779 1779340524 1779340460
1779340506 -22868367 -43548737 1779340473
1779340505 -22868258 -43546859 1779340502 1779340515 1779340520
1779340502 -22868244 -43546823 1779340456 1779340505
1779340478 -22868223 -43547397 1779340461 1779340466 1779340515
1779340473 -22868033 -43547852 1779340466 1779340506
1779340466 -22868010 -43547751 1779340478 1779340473
1779340461 -22867926 -43547391 1779340478 1779340454
1779340460 -22867907 -43546259 1779340509 1779340456
1779340459 -22867906 -43540259 1779340471 1779340518
1779340456 -22867810 -43546424 1779340452 1779340502 1779340460
1779340454 -22867715 -43547397 1779340461 1779340431
1779340452 -22867663 -43546672 1779340456 1779340451
1779340451 -22867620 -43546979 1779340452 1779340450
1779340450 -22867601 -43547202 1779340451 1779340431
1779340431 -22867589 -43547340 1779340450 1779340428 1779340454
1779340428 -22866877 -43548180 1779340425 1779340431
1013870010 -22865306 -43540084 1779378037 1779378048
1739267326 -22865123 -43549970 2879124149
1779378037 -22865051 -43540118 1779378013 1013870010
1779378013 -22864859 -43540157 1779378037 1779378004
1779378004 -22864782 -43540178 1779378000 1779378013
2879124149 -22864676 -43549202 609981093
1779378000 -22864532 -43540264 1779377995 1779378004
609982117 -22864304 -43548363 1779340425
1779377995 -22864238 -43540443 1779378000 1779377994 1779377989
609981093 -22864238 -43548437 609981090
609982119 -22864185 -43548097 609982117
609981090 -22864112 -43548140 609981043
1779377994 -22864067 -43540138 1779377998 1779377987 1779377995 1779377992
609981030 -22863828 -43547013 609982119
609981043 -22863744 -43547047 609981040
609981032 -22863711 -43546631 609981030
609981040 -22863635 -43546652 2879124148
1779377989 -22863466 -43541019 1779377983 1779377995
2879124148 -22863303 -43545605 2642129058
2642129062 -22863122 -43544614 2642129061 609981032
2642129061 -22863108 -43544708 2642129060
2642129060 -22863059 -43544730 2642129058
2642129058 -22862985 -43544626 2879124147
1779377987 -22862796 -43541015 1779377985 1779377994
609981458 -22862765 -43543559 2642129062
609981399 -22862716 -43542535 609981419 609981393
609981419 -22862715 -43543338 609981458
609981474 -22862706 -43542199 609981399
609981512 -22862694 -43541825 609981474
609981393 -22862672 -43542720 609981388
609981425 -22862667 -43542992 609981419
609981430 -22862632 -43542935 609981425
1779377983 -22862625 -43541584 609981512 1779377989
609981388 -22862604 -43542755 609981380
1779377985 -22862604 -43540770 1779377991 1779377987 609981528
609981434 -22862580 -43542929 609981430
2879124147 -22862568 -43543319 609981285
609981380 -22862550 -43542720 609981278
609981438 -22862546 -43542962 609981434
609981285 -22862531 -43543115 609981282 609981438
609981517 -22862514 -43541395 1779377983
609981278 -22862509 -43542607 609981275
609981282 -22862502 -43542889 609981278
609981275 -22862498 -43541965 609981272
609981272 -22862429 -43541690 609981269
609981524 -22862387 -43541287 609981517
609981269 -22862314 -43541503 609981267
609981267 -22862150 -43541362 145027568
609981528 -22862120 -43541137 1779377985 609981524
145030356 -22862038 -43541117 609981528
145027568 -22861996 -43541290 1738591344 1738591345
1738591341 -22861904 -43541058 145030356
3789776423 -22861887 -43549961 3789776422
1738591344 -22861849 -43541337 145027569
145030357 -22861812 -43540998 1738591341
609981865 -22861796 -43548313 3789776423
609981869 -22861778 -43548017 609981865
1738591345 -22861776 -43541241 3787844483
145030359 -22861760 -43540905 145030357
145027569 -22861756 -43541410 1738591340
1738591342 -22861741 -43540769 145030359
144302260 -22861723 -43549263 609981879
1738591340 -22861710 -43541558 145027570
145030360 -22861695 -43540280 1738591342
145027570 -22861694 -43541901 145027572
609981879 -22861680 -43548393 609981657
609981657 -22861666 -43548073 145029489
145027572 -22861657 -43542647 145026365
145026365 -22861558 -43543736 609981869
609981627 -22861433 -43541457 145026365
145029489 -22861429 -43543752 145029488 609981648
609981632 -22861398 -43540893 609981627
145029488 -22861320 -43543106 145029487
609981648 -22861309 -43541465 609981670
609981670 -22861282 -43540901 145027620
145029487 -22861221 -43542696 145029486
3787844483 -22861199 -43541271 145029485
3787844482 -22861191 -43541190 145030356
145029486 -22861103 -43542064 145029485
145029485 -22861019 -43541233 3787844484 3787844485 3787844482
3787844484 -22861007 -43540709 145029482
3787844485 -22860945 -43541237 145029485 613512474
613512474 -22860596 -43541246 3787844485 613512473 613512682
613512473 -22860538 -43540886 613512679 613512472 613512474
613512679 -22860439 -43541089 613512473 613512680
613512472 -22860439 -43540262 613512471 613512473
613512680 -22860320 -43541207 613512679 613512682
613512682 -22860171 -43541284 613512680 613512474 1779377980
