3679333158 -22.97318 -43.252054 888585120 3679333157
3679333157 -22.973168 -43.251683 3679333158 3679333156
888585120 -22.973143 -43.252481 3679333155 3679333158
3679333155 -22.973113 -43.252653 888585339 888585120
888585210 -22.9731003 -43.2506166 888585343 3679333156
3679333156 -22.973091 -43.251253 888585210 3679333157
888585235 -22.973016 -43.253614 3679333154 3679333153
888585339 -22.97301 -43.252996 3679333154 3679333155
888585281 -22.9730081 -43.2500538 888585178 888585366
3679333153 -22.972998 -43.253846 888585141 888585235
3679333154 -22.97298 -43.253148 888585339 888585235
888585141 -22.972921 -43.254053 3679333152 3679333153
888585178 -22.9728895 -43.2504783 888585379 888585281
3679333152 -22.972853 -43.254168 3679333151 888585141
3679333151 -22.97276 -43.254286 3679333150 3679333152
888585379 -22.972742 -43.251061 888585178 888585336
888585336 -22.972703 -43.251261 3679321354 888585379
888585137 -22.972678 -43.252176 888585354 3679321354
3679321354 -22.972675 -43.251572 888585137 888585336
888585354 -22.972634 -43.252414 888585137 888585260
888585260 -22.972562 -43.25256 888585164 888585354
888585164 -22.972386 -43.252818 888585372 888585260
3679333150 -22.972384 -43.254552 3679333149 3679333151
3679333149 -22.97226 -43.254663 888585358 3679333150
888585358 -22.972141 -43.254833 3679333148 3679333149
888585372 -22.972092 -43.253159 888585232 888585164
888585232 -22.9719834 -43.2532604 888585372 888585289
3679333148 -22.971972 -43.255347 888585358 888585265
888585289 -22.971853 -43.253382 3679342439 888585232
888585265 -22.971785 -43.256241 3679333148 3679333147
3679333147 -22.971751 -43.256512 888585167 888585265
888585167 -22.971735 -43.256979 3679333146 3679333147
3679342439 -22.971705 -43.253551 888585282 888585289
3679333146 -22.971697 -43.257199 3679333145 888585167
3679333145 -22.971531 -43.257599 888585108 3679333146
888585282 -22.971501 -43.253995 3679342439 888585180
888585108 -22.971453 -43.257753 3679333144 3679333145
3679333144 -22.971366 -43.257877 3679333143 888585108
888585180 -22.971352 -43.254262 888585302 888585282
3679333143 -22.971268 -43.257977 3679333144 3679333142
3679333142 -22.971166 -43.258037 3679333143 888585328
888585302 -22.971138 -43.254819 3759568323 888585180
888585328 -22.971044 -43.258064 3679333141 3679333142
3759568323 -22.97091 -43.255339 3759568322 888585302
3759568322 -22.970824 -43.255464 888585114 3759568323
888585114 -22.970768 -43.255513 3759568322 888585140
888585140 -22.970703 -43.255543 3679342432 888585114
3679333141 -22.970632 -43.25804 3679333139 888585328
3679342432 -22.970617 -43.255542 3679342433 888585140
3679342433 -22.970553 -43.25551 888585356 3679342432
3679333139 -22.97052 -43.25807 3679333140 3679333141
888585356 -22.970498 -43.255462 3679342430 3679342433
3679333140 -22.970458 -43.258109 888585217 3679333139
888585217 -22.970361 -43.258233 888585128 3679333140
3679342430 -22.97034 -43.255226 3679342429 888585356
3679342429 -22.970099 -43.254735 3679342430 3679342428
888585128 -22.970082 -43.258778 3679333138 888585217
3679333138 -22.969928 -43.258955 888585128 888585346
3679342428 -22.969907 -43.254262 888585263 3679342429
888585346 -22.969836 -43.259015 3679333138 3679333137
888585263 -22.969829 -43.254171 3679342427 3679342428
3679342427 -22.969766 -43.254136 3679342426 888585263
3679333137 -22.969741 -43.259035 3679333136 888585346
3679333136 -22.969669 -43.259031 3759571649 3679333137
3679342426 -22.969652 -43.254115 888585166 3679342427
3759571649 -22.96955 -43.258992 3759571648 3679333136
888585166 -22.969313 -43.254145 888585374 3679342426
3759571648 -22.969199 -43.258774 3759571647 3759571649
888585374 -22.969116 -43.254136 888585166 888585292
3759571647 -22.969072 -43.258626 3759571646 3759571648
888585382 -22.968992 -43.252061 888585312 3679340224
3679340224 -22.968984 -43.252205 888585382 3679340223
888585292 -22.968983 -43.25406 888585188 888585374
888585312 -22.968974 -43.251986 888585382 3679340221
888585188 -22.968915 -43.253971 888585370 888585292
3679340221 -22.968884 -43.251844 888585209 888585312
888585370 -22.968861 -43.253807 3679342425 888585188
3759571646 -22.96881 -43.258195 3759571645 3759571647
3679342425 -22.968808 -43.253491 888585285 888585370
888585285 -22.968746 -43.253277 3679342425 3679340222
3679340223 -22.968741 -43.252683 888585183 3679340224
3759571645 -22.968713 -43.258093 3759571644 3759571646
888585209 -22.968704 -43.2517 3679340219 3679340221
888585183 -22.968702 -43.252791 3679340223 3679340222
3679340222 -22.968682 -43.252974 888585183 888585285
3759571644 -22.968594 -43.258026 3759571645 3759571643
3759571643 -22.968525 -43.258026 3759571642 3759571644
3759571642 -22.968462 -43.258056 3759571641 3759571643
3759571641 -22.96841 -43.258108 3759571642 3759571640
3679340219 -22.968377 -43.251517 3679340220 888585209
3759571640 -22.968246 -43.258353 3759571641 3759571639
3759571639 -22.968183 -43.258405 3759571638 3759571640
3759571638 -22.9680569 -43.2584757 3759571637 3759571639
3679340220 -22.968016 -43.251343 888585119 3679340219
3759571637 -22.9679281 -43.2583658 3759571636 3759571638
888585119 -22.967902 -43.25125 3679340218 3679340220
888585268 -22.96789 -43.250175 3524582141 3679340215
3679340215 -22.967832 -43.25048 888585268 3679340217
3679340218 -22.96781 -43.25113 888585338 888585119
888585338 -22.967767 -43.251045 3679340216 3679340218
3759571636 -22.9677625 -43.2582459 3759571637 3759571635
3679340217 -22.967749 -43.250779 3679340216 3679340215
3679340216 -22.96774 -43.250933 3679340217 888585338
3759571631 -22.9676982 -43.2590052 3759571630 3759571632
3759571630 -22.9676522 -43.2591251 3759571631 3759571629
3759571632 -22.967621 -43.258726 3759571631 3759571633
3759571635 -22.9676154 -43.2583558 3759571636 3759571634
3759571633 -22.967597 -43.2586056 3759571632 3759571634
3759571634 -22.9675878 -43.2584957 3759571633 3759571635
888585150 -22.967526 -43.259873 3679333133 888585248
3759571629 -22.9675234 -43.2591251 3759571630 3759571628
3759571628 -22.967254 -43.259114 3759571627 3759571629
888585248 -22.967163 -43.259494 888585150 3759571625
3759571627 -22.9670543 -43.2591251 3759571626 3759571628
3759571625 -22.9669807 -43.2593848 3759571626 888585248
3759571626 -22.9669347 -43.259265 3759571627 3759571625
2880839614 -22.96134 -43.259952 2885552648 2885552649
2885552648 -22.961258 -43.259915 2880839606 2880839614
2880839606 -22.961116 -43.259909 2885552648 3759968709
3759968709 -22.960986 -43.259943 2880839601 2880839606
2880838086 -22.960392 -43.259993 400691934 2880838094
2885552647 -22.960293 -43.258963 2880838092 400691928
2880838092 -22.960293 -43.258826 2880838091 2885552647
400691928 -22.96027 -43.259105 2885552647 3759968707
2880838091 -22.960251 -43.258557 3759968706 2880838092
3759968706 -22.960212 -43.25847 2880838091 2880838085
400691934 -22.960201 -43.259801 400691933 2880838086
3759968707 -22.96015 -43.259389 400691928 400691930
400691933 -22.960127 -43.25968 400691934 3759968708
400691930 -22.960113 -43.259528 3759968707 3759968708
3759968708 -22.960111 -43.259605 400691930 400691933
2880838085 -22.960102 -43.258344 3759968706 2880838079
