474592655 -22.8597829 -43.31918 474592927 474592653
474598712 -22.8593827 -43.3102896 474598711
474592927 -22.8593242 -43.3189569 474592655 474592116
474964847 -22.8590533 -43.3114408 474598711
474592116 -22.8590236 -43.3191114 474592927 474591819 474592930
474598645 -22.858731 -43.311996 474598646
474598711 -22.8586915 -43.3109231 474598710 474598712 474964847 474599129
474964722 -22.8584917 -43.3176807 474964721 474578846
474578846 -22.8584494 -43.3182987 474579100 474582918 474964722
474964721 -22.8584126 -43.317303 474964797 474964722
474964797 -22.8583335 -43.3172172 474964721 474964796
474592930 -22.8583032 -43.3194702 474592116 474593385 474593273
474593834 -22.8582486 -43.3137041 474598268 474598647
474598646 -22.8581932 -43.3125625 474598647 474598645
474599129 -22.8581486 -43.3102153 474599128 474599130 474598711 474964848
474964796 -22.8580172 -43.3171314 474964797 474964795
474582918 -22.857668 -43.3183533 474583113 474578844 474578846
474598647 -22.8576336 -43.3130671 474593834 474598710 474598646 474598648
474583113 -22.8576079 -43.3177553 474582918 474964795
474593385 -22.8576054 -43.3198178 474592931 474592930 474593511
474964795 -22.8575687 -43.3169939 474583116 474583113 474964796
474583117 -22.8575605 -43.3164678 474583116 474583121
474583116 -22.8575526 -43.3166824 474583117 474964795 474593835
474583121 -22.8574023 -43.316279 474583117 474583122
474598268 -22.857048 -43.3154455 474593834 474583123 474598648
474598710 -22.8570306 -43.3124423 474598711 474598647 474599130 474598709
474583122 -22.8569198 -43.3161588 474583121 474583123
474579100 -22.8568249 -43.3191629 474592931 474578846 474598157 474578844
474578844 -22.8567715 -43.318416 474579100 474582918 474593835 474598158
474593835 -22.8566746 -43.3167408 474583116 474598159 474578844 474583123
474583123 -22.8566383 -43.316067 474583122 474598268 474598160 474593835
474599130 -22.8564118 -43.3118007 474599129 474599131 474598710 474964800
474598648 -22.856355 -43.314876 474598268 474598647 474598160 474598709
472988978 -22.8559986 -43.3109322 474964800
474598157 -22.8559934 -43.3195809 474579100 474598231 474598156 474598158
544520219 -22.8559544 -43.3100218 544520134 544520221
474598158 -22.8559409 -43.3184741 474598159 474598157 474598232 474578844
483611760 -22.85585 -43.3104304 483611751
474598159 -22.8558369 -43.3167966 474598160 474598233 474598158 474593835
474964800 -22.8557825 -43.3111447 474599130 472988977
551864250 -22.8557704 -43.3105268 483611760
474598160 -22.855759 -43.3157801 474598159 1663821317 474598648 474583123
472988977 -22.8557455 -43.3111811 472988975
474598709 -22.8556767 -43.3143185 474599131 1663821317 474598710 474598648
483611770 -22.8554388 -43.3109282 551864250
472988975 -22.8553343 -43.3117991 472988969
474598231 -22.8551809 -43.3199894 474598216 474598157 474598221 474598232
1594262450 -22.8551477 -43.3113398 483611770
474598232 -22.8550923 -43.3185335 474598231 474598233 474598217 474598158
474599131 -22.8550033 -43.313765 474599130 474598220 474598709 472988961
483611776 -22.8549958 -43.3115547 1594262450
474598233 -22.8549806 -43.3168536 1663821317 474598159 474598218 474598232
1663821317 -22.8549077 -43.3154506 474598233 474598160 474598220 474598709
472988969 -22.8548122 -43.3125201 472988964
483611785 -22.8545529 -43.3121556 483611776
472988964 -22.8545117 -43.3129492 472988961
1594262553 -22.8543101 -43.3125222 483611785
472988961 -22.8542823 -43.3131724 474599131 472988959
474598217 -22.8542079 -43.3185953 474598216 474598218 474578840 474598232
483611790 -22.8541891 -43.3127049 1594262553
474598218 -22.8541434 -43.3169093 474598217 474598220 474598233
472988959 -22.8541083 -43.3133441 2366847343
474598220 -22.8540163 -43.3151363 474598218 474599131 1663821317 2014665024
2366847366 -22.854002 -43.3129593 483611790
2366847343 -22.8539946 -43.3135446 472988956
472988956 -22.8539185 -43.3136788 2366847362
2366847362 -22.8536914 -43.314045 2014665022
3326858926 -22.8536906 -43.3133828 2366847366
483614015 -22.8535095 -43.3134256 3326858926
2014665024 -22.8535055 -43.3149691 474598220 472912264
2014665022 -22.8534333 -43.3144748 2014665015 2014664981
2014664981 -22.8534326 -43.3146399 2014665028
2014665028 -22.8534299 -43.3147496 2014665024
483615836 -22.8533926 -43.3134107 483614015
474578840 -22.853384 -43.3186371 2993891939 474579102 474598217
483612927 -22.8533577 -43.313804 3326858926 483612918
483612918 -22.8533442 -43.3139505 483612914
483612840 -22.8532887 -43.3135776 483612927
474582861 -22.853264 -43.3169588 474578840 474598218
3326858927 -22.8532132 -43.3134851 483612840
472912264 -22.8532041 -43.3154504 2014665018 474582861
483611824 -22.8531302 -43.3140944 483612927
483614542 -22.8530704 -43.3133094 483615836 3326858927
2014665018 -22.8530402 -43.3153673 2014665001
483615681 -22.8530264 -43.3138293 483616228
483612914 -22.8530241 -43.3144784 474575463
483615674 -22.8530185 -43.3141554 483615681
483614753 -22.8529785 -43.3143504 483615674 483611824
483616228 -22.8529777 -43.3133961 3327228424
2014665001 -22.8529473 -43.3153377 2014664983
483614018 -22.8529315 -43.313134 483614542
544520157 -22.8529172 -43.3102192 544520156 544520449 544520365
2014664983 -22.852888 -43.3153407 2014665015
3327228424 -22.8528807 -43.3132334 483615704
1594262438 -22.8528297 -43.312991 483614018
483611832 -22.8528208 -43.314576 483614753
2014665015 -22.8527969 -43.3153762 2993891937
483615704 -22.8527909 -43.3130828 483615708
544520449 -22.8527779 -43.3103351 544520157 544520160
3326833551 -22.8527015 -43.3199442 3326833550
3326833553 -22.8526518 -43.3198241 3326833551
2993891939 -22.852577 -43.3186952 3326833555 3326833553
474574068 -22.8525259 -43.319783 474578838 474578357
474599178 -22.8525223 -43.3150602 483611832
3326833555 -22.85252 -43.3187131 474578838
483615708 -22.8525043 -43.3126586 483615719 551857565
2993891938 -22.8524764 -43.3170229 2993891939 474582861
474578838 -22.8524661 -43.3187241 474582851 474578357
474575463 -22.8524356 -43.3153706 474575452
3326858934 -22.852434 -43.317023 2993891938
2993891937 -22.8524309 -43.3159114 2993891938 2014664976
474575452 -22.8523973 -43.3154963 2993891937
474582851 -22.8523738 -43.317023 3326858934 3326833554
3326833554 -22.8523393 -43.31616 2014664976
2014664976 -22.8522732 -43.3161171 496405734
3326858928 -22.8521978 -43.3152679 551857565
1594262486 -22.8521718 -43.3120508 1594262438
3327228433 -22.8520382 -43.3102234 544520449
483614026 -22.8519508 -43.3117264 1594262486
474578357 -22.8518689 -43.3187589 1363824076
483615719 -22.8518597 -43.3117917 483615736
544520457 -22.8518099 -43.3102363 3327228433
544520160 -22.8516316 -43.3112889 483614026 544520449
496405734 -22.8516174 -43.317042 474582851 474574073
3326858933 -22.8515574 -43.3169995 3326858932 496405734
1363824076 -22.8515497 -43.3182762 1363824127
3326858932 -22.8515468 -43.3170658 3326858931
483614029 -22.8514999 -43.3111084 544520160
483615736 -22.851492 -43.3112543 483615752
3326858929 -22.8514265 -43.3169067 3326858933
483614033 -22.8513417 -43.3108767 483614029
1363824127 -22.8513124 -43.3179866 1363824152
472988290 -22.8513063 -43.3169017 474599178 3326858929
483614036 -22.8512389 -43.3106793 483614033
483615752 -22.8512231 -43.3108595 3327228429
1363824152 -22.8512071 -43.3179187 1363824154
544520458 -22.8511773 -43.310516 483614036 544520457
474574073 -22.8511623 -43.317747 3326858930
1363824154 -22.8511443 -43.3179168 1363824071
3326858931 -22.851135 -43.3177153 3326858930
3326858930 -22.8510571 -43.3179487 1363824071
1363824071 -22.8510543 -43.317954 472988940
551857565 -22.8510358 -43.3134901 483615708 544515939 3326858928
472988940 -22.8509446 -43.3182364 472988938
544516006 -22.8509128 -43.3127042 2522209709 544516007
3327228429 -22.8509096 -43.3101056 483615765
483615765 -22.8509067 -43.3100988 483628604
544513638 -22.8508744 -43.3176371 3171478401 472988290
472988938 -22.8507943 -43.3186398 472988936
2522209709 -22.8507361 -43.3123483 544516006 483615719
472988936 -22.8506677 -43.3190089 496405708
472988293 -22.8506124 -43.3181163 544513638
496405708 -22.8505811 -43.3191936 496405695 496405713
496405695 -22.8503631 -43.319659 496405679 474579254
472988294 -22.8503355 -43.3187085 472988293
472988295 -22.8499875 -43.3194466 472988294
544515939 -22.8499525 -43.3140556 551857565 544515940
544516007 -22.8498743 -43.3132796 544516006 544515983
544515940 -22.8498632 -43.3140438 544515941 544515939
544515941 -22.8497681 -43.3139717 544515940 2522209707 544515980
544515983 -22.8497003 -43.3129118 544515980 544516007 2522209709
544516002 -22.8495169 -43.3127377 544515983
3327228425 -22.8493316 -43.3125919 544516002
2522209707 -22.8493125 -43.3144184 544515941 544515910
544515980 -22.8492243 -43.3132615 544515941 544512419
3171478401 -22.8492071 -43.3189842 544513638 3171478402 2121906126
544515910 -22.8491998 -43.3144676 544515911 2522209707
544512421 -22.8491832 -43.312538 3327228425
2121906126 -22.8491689 -43.3190151 3171478401 2121906136
2121906136 -22.8490443 -43.3191036 2121906129 2121906126
544516004 -22.8489229 -43.3118929 544512421
2121906129 -22.8488671 -43.3191782 2121906136 544512427
544512419 -22.8487731 -43.3127265 544512421 544515942 544515911
544516005 -22.8486263 -43.3115263 544516004
544512427 -22.8485941 -43.3192352 2121906129 2121906141 544512472
549256417 -22.8485925 -43.3104394 549256861 544514069
544513860 -22.8484835 -43.3146272 544513780
544513780 -22.8483705 -43.3146667 544512418
2121906141 -22.8483661 -43.3193066 544512427 2121906134
2121906134 -22.8482106 -43.3193827 544513572 2121906141
1949985244 -22.8481016 -43.3108941 544515942 544516005
544515911 -22.8480311 -43.3130562 544512418 544515910 544512419 544515912
544515252 -22.8480243 -43.3107783 549256417 544515251
544513572 -22.8480043 -43.3195506 544511949 544513626 2121906134
3171478402 -22.8479191 -43.3170599 3171478401
544513558 -22.8477049 -43.3149141 544513486
483629019 -22.8477034 -43.3109625 544515252
544515942 -22.8475292 -43.3112179 544515912 549256118
549256118 -22.8474522 -43.311121 1949985209 483629019
544513861 -22.8473964 -43.313249 544513860
1949985209 -22.8473465 -43.3109866 549256118 549256057
544512472 -22.8472777 -43.3168453 544512427 544513625 544511942
544512418 -22.8472646 -43.3133506 2014650385 544515911 544513486
2121906137 -22.8472569 -43.3199249 544511338 544511340
544513625 -22.8472461 -43.3172744 544513626 544512472
544511338 -22.8471984 -43.3198049 2121906137 544511337
544513626 -22.8471415 -43.3180257 544513572 544513625 544513604 544513627
544513604 -22.8471196 -43.3179868 544513626 544513605
483630465 -22.847118 -43.3113144 549256118
544513627 -22.8471116 -43.3182787 544513626 544513628
544513628 -22.8470405 -43.3184589 544513627 544513629
544511966 -22.8470282 -43.3192789 544511949 544513630 2121906128
544513629 -22.8469614 -43.3185705 544513628 544513630
544511337 -22.8469564 -43.3193732 2121906123 544511338
544513467 -22.8469218 -43.315163 544512417
2121906128 -22.8468836 -43.3191862 544511966 544511680
2121906123 -22.846865 -43.3193109 544511336 544511337
544515912 -22.846819 -43.3116269 549255381 544513793 544515911
544511336 -22.8467616 -43.3192826 2121906117 2121906123
544513630 -22.8467597 -43.3187309 544511947 544511966 544513629 544511680
549255381 -22.8467278 -43.311518 549255384 483630465 544515912
544513486 -22.8466019 -43.3136052 544512418 544512417 544513558 544513504
544511942 -22.8465342 -43.3157896 544511943 544512472 544512489
544513605 -22.8465263 -43.3169569 544513604 544513606
544511943 -22.8464077 -43.3167938 544511942 544513606
544513606 -22.8463835 -43.3168944 544511943 544511944 544513605
2121906117 -22.8463669 -43.3192632 544511336 544511335
544511944 -22.8463602 -43.3169912 544513606 544511945
544512489 -22.8463542 -43.3155658 544512482 544512473 544511942
544511945 -22.8462811 -43.3172058 544511944 544511946
544513793 -22.8462409 -43.3119437 544513861 2014650475
2014650385 -22.8461858 -43.3121105 2014650395
544511946 -22.8461704 -43.3173259 544511947 544511945
544513792 -22.8461391 -43.3118374 549255381 544513793
2014650395 -22.8461172 -43.3120678 2014650475
544511335 -22.846047 -43.3192462 2121906117 544511640 544511334 544511680
2014650475 -22.846045 -43.3120638 544513504
544511947 -22.8460122 -43.3174289 544511967 544511946 544511716 544513630
544511680 -22.8459754 -43.3191276 544511335 544511716 2121906128 544512239 544513630
2014650456 -22.8459622 -43.3119037 2014650343
2014650343 -22.8459486 -43.3118492 2088434741
544513781 -22.8459444 -43.3119575 2014650456 544513792
544512417 -22.8458244 -43.3139038 544513486 544512473 544513467 544513469
2088434744 -22.8458132 -43.3114439 544513792
549255384 -22.8458078 -43.3103584 544513798 549255381 549255388 549256057
544511334 -22.8458011 -43.319224 544511330 544511335
2088434741 -22.8457037 -43.3115546 2088434752
544512482 -22.84568 -43.3163561 544512483 544512481 544512489
544512481 -22.8456246 -43.316605 544511967 544512482
544511967 -22.845593 -43.3166994 544511947 544512481 544512484
544513504 -22.8455431 -43.3123768 483630490 544513469 544513486
544512483 -22.8454585 -43.3161501 544512482 544512484
483630490 -22.8454465 -43.3122549 544513781 544514070 544513504
544512491 -22.8454444 -43.3158088 544512492
2088434752 -22.8453742 -43.3111584 544513782
544512484 -22.8453399 -43.3164848 544512483 544511967
544513798 -22.8453292 -43.3108595 549255384 2088434745 2088434744
2088434745 -22.8452979 -43.3108922 544513798 2088434749
544511330 -22.8452528 -43.3191737 544511328 544511334
2088434749 -22.8452449 -43.3109473 2088434745 544513782
544512239 -22.8452212 -43.3189911 544512241 544511680
544513782 -22.8452202 -43.3109731 544513783 544514070 2088434749
544511716 -22.8451975 -43.3176864 544511947 544511680 544511948 544512614
544512473 -22.8451345 -43.3141688 544512474 544512417 544512492 544512489
544512241 -22.8451105 -43.3189224 544512239 544512243
544511328 -22.8450919 -43.3191614 544511330 544511326 1779527735
544512243 -22.8449918 -43.3188022 544512241 544512245
544511326 -22.8449861 -43.3190227 544511324 544511328
544512492 -22.8449197 -43.3142513 544512415 544512473 544512491
544513469 -22.8448658 -43.3127756 544512474 483630499 544512417
544511324 -22.8447704 -43.3186392 544511322 544511326
483630499 -22.8447464 -43.3126493 483630490 544513469 544513471
544514070 -22.8447358 -43.3113642 483630490 544513560 544513782 544513471
544512614 -22.8446359 -43.3155922 544511716 544512619
544512245 -22.8446201 -43.3181328 544512243 544511948
544511322 -22.8445726 -43.3182873 544511320 544511324
544512619 -22.844541 -43.3151716 544512415 544512614
544511948 -22.8444856 -43.3179268 544512247 544511716 544512245 544512794
544512794 -22.8444777 -43.3177551 544511948 544512796
544511320 -22.8443749 -43.3180383 544511318 544511322
544512415 -22.8443148 -43.3144836 544512414 544512492 544512619 544512630
544512474 -22.8442457 -43.3131422 544512630 544512473 483630504
544512796 -22.8442167 -43.316768 544512794 544512797
544512247 -22.8441929 -43.3176779 544511948 544512248
544513471 -22.8441534 -43.3118843 483630499 544514070 544513473 544512475
544511318 -22.8441376 -43.3178066 544511316 544511320
483630504 -22.8441362 -43.31303 483630499 544512474 544512475
544512797 -22.8441059 -43.3161844 544512796 544512798
544512798 -22.8440506 -43.3158411 544512414 544512797
1779527728 -22.8439905 -43.3192143 483637220
544512630 -22.8439192 -43.3133337 544512415 483630511 1949985212
544511316 -22.8438845 -43.3176779 544511318 544511313
544512248 -22.8438845 -43.3175234 544512247 544512250
483630511 -22.8438785 -43.313198 483630504 544512630
544512250 -22.8436835 -43.3174476 544512806 544512248 544512252
544512414 -22.8436699 -43.3147313 544512415 544512412 1949985243 544512798
544512475 -22.8436622 -43.3124274 544514071 549255019 544513471 483630504
1949985243 -22.8436049 -43.3145337 544512414 1949985212
544512806 -22.8435107 -43.3167679 544512250 544512807
544512808 -22.8435007 -43.3163551 1586393012 544512412
1586393012 -22.8434945 -43.3164045 1586393010 544512808
1779527726 -22.8434928 -43.3189508 1779527723 1779527725
1779527725 -22.8434854 -43.318999 1779527726 1779527718
544512807 -22.8434711 -43.3165967 544512806 1586393010
544511313 -22.8434652 -43.3175234 544511311 544511316
1586393010 -22.8434626 -43.3165206 1586393012 544512807
1779527723 -22.8434151 -43.3186699 1779527722 1779527726
544514071 -22.8433452 -43.3126869 544514072 544512475
1779527722 -22.8433448 -43.318409 1779527721 1779527723
1949985212 -22.8433028 -43.3136161 1949985243 483630518 1949985241
1779527721 -22.8432597 -43.3182003 1779527712 1779527722
483630518 -22.8432562 -43.3134852 483630511 1949985212
544514072 -22.8430673 -43.3128283 544514071 544514073 549255057
544512252 -22.8430429 -43.3172564 544512256 544512410 544512250
544512412 -22.843025 -43.314979 544512414 544512410 544512810 544512808
1949985241 -22.8429959 -43.3137213 544512810
544511311 -22.8429906 -43.3173774 544511309 544511313
544513473 -22.8429827 -43.3104852 544513471 544513475 549255111 544513560
1949985234 -22.8428997 -43.3136027 483630518
1779527718 -22.8428983 -43.3194507 1779527725 1779527715 1779527680
1779527715 -22.8428344 -43.3192519 1779527712 1779527718
1779527712 -22.842818 -43.3180824 1779527674 1779527721 1779527715
549255019 -22.8426805 -43.3112277 549255057 544512475 549255111
544512256 -22.8426426 -43.3171371 544512257 544512252
544514073 -22.8426361 -43.3129433 544514072 1949985238
2014650444 -22.8426263 -43.3136442 1949985234
544512810 -22.8426199 -43.3137997 1949985236 544512412 544514105
1949985238 -22.8425077 -43.3129608 544514073 544514074
549255111 -22.8424779 -43.311003 549255019 544513473 549254987
544511309 -22.8424765 -43.317283 544511311 1779527672
544514105 -22.8424365 -43.3136631 2014650444 544512810 544514074
1779527680 -22.8423795 -43.3198499 1779527671 1779527677 1779527718
544514074 -22.8423652 -43.3129802 1949985238 544514075 549255058 544514105
544512410 -22.8423506 -43.315238 544512412 544512409 544512252 1949985210
1779527677 -22.842324 -43.3197174 1779527674 1779527680
1779527674 -22.8422543 -43.3179319 1779527677 1779527712 1779527672
1949985210 -22.8422525 -43.3149476 544512410 1949985231
549254987 -22.8422317 -43.3107121 549254995 549255111 544512476
1779527672 -22.8422279 -43.3172561 544511308 1779527674 544511309
544512257 -22.8422234 -43.3171535 544512256 544512259 1949988264
1949985236 -22.8422087 -43.3138112 544512862
544511308 -22.8421601 -43.3172487 544511307 1779527672
549255057 -22.8421486 -43.3117294 549255019 549255058 544514072
1949988264 -22.8421147 -43.3168232 544512257 1949988270
1949985225 -22.8420995 -43.3136699 544514105
1949985231 -22.8420659 -43.3143966 544512862 1949985210
544514075 -22.8419703 -43.3129057 544514074 544514076
1949988270 -22.8419356 -43.3162792 1949988264 1949988266
544512862 -22.8418546 -43.3137726 2371604072 1949985231 2014650476
2014650476 -22.8418397 -43.3136219 1949985225 544512862
2371610059 -22.8418289 -43.3198717 483637230
544512259 -22.8417962 -43.3171972 544512257 544512262
483630544 -22.8417931 -43.3136133 2014650476
540798336 -22.8417662 -43.3199883 2371610060 540798509
1949988266 -22.8417502 -43.3157159 1949988270 544512409
544511307 -22.8417488 -43.3173345 544511308 483637356
2371604073 -22.841744 -43.3135951 483630544
2371610060 -22.841742 -43.3199077 540800340
483637240 -22.8417235 -43.3195885 2371610059
2371604072 -22.8417216 -43.3137358 1949988263
540800340 -22.8417118 -43.319845 2121854438 483638048
3195615062 -22.8416807 -43.3193104 483637240
549255058 -22.8416807 -43.3122003 549254980 544514074 549255057
544512409 -22.8416771 -43.3154966 544512410 2146439381 1949988266 1949988262
544514076 -22.8416618 -43.312837 544514075 544514077
483637257 -22.8416602 -43.3191765 3195615062
483638048 -22.8416444 -43.3196657 483638050
483637271 -22.8416444 -43.3185414 483637257
483637292 -22.8416444 -43.3180092 483637271
549254995 -22.841638 -43.3112537 549254981 549254987 549255008
483637309 -22.8416128 -43.3176316 483637292
1949988262 -22.8416057 -43.3152836 544512409 1949988260
483637356 -22.8415811 -43.317417 544511307 483637309
483638050 -22.8415653 -43.3193224 483638053
483638053 -22.8415337 -43.3188332 483638058
483638063 -22.8415337 -43.3177603 3195614861
543736142 -22.8415319 -43.3178082 483638063 543735757
544512262 -22.8415295 -43.3172595 544512259 483637356
483638058 -22.8415179 -43.3181895 543736142
3195614861 -22.8415134 -43.317629 483638079
483638079 -22.8414941 -43.3175028 483638083
483637372 -22.8414546 -43.3170307 544512262
549254980 -22.8414432 -43.3119698 549254981 549255058 544514078
1949988260 -22.8414268 -43.314727 1949988262 544512889
1949988263 -22.8414193 -43.3136522 544512889
483638083 -22.841415 -43.3172024 483638086
543735751 -22.8413131 -43.3178766 543735743 543735757
483630556 -22.8413099 -43.3134342 2371604073
543735757 -22.8413028 -43.317817 543735751 543735760 543736142
544514077 -22.8412979 -43.3126653 544514078 544514076
543735743 -22.8412972 -43.3188551 543735751
483638086 -22.8412964 -43.3168419 483633880
543735760 -22.8412893 -43.3177393 543735757 543735766
543735766 -22.8411944 -43.3175848 543735770 543735760
2146439381 -22.8411887 -43.3156842 2146439380 544512409
549254981 -22.841142 -43.3116931 549254984 549254980 549254995
2121854438 -22.8411114 -43.3198223 540799530 540799472
483633880 -22.8411065 -43.3162239 3195854292
483633211 -22.8410856 -43.3159502 483637372
2146439380 -22.8410797 -43.3157261 2146439381 544512271
2014650365 -22.8410321 -43.3133028 483630556 544512889
544512889 -22.8410296 -43.3135107 1949988265 1949988260 2014650365
543735770 -22.8410204 -43.3175075 543735766 543735775
544512271 -22.8410172 -43.3157501 3195854292 483633211 2146439380
2146439376 -22.8409727 -43.3156082 544512271
3195854292 -22.8409487 -43.3157766 2146439383 544512408 544512271
544514078 -22.8409365 -43.3124514 544514077 544514081 549254980 483630574
2146439383 -22.840903 -43.3156342 2146439382
2146439382 -22.8408827 -43.3155709 483633888
483630565 -22.8408585 -43.3132206 2014650365
543735775 -22.8408226 -43.3174217 543735770 543735780
540805205 -22.8407139 -43.3169741 540805214
549255008 -22.8407129 -43.3100685 549254984 544512476 549254995
543735780 -22.8406644 -43.3173015 543735775 543735783
1586393008 -22.8405732 -43.3143341 2146439376
540805214 -22.8405181 -43.3165182 540805205 540805510 540805222
483633888 -22.8404971 -43.3143694 483633891
543735783 -22.8404667 -43.3171127 543735780 543735788
483630574 -22.8404633 -43.3129385 483630565 544514078 1949988265
544512408 -22.8404176 -43.3159842 3195854292
1949988265 -22.8403647 -43.3130758 2371596816 1949988268 483630574
540803961 -22.8403437 -43.3194799 540804109
2014650376 -22.840341 -43.3128256 483630574
1949988268 -22.840293 -43.3130917 1949988267
540805222 -22.8402691 -43.3159638 540805214
543735788 -22.8402689 -43.3167436 543735783
540804104 -22.8402494 -43.3180848 540804109
540804109 -22.8402228 -43.3194698 540804104 540803961 540804278
1949988267 -22.8402213 -43.3131588 1949988269
549254984 -22.8402125 -43.3105077 544514081 549254981 549255008
483633230 -22.8401993 -43.313417 1586393008
2371596816 -22.8401993 -43.312957 1949988259
1949988269 -22.8401917 -43.3132446 483633230
2014670561 -22.8401453 -43.313179 483633230
2371596817 -22.8401242 -43.3130385 2014670561
1949988259 -22.8401014 -43.3128867 1586393006 2371596817
483633245 -22.8400703 -43.312662 1949988259
483633891 -22.8400694 -43.3133103 543732549 2146439379
1586393006 -22.8400206 -43.3128375 2014650425
483633251 -22.840007 -43.3124989 483633245
