888585147 -22.970899 -43.269899 888585383 3759571621
3759571621 -22.970702 -43.269461 858917534 888585147
888585130 -22.9705405 -43.2663683 888585348 3679305013
888585156 -22.970505 -43.267384 3759571624 3679305012
3679305013 -22.9705037 -43.2661485 3679305014 888585130
3679305012 -22.9705 -43.267278 888585156 888585251
3759571624 -22.970469 -43.267614 888585156 858917309
858917534 -22.9704158 -43.2689296 3759571621 3759571622
858917309 -22.9704112 -43.2678138 3759571624 858917955
3759571622 -22.97038 -43.268863 858917534 858916990
888585251 -22.970353 -43.266705 888585348 3679305012
888585348 -22.9703289 -43.2664682 888585251 888585130
858917955 -22.9703062 -43.268177 3759571623 858917309
3759571623 -22.970286 -43.268247 3679305011 858917955
858916990 -22.970285 -43.268639 3759571622 3679305010
3679305011 -22.9702795 -43.2683216 3759571623 3679305010
3679305010 -22.9702658 -43.2684783 858916990 3679305011
3679305014 -22.970214 -43.266126 3679305013 888585226
888585226 -22.970029 -43.266084 3679305014 888585330
888585330 -22.969895 -43.266031 888585226 3679305015
3679305015 -22.96984 -43.265984 888585330 888585191
888585191 -22.969795 -43.265914 3679305015 3679305016
3679305016 -22.969689 -43.265441 888585191 888585297
888585297 -22.969616 -43.265307 3679305018 3679305016
3679305018 -22.969355 -43.264911 888585297 3759571650
3759571650 -22.9692711 -43.2646299 3679305018 3679305017
3679333126 -22.969084 -43.261579 3679333125 888585237
888585237 -22.969084 -43.261447 3679333126 3679333127
3679305017 -22.969064 -43.264307 888585377 3759571650
3679333125 -22.969059 -43.261651 3679305024 3679333126
3679333127 -22.96905 -43.261381 888585237 3679333128
888585377 -22.969034 -43.264096 3679305017 3679305019
3679305019 -22.969016 -43.26354 888585377 888585170
3679333128 -22.968996 -43.261332 3679333127 3679333129
3679305024 -22.968992 -43.261766 3679305023 3679333125
888585170 -22.968961 -43.263235 3679305019 888585278
888585278 -22.968908 -43.263112 888585170 3679305020
3679305020 -22.968846 -43.263016 888585278 3679305021
3679305023 -22.968805 -43.262015 3679305024 3679305022
3679333129 -22.968653 -43.261183 888585367 3679333128
3679305021 -22.968546 -43.262641 888585363 3679305020
3679305022 -22.968542 -43.26231 3679305023 888585144
888585144 -22.968494 -43.262423 888585363 3679305022
888585363 -22.968492 -43.262499 3679305021 888585144
888585367 -22.968399 -43.261039 3679333130 3679333129
3679333130 -22.968324 -43.260958 888585367 3679333131
3679333132 -22.9683145 -43.2606836 3679333134 3679333131
3679333134 -22.9682685 -43.2605338 3679333132 3679333135
3679333131 -22.9682409 -43.2608535 3679333130 3679333132
3679333135 -22.968144 -43.260334 3679333134 3679333133
3679333133 -22.967977 -43.260173 888585150 3679333135
2880839630 -22.961962 -43.261801 2880839623 2880839633
2880839623 -22.961956 -43.26157 2885552650 2880839630
2880839633 -22.96194 -43.261873 2880839630 2880839631
2880839631 -22.961899 -43.261936 2880839633 3759968710
2885552650 -22.961871 -43.261131 2880839623 2885552651
2885552651 -22.961823 -43.261016 2885552652 2885552650
3759968710 -22.961813 -43.262005 2880839631 2880839629
2880839629 -22.961702 -43.262042 3759968710 3759968711
400692064 -22.961694 -43.269905 3759968727 2885552654
3759968727 -22.961691 -43.2698 400692062 400692064
400692062 -22.961647 -43.269571 2880839617 3759968727
2885552652 -22.961572 -43.260661 2880839624 2885552651
2880839624 -22.961515 -43.260457 2885552652 2880839621
2880839621 -22.961465 -43.260112 2885552649 2880839624
2880839626 -22.961461 -43.268089 2880839619 2880839625
2880839625 -22.961455 -43.268283 2880839626 2880839628
2880839617 -22.961436 -43.269032 2880839622 400692062
2885552649 -22.96142 -43.260029 2880839614 2880839621
2880839628 -22.961406 -43.26864 2880839625 2880839622
2880839622 -22.9614 -43.268882 2880839628 2880839617
2880839619 -22.961396 -43.267331 3759968726 2880839626
3759968711 -22.961372 -43.262086 2880839629 2880839610
3759968726 -22.961363 -43.267231 2880839609 2880839619
3759968717 -22.961289 -43.264585 2880839615 2880839616
2880839616 -22.961279 -43.264509 2880839612 3759968717
2880839615 -22.961268 -43.26474 2880839611 3759968717
2880839609 -22.961267 -43.267106 3759968726 3759968725
2880839612 -22.961245 -43.26443 2880839605 2880839616
2880839610 -22.961217 -43.26213 3759968711 2880839603
2880839605 -22.961204 -43.264381 2880838099 2880839612
2880839611 -22.961181 -43.265068 2880839615 2880839608
2880839603 -22.96114 -43.262178 2880839610 3759968712
2880839608 -22.961133 -43.265533 2880839611 2880839607
3759968725 -22.961132 -43.267033 3759968724 2880839609
2880839607 -22.961098 -43.265683 2880839608 2880839604
3759968724 -22.961044 -43.267013 2880839602 3759968725
2880839604 -22.961035 -43.265801 2880839607 2880838098
2880839602 -22.960937 -43.267013 3759968724 3759968723
2880838098 -22.96083 -43.266017 2880839604 3759968718
3759968723 -22.960795 -43.267067 2880838100 2880839602
2880838099 -22.960776 -43.264138 2880838096 2880839605
3759968712 -22.960701 -43.262597 2880839603 2880838095
2880839601 -22.960677 -43.26008 400691937 3759968709
2880838100 -22.960674 -43.267167 2880838097 3759968723
1829343562 -22.960651 -43.269978 773321758 773321757
2880838095 -22.960625 -43.262647 3759968712 3759968713
400691937 -22.960599 -43.260094 2880838094 2880839601
773321758 -22.960538 -43.269887 773321759 1829343562
2880838097 -22.960514 -43.267339 3759968722 2880838100
2880838094 -22.960513 -43.260074 2880838086 400691937
2880838096 -22.960451 -43.263861 2880838088 2880838099
3759968722 -22.960442 -43.267377 2880838093 2880838097
2880838093 -22.960372 -43.267387 3759968722 3759968721
3759968713 -22.960317 -43.262782 2880838089 2880838095
3759968718 -22.960299 -43.266303 2880838090 2880838098
773321759 -22.960278 -43.269762 1829343588 773321758
3759968721 -22.960244 -43.267352 2880838087 2880838093
2880838090 -22.960211 -43.26637 2880838081 3759968718
2880838089 -22.960192 -43.262856 3759968713 3759968714
1829343588 -22.96019 -43.269697 1829343684 773321759
2880838088 -22.960167 -43.263656 3759968716 2880838096
2880838087 -22.960152 -43.267292 2880838082 3759968721
1829343684 -22.960135 -43.269633 773321760 1829343588
2141102065 -22.9601295 -43.269986 2141102068
3759968714 -22.960115 -43.262962 2880838089 2880838084
2880838081 -22.960113 -43.266484 2880838090 3759968719
3759968716 -22.960062 -43.263537 2880838083 2880838088
773321760 -22.960055 -43.269463 1829343565 1829343684
2880838084 -22.960052 -43.263133 3759968715 3759968714
2141102068 -22.9600425 -43.2699309 2141102069
1829343666 -22.960039 -43.269063 1829343565 773321761
1829343565 -22.960029 -43.269333 1829343666 773321760
2880838083 -22.960025 -43.263439 3759968715 3759968716
3759968715 -22.960018 -43.263324 2880838083 2880838084
773321761 -22.960011 -43.268884 1829343666 773321762
2880838082 -22.960009 -43.267144 2880838080 2880838087
