1314983753 -22899631 -43732093 1314983639 1314983749
1661755622 -22899531 -43735540 3385320875 1661755625
1314983639 -22899171 -43733472 1314983878 1314983664 1314983753
1314983664 -22899087 -43733584 1314983903
3385320875 -22899035 -43734606 1314983878 1661755622
1314983903 -22899018 -43733617 1314983712
1314983878 -22898973 -43734057 1314983639 3385320875
1314983712 -22898919 -43733633 1314983820
1965091952 -22898908 -43739386 1965091856 1965092064
1314983820 -22898835 -43733617 1314983716
1314983652 -22898711 -43733633 1314983878
1314983716 -22898632 -43733456 1314983714
1314983751 -22898627 -43733504 1314983652
1314983714 -22898474 -43733332 1314983748
1314983747 -22898454 -43733370 1314983751
1965091904 -22898385 -43738691 1965091720 1965092003
1314983748 -22898311 -43733263 1314983629
1965091856 -22898278 -43738859 1965091812 1965091952
1314983908 -22898257 -43733322 1314983747
1314983708 -22898244 -43731376 1314983775 158846226
1314983629 -22898108 -43733247 1314983623
1314983775 -22898103 -43731748 1314983654 1314983708
1965091812 -22898102 -43738627 1965091904 1965091678 1965091767
1965091767 -22898091 -43738523 1965091812 1965091720
1965091720 -22898059 -43738372 1965091613 1965091767
1314983830 -22898049 -43733311 1314983908
1965091678 -22898038 -43738720 1965091812 1965091566
1965091613 -22897985 -43738291 1965091720 1965091501
1965091566 -22897942 -43738778 1965091527 1965091678 1965091856
1314983623 -22897886 -43733263 1314983881
1965091527 -22897872 -43738784 1965091434 1965091566
1965091501 -22897851 -43738251 1965091267 1965091613 1965091396
1314983654 -22897843 -43732577 1314983592 1314983775
1965091434 -22897798 -43738772 1965091527 1965091309
1314983729 -22897780 -43733389 1314983830
1314983881 -22897758 -43733316 1314983656
1965091396 -22897755 -43738256 1965091501 1965091223
1965091353 -22897739 -43738870 1965091527
1965091309 -22897718 -43738737 1965091434 1965091156
1965091267 -22897702 -43738100 1965090766
1314983592 -22897693 -43733005 1314983911 1314983654
1965091223 -22897659 -43738314 1965091067 1965091396
1314983586 -22897658 -43733477 1314983729
2928410965 -22897626 -43739224 1965091353
1965091156 -22897622 -43738645 1965091112 1965091020 1965091309
1965091112 -22897616 -43738801 2928410956
1314983656 -22897614 -43733397 1314983790
1965091067 -22897600 -43738390 1965091020 1965091223
1965091020 -22897579 -43738511 1965091067 1965091156
1314983911 -22897575 -43733204 1314983592
2928410963 -22897573 -43739388 2928410965
158846223 -22897538 -43733620 1314983586
1314983790 -22897525 -43733509 1314983662
2928410956 -22897463 -43739275 2928410947
1314983662 -22897456 -43733620 1314983890
2928410955 -22897451 -43739768 2928410963
1965090958 -22897440 -43738216 1965091020
2928410947 -22897325 -43739701 2928410942
1965090906 -22897318 -43738060 1965090958
1965090766 -22896649 -43737584 1965090661
1965090708 -22896627 -43737706 1965090906
1965090661 -22896526 -43737484 1965090563
1965090606 -22896463 -43737666 1965090708
1965090563 -22896422 -43737387 1965090394 1965090481
158846222 -22896362 -43736890 158846223
1965090481 -22896360 -43737217 1314983659
1314983659 -22896338 -43737097 158846222
1965090439 -22896327 -43737674 1965090606
1314983890 -22896310 -43736819 1314983598
1314983598 -22896270 -43737061 1314983859
1965090394 -22896265 -43737364 1314983659 1965090342
1314983859 -22896216 -43737275 1965090342
1965090364 -22896181 -43737758 1965090439
1965090342 -22896158 -43737407 1314983620
1314983620 -22896102 -43737533 1314983904
158846219 -22896051 -43737887 1965090394 1965090364
1297902081 -22888210 -43739164 1297902229 1297901818
1297902229 -22887970 -43739096 1297902045
1297901900 -22887874 -43739867 1297901892
1297902045 -22887832 -43739127 1297902089
1297902089 -22887714 -43739208 1297902187
1297901815 -22887681 -43738986 1297902010
1297901887 -22887671 -43739637 1297901900
1297902010 -22887654 -43738831 1297901818
1297902080 -22887645 -43739159 1297901815
1297902187 -22887643 -43739341 1297902034
1297902034 -22887625 -43739496 1297901887
1297901923 -22887559 -43739277 1297902080
1297901818 -22887520 -43738620 1297902146
1297901889 -22887428 -43739337 1297901923
1297902038 -22887160 -43739308 1297901889 1297901900
1297902146 -22886861 -43738075 1297902240
1297902240 -22886327 -43737688 1297902238
1297902238 -22885669 -43737213 1297902026 1297902072
1297902026 -22885466 -43737186 1297901944
1297901944 -22885338 -43737218 1297901876
1297901998 -22885264 -43737841 1297902038
1297901876 -22885239 -43737304 1297901958
1297901842 -22885202 -43737154 1297901859
1297901859 -22885202 -43737004 1297902165
1297902043 -22885190 -43737680 1297901998
1297901958 -22885180 -43737411 1297902139
1297901808 -22885158 -43737251 1297901842
1297902165 -22885158 -43736859 1297902072
1297902139 -22885155 -43737535 1297902043
1297902185 -22885084 -43737353 1297901808
1297902072 -22885034 -43736703 1297902199
1297901858 -22884965 -43737406 1297902185
1297902243 -22884842 -43737422 1297901858
1297901995 -22884679 -43737385 1297901998 1297902243
1297901959 -22884202 -43737034 1297901995
1297902019 -22883609 -43736567 1297901959
1297902199 -22883192 -43735314 1297902151 1297901856
1297901856 -22883024 -43735271 1297902100
1297902100 -22882881 -43735314 1297902021
1297902021 -22882777 -43735384 1297901880
1297902136 -22882767 -43735907 1297902019
1297902128 -22882737 -43735158 1297902151
1297902160 -22882712 -43735319 1297902128
1297901880 -22882698 -43735534 1297902232
1297902232 -22882693 -43735732 1297902136
1297902151 -22882663 -43734896 1297902040
1297901854 -22882624 -43735432 1297902160
1297902095 -22882520 -43735502 1297901854
1297902129 -22882394 -43735514 1297902095
1297901952 -22882196 -43735469 1297902129 1297902136
1297902040 -22882042 -43734362 1297901931
1297901931 -22881598 -43734008 1297902155
1297902155 -22880801 -43733438 1297901845 1297902209
1297902209 -22880643 -43733395 1297902202
1297902202 -22880504 -43733411 1297902053
1297901975 -22880415 -43734097 1297901952
1297902053 -22880381 -43733480 1297901969
1297901845 -22880352 -43733113 3437153979
1297901969 -22880297 -43733593 1297901992
1297901918 -22880272 -43733872 1297901975
1297901992 -22880252 -43733722 1297901918
