3659435287 -22939959 -43668945 3659435288 3659435286
1544555525 -22939958 -43665108 1780007361 1780007333 1780007336
1544555576 -22939948 -43662719 1544555540 1780007366
3659435276 -22939906 -43669174 3659435275 3659435277
3659435299 -22939871 -43667471 3659435300
1544555489 -22939852 -43660790 1544555487 1544555594 1544555505 1544555564
3659435277 -22939779 -43669174 3659435276 3659435278
3659435288 -22939757 -43668726 3659435287 3659435289
158792282 -22939710 -43665991 3659435273
158793515 -22939695 -43666094 158793516 2998684914
3659435278 -22939687 -43669221 3659435277 3659435279 3659435281
1544555477 -22939681 -43662254 1544555580 1544555560 1544555594
3659435295 -22939617 -43668013 3659435294
1780007336 -22939603 -43665328 1544555525 1780007323
3659435294 -22939591 -43667823 3659435295 3659435298
3659435298 -22939583 -43667513 3659435293 3659435294 3659435297
3659435293 -22939582 -43667476 3659435292 3659435298
3659435289 -22939573 -43668489 3659435288 3659435296
3659435292 -22939560 -43667219 3659435293 3659435291
1544555564 -22939504 -43661138 1544555549 1544555516 1544555489
3659435281 -22939443 -43668971 3659435282 3659435278 3659435280
3659435272 -22939429 -43666268 158793515
1780007333 -22939415 -43664661 1544555525 1544555540 1780007366
3659435273 -22939363 -43666210 158792283
1544555560 -22939325 -43661914 1544555516 1544555562 1544555477
3659435291 -22939242 -43666359 3659435272 3659435292
3659435280 -22939236 -43668760 3659435283 3659435281
3659435297 -22939214 -43667642 3659435296 3659435298
158793514 -22939189 -43666385 3659435291
158792283 -22939062 -43666351 158792284 1780007323
1544555516 -22939029 -43661578 1544555511 1544555560 1544555490 1544555564
3659435296 -22939023 -43667733 3659435290 3659435289 3659435297
3659435290 -22938960 -43667647 3659435296
3659435282 -22938921 -43669511 3659435281
1544555540 -22938914 -43664248 1780007333 1544555588 1780007320 1544555576
1780007323 -22938846 -43665619 1780007336 1780007307 1780007320 158792283
1544555588 -22938733 -43664099 1544555540 1544555555
1544555490 -22938713 -43661195 1544555516 1544555551 1544555546
1544555549 -22938693 -43660205 1544555482 1544555564 1544555539 1544555505
3659435283 -22938680 -43669297 3659435280
1544555580 -22938644 -43663692 1544555562 1544555477
1780007320 -22938567 -43664753 1780007307 1544555540 1780007323
1544555555 -22938555 -43664024 1544555527 1544555588
1544555551 -22938515 -43660916 1780007318 1544555490
1780007318 -22938475 -43660837 1544555482 1544555571 1544555551
1544555527 -22938446 -43663949 1544555526 1544555555 1544555533
1544555482 -22938278 -43660444 1544555549 1544555585 1780007318 1544555563
1544555562 -22938199 -43663191 1544555580 1544555511 1544555560
1544555526 -22938089 -43663597 1544555527 1780007301 1544555587
1544555511 -22937844 -43662790 1544555562 1544555516 1544555546
1544555587 -22937784 -43663263 1544555526 1780007305 1544555509
1544555533 -22937669 -43664996 1544555527 1544555537 1780007301
1780007307 -22937659 -43666075 1780007323 1544555529 1780007320
1544555529 -22937587 -43666181 158792285 1780007307
1544555546 -22937458 -43662361 1544555511 1544555577 1544555490
158792284 -22937450 -43666840 158792285
1780007305 -22937428 -43662906 1544555544 1780007289 1544555587
1780007301 -22937333 -43664632 1544555526 1780007276 1544555533 1544555509
934574692 -22937277 -43669036 934574691 934574693
158793513 -22937260 -43666960 158793514
1544555577 -22937230 -43662135 1544555571 1544555546
1544555544 -22937152 -43662630 1780007305 1780007297
934574693 -22937119 -43668703 934574692 2035857727
1780007297 -22937115 -43662561 1544555544 1780007279 1544555503
1544555571 -22937103 -43661900 1544555585 1780007318 1544555577
1544555509 -22937064 -43664326 1780007301 1780007289 1544555566 1544555587
158792285 -22937047 -43666900 158792286 1544555529
2035857727 -22936895 -43668401 3023899828 934574693 2255638328
1544555503 -22936875 -43662105 1544555535 3023899969 1780007297
1544555585 -22936813 -43661285 1544555571 1544555482 1544555535 1544555554
158793512 -22936746 -43666995 158793513
1780007289 -22936691 -43663902 1780007279 1544555509 1780007305
1544555537 -22936675 -43666388 1544555533 1544555553 1780007276
1544555554 -22936628 -43660816 1544555585 1544555563 1544555567
1544555535 -22936569 -43661439 1544555491 1544555585 3023899952 1544555503
158792286 -22936525 -43666883 1544555553
1780007279 -22936387 -43663556 1780007289 1544555538 1780007297
1544555566 -22936386 -43665263 1544555581 1544555485 1544555509
3023899969 -22936383 -43662787 1544555538 3023899952 1544555503
1544555491 -22936361 -43660982 1544555535 1544555572
1544555567 -22936361 -43660487 1544555554 1544555470 1544555492
1780007276 -22936329 -43666017 1780007301 1544555537 1544555581
158793510 -22936240 -43666960 158793512
1544555572 -22936213 -43660766 1544555491 1544555547
1544555553 -22936201 -43666832 158792288 1544555537
158793509 -22936088 -43666978 158793510
158792288 -22936079 -43666801 2210125824
1544555538 -22936074 -43663214 3023899969 1780007279 1544555488 1780007258
1544555581 -22936055 -43665719 1544555591 2998684912 1544555566 1780007276
2255638328 -22936025 -43667394 2255639828 2035857727
2210125823 -22936021 -43666878 2210125824
2210125824 -22936001 -43666755 2210125829
2210125820 -22935999 -43666996 158793509 2210125823
2255639832 -22935982 -43667115 2210125820
2255639828 -22935981 -43667227 2255639832
1544555470 -22935949 -43660024 1544555567 3023899956
2210125829 -22935907 -43666658 2210125828
2255641443 -22935894 -43667241 2255638328
2998684912 -22935893 -43666145 2210125816 1544555581
3023899952 -22935815 -43661622 1544555535 1544555488 3023899969
2210125822 -22935761 -43667109 2255641443 2210125820
2210125828 -22935759 -43666524 2210125818
1780007258 -22935751 -43663668 1544555538 1544555485 1544555574
2210125821 -22935720 -43667055 2210125822
158798846 -22935660 -43667167 2210125822
2210125818 -22935650 -43666385 2210125816
2210125826 -22935618 -43666885 158796355 2210125821
158798845 -22935611 -43667211 158798846
1544555547 -22935603 -43660103 1544555572 1780007220 1780007214
158796355 -22935601 -43667029 158796356
2210125816 -22935601 -43666347 2998684912 349348211 2210125827
349348211 -22935554 -43666259 349348212
158796356 -22935542 -43667179 3026536354
2210125827 -22935540 -43666380 2210125825
2210125819 -22935502 -43666551 2210125826
2210125825 -22935482 -43666449 2210125819
1544555485 -22935418 -43664147 1544555591 1780007258 1544555566 1544555504
1660888662 -22935392 -43666305 1660888656 2210125825
349348212 -22935372 -43665997 349348214
1544555488 -22935344 -43661737 3023899952 3023899819 1544555538 1544555570
1544555570 -22935282 -43661597 1544555488 1544555550
349348116 -22935230 -43666031 1660888662
1544555591 -22935098 -43664604 1544555485 1544555581 1544555593
3023899819 -22935093 -43661826 1544555488 1544555574
349348214 -22935072 -43665594 349348031
1660888660 -22934994 -43665770 349348116 1541020504
1544555574 -22934881 -43661941 3023899819 1780007200 1544555504 1780007258
349348115 -22934827 -43665585 1660888660
1780007220 -22934692 -43660624 1544555550 1544555547
1544555504 -22934525 -43662297 1544555485 1544555574 3023899796
1544555550 -22934523 -43660746 1780007220 1780007200 1544555570
349348031 -22934432 -43665079 349348032
1541020504 -22934414 -43666439 1660888660 1541020218
349348114 -22934353 -43665242 349348115
3023899796 -22934335 -43662564 3023899795 1544555504
3023899795 -22934271 -43662716 3023899796 1544555593
1544555593 -22934247 -43662851 1544555591 3023899795 349348034
3026536355 -22934232 -43669052 158798845
1660888658 -22934201 -43665074 1660888652 349348114
1780007200 -22934126 -43661106 1544555550 3023899782 1544555574
3026536354 -22934112 -43669092 1660888608
349348032 -22934100 -43664735 349348033
1660888656 -22934016 -43668029 1660888646 1660888662
1660888654 -22934001 -43669051 1660888643
1660888652 -22933973 -43665219 1660888606 1660888648 1660888658
349348112 -22933973 -43664821 1660888658
349348033 -22933894 -43664246 349348034
1541020218 -22933816 -43667091 1541020375 1541020504
349348034 -22933814 -43663267 349348035 1544555593
3023899782 -22933810 -43661401 1780007200 1780007181
349348111 -22933760 -43664246 349348112
1660888651 -22933753 -43664196 1541020425 349348111
1780007181 -22933711 -43661576 3023899782 1780007175
349348035 -22933703 -43662561 1780007175
349348110 -22933649 -43663422 1660888651
1660888648 -22933589 -43665038 1660888652
1660888646 -22933588 -43668595 1660888643 1660888656
1780007175 -22933579 -43661985 1780007181 1780007168
1660888643 -22933577 -43668665 1660888654 1660888646
349348109 -22933554 -43662633 349348110
1541020375 -22933516 -43667157 1541020218 1660888623
1541020425 -22933479 -43664186 1541020222 1544555480 1660888651
1660888627 -22933475 -43666515 1541020462 1660888619
1660888623 -22933435 -43667124 1541020375 1541020462 1660888616
1660888619 -22933391 -43666389 1660888606 1660888627
1544555480 -22933368 -43664518 1541020425 1544555528
1660888616 -22933364 -43667458 1660888610 1660888623
349348108 -22933278 -43661671 349348109
1660888612 -22933255 -43669359 1660888596
1660888610 -22933182 -43667826 1660888601 1660888616
1544555528 -22933160 -43664936 1544555480 1544555578
1660888606 -22933100 -43665780 1660888652 1544555578 1660888619
1541020462 -22933064 -43666975 1660888555 1660888603 1660888627 1660888623
1660888603 -22933048 -43667047 1660888575 1541020462
1541020222 -22933022 -43663681 1660888544 1541020425
1660888601 -22932934 -43668230 1660888580 1660888610
1544555578 -22932864 -43665183 1544555528 1660888606 1660888553
1660888596 -22932855 -43669890 1660888612 1660888548 1660888608
1660888593 -22932849 -43666099 1660888553
1660888590 -22932827 -43661768 1660888496 1660888587
1660888587 -22932816 -43661651 1660888590 1660888583
1660888583 -22932786 -43661479 1541020194 1660888587
1660888580 -22932742 -43668440 1660888601
1660888578 -22932664 -43663763 1660888516
1660888575 -22932654 -43667757 1660888603
1660888574 -22932654 -43666691 1660888555 1660888536
1660888555 -22932643 -43666888 1541020462 1541020677 1660888574
1541020194 -22932629 -43661019 1660888583 1541020403
1660888553 -22932619 -43665314 1544555578 1660888536 1660888593
1660888548 -22932537 -43669613 1660888596
1660888544 -22932510 -43662900 1541020712 1660888516 1541020222
1541020403 -22932471 -43660774 1541020194 1660888461
1660888540 -22932389 -43668917 2035857719
1544555513 -22932380 -43663767 1660888420
1660888536 -22932307 -43665481 1544555519 1660888553 1660888574
1660888521 -22932265 -43668311 1660888423
1660888516 -22932263 -43663211 1660888544 1660888578
1541020712 -22932214 -43662448 1660888544 1660888420 1660888496
1541020677 -22932211 -43666799 1660888555 1660888423 1541020597
1544555519 -22932202 -43665537 1660888432 1660888492 1660888536
1660888496 -22932181 -43662386 1660888590 1541020687 1541020712
1660888492 -22932166 -43665383 1660888478 1544555519
1660888483 -22932156 -43664268 1660888474
1660888478 -22932143 -43665131 1660888492 1660888470
1660888474 -22932127 -43664610 1660888483 1660888470
1660888470 -22932122 -43664910 1660888474 1660888478
1541020597 -22932074 -43666771 1541020620 1541020677
1541020687 -22932014 -43662071 1660888457 1660888496
2035857719 -22932001 -43669515 1660888540 2035857718
1660888453 -22931852 -43661500 3023899510 1660888457
2035857718 -22931849 -43669801 2035857717 2035857719
1660888457 -22931821 -43661997 1660888365 1541020687 1660888453
1660888432 -22931796 -43665715 1544555519 1544555532 1660888428
3023899510 -22931779 -43661256 1660888453 3023899500
1660888428 -22931773 -43663998 1660888409 1660888432
1660888423 -22931734 -43668205 1660888416 1541020677 1660888521
1660888420 -22931722 -43663563 1541020302 1660888409 1541020712 1544555513
1541020620 -22931698 -43666728 1541020360 1541020597
3023899500 -22931615 -43660954 3023899510
1544555532 -22931608 -43665798 1660888432 1541020419
1660888416 -22931603 -43668591 1660888412 1660888423
1660888412 -22931586 -43668641 1660888405 1660888416
1660888409 -22931571 -43663906 1660888420 1660888349 1660888428
1660888405 -22931560 -43668716 1660888412 874341644 1660888261
1660888365 -22931554 -43661893 1541020657 1660888457
1541020360 -22931397 -43666745 1541020807 1541020419 1541020620 1541020629
1541020657 -22931365 -43661826 1660888365 1660888359 1541020221
1541020419 -22931279 -43666023 1541020360 1660888354 1544555532 1544555552
1660888359 -22931249 -43662601 1660888356 1541020657
1541020629 -22931244 -43666771 1541020360 1660888304
1541020807 -22931237 -43668157 1660888346 1541020360
1660888361 -22931225 -43660394 1660888461 1544555586
1660888398 -22931210 -43661014 1660888253
1660888356 -22931210 -43662997 1541020302 1660888359
1660888354 -22931208 -43665564 1541020419 1541020406 1660888294
1660888349 -22931204 -43663925 1541020584 1660888343 1660888409
1660888346 -22931204 -43668498 1541020807
1541020584 -22931202 -43664292 1541020406 1660888349 1660888307
2035857714 -22931201 -43668746 2035857708
1541020406 -22931198 -43665496 1660888354 1541020584
1660888343 -22931176 -43663656 1541020302 1660888349
1541020302 -22931154 -43663386 1660888343 1660888356 1660888420 1660888336
1541020221 -22931054 -43661792 1660888302 1541020657
1660888336 -22931038 -43663421 1541020302 1660888302 1660888255
1660888309 -22930952 -43667443 1660888305
1660888307 -22930862 -43664362 1541020584 1660888294 1660888301
1660888305 -22930851 -43667219 1660888304 1660888290 1660888309
1660888304 -22930851 -43666746 1544555568 1541020629 1660888305
1660888302 -22930825 -43661868 1541020626 1541020221 1660888336
1544555552 -22930818 -43666431 1541020419 1544555568
1544555536 -22930760 -43663792 1660888298 1660888301
2035857708 -22930748 -43669966 3023899445 874341644 2035857714
1660888301 -22930743 -43664331 1544555536 1544555583 1660888307
1660888298 -22930733 -43663797 1660888257 1544555536
1541020626 -22930728 -43661905 1660888302 1660888253 1660888222
1660888294 -22930722 -43665427 1660888354 1660888307
1660888290 -22930702 -43667239 1660888287 1660888305
1660888287 -22930663 -43667471 1660888264 1660888290
1660888261 -22930587 -43668509 1660888214 1660888405 1660888262
1660888264 -22930578 -43667789 1660888259 1660888287
1660888262 -22930562 -43668782 3023899429 3023899441 1660888261
1660888259 -22930539 -43668426 1660888264
1660888257 -22930522 -43664069 1660888246 1660888298
1544555568 -22930502 -43666724 1541020655 1660888304 1544555552
3023899445 -22930488 -43669942 1660888247 2035857708 3023899428
3023899441 -22930472 -43669324 1660888247 3023899425 1660888262
1660888255 -22930455 -43663549 1660888222 1660888336 1544555582
3023899437 -22930453 -43667569 3023899435
3023899435 -22930413 -43667967 3023899437 3023899434 1544555589
1660888253 -22930413 -43661455 1660888398 1544555586 1541020626
3023899434 -22930374 -43668380 3023899435
1660888247 -22930369 -43669927 3023899414 3023899445 3023899441
1544555579 -22930333 -43664234 1544555590 1660888246
1660888246 -22930326 -43664121 1660888257 1544555579 1544555582
3023899429 -22930320 -43668734 1660888213 3023899425 1660888262
3023899425 -22930245 -43669269 3023899441 3023899429
1544555583 -22930226 -43666170 1541020655 1660888301
1541020655 -22930224 -43666669 1544555568 1541020543 1544555583 1544555507
1544555507 -22930172 -43666934 1541020655 1544555589
1544555582 -22930147 -43663617 1660888246 1660888255 1544555565
3023899414 -22930086 -43669893 1660888247 874341634
1544555586 -22930076 -43660986 1660888253 1660888361 1544555556
1660888222 -22930024 -43662199 1660888255 1544555565 1541020626
1544555589 -22929939 -43667837 1544555507 1660888218 3023899435
1544555590 -22929920 -43665827 1544555579
3818203281 -22929888 -43660266 3818203280
874341634 -22929885 -43669897 760853302 3023899414 2035857699
1541020543 -22929865 -43666595 1541020655 1541020339
1660888218 -22929830 -43668265 1544555589
1660888214 -22929824 -43668370 1660888213 1660888261
1660888213 -22929804 -43668648 3023899429 1660888214 1544555575 1660888106
1544555575 -22929738 -43669380 1660888213 760853302
760853302 -22929724 -43669905 1544555575 2035857697 874341634
1544555565 -22929698 -43662330 1660888203 1660888222 1544555582
1541020339 -22929642 -43666439 1541020543 3023899378
1660888211 -22929632 -43663150 1660888203 1660888205
1660888210 -22929589 -43663619 1660888194
1660888208 -22929560 -43664256 1660888123
1544555556 -22929534 -43660366 1544555569 1544555586
1660888206 -22929534 -43664845 1660888175
1660888205 -22929480 -43663153 1660888189 1660888211 1660888194
2035857697 -22929470 -43669980 760853302 3023899374
3023899378 -22929398 -43666194 1541020339 1541020547
1660888203 -22929387 -43662493 1660888171 1544555565 1660888211
1660888194 -22929360 -43663559 1660888185 1660888205 1660888210
1660888192 -22929250 -43664567 1660888167
1541020547 -22929121 -43665835 1660888184 3023899378
1660888189 -22929121 -43663043 1660888185 1660888205
1660888185 -22929069 -43663497 1660888126 1660888189 1660888194
1660888184 -22929004 -43665704 1541020549 1660888180 1541020547
1660888180 -22928954 -43665239 1660888184 1660888175
1660888177 -22928924 -43663880 1660888120
1660888175 -22928866 -43664903 1660888180 1660888167 1660888206
1780007977 -22928860 -43660179 1780007973 1780007951 1544555569
1660888171 -22928787 -43662767 1660888203 1541020215 1660888129
1660888167 -22928762 -43664589 1660888123 1660888192 1660888175
1660888129 -22928762 -43663190 1660888171 1660888126 1660888111
1660888126 -22928730 -43663418 1660888185 1660888129 1660888120
1660888123 -22928708 -43664312 1660888167 1660888116 1660888208
1660888116 -22928663 -43664078 1660888123 1660888120
1660888120 -22928662 -43663877 1660888126 1660888116 1660888177
3818203282 -22928619 -43661655 1780007962
1780007973 -22928590 -43660550 1780007977 1544555542 1780007939
1660888111 -22928536 -43663147 1660888129 1660888109
1541020215 -22928428 -43662817 1541020719 1660888171
1660888109 -22928394 -43663152 1660888111 3023899181
1660888106 -22928293 -43668380 1660888213
1544555542 -22928279 -43660977 1780007962 1780007973
1780007962 -22928195 -43661055 1780007934 1780007948 1544555542 3818203282
3023899181 -22928177 -43663230 1660888109 1660888104
2035857680 -22928112 -43669006 2035857692 2035857677 2035857675
1660888104 -22928109 -43663288 3023899181 1660888083
1541020549 -22928062 -43665698 1660888184 1541020467
1660888083 -22927906 -43663337 1660888104
2035857677 -22927884 -43669288 2035857672 2035857680
1780007948 -22927820 -43661401 1780007962 1780007937 1780007926
2035857675 -22927809 -43668581 2035857680
2035857672 -22927639 -43669528 3026536235 2035857677
1780007937 -22927514 -43661682 1544555531 1780007948 1780007920
1541020467 -22927313 -43666074 1541020549 1541020595
1544555531 -22927182 -43661989 1544555530 1780007937
1780007926 -22927114 -43660415 1780007948
1541020719 -22926995 -43663337 1541020345 1541020215
2035857653 -22926959 -43669520 2035857644
1780007920 -22926873 -43660710 1780007937
1541020595 -22926777 -43666213 1541020467 1541020197
1544555530 -22926669 -43662340 1544555573 1544555531
2035857644 -22926612 -43669962 2035857628 2035857653
1544555573 -22926402 -43662436 1544555561 1544555530
1541020345 -22926362 -43663595 1541020719 1541020334
2035857639 -22926303 -43669528 2035857633
1541020197 -22926127 -43665860 1541020595 1541020298
2035857633 -22926121 -43669859 2035857632 2035857639
1541020334 -22925809 -43664045 1541020861 1541020345
1544555561 -22925760 -43662426 1544555506 1544555573
2035857618 -22925639 -43669462 2035857605
1541020298 -22925631 -43665183 1541020861 1541020197
1541020861 -22925592 -43664646 1541020298 1541020334
1544555506 -22925325 -43662522 1544555561
2035857598 -22924940 -43669820 2035857568
2035857595 -22924792 -43668230 2035857587
2035857592 -22924739 -43669243 2035857566
2035857589 -22924697 -43668718 2035857565
2035857587 -22924658 -43668242 2035857595 2035857546
2035857568 -22924006 -43669993 2035857598 2035857566 2035857569
2035857566 -22923993 -43669213 2035857592 2035857568 2035857565
2035857565 -22923985 -43668728 2035857566 2035857589 2035857548
2035857550 -22923606 -43669617 874341747 2035857551 2035857549
2035857549 -22923605 -43669114 2035857517 2035857550 2035857548
2035857548 -22923595 -43668680 2035857549 2035857565 2035857544
2035857546 -22923495 -43668220 2035857587 2035857544
2035857544 -22923473 -43668679 2035857548 2035857546
2035857517 -22922426 -43669323 2035857549
874341747 -22922407 -43669762 2035857511 2035857550
1660887930 -22922022 -43661237 1660887986 1660887927 1660887924
2035857511 -22921989 -43669767 1660887847 874341747 2035857512
1660887924 -22921973 -43662056 1660887877 1660887930 1660887920
1660887927 -22921953 -43661233 1660887794 1660887930
1660887920 -22921837 -43662222 1660887883 1660887924
1660887883 -22921708 -43662493 1660887689 1660887920 1660887875
1660887875 -22921525 -43662926 1660887835 1660887666 1660887883
1660887877 -22921507 -43665868 1660887847 1660887924 1660887866
1660887866 -22921427 -43665868 1660887877 1660887746
1660887847 -22921392 -43667246 2035857511 1660887877
1660887835 -22921354 -43663330 1660887791 1660887875 1660887662
1660887791 -22921196 -43663759 1660887835 1660887640 1660887787
1660887794 -22921153 -43661161 1660887927 1660887689
1660887787 -22921123 -43664181 1660887791 3023897936 1660887706
1660887780 -22921029 -43666037 1660887746
3023897936 -22921021 -43664727 3023897925 1660887787
1660887746 -22920980 -43665869 1660887866 1660887780 1660887733 3023897856
3023897925 -22920953 -43664842 3023897919 3023897936
3023897919 -22920852 -43664958 3023897903 3023897925
1660887733 -22920759 -43665435 3023897845 1660887702 1660887746
3023897903 -22920755 -43665009 1660887702 3023897919
1660887706 -22920605 -43664121 1660887637 1660887711 1660887787
1660887702 -22920590 -43665033 3023897903 1660887612 1660887733
1660887711 -22920546 -43664540 1660887628 1660887706
3026536126 -22920421 -43669992 2035857497 3026536122
1660887689 -22920360 -43662293 1660887666 1660887883 1660887794
3026536122 -22920126 -43669671 2035857488 3026536126
1660887668 -22920110 -43660035 1660887664 3023897874
1660887666 -22920096 -43662712 1660887662 1660887689 1660887875
3023897856 -22920080 -43665953 1660887746 1660887614
2035857488 -22920032 -43669636 2035857485 3026536122
