3082441970 -22979771 -43544135 3082441955 3082441969
2985996114 -22979749 -43547178 2985996070 2985996113
3082441969 -22979736 -43544055 3082441970
2985996070 -22979042 -43547049 3082441955 2985996114
3082441955 -22978800 -43547033 2985996070 3082441950 3082441970
3082441954 -22978797 -43549900 3082441952 3082441956
3082441952 -22978741 -43549805 3082441951 3082441954
3082441951 -22978692 -43549758 3082441949 3082441952
3082441950 -22978642 -43547023 3082441955 2985996115 3082441943
3073585887 -22978610 -43540079 3073585883 3073585888
3082441949 -22978587 -43549728 3082441951 3082441946
3082441946 -22978495 -43549718 3082441949 3082441944
3082441944 -22978464 -43549684 3082441943 3082441946
3082441943 -22978458 -43549625 3082441950 3082441944
2985996115 -22978219 -43546994 3082441950 3082441936
3073585883 -22978052 -43540492 3073585887 3073585880
3082441936 -22978045 -43546966 2985996115 3082441934 2985996116
3073585882 -22977948 -43540236 3073585881 3073585884
3082441934 -22977883 -43549731 3082441936
3073585881 -22977878 -43540602 3073585880 3073585882
2985996116 -22977864 -43546937 2985996117 3082441936
3073585880 -22977804 -43540768 3073585879 3073585881 3073585883
2985996117 -22977720 -43546928 2985996116 2985996118
3082441831 -22977669 -43548793 3082441829
3073585879 -22977599 -43540958 3073585878 3073585880
3082441830 -22977598 -43544789 3082441815
3082441829 -22977558 -43549451 3082441828 3082441831
3082441828 -22977511 -43549665 3082441826 3082441829
3082441826 -22977459 -43549750 3082441812 3082441828
3073585878 -22977360 -43541088 3073585879 3073585877
3082441824 -22977349 -43546639 3082441817
3082441817 -22977242 -43546607 3082441815 3082441824
3082441815 -22977195 -43546603 3082441830 3082441787 3082441817
2985996118 -22977152 -43546830 2985996117 2985996119
3073585877 -22977047 -43541154 3073585878 3073585876
2985996119 -22976902 -43546801 2985996120 2985996118
3073585876 -22976820 -43541181 3073585870 3073585877
2985996120 -22976800 -43546765 2985996119 2985996121
2985996121 -22976692 -43546759 2985996120 3082441786
3073585875 -22976673 -43542865 3073585874 3073585873
3073585874 -22976646 -43543078 3073585872 3073585875
3073585873 -22976600 -43542592 3073585871 3073585875
3073585872 -22976569 -43543308 3073585874 3073585869
3073585871 -22976502 -43542273 3073585873 3073585865
3073585870 -22976477 -43541351 3073585864 3073585876
3073585869 -22976450 -43543617 3073585868 3073585872
3082441787 -22976408 -43546525 3082441786 3082441781 3082441815
3082441786 -22976388 -43546703 2985996122 3082441787 2985996121
3073585868 -22976379 -43543883 3073585867 3073585869
3073585867 -22976373 -43544093 3073585866 3073585868
3073585866 -22976370 -43544413 3073585867 3073585863
3073585865 -22976345 -43542030 3073585871 3073585861
3073585864 -22976336 -43541457 3073585862 3073585870
3073585863 -22976333 -43544642 3073585860 3073585866
3082441781 -22976310 -43546504 3082441787
3073585862 -22976290 -43541607 3073585861 3073585864
3073585861 -22976275 -43541837 3073585862 3073585865
2985996122 -22976266 -43546680 3082441786 2985996123
3073585860 -22976235 -43544859 3073585859 3073585863
2985996123 -22976122 -43546672 2985996122 2985996124
3073585859 -22976100 -43544959 3073585860 3073585858
3082441770 -22976055 -43549515 3082441812 3082441730
3073585858 -22975880 -43545052 3073585857 3073585859
2985996124 -22975803 -43546608 2985996123 2985996126 3073585855
3073585857 -22975711 -43545158 3073585856 3073585858
3073585856 -22975641 -43545265 3073585854 3073585857
2985996126 -22975595 -43546568 2985996124 2985996127
3073585855 -22975500 -43545771 2985996124 3073585854
3073585854 -22975461 -43545719 3073585856 3073585855 3073585853
3073585853 -22975359 -43545581 3073585854 3073585852
2985996127 -22975346 -43546526 2985996126 2985996071
3082441730 -22975195 -43548965 3082441711 3082441770
3073585852 -22975046 -43545281 3073585851 3073585853
3082441711 -22974843 -43548719 3082441730 3082441700
3073585851 -22974724 -43545002 3073585852 3073585850
3082441700 -22974570 -43548504 3082441711
3073585850 -22974488 -43544879 3073585851 3073585849
3073585849 -22974252 -43544869 3073585850 3073585848
3073585848 -22973977 -43544902 3073585849 3073585847
3073585847 -22973882 -43544882 3073585848 3073585846
2985996141 -22973839 -43549770 2985996140 2985996075
2985996140 -22973819 -43549576 2985996139 2985996141
2985996139 -22973801 -43549069 2985996074 2985996140
2985996074 -22973773 -43548876 2985996139 2985996138
3073585846 -22973747 -43544762 3073585847 3073585845
2985996138 -22973717 -43548690 3082441431 2985996074
3082441431 -22973701 -43548657 3082441385 2985996137 2985996138
2985996137 -22973597 -43548449 3082441431 2985996136
2985996071 -22973512 -43546144 2985996127 2985996128
2985996128 -22973440 -43546144 2985996072 2985996071
2985996072 -22973337 -43546176 2985996129 3082441364 2985996128
2985996129 -22973279 -43546222 2985996072 2985996130
2985996130 -22973219 -43546319 2985996129 2985996131
3082441385 -22973212 -43548813 3082441431 3082441362
3073585845 -22973198 -43544040 3073585846 3073585840
2985996136 -22973168 -43547922 2985996073 2985996137
3073585844 -22973168 -43542945 3073585842 3073585843
3073585843 -22973162 -43542669 3073585844 3073585841
3073585842 -22973122 -43543211 3073585837 3073585844
2985996131 -22973103 -43546727 2985996130 2985996073
3073585841 -22973094 -43542486 3073585843 3073585836
3073585840 -22973091 -43543814 3073585837 3073585845
3073585839 -22973079 -43541976 3073585838 3073585835
3073585838 -22973076 -43542136 3073585836 3073585839
3073585837 -22973070 -43543571 3073585840 3073585842
3073585836 -22973060 -43542359 3073585841 3073585838
3073585835 -22972987 -43541580 3073585834 3073585839
3073585834 -22972968 -43541387 3073585833 3073585835
3073585833 -22972959 -43540718 3073585834 3073585832
3073585832 -22972910 -43540515 3073585833 3073585831
3082441364 -22972905 -43545445 2985996072 3082441358
2985996073 -22972897 -43547575 3073449940 2985996131 2985996136
3082441362 -22972859 -43549036 3082441385 3082441348
3073585831 -22972855 -43540422 3073585832 3073585830
3082441358 -22972808 -43545346 3082441364 3082441334
3082441348 -22972684 -43549097 3082441362 3082441025
3073585830 -22972683 -43540212 3073585831 3073585829
3073585829 -22972610 -43540029 3073585830 3073585828
3082441334 -22972465 -43545181 3082441358 3082440977
3082441025 -22972359 -43549145 3082441348 3082441013
3073449940 -22972216 -43547112 3073449939 2985996073
3082441013 -22972169 -43549157 3082441025 3082441009
3082441009 -22972037 -43549154 3082441013 3082441002
3082441002 -22971875 -43549224 3082441009 3082441001
3082441001 -22971820 -43549281 3082440999 3082441002
3073449939 -22971762 -43546792 3073449940 3073449938
3082440999 -22971747 -43549349 3082441001 3082440996
3082440996 -22971670 -43549385 3082440999 3082440994
3082440994 -22971594 -43549374 3082440975 3082440996
3073449938 -22971448 -43546583 3073449937 3073449939
3082440977 -22971290 -43544607 3082441334 3082440962
3082440975 -22971265 -43549190 3082440994 3082440956
3082440962 -22970963 -43544408 3082440881 3082440977
3082440956 -22970919 -43548976 3082440975 3082440934
3073449937 -22970916 -43546341 3073449936 3073449938
3082440934 -22970633 -43548811 3082440956 3082440917
3082440924 -22970573 -43542940 3082440905
3082440917 -22970514 -43548782 3082440934 3082440898
3073449936 -22970500 -43546209 3073449937 3073449935
3082440905 -22970418 -43543188 3082440880 3082440924
3082440898 -22970324 -43548789 3082440917 3082440889
3082440889 -22970174 -43548831 3082440876 3082440898
3082440881 -22970096 -43543831 3082440962 3082440877
3082440880 -22970096 -43543704 3082440877 3082440905
3082440877 -22970070 -43543778 3082440849 3082440881 3082440880
3082440876 -22970055 -43548952 3082440865 3082440889
3082440865 -22969916 -43549099 3082440876 3082440858
3082440858 -22969773 -43549193 3082440865 3082440851
3073449935 -22969704 -43545970 3073449934 3073449936
3082440851 -22969588 -43549316 3082440858 3082440842
3082440849 -22969538 -43544575 3082440877 3082440844
3082440844 -22969476 -43544590 3082440849 3082440835
3082440842 -22969417 -43549491 3082440851 3082440833
3073449934 -22969285 -43545879 3073449933 3073449935
3082440835 -22969253 -43544465 3082440844 3082439524
3082440833 -22969178 -43549564 3082440842 3082439528
3082439528 -22969048 -43549585 3082440833
3073449933 -22968890 -43545728 3073449832 3073449934
3073449832 -22968391 -43545434 3073449831 3073449933
3082439524 -22968220 -43543807 3082440835 3082439523
3073449831 -22968132 -43545144 3073449830 3073449832
3073449830 -22967987 -43544879 3073449831 3073449829
3082439523 -22967951 -43543621 3082439522 3082439524
3082439522 -22967939 -43543568 3082439523 3082439520
3082439520 -22967874 -43543258 3082439522 3073449828
3073449829 -22967835 -43544534 3073449830 3073449822
3073449828 -22967833 -43543219 3082439520 3073449827 3073449826
3073449827 -22967809 -43543112 3073449828 3073449819
3073449826 -22967711 -43543341 3073449828 3073449825
3073449825 -22967658 -43543393 3073449826 3073449823
3073449824 -22967637 -43543745 3073449821 3073449823
3073449823 -22967637 -43543561 3073449824 3073449825
3073449822 -22967633 -43544373 3073449820 3073449829
3073449821 -22967581 -43543922 3073449824 3073449820
3073449820 -22967482 -43544289 3073449821 3073449813 3073449822
3073449819 -22967477 -43542383 3073449815 3073449827
3073449818 -22967459 -43541976 3073449816 3073449817
3073449817 -22967456 -43541796 3073449814 3073449818
3073449816 -22967429 -43542083 3073449818 3073449815
3073449815 -22967423 -43542196 3073449816 3073449819
3073449814 -22967349 -43541167 3073449812 3073449817
3073449813 -22967223 -43544240 3073449810 3073449820
3073449812 -22967188 -43540428 3073449814 3073449811
3073449811 -22967156 -43540334 3073449808 3073449812
3073449810 -22967063 -43544201 3073449809 3073449813
3073449809 -22966899 -43544072 3073449805 3073449810
3073449805 -22966540 -43543759 3073449809 3073449800
3073449800 -22966332 -43543604 3073449791 3073449805
3073449791 -22966157 -43543521 3073449787 3073449800
3073449787 -22966008 -43543475 3073449781 3073449791
3073449781 -22965824 -43543456 3082439494 3073449787
3082439494 -22965619 -43543392 1871251015 3073449781
1871251015 -22965429 -43543243 3082439494 1871251055
1871251055 -22964932 -43542672 1871250865 1871251015
1871250865 -22964372 -43542331 1871250847 1871251055
1871250847 -22964085 -43542179 1871250854 1871250865
1871250854 -22963860 -43542108 1871250847 1871251207
1871251207 -22963495 -43542021 1871250854 3082439478
3082439478 -22963311 -43541998 3082439477 1871251207
3082439477 -22963227 -43541962 1871251187 3082439478
1871251187 -22963175 -43541859 3082439476 3082439477
3082439476 -22963139 -43541573 1871251094 1871251187
1871251094 -22963098 -43541335 3082439476 3082439475
3082439475 -22963011 -43541071 3082439474 1871251094
3082439474 -22962945 -43540969 1871251011 3082439475
1871251011 -22962880 -43540820 3082439474 3082439473
3082439473 -22962859 -43540652 1871251011 3082439472
3082439472 -22962843 -43540578 3082439471 3082439473
3082439471 -22962798 -43540461 1871251043 3082439472
1871251043 -22962700 -43540335 1871251182 3082439471
1871251182 -22962424 -43540119 1871250992 1871251043
