1439025231 -22.8998081 -43.3101491 3819280619 1439025229 3819280623
3819280619 -22.8997818 -43.310242 1439025231 3819280620 3819280621
518225301 -22.8997154 -43.3157235 518225298 518225306
3819280621 -22.8996617 -43.3106667 3819280625 3819280619 3819280622
3633700290 -22.8995842 -43.3152507 3633700289
3819280625 -22.8995516 -43.3110554 3819280629 3819280626 3819280621
3819280629 -22.8994069 -43.311567 3819280627 3819280625
3819280627 -22.8993273 -43.3118483 3819280633 3819280629 3819280628
3819280633 -22.8991743 -43.3123889 3819280627 3819280631
3819280631 -22.899098 -43.3126586 3819280633 3819280635 3819280632
3819280635 -22.899024 -43.3129201 442130998 3819280631
442130998 -22.898889 -43.3133973 3633700289 3819280635 518225604
3633700289 -22.8984297 -43.3148648 442130998 442130997 3633700290
442130997 -22.8984109 -43.3149246 3633700289 3633700285
3633700285 -22.8983719 -43.3149697 3633700286 442130997
3633700286 -22.8983035 -43.3149776 3633700287 3633700285
518225600 -22.8982218 -43.3107938 3819280660 518225660
3819280656 -22.8981779 -43.3109486 518225600
518225660 -22.8977308 -43.3106509 518225657 518225600
518225604 -22.8976043 -43.3129683 3819280656 2251332530
518225657 -22.8974541 -43.3106165 518225668 518225644 518225660
2251332530 -22.8972898 -43.3128736 3633700288 1782087847
3633700287 -22.897235 -43.3146286 3633700286 3633700288
3633700288 -22.8968662 -43.3145115 3633700287 482435489 2251332530
482435489 -22.8966544 -43.3153307 482433497 3633700288 2251332531
3633721165 -22.8965936 -43.3190624 3633721164
1782087847 -22.8964984 -43.3126354 1782087839
1782087839 -22.8964122 -43.3126162 1782087835
1782087835 -22.8963673 -43.312623 1782087829
1782087829 -22.8963302 -43.3126491 1782087851
482433151 -22.8962942 -43.3128343 1782087851 442134542
1782087851 -22.8962901 -43.3127197 482433151 1718623390
442134542 -22.8962893 -43.3129528 1782087859 482433151 1782087844
1718623390 -22.8962873 -43.3126387 518225609 1782087851
518225609 -22.8962867 -43.3126008 482440210 1718623390
1782087844 -22.896267 -43.3130716 442134542 1782087840
1718623350 -22.8962655 -43.3126794 1718623390
482440210 -22.8962471 -43.3115613 518225609 518225644 482441500
518225644 -22.8962422 -43.3107021 518225657 482440062 482440210
1782087840 -22.8962358 -43.3131792 1782087844 482434772
1718623345 -22.8962299 -43.3127324 1718623350
482440062 -22.8962191 -43.3100085 442134540 518225644 482440056
1718623364 -22.8961561 -43.3127965 1718623345
1782087859 -22.8961227 -43.3128664 1718623353
1718623383 -22.896094 -43.3128183 1718623364
1718623353 -22.8960138 -43.3128137 482435185 1718623383
1782261469 -22.8959288 -43.3199933 1782261373 1782261471
482434772 -22.8959159 -43.314166 442134543 1782087840 482435182
1782261373 -22.895891 -43.3198755 1782261467 1782261469
442134543 -22.8958765 -43.3142986 442134544 482434772
442134544 -22.8958449 -43.3145217 442134543 482433497
1782261467 -22.895829 -43.3197661 1782261373 1782261239
482433497 -22.895827 -43.3149445 442134544 442134545 482435489
442134545 -22.8958133 -43.3152685 482433497 442134546
442134546 -22.8957816 -43.3162383 442134545 442134547
442134547 -22.8957658 -43.3165216 442134546 2251332531
1782261239 -22.8957603 -43.319669 1782261467 442108396
2251332531 -22.8955708 -43.3178831 3633721164 442134547 482435489
3633721164 -22.8954986 -43.3184004 1782261409 3633721165 2251332531
1782261409 -22.8953976 -43.3190347 3633721164 442108396
442108396 -22.895365 -43.3191693 1782261409 1782261526 1782261239
1782261526 -22.8953046 -43.3192774 442108396 1782261283
3633706390 -22.8952312 -43.3146504 3633706389
3633706389 -22.8949297 -43.3145015 3633709197 3633706390
482435185 -22.8948087 -43.3122516 482434466 1718623353 482435182
482441500 -22.8947928 -43.310893 482440210 482441513
3633709197 -22.8947165 -43.3143978 3633706389 482434873
482428105 -22.8944844 -43.3163003 482428107
482425036 -22.8943579 -43.317871 482425042 482426858
482435182 -22.894356 -43.3134039 482434463 482434772 482434873 482435185
482425042 -22.8943263 -43.3177766 482425036 482425048
482428107 -22.8942551 -43.316163 482428105 482426505
482427375 -22.8941681 -43.3195962 482427382
482434873 -22.8940688 -43.3140972 3633709197 482435182 482434028
482425048 -22.8939942 -43.317502 482425042 482425058
482426505 -22.8938993 -43.3157424 482426509 482428107 482428109
482426858 -22.8937254 -43.3184032 482425036 482424214
482428109 -22.8936463 -43.3153991 482426505 482428113
482425058 -22.8936305 -43.3174161 482425048 482425060
482426509 -22.8935672 -43.3159913 482426505 482426510
482441513 -22.8935198 -43.3103437 482441500 3597550497
482425060 -22.8934249 -43.3173732 482425058 482425065
482434466 -22.8934245 -43.3116061 482429708 482435185 482434463
482426510 -22.8934012 -43.3161458 482426509 482426514
482426520 -22.8933221 -43.3166265 482426523 482426517
482426514 -22.8933221 -43.3162832 482426510 482426517
482426517 -22.8933142 -43.3164634 482426520 482426514
482428476 -22.8933142 -43.3156223 482428481
482428113 -22.8932588 -43.3150558 482428117 482428109
482426523 -22.8932035 -43.3168496 482426520 482425065
3597550497 -22.8931765 -43.3101545 3597550493 3597550496 482441513
3597550493 -22.8931066 -43.310116 3597550497
3597550496 -22.8930926 -43.3101413 3597550495
482428481 -22.8930295 -43.3153648 482428476 482428485
482428117 -22.8930295 -43.3148841 482428113 482428609
482425065 -22.8929979 -43.3171844 482425060 482425071 482426523 482426526
482428485 -22.8929584 -43.3152532 482428481 482428498
482434463 -22.8929548 -43.3127194 482434028 482434466 482435182
482424214 -22.8928872 -43.3189611 482426858 482426862 482426526
482428609 -22.8928793 -43.3147373 482428117 482428120 482428739
482428739 -22.8928081 -43.3148755 482428609 482428740
482428120 -22.8927923 -43.3146524 482428609
482428498 -22.8926658 -43.3151759 482428740 482428485
482434028 -22.89265 -43.3134422 482434030 482434463 482434873
482428740 -22.8926201 -43.315161 482428739 482428498 482428501
482429708 -22.8923047 -43.3110838 482438143 1786303696 482434466
1786303696 -22.8922675 -43.3111766 482434030 482429708
482425615 -22.8921756 -43.3148326 482428501
482426526 -22.8921663 -43.3178317 482424214 482424218 482426527 482425065
482428501 -22.8921098 -43.3149945 482428740 482425615 482429143
482426862 -22.8918375 -43.3197949 482424214 482427408 479079367
479079367 -22.8917691 -43.3196868 482426862 482426527 479079702
482429143 -22.89171 -43.3159784 482425071 482431448 482428501
482434030 -22.8915928 -43.3128596 482430217 1786303696 482434028
482438143 -22.8915634 -43.3107381 482430161 482429708 3597550494
482425071 -22.8914956 -43.3165063 482424218 482425065 482429143
482424218 -22.8914244 -43.3166694 482425071 482425622 482426526
482430161 -22.8912706 -43.3106016 482430550 1718623367 482438143
482426527 -22.8910899 -43.3186136 2996681771 479079367 482426526
482430217 -22.8910533 -43.3142052 482434030 482430579 482430550
2996681771 -22.8909544 -43.3183994 482426527 482425622 2996681770
482425622 -22.8908291 -43.3182015 2996681771 1775576991 482424218
482431436 -22.890776 -43.3161458 482431443
482430579 -22.8907679 -43.3149172 482430217 482430878 482429712
482431448 -22.8907295 -43.3155714 482431446 482429712 482429143
482431443 -22.8906021 -43.3166608 482431436 482431446
1718623367 -22.8905845 -43.3103054 482430161 482431979
479079702 -22.8905816 -43.3194904 1782087865 479079367
482429712 -22.8905376 -43.3154918 482430579 482431448 482431204
1718623363 -22.8904968 -43.3102083 1718623367
482431204 -22.890458 -43.3154588 482429139 482431201 482429712
1718623382 -22.8904412 -43.3101403 1718623363
3638260391 -22.8904268 -43.3101261 1718623382
2037869458 -22.8904199 -43.3101194 3638260391
1718627092 -22.8903747 -43.3100752 2037869458
482431446 -22.890349 -43.3165235 482431443 482431448
1718627100 -22.8903175 -43.3100369 1718627092
3638260390 -22.8903093 -43.3100344 1718627100
1718627097 -22.8902726 -43.3100233 3638260390
1718627095 -22.8902129 -43.3100186 1718627097 1718623392
482431979 -22.8901294 -43.3100902 442107887 1718627095
482431201 -22.8901118 -43.3164033 482431199 482431204
482431197 -22.8900407 -43.3158368 482431199
482430550 -22.8900123 -43.3137441 482430878 482430217 482430552
442107887 -22.8899395 -43.310279 482431979 442107886
482431199 -22.8898588 -43.3162832 482431201 482431197
482430878 -22.889735 -43.3144369 482429139 482430579
1775576991 -22.8896618 -43.3164384 482425622 479076653
479077542 -22.8895741 -43.316478 1775577009 479076653
442107886 -22.8895662 -43.3106906 442107885 442107887
479076653 -22.8895633 -43.3163407 479077542 1775577025 1775576991 479078456
1775577009 -22.8895599 -43.316609 1775577027 479077542
1775577027 -22.8895427 -43.3166753 1775577009 479077594
1775577025 -22.8895315 -43.3162294 479076653 1775576988
442107874 -22.8894983 -43.3171129 1782087849 479077594
1782087849 -22.8894921 -43.3174406 1782087831 442107874
482429139 -22.8894872 -43.3150558 479077102 482431204
479077594 -22.8894831 -43.3169148 1775577027 442107874 442107875
1775576988 -22.8894784 -43.3160987 1775577025 1775577030
1782087831 -22.8894758 -43.3176755 1782087881 1782087849
479078456 -22.8894757 -43.3163573 479076653 1775576994
442107875 -22.8894537 -43.3165609 479078382 479077594
1782087881 -22.8894506 -43.3179105 2996681770 1782087831
479078382 -22.8894324 -43.3163827 442107875 442107876
2996681770 -22.889421 -43.318083 1782087881 2996681771 1782087842
1775577030 -22.8894072 -43.3159601 1775576990 1775576988
1775576990 -22.8893307 -43.3158442 1775577030 479077102
442107876 -22.8893075 -43.3159269 479078382 479077102
442107318 -22.8892611 -43.3105297 2624824997 482509813
442107885 -22.8892532 -43.3111477 442107884 442107886
1782087842 -22.8892398 -43.3189104 442107872 2996681770
479077102 -22.8892309 -43.3157167 1775576990 442107876 442107877
442107872 -22.8891985 -43.3190611 1782087865 1782087842
442107333 -22.8891741 -43.3174477 442107332 442107334
442107332 -22.8891662 -43.3171644 482150347 442107333
482150347 -22.8891617 -43.3170497 1775577006 1775577016 442107332 482150346
1775577016 -22.8891549 -43.3168539 482150347 442107331
442107334 -22.8891425 -43.3178768 442107333 442107335
1782087865 -22.8891341 -43.3193153 442107871 442107872 479079702
442107331 -22.8891277 -43.3166473 1775577016 479077967
442107871 -22.8890988 -43.3194317 1782087855 1782087865
479077967 -22.8890928 -43.3164623 442107330 442107331
1775577006 -22.8890842 -43.3169353 482150347 1775577020
1782087855 -22.8890763 -43.3195358 1782087857 442107871
442107877 -22.8890723 -43.3152634 442107878 479077102
1782087857 -22.889061 -43.3196428 1782087867 1782087855
1782087867 -22.8890556 -43.3197328 1782087857 442107870
442107870 -22.8890509 -43.3198708 442107869 1782087867
442107884 -22.8890318 -43.3115683 1782087862 442107885
1775576994 -22.8890295 -43.3164779 1775576986 479078456
442107335 -22.8890239 -43.3184347 442107334 442107336
1775577020 -22.8890175 -43.3167154 1775577006 1775576986
482509813 -22.8890172 -43.3108531 442107319 482510084 442107318
442107330 -22.8890159 -43.3161688 482150330 479077967
1775576986 -22.8889643 -43.3164955 1775577020 1775576994 1775576985
482510084 -22.8889575 -43.3107372 482509813 482510087
442107878 -22.8889443 -43.3149083 442107877 1782087873
482150330 -22.8889309 -43.3158886 1775577018 442107329 442107330 1775576989
442107319 -22.888929 -43.3110104 482509813 482147794
1782087862 -22.8889225 -43.3117942 1782087871 442107884
1775577018 -22.8888911 -43.3159991 1775577008 482150330
1775576985 -22.888889 -43.3161843 1775576986 1775577008
1782087873 -22.8888817 -43.3147184 442107878 1782087876
1775577008 -22.88888 -43.3160682 1775577018 1775576985
1782087871 -22.8888679 -43.3119372 442107883 1782087862
1775576989 -22.8888358 -43.3159477 482150330 482150329
442107329 -22.8888262 -43.3155766 482150330 482150316
482147794 -22.8888239 -43.3112077 442107319 442107320 482148803
442107883 -22.8888217 -43.3121102 442107882 1782087871
1782087876 -22.8888041 -43.3144598 1782087873 1782087833
442107882 -22.8887787 -43.3123493 442107883 442107881
442107336 -22.8887629 -43.3192673 442107335 482150954
1782087833 -22.8887604 -43.3142967 1782087876 442107879
482150316 -22.8887376 -43.3152882 442107328 442107329 3342765326
442107881 -22.8887313 -43.3128471 482430552 442107882
442107879 -22.8887211 -43.3140948 1782087833 1782087869
482430552 -22.8887034 -43.313158 442107880 482430550 442107881
1782087869 -22.8887009 -43.3139167 442107879 1782087875
1782087875 -22.8886801 -43.313693 1782087869 442107880
442107880 -22.8886794 -43.3134736 1782087875 482430552
482150954 -22.8886603 -43.3195249 442107337 482150369 442107336
442107328 -22.8886364 -43.3149586 442107327 482150316
442107320 -22.8886364 -43.3115597 482147794 442107321
442107337 -22.8885099 -43.3199024 442107338 482150954
442107321 -22.8884783 -43.3120403 442107320 442107322
442107327 -22.8884703 -43.314538 442107326 442107328
482150329 -22.8884203 -43.3159184 482150328 1775576989
442107326 -22.8883913 -43.3141089 482149193 442107327
482149193 -22.8883864 -43.3140768 442107325 442107326 482149190
442107322 -22.8883755 -43.3124523 442107321 442107323
442107325 -22.888328 -43.3136969 482149193 442107324
442107323 -22.8883043 -43.3129072 442107322 442107324
442107324 -22.8882912 -43.3133911 442107325 482148312 442107323
482148803 -22.8882792 -43.3107943 3342765339 482148800
482148800 -22.8880117 -43.3117313 482148803
482150328 -22.887977 -43.3157725 482150327 482150329
482150346 -22.8879545 -43.316918 482150345 482150347 2640819191
3342765339 -22.8879456 -43.3105347 3342765338 3342765334
3342765338 -22.8879063 -43.3105869 3342765337
3342765337 -22.8878417 -43.3105934 3342765336
2640819191 -22.8876917 -43.318349 482150346 482150369 2640819192
482150369 -22.8875373 -43.31919 482151111 2640819191 482150954
482150327 -22.8875294 -43.3154993 482150326 482150328
3342765336 -22.8871727 -43.3101033 3342765335
3342765335 -22.8871472 -43.31003 3342765334
482148312 -22.8871273 -43.3124638 482149505 442107324 482149190
482150326 -22.8870391 -43.3153105 482150324 482150327
2640819192 -22.8869072 -43.3181842 2640819190 2640819191
482149190 -22.8868476 -43.313629 482149193 482148312 482150181
3342765321 -22.8867245 -43.3157472 3342765320
482150345 -22.8863828 -43.3162632 482150346 3342765317 482150555
482149505 -22.8862548 -43.3117481 482148312 482150179 482148693
3342765320 -22.8861965 -43.3155925 3342765321 3342765319
482150555 -22.8861924 -43.3172794 2640819190 482150345 2640817543
3342765319 -22.886093 -43.3156121 3342765318 3342765320
2640819190 -22.8860654 -43.3179926 2640819192 482150553 482150555
482151111 -22.8860044 -43.3187474 482150369 482151125 482150553
482150553 -22.8859321 -43.3187265 2640819190 482151111 482151126
482150179 -22.885853 -43.3127699 482149505 2640811911
482148693 -22.8858504 -43.3114475 482149505 482148423 482148310
3342765318 -22.8858064 -43.3155176 3342765317 3342765319
2640811911 -22.8857673 -43.3130375 482150179 482150180
482150180 -22.8857265 -43.3131647 2640811911 482150181
482150181 -22.8856969 -43.313294 482150180 482149042 482149190
3342765317 -22.8856326 -43.3159974 482150345 3342765318 482150331
482150324 -22.8855763 -43.3147783 442042823 482150326
482151125 -22.8854776 -43.3197077 482151189 482151111 482151124
482151189 -22.8854284 -43.3197975 482151323 482151160 482151125
3342765333 -22.8853021 -43.3102316 442042829
3342765332 -22.8852202 -43.3102029 482051603
442042829 -22.8852047 -43.3105361 481442872 482148310
482151126 -22.8851457 -43.3184705 442041838 482150553 482151124
2640817543 -22.8851407 -43.3170702 442041840
482148310 -22.8851282 -43.3108079 442042828 482148693
3342765326 -22.8850973 -43.3139671 442042824 482150316
481442872 -22.8850963 -43.3106151 3342765328 3342765332
442042828 -22.8850807 -43.311111 442042827
442042827 -22.8850462 -43.3115246 482149042
3342765331 -22.8850369 -43.3108763 3342765330 481442872
482149042 -22.8850229 -43.3130718 442042824 482150181
3342765330 -22.8850125 -43.3108178 3342765329
442042843 -22.8849922 -43.31108 3342765331
442042824 -22.8849871 -43.3139271 442042823 3342765326
3342765329 -22.8849788 -43.3107921 3342765328
3342765327 -22.8849747 -43.3130886 482149042
442042842 -22.8849516 -43.3115425 442042843
442042840 -22.8849334 -43.3131321 442042842 3342765327
442042823 -22.884912 -43.3144865 482150324 442042822
442042839 -22.8849056 -43.3139034 442042840
3342765328 -22.8848786 -43.3107862 481442874
482151124 -22.8848409 -43.3191557 482151125 482151126 2640823358
442042838 -22.884825 -43.3144608 442042839
442042822 -22.884799 -43.3153353 482150331
3342765322 -22.8847817 -43.3152196 442042822
442042837 -22.884746 -43.3146839 442042838
482150331 -22.8847428 -43.3156821 442042821 3342765317
3342765323 -22.8847416 -43.3151771 3342765322
3342765324 -22.8846824 -43.3151652 3342765323
442042821 -22.8846748 -43.3160744 442041840
442042834 -22.8846353 -43.315877 442042835
3342765325 -22.8846351 -43.3151899 3342765324
442042836 -22.8846096 -43.315095 442042837
442042835 -22.884595 -43.315276 442042836 3342765325
2640823358 -22.8845747 -43.3198002 482151124 482151155
482046191 -22.8845228 -43.3164268 442042834 482046187
442041840 -22.8844929 -43.3169413 3342765313
442041886 -22.8844154 -43.3169393 482046191
481442874 -22.8844105 -43.3111935 481442875
3342765313 -22.88441 -43.3173805 442041838 3342765314
3342765314 -22.8843615 -43.3174454 442041885
442041885 -22.8843045 -43.3174712 442041886 3342765311
442041838 -22.8842675 -43.3181612 482151161 482151126
481442875 -22.8842675 -43.3112607 482048211
3342765309 -22.8842614 -43.3172455 442041886
3342765311 -22.8842442 -43.317449 3342765316 3342765312
3342765310 -22.8842254 -43.3173428 3342765309
3342765312 -22.8842243 -43.317395 3342765310
3342765315 -22.8841784 -43.3173422 3342765309
481442894 -22.8841439 -43.318292 481442891 442041885
3342765316 -22.8840734 -43.3173766 3342765315 482040785
482048209 -22.8839662 -43.3126512 482048211
482151161 -22.8838158 -43.3196023 482151546 482151155
3342765306 -22.8837754 -43.3195879 482151161
481442016 -22.8837659 -43.3193913 481442013 481442894
3342765308 -22.8837356 -43.3195921 3342765306
3342765307 -22.8836812 -43.3196266 3342765308 481442016
482048211 -22.8836734 -43.3114311 482048209 482054348 481442876
482054348 -22.8835629 -43.3113638 482074242 482048211
482046187 -22.883555 -43.3160415 482046191
481442876 -22.8835516 -43.3114604 482045766 482048211
482043714 -22.8832387 -43.3142048 482045757 2050586271
482045762 -22.8831676 -43.3131576 482045764 482045759
482045764 -22.8831676 -43.3130375 482045762 482045766
2050586271 -22.8831534 -43.3147678 2050586266 482043714
482045759 -22.8831438 -43.3132606 482045757 482045762
482074242 -22.8829724 -43.3107174 482073719 482074241 482054348
2050586266 -22.8829162 -43.315594 482040785 2050586271
482045757 -22.8829002 -43.3137656 482043167 482043714 482045759
482045766 -22.8828699 -43.3116802 482045764 482073727 481442876
482073719 -22.8828148 -43.310545 482074242 482073266 482073715
482073727 -22.882764 -43.3117146 481442877 482073715 482045766
482040785 -22.8826433 -43.3167708 3342765316 481442895 2050586266
2050586273 -22.8826296 -43.314918 482045757
481442895 -22.8824193 -43.3166403 481442891 482040785 2050586269
482073266 -22.8823824 -43.3100438 482073719 482054350 482052575 482073370
482073715 -22.8822898 -43.3111663 482073719 482073727 482073370
481442013 -22.8822555 -43.3185885 481442011 481442016
2050586269 -22.8821989 -43.3165079 481442895 482039807 2050586273
481442011 -22.8821764 -43.3185885 481442013 481442010
481442010 -22.8820183 -43.318743 481442011 481442896 481442433
482042819 -22.8819972 -43.3134924 482043173 482042825
482043167 -22.8819419 -43.3125225 482043173 482045757 481442877
481442891 -22.8818996 -43.3173697 481442895 481442896
482073370 -22.8817906 -43.3106785 482074041 482073372 482073715 482073266
481442877 -22.8816308 -43.3120826 482043167 481442878 482073727
482039807 -22.8816141 -43.3161718 2050586269 482042825
482043173 -22.8815781 -43.3129173 482043167 482042819
481442896 -22.8814173 -43.3180049 481442891 481442897 481442010
482042825 -22.8814083 -43.3160215 482042819 482039807 482042475
2041293600 -22.8813609 -43.3143488 2041293578 482041686
2041293578 -22.881354 -43.314289 2041293600 482041696
482041686 -22.8813416 -43.3144075 2041293600 482041680
481442878 -22.8813382 -43.3123744 482073372 481442877 482050303
481442433 -22.8812752 -43.3194484 481442430 481442918 481442397 481442010
482041696 -22.881235 -43.3141756 2041293578 2041293598
482042473 -22.8811907 -43.3151231 482042475
2041293598 -22.8811785 -43.3141417 482041696 2041293592
481442897 -22.8811548 -43.3176888 481442918 482039808 481442896
2041293592 -22.8811242 -43.314144 2041293598 482042080
482042475 -22.8810106 -43.3157807 482042473 482046743 482042825
482041680 -22.8810017 -43.3147798 2041293597 482041686
482042080 -22.8809811 -43.3142342 2041293592 2041293591 482042275
2041293597 -22.8809634 -43.3147997 2041293583 482041680
2041293583 -22.8809245 -43.3147865 2041293571 2041293597
482046743 -22.8808525 -43.315669 482046592 482042475 482040788
482039808 -22.8808273 -43.3172943 482039807 482046592 481442897
482074036 -22.880819 -43.3101621 482073960 482074041
482040788 -22.8807789 -43.315617 482046743 482042275
482050303 -22.8807734 -43.3129869 2041315222 481442878 482062615
2041293571 -22.880755 -43.3146162 2041293584 2041293583
2041293591 -22.8807537 -43.3144533 482042080 482041699
2041293584 -22.8807256 -43.3145698 482041699 2041293571
482041699 -22.8807221 -43.3145203 2041293584 2041293591
482073372 -22.8806927 -43.311477 481442878 482063476 2041315221 482073370
482073960 -22.8804869 -43.3104625 482073962 482074036
481442918 -22.8804089 -43.3184046 481442433 481442897 481442434 481442919
482046592 -22.8802198 -43.3165625 482039808 482046743 481442941
482062615 -22.8801515 -43.3135571 482062901 482040792 482050303
2041315222 -22.880117 -43.3121593 2041315221 482062901 482050303
2041315221 -22.8800254 -43.3120437 482073372 2041315222 2041315220
