483135026 -22879998 -43302209 483129921 483130675 483135737
483132923 -22879969 -43300622 2195295287 483131510 483131516 483132928
483127683 -22879912 -43304563 483127365 483127688
482054361 -22879910 -43307373 482051566 482054363
482074103 -22879871 -43305528 482074102 482075259 482074923 482075260
482051565 -22879831 -43307871 482051566 482074739
483129921 -22879827 -43302322 483129912 483135026
483135737 -22879783 -43301923 483135026 483135742
482074739 -22879773 -43307914 482051565 482074738 482073928
482075260 -22879768 -43305253 482074103 482075261
482054363 -22879728 -43307141 482054361 482054365
482075261 -22879720 -43305021 483127365 482075260
483127365 -22879696 -43304787 482075261 482075262 483127683
482075262 -22879689 -43304712 483127365 482075263
482075263 -22879689 -43303597 483129422 482075262
483129422 -22879688 -43302592 482075263 2195316309
2195316309 -22879678 -43302528 483129422 483129912
483129912 -22879641 -43302456 2195316310 483129921 2195316303 2195316309
482054365 -22879633 -43306867 482054363 482054368
482073928 -22879554 -43308077 482074041 482051564 482074739 482074687
483135742 -22879545 -43301574 483135737 483132917
482063476 -22879530 -43309974 2041315220 482073372 482073549
2195316303 -22879524 -43302328 483142073 483129912 483143116
482074738 -22879507 -43307545 482074736 482074739
482054368 -22879459 -43306429 482054365 482074923
482074687 -22879341 -43307828 482074685 482073928
483143116 -22879327 -43302159 2195316303 483143122
2195316310 -22879324 -43302677 483129912
482074923 -22879310 -43306051 482054368 482054370 482074103 482074924
482074736 -22879309 -43307313 482074738 482074735
2195295287 -22879280 -43300900 483132923
482051564 -22879230 -43308317 482073962 482073928
483132917 -22879154 -43301007 483135742 2195295289
482074685 -22879135 -43307631 482074684 482074687
482074735 -22879135 -43307073 482074734 482074736
482054370 -22879119 -43305571 482074923
482074924 -22879056 -43306283 482074923 482074927
2195295289 -22878998 -43300799 483132917
482073962 -22878988 -43308536 482051562 482073960 482051564
483142073 -22878979 -43301473 2195316303 483142078
482074734 -22878977 -43306884 482074735
482074684 -22878961 -43307476 482074683 482074685
483143122 -22878940 -43301876 483143116 483143138
482074927 -22878914 -43306403 482074932 482074924
482074683 -22878858 -43307244 482074684 482074682
483136914 -22878797 -43300623 483136917
483142078 -22878789 -43301232 483142073 483142082
482074932 -22878771 -43306403 482074927 482074937
482051562 -22878716 -43308781 482073549 482073962
483143138 -22878671 -43301619 483143122 483143145
482073549 -22878650 -43308846 482051562 482063476 482050165
482074937 -22878645 -43306369 482074932
482074682 -22878629 -43307021 482074683
483142082 -22878615 -43300889 483142078 483142085
483142085 -22878584 -43300803 483142082
483143145 -22878370 -43301258 483143138 483590501
482066480 -22878336 -43307047 482066473 482066482
482066473 -22878321 -43306901 482066480 482066471
483590486 -22878303 -43301994 483590496
483590496 -22878287 -43301728 483590499 483590486
482066482 -22878281 -43307133 482066480 482066455
482066471 -22878242 -43306815 482066473 482066467
482066455 -22878147 -43307201 482066458 482066482 482066484
482066467 -22878131 -43306789 482066463 482066471
483590501 -22878128 -43300974 483590499 483143145 483143152
482066458 -22878044 -43307107 482066455 482066461
483590499 -22878042 -43301101 483590496 483590501
482066463 -22878036 -43306875 482066461 482066467
482066484 -22877996 -43307244 482066455 482066485
482066461 -22877996 -43306995 482066463 482066458
482050165 -22877996 -43309485 482073549 2041315220 482066488 482062396
483143152 -22877983 -43300803 483590501 483143159
482066485 -22877894 -43307347 482066484 482066486
482066487 -22877870 -43307691 482066486 482067582
482066486 -22877870 -43307536 482066485 482066487
483590100 -22877844 -43301539 483590101
483589286 -22877820 -43302852 483589292
482067582 -22877780 -43308085 482067807 482066487 482066488
483143159 -22877753 -43300486 483143152 483143167
483589292 -22877678 -43302543 483589294 483589286
483590101 -22877678 -43301341 483590106 483590100
482066488 -22877498 -43309324 482068007 482050165 482067582
483590106 -22877472 -43301101 483590101 483590111
483589294 -22877156 -43301959 483589292 483589297
483589297 -22877038 -43301865 483589294 483589299
482068007 -22877025 -43309206 482050162 482066488
483590111 -22876915 -43300438 483590106 483589357 483143167
483589299 -22876911 -43301685 483589302 483589297
483589357 -22876864 -43300557 483589302 483589477 483590111
482067807 -22876755 -43307811 482067810 482067582
483589302 -22876580 -43301213 483588524 483589357 483589299 483591696
482067810 -22876486 -43307734 482067807 482067816
483588524 -22876247 -43301985 483589302 483588522
482067816 -22876225 -43307682 482067810 482067822
482064528 -22876130 -43305528 482064527 2038741363
483588522 -22876009 -43302423 483588519 483588524
482067822 -22875980 -43307648 482067816 482064526
482064527 -22875948 -43306343 482065400 482064526 482064528
483591696 -22875934 -43300428 483589302 483589580 483591330
483588519 -22875930 -43302560 483588517 483588522
483588517 -22875891 -43302689 483588519 483588513
483588509 -22875843 -43302861 483588513
483588513 -22875835 -43302732 483588517 483588509
482064526 -22875679 -43307570 482067822 482050162 482064527
483591330 -22875606 -43301195 483590887 483591696
483590887 -22875472 -43301084 483590881 483591330 483592237
2038741363 -22875436 -43305291 482064528
482050162 -22875395 -43308798 482064524 482050160 482068007 482064526
483592237 -22875266 -43300844 483592231 483590887 483592432
483590881 -22875234 -43301882 483590877 483590887
482064523 -22875189 -43309965 482064520 482064524
482064524 -22875173 -43309794 482050162 482064523
482065400 -22875126 -43306129 482065398 482064527
483590877 -22875116 -43302243 483590881
483592231 -22875092 -43301153 483592237 483592228
482065398 -22875055 -43306060 482065395 482065400
482065395 -22874928 -43305957 482065393 482065398
483592432 -22874758 -43300254 483592237 483592550 483592429
482065393 -22874699 -43305794 482065395
482050160 -22874612 -43308592 482050157 482050162
482069605 -22874596 -43306506 482069602
483592228 -22874562 -43302097 483592231
482069602 -22874477 -43306858 482069599 482069605
482059264 -22874446 -43309742 482059261 482059273
483592429 -22874436 -43300818 483592423 483592432
482059261 -22874382 -43309699 482059258 482059264
482069599 -22874319 -43307193 482069597 482069602
482059258 -22874264 -43309742 482059256 482059261
482059256 -22874193 -43309862 482059258 482059253
482050157 -22874169 -43308506 482050153 482050160
482069597 -22874129 -43307493 482070755 482069599
482070218 -22874082 -43306249 482070217 482070220
482070220 -22874042 -43306377 482070223 482070218
482070217 -22874027 -43306026 482070216 482070218
482070223 -22873963 -43306395 482070220 482070225
482070216 -22873963 -43305734 482070217 482070213
483592423 -22873898 -43301685 1776325340 483594263 483592429
482069152 -22873868 -43309356 482069161
482070225 -22873853 -43306343 482070223 482070229
482070213 -22873853 -43305511 482070210 482070216
482070586 -22873758 -43306858 482070582 482070587
482070587 -22873758 -43306575 482070586 482070232
482070755 -22873740 -43307971 482069595 482069597 482070751
1776325340 -22873740 -43301958 483592418 483592423 1776325337
482070229 -22873726 -43306232 482070225 482070232
482070210 -22873726 -43305270 482070208 482070213
482070582 -22873687 -43307030 482070579 482070586
1776325339 -22873682 -43304553 1776325335
483592546 -22873669 -43301067 483592550
483592418 -22873645 -43302122 1776325340
1776325337 -22873637 -43301942 1776325340 483593576
482070751 -22873623 -43307854 482070755 482070577
482070232 -22873615 -43306137 482070229 482070588 482070587
482070579 -22873576 -43307141 482070582 482070577
482070208 -22873576 -43305056 482070206 482070210
1776325335 -22873564 -43304274 1776325339 1776325331
482050153 -22873528 -43308446 482069595 482050157
482070206 -22873465 -43304944 482070208
1776325333 -22873460 -43303731 483596987 1776325329
482070588 -22873457 -43305828 482070232 482070591
1776325331 -22873454 -43304093 1776325335 1776325327
483593528 -22873431 -43302268 483593554
482070577 -22873386 -43307193 482070579 482071719 482070751
1776325329 -22873365 -43303934 1776325333 1013019774
1013019774 -22873362 -43303968 1776325329 1776325324
482069595 -22873362 -43308435 482070755 482050150 482050153 482069189
1776325327 -22873356 -43304010 1776325324 1776325322 1776325331
482071719 -22873337 -43307030 482071917 482070577 482071715
483594263 -22873321 -43301307 483592423
1776325324 -22873315 -43303964 1013019774 1776325327 1776325320
482070591 -22873291 -43305614 482070588 482070596
1776325322 -22873273 -43304043 1776325318 1776325327
482071715 -22873267 -43307244 482071719 482071713
483593554 -22873250 -43302097 483593557 483593528
482071713 -22873172 -43307459 482071711 482071715
1776325320 -22873148 -43303772 1776325324 1013019458
483593557 -22873147 -43301899 483593554 483593563
483593597 -22873139 -43301101 483593589 483593602
483594017 -22873139 -43300432 483594019
482070596 -22873125 -43305511 482070591 482070598
482071917 -22873100 -43306238 482070607 482071719 482072492
483593563 -22873060 -43301668 483593557 483593576
482071711 -22873054 -43307622 482071708 482071713
483593589 -22873052 -43301256 483593584 483593597
483593584 -22873012 -43301376 483593589 483593576
482072492 -22873006 -43306412 482072495 482071917
483593576 -22873004 -43301470 483593584 483593563 1776325337
1776325318 -22872996 -43304043 1776325322 1776325316
482070598 -22872967 -43305459 482070607 482070596
483596085 -22872941 -43300912 483596089
482072495 -22872912 -43306686 482072492 482072497
482071708 -22872904 -43307759 482071705 482071711
482070607 -22872888 -43305528 482070598 482071917
483595708 -22872862 -43300054 483595711
482050150 -22872856 -43308403 482050148 482069595
1776325316 -22872801 -43303990 1776325318 1776325295
482072497 -22872777 -43306875 482072495 482073103
1776325298 -22872739 -43301696 1776325273
482071705 -22872722 -43307854 482071393 482071708
1776325295 -22872695 -43304057 1776325292 1776325316
483596089 -22872688 -43300749 483596085 483596095
482073103 -22872681 -43306985 482072502 482073164 482072497
482072502 -22872619 -43307056 482073103 482072510
483596982 -22872609 -43302946 483596987 1013019458
483596987 -22872593 -43302878 483596982 1776325333 483596993
482071393 -22872548 -43307905 482071705 2038747485 482071869
1776325292 -22872520 -43304234 1776325285 1776325295
2038754787 -22872479 -43306245 2038754791 1776325287
1013019458 -22872473 -43303122 483596982 1776325290 1776325320
482071869 -22872469 -43308025 482071393 482071874
1776325290 -22872457 -43303106 1013019458 1776325280
1776325287 -22872426 -43305967 1776325283 2038754787
1776325285 -22872418 -43304521 1776325292 1776325282
482072510 -22872397 -43307253 482072502 482072512
2038754791 -22872385 -43306406 2038754787 2038754793
1776325283 -22872381 -43305813 1776325281 1776325287
1776325282 -22872373 -43304981 1776325285 1776325281
1776325281 -22872365 -43305547 1776325282 1776325283
1776325280 -22872345 -43303062 1776325290 1776325279
482071874 -22872318 -43308214 482071877 482071869
482050148 -22872310 -43308352 482071877 482050150
2038747485 -22872292 -43307731 482071393 482071381
482071877 -22872249 -43308339 482050148 482050145 482071874
2038754793 -22872222 -43306486 2038754791 2038754785
483596095 -22872198 -43300354 483596096 483596089
1776325279 -22872166 -43303101 1776325280 1776325278
482072512 -22872152 -43307364 482072510 482071381
2038754785 -22872068 -43306534 2038754789 2038754793
482073164 -22872044 -43306928 482073165 2038754797 482073103
2038754797 -22871989 -43306840 2038754789 482073164
2038754789 -22871970 -43306674 2038754785 2038754797
482071381 -22871931 -43307476 2038747485 482072512 482072516
1776325278 -22871893 -43303372 1776325279 1776325276 1776325277
1776325277 -22871835 -43303274 1776325274 1776325278
482050145 -22871796 -43308249 482072538 482071877
482073165 -22871749 -43306858 482073164 482073167
482072516 -22871709 -43307476 482072520 482071381
1776325276 -22871672 -43303592 1776325278 1776325251
482073167 -22871670 -43306815 482073165
1776325275 -22871651 -43300440 1776325273 1776325253
483596270 -22871620 -43301050 483596272
1776325274 -22871599 -43303053 1776325271 1776325277
1776325273 -22871574 -43300568 1776325275 1776325298
482072520 -22871441 -43307450 482072524 482072516
1776325271 -22871346 -43302836 1776325267 1776325274
482072538 -22871283 -43308177 482049072 482072534 482050145
482072524 -22871243 -43307493 482072520 482072528
1776325269 -22871193 -43304580 1776325251
482072534 -22871156 -43307931 482072532 482072538
482072528 -22871108 -43307596 482072524 482072532
1776325267 -22871098 -43302748 1776325255 1776325271
482072532 -22871085 -43307742 482072534 482072528
1776325255 -22871055 -43302777 1776325267 1776325249
1776325251 -22870949 -43304382 1776325276 1776325248 1776325269
1776325249 -22870928 -43302971 1776325255 1776325248
483596272 -22870788 -43300301 483596270 483596993 1776325253
3819280101 -22870690 -43302220 3819280100
3819280099 -22870583 -43302695 3819280098
483596993 -22870515 -43300780 483596987 3819280100 483596272
1776325248 -22870377 -43303918 1776325249 1776325246 1776325251
1776325246 -22870305 -43303860 1776325242 1776325248
3819280100 -22869961 -43301753 3819280098 483596993 3819280101
475758507 -22869847 -43309059 475758480 475758543
3819280098 -22869757 -43302112 475758568 3819280100 3819280099
475758543 -22869649 -43308699 475758550 475758507
483605364 -22869564 -43300088 483605367 483605361
1776333785 -22869549 -43309427 1776333784 1776333780
440425407 -22869520 -43309972 2164658915 474965391
1776333784 -22869505 -43309356 1776333785 1776333783
475758550 -22869483 -43308150 482049072 475758543
2164658915 -22869481 -43309911 2164658925 440425407
482049072 -22869461 -43307924 482072538 475758550 475758553
2164658925 -22869441 -43309862 3819280670 2164658915
483605361 -22869422 -43300277 483605364 483605358
475758553 -22869404 -43307343 482049072 2362853947
3819280670 -22869343 -43309774 1776333780 2164658925
1776333783 -22869340 -43308950 1776333777 1776333784
1776333780 -22869292 -43309729 474965208 3819280670 1776333785
483605358 -22869272 -43300483 483605355 483605361
2362853947 -22869209 -43304509 475758553 1776325242
1776325242 -22869173 -43304000 2362853947 475758560 1776325246
1776333777 -22869173 -43308481 1776333775 1776333783
475758568 -22869159 -43303163 483604506 475758560 3819280098
483606393 -22869129 -43301547 483606411
475758560 -22869127 -43303334 475758568 1776325242
1776333775 -22868998 -43307932 1776333777 1776333773
483605355 -22868955 -43300869 483605352 483605358
1776333773 -22868945 -43307344 1776333771 1776333775
1776333771 -22868920 -43306822 1776333770 1776333773
1776333770 -22868843 -43305858 1776333769 1776333771
1776333769 -22868757 -43304977 1776333768 1776333770
1776333768 -22868741 -43304526 1776333767 1776333769
483604506 -22868631 -43303968 483604500 475758568
483605352 -22868623 -43301350 483605348 483605355
1776333767 -22868615 -43304354 1776333768 1776333761
483604500 -22868552 -43304088 483604506 1776333761
1776333766 -22868545 -43306942 1776333765
1776333765 -22868540 -43306871 1776333759 1776333766 1776333764
483605348 -22868520 -43301565 483605342 483605352
1776333764 -22868504 -43306418 1776333758 1776333763 1776333765
1776333763 -22868469 -43305976 1776333757 1776333764 1776333762
483605342 -22868425 -43301839 483605334 483605348
1776333762 -22868352 -43304505 1776333763 1776333760
1776333761 -22868348 -43304247 483599044 483604500 1776333767
483605334 -22868346 -43302157 483605342 483605321
1776333760 -22868328 -43304399 1776333762 483599044
483605321 -22868283 -43302474 483605317 483605334
483599044 -22868244 -43304328 483607928 1776333761 483605311 1776333760
483607911 -22868244 -43300054 483607908 483607915
483605314 -22868228 -43303264 483605317 483605311
483605317 -22868228 -43302929 483607924 483605314 483605321
483605311 -22868204 -43304225 483599044 483605314
1776333759 -22868088 -43307264 1776333765
483607915 -22868070 -43300303 483607911 483607917
1776333758 -22867958 -43306923 1776333764
483607917 -22867951 -43300535 483607920 483607915
483607920 -22867832 -43300929 483607924 483607917
1776333757 -22867762 -43306565 1776333763
474965208 -22867599 -43308143 474965035 1776333780 474965207
483607924 -22867452 -43302472 483607920 483607928 483605317 2366810658
483607928 -22867391 -43305008 483599044 483607924 483599765
474965035 -22867133 -43307720 474965208 474965033 474965061
472989067 -22866945 -43301328 472989631
2366810658 -22866851 -43302414 483607924 483608117
474965061 -22866699 -43307310 440425406 474965035 474965088
472989028 -22866684 -43305749 472989040
483608117 -22866661 -43302394 472989067 2366810658
472989026 -22866660 -43305972 472989028
483600863 -22866614 -43306075 483600859 472989026
483600859 -22866607 -43305933 483600857
472989064 -22866605 -43302607 483608117
472989040 -22866589 -43305371 483600311
483600857 -22866567 -43305796 483599765
472989024 -22866526 -43306272 483600863
1776333733 -22866482 -43301128 1776333723 1776333710
483599765 -22866482 -43305721 483607928 483599038
483600311 -22866474 -43305229 472989049
472989061 -22866439 -43303294 472989064
1776333729 -22866422 -43301803 1776333721 1776333725
472989049 -22866407 -43305148 472989051
472989118 -22866342 -43306485 472989024
1776333725 -22866342 -43302098 483608628 1776333719
472989059 -22866320 -43303800 472989061
1776333721 -22866309 -43301877 1776333729 1776333709
483608628 -22866298 -43302260 2366810661
440425406 -22866298 -43306915 472989113 474965061
472989021 -22866289 -43306547 472989118
2366810661 -22866288 -43302297 483611581
1776333719 -22866271 -43302027 1776333709 1776333725
472989113 -22866265 -43306778 472989116
472989116 -22866265 -43306658 472989118
472989051 -22866249 -43304985 472989054
472989056 -22866202 -43304487 472989059
483599038 -22866182 -43305957 483599035 483603926
1776333710 -22866170 -43301338 1776333701 1776333693 1776333733
472989054 -22866170 -43304770 472989056
1776333709 -22866168 -43301964 1776333721 1776333695 1776333719
1909480205 -22866117 -43305258 1909480209
1909480209 -22866116 -43305067 331668981
331668982 -22866106 -43305411 1909480205
331668981 -22866094 -43304918 331668980
483599035 -22866080 -43305972 483599090
472989020 -22866075 -43306727 440425406 472989021
440424625 -22866068 -43305651 331668982
483611581 -22866045 -43303230 2366810651
2366810651 -22866029 -43303487 483611586
483599090 -22866022 -43305911 440424626
440424626 -22866021 -43305828 440424625
483611586 -22866021 -43303616 1776381929
331668980 -22866008 -43304443 331668979
331668979 -22865878 -43303272 1776333689
1776333695 -22865871 -43301974 1776333691 1776333709 1776333684
331669078 -22865868 -43304119 331669077
331669077 -22865847 -43304550 1909480207
1776381929 -22865828 -43304111 483611588 1776381923
1776333693 -22865825 -43301528 1776333682 1776333710
1776333691 -22865822 -43302021 1776333695 1776333689
474965094 -22865816 -43307390 474965089 474965095
1909480207 -22865800 -43304843 331669076
483603926 -22865796 -43306282 483603773
523452614 -22865790 -43303289 331669078
483611588 -22865776 -43304242 483611594
331669076 -22865765 -43305112 1909480208
1776381923 -22865765 -43304006 1776381922 1776381929
1776333689 -22865757 -43302115 486759285 1776333691
483603773 -22865752 -43306320 483603766
331669074 -22865736 -43306062 483603926
486759285 -22865730 -43301965 523452614 1776333684
1776333684 -22865722 -43301893 1776333682 1776333695 486759285
1909480208 -22865719 -43305352 331669075
472989018 -22865711 -43306839 472989020
1909480206 -22865698 -43305777 331669074
331669075 -22865698 -43305588 1909480206
1776333682 -22865689 -43301566 1776333693 1776333678 1776333684
1776381922 -22865666 -43303899 1776381919 1776381918 1776381923
1776381919 -22865662 -43303791 1776381917 1776381922
1776381918 -22865623 -43303852 1776381922 1776381905
474965095 -22865595 -43306860 472989018 474965094
483603766 -22865594 -43306465 483603759
1776381917 -22865550 -43302370 1776381919 1776381899 1776381916
483603746 -22865507 -43306757 474965095
1776381916 -22865503 -43301772 1776381914 1776381917 1776381870
474965033 -22865499 -43309476 474965035 474965088 474965030
483603759 -22865491 -43306594 483603753
483603753 -22865484 -43306680 483603746
1776381914 -22865451 -43301105 1776381912 1776381916 1776381869
1776381912 -22865403 -43300503 1776381914 1776381868 1776381911
1776381911 -22865388 -43300310 1776381909 1776381912
483611594 -22865349 -43304955 483611600
1776381906 -22865313 -43300098 1776381876
472989017 -22865284 -43306916 474965095
1776381905 -22865208 -43303595 1776381899 1776381918
474965088 -22865110 -43309053 474965033 474965085 474965061 474965089
1776381899 -22865082 -43302422 1776381917 1776381873 1776381905
483611600 -22865033 -43305281 483611605
474965132 -22865001 -43307304 474965133 474965131
474965133 -22864954 -43306963 472989017 474965132
474965131 -22864938 -43307502 474965121 474965132
472989016 -22864746 -43306993 474965133
474965085 -22864705 -43309497 474965057 474965088 474965084
474965089 -22864692 -43308635 474965088 474965121 474965094
483611605 -22864669 -43305624 483611611
1776381876 -22864420 -43300230 1776381906 1776381868 1776381888
472989013 -22864414 -43307113 472989016
1776381873 -22864330 -43302507 1776381899 1776381870
483611611 -22864289 -43305925 483611624
1776381870 -22864275 -43301951 1776381873 1776381916 1776381869
474965121 -22864260 -43308202 474965090 474965089 474965131
1776381869 -22864205 -43301244 1776381914 1776381868 1776381870
1776381868 -22864148 -43300669 1776381912 1776381876 1776381869
472989012 -22864129 -43307276 472989013
474965091 -22864043 -43307289 474965090 472989012
474965090 -22863886 -43307828 474965121 474965091
483611624 -22863862 -43306199 483611630
472989008 -22863781 -43307328 474965091
474964924 -22863752 -43309450 474964923 474964925
474965084 -22863744 -43308386 474965083 474965085
474964925 -22863712 -43309295 474964924 474964892
474964923 -22863704 -43309673 474964922 474964924
474965083 -22863665 -43308368 474965082 474965084
474964892 -22863633 -43309201 474964891 474964925
474964922 -22863609 -43309922 474964921 474964923
474964891 -22863562 -43309218 474964890 474964892
474964889 -22863506 -43309459 474964888 474964890
474964888 -22863498 -43309707 474964887 474964889
474964890 -22863483 -43309287 474964889 474964891 474964896
483611630 -22863467 -43306371 483611636
474964887 -22863443 -43309785 474964886 474964888
472989007 -22863386 -43307371 472989008
474964886 -22863372 -43309879 474964887 474964885
474964896 -22863364 -43309321 474964895 474964890
474964885 -22863277 -43309939 474964884 474964886
474965082 -22863214 -43308755 474965083
474964895 -22863166 -43309390 474964894 474964896
472989005 -22863109 -43307319 472989007
1776381867 -22863092 -43306402 1776381866
474965149 -22863064 -43307294 474965148 472989005
474965148 -22863056 -43307699 474965147 474965149
474964894 -22862969 -43309424 474964895
472989002 -22862896 -43307199 474965149
483611636 -22862747 -43306603 2366823702
1776381866 -22862672 -43306469 1776381865 331669446 1776381867
472989000 -22862508 -43307096 472989002
474965147 -22862407 -43308729 474965148
331669446 -22862356 -43306520 1776381863 1776381866
2366823709 -22862312 -43307066 472989000
472988997 -22862231 -43307053 2366823709
1776381865 -22862182 -43304572 1776381866
1776381864 -22862173 -43306020 1776381850 1776381860
1776381863 -22862126 -43306541 331669446 1776381831 1776381860
2366823702 -22862109 -43306693 483611644
1776381862 -22862093 -43302804 1776381855
483611644 -22862083 -43306697 1776381845
472988995 -22861986 -43307053 472988997
1776381861 -22861951 -43304768 1776381850 1776381832
1776381860 -22861930 -43306135 1776381864 1776381857 1776381863
1776381857 -22861905 -43306083 1776381830 1776381860
1776381855 -22861749 -43302543 1776381847 1776381862 1776381852
1776381852 -22861714 -43302571 1776381842 1776381855
1776381850 -22861686 -43304878 1776381864 1776381830 1776381861 1776381824
472988993 -22861638 -43307105 472988995
1776381847 -22861617 -43302492 1776381855 1776381828
1776381845 -22861589 -43306804 1776381831 483611654
1776381842 -22861584 -43302717 1776381829 1776381852
1776381832 -22861545 -43303873 1776381861 1776381824
1776381831 -22861532 -43306643 1776381863 1776381817 1776381845
483611654 -22861529 -43306817 483611665
1776381830 -22861443 -43304992 1776381850 1776381857 1776381812
1776381829 -22861404 -43302980 1776381842 1776381826
1776381828 -22861355 -43302355 1776381847 1776381815
1776381826 -22861353 -43303029 1776381829 1776381821
1776381824 -22861310 -43303997 1776381850 1776381832 1776381812
1776381821 -22861251 -43303088 1776381814 1776381826
1776381819 -22861115 -43300963 1776381809
1776381817 -22861111 -43305455 1776381831 1776381808
1776381815 -22861103 -43301864 1776381809 1776381828
1776381814 -22861097 -43303109 1776381806 1776381821
1776381812 -22861074 -43304121 1776381824 1776381830
1776381809 -22861072 -43301517 1776381819 1776381815
1776381808 -22860945 -43305048 1776381800 1776381817
1776381806 -22860943 -43303089 1776381804 1776381814
472988992 -22860934 -43307379 472988993
1776381804 -22860881 -43303042 1776381792 1776381806
1776381802 -22860869 -43304541 1776381800
1776381800 -22860806 -43304465 1776381798 1776381802 1776381808
483611665 -22860778 -43307041 483611669
1776381798 -22860727 -43304368 1776381800 1776381791
1776381792 -22860709 -43302858 1776381788 1776381804
1776381791 -22860635 -43304157 1776381790 1776381798
1776381790 -22860598 -43303910 1776381789 1776381791
1776381789 -22860592 -43303713 1776381790 1776381786
1776381788 -22860546 -43302795 1776381784 1776381792
1776381786 -22860546 -43303302 1776381784 1776381789
1776381784 -22860439 -43302851 1776381782 1776381788 1776381786
1776381782 -22860335 -43302710 1776381780 1776381784
1776381780 -22860221 -43302540 1776381778 1776381782
1776381778 -22860121 -43302355 1776381776 1776381780
483611669 -22860098 -43307264 483611679
1776381776 -22860026 -43302115 1776381769 1776381778
1776381774 -22860011 -43303825 1776381771
