1874867529 -22.9597163 -43.6105949 1874867364 1874867457
349314059 -22.9596889 -43.6112659 349314060 349314058
1874867364 -22.9595187 -43.6103052 1874867369 1874867529
1874867369 -22.9592421 -43.6102087 1874867487 1874867323 1874867364
1874867323 -22.9592421 -43.6101121 1874867369 1874867495
1874867487 -22.9589258 -43.6101901 1874867369 1874867326 1874867205
1874867326 -22.958511 -43.6101658 1874867487 1874867307
349314058 -22.9583453 -43.6108883 349314059 2589861132
1874867497 -22.9575133 -43.6189849 1874867370 1874867493
1874867493 -22.9574347 -43.619767 1874867428 1874867497
1874867370 -22.9573848 -43.6184806 1874867395 1874867497
1874867312 -22.9573162 -43.6152502 1874867218 1874867434
1874867512 -22.9573063 -43.6136837 1874867508 1874867218
1874867218 -22.9573058 -43.6140711 1874867512 1874867312
1874867434 -22.9572964 -43.6158832 1874867501 1874867312
1874867501 -22.9571378 -43.6170644 1874867434 1874867395
1874867508 -22.9570494 -43.6130615 1874867512 1874867463
1874867395 -22.9569995 -43.6177081 1874867501 1874867370
2589861132 -22.9567748 -43.6104747 349314058 1874867440 1874867464
1874867463 -22.9566444 -43.6121924 1874867476 1874867508
1874867476 -22.9562492 -43.6115594 1874867335 1874867463
1874867335 -22.9560314 -43.6110348 1874867476 1874867320
1874867320 -22.955814 -43.6105198 1874867335 1874867440
1874867440 -22.9557056 -43.6101931 2589861132 349314056 1874867320
