1210535689 -22.9598154 -43.2229759 1210535626 1210535568
1210535568 -22.959772 -43.2228822 1210535689 1210535747 887042395
1210535747 -22.9596496 -43.2226179 1210535568
329600167 -22.95387 -43.227638 2880839567 2880839568
2880839568 -22.953847 -43.227819 329600167 2880839570
2880839567 -22.953736 -43.227016 2880839564 329600167
2880839570 -22.953735 -43.228052 2880839566 2880839568
2880839561 -22.953709 -43.228749 2880839566 2880839563
2880839564 -22.953688 -43.22688 2880839567 2880839560
2880839563 -22.953687 -43.228863 2880839561 2880839565
2880839566 -22.953675 -43.228285 2880839570 2880839561
2880839560 -22.953651 -43.226813 2880839558 2880839564
2885394510 -22.95358 -43.229812 2885394511 2885394508
2880839558 -22.95356 -43.226707 2876768612 2880839560
2880839565 -22.953539 -43.229228 2880839563 2885394512
2885394511 -22.953521 -43.229507 2885394510 2885394512
2885394512 -22.953514 -43.22939 2885394511 2880839565
2876768612 -22.953399 -43.226552 2885394507 2880839558
2885394507 -22.953297 -43.22643 2876768611 2876768612
2876768611 -22.953055 -43.226024 2885394507 2880839556
2880839556 -22.952885 -43.225854 2876768611 2880839555
2880839555 -22.952813 -43.225819 2876768610 2880839556
2876768610 -22.952743 -43.225807 2880839554 2880839555
2880839554 -22.95263 -43.225828 2880839553 2876768610
2880839553 -22.952516 -43.225886 2880839552 2880839554
2880839552 -22.952115 -43.226144 2880839553 2885394506
2885394506 -22.952048 -43.226174 2880839552 2885383832
2885383832 -22.951955 -43.226172 2885394505 2885394506
2885394505 -22.951893 -43.226137 2876768609 2885383832
1491436309 -22.9518182 -43.2296905 2885551950 1491436671
2876768609 -22.951795 -43.226024 2885394505 3759968738
1491436671 -22.9517313 -43.2293909 1491436309 1491436409
1491436409 -22.9515993 -43.2293323 1491436671 1491436244
3759968738 -22.951569 -43.225673 2876768609 2880839548
1491436606 -22.9515184 -43.22872 2885551944 1491436449
1491436449 -22.9514201 -43.2284816 1491436606 2885551935
1491436244 -22.9514164 -43.2293421 1491436409 2885551943
2885551944 -22.9514014 -43.2290099 2885551942 1491436606
2880839548 -22.951364 -43.225416 2880839547 3759968738
2885551942 -22.9513054 -43.2291173 2885551939 2885551944
2885551943 -22.9512994 -43.2293062 1491436244 2885551939
2885551935 -22.9512904 -43.2283618 1491436449 1491436290
2885551939 -22.9512515 -43.2292085 2885551942 2885551943
2880839547 -22.951225 -43.225313 3759968737 2880839548
1491436290 -22.9510715 -43.2282999 2885551935 2885551933
3759968737 -22.95106 -43.225218 2880839546 2880839547
2885551933 -22.9508826 -43.2283195 1491436290 2885551932
2880839546 -22.950695 -43.22504 3759968737 2880839545
2885551932 -22.9506727 -43.2282901 2885551933 1491436649
1491436649 -22.9504777 -43.2281045 2885551930 2885551932
2880839545 -22.950472 -43.22483 2880839544 2880839546
2885551931 -22.9504477 -43.227476 2885551930 1491436493
2885551930 -22.9504267 -43.2278016 1491436649 2885551931
2880839544 -22.950383 -43.224789 3759968736 2880839545
1491436493 -22.9503038 -43.2273359 2885551929 2885551931
3759968736 -22.950174 -43.224747 3759968735 2880839544
2885551929 -22.9501359 -43.2272903 1491436493 2885551928
3759968735 -22.950074 -43.224712 2880839541 3759968736
2880839543 -22.950072 -43.223699 2880839540 2880839542
2880839540 -22.95006 -43.223852 2880839543 3759968733
2880839542 -22.950013 -43.2234 2880839543 2880839537
2880839541 -22.949964 -43.224654 3759968735 2880839539
2885551928 -22.9499619 -43.2272447 2885551929 2885551927
3759968733 -22.949952 -43.224059 2880839540 3759968734
2880839537 -22.949931 -43.223143 2880839536 2880839542
3759968734 -22.949893 -43.224208 3759968733 2880839538
2880839539 -22.949859 -43.224554 2880839541 2880839538
2885551927 -22.949854 -43.2271112 2885551928 1491436330
2880839538 -22.949837 -43.224457 3759968734 2880839539
1491436330 -22.949797 -43.2268051 2885551926 2885551927
2885551926 -22.949701 -43.2266097 1491436330 1491436693
1491436693 -22.949572 -43.226512 2885551926 2885551925
2880839536 -22.949391 -43.22193 2880839535 2880839537
2885551925 -22.9493681 -43.226512 1491436693 1491436532
2880839535 -22.949215 -43.221427 3759968732 2880839536
3759968732 -22.949147 -43.221305 2880839534 2880839535
1491436532 -22.9491402 -43.2266129 2885551925 2885551924
2885551924 -22.9489303 -43.226753 1491436532 1491436374
2880839534 -22.948858 -43.220968 3759968732 3759968731
3759968731 -22.948771 -43.220827 2880839530 2880839534
1491436374 -22.9487683 -43.2267302 2885551924 2885551923
2880839530 -22.948712 -43.220661 2880839528 3759968731
2880839528 -22.948647 -43.22029 2880839531 2880839530
2885551923 -22.9485824 -43.2266292 1491436734 1491436374
1491436576 -22.9485254 -43.2259779 1491436734 1491436421
2885551922 -22.9485254 -43.2252516 1491436421 2885551921
1491436421 -22.9485134 -43.2254926 1491436576 2885551922
2885551921 -22.9484804 -43.2250627 1491436254 2885551922
1491436734 -22.9484774 -43.2263915 1491436576 2885551923
2885551918 -22.9484684 -43.2244016 1491436254 2885551920
2885551920 -22.9484654 -43.224115 2885551918 1491436619
1491436254 -22.9483965 -43.2247664 2885551918 2885551921
1491436619 -22.9483635 -43.2238512 2885551920 1491436242
1491436242 -22.9481295 -43.2237079 1491436619 1491436603
1491436603 -22.9478986 -43.223747 1491436242 2885551917
2885551917 -22.9477007 -43.2239326 1491436603 2885551916
1491436448 -22.9476377 -43.2247566 1491436288 2885551916
2885551916 -22.9476017 -43.2242551 2885551917 1491436448
1491436288 -22.9474158 -43.2250855 1491436647 1491436448
1491436647 -22.9473618 -43.225447 1491436288 1491436491
1491436491 -22.9473168 -43.226157 1491436647 1491436329
1491436329 -22.9471789 -43.2267074 1491436491 1491436692
1491436692 -22.9469359 -43.2269842 1491436329 1491436529
1491436529 -22.9465851 -43.2271275 1491436692 2885551915
2885551915 -22.9462192 -43.2270558 1491436373 1491436529
1491436373 -22.9457993 -43.2268148 2885551915 2885551914
2885551914 -22.9449956 -43.2265738 1491436373 1491436733
1491436733 -22.9448246 -43.2264045 2885551914 2885551913
2885551913 -22.9447826 -43.2261668 1491436733 1491436574
1491436574 -22.9446477 -43.2259225 2885551913 2885551912
2885551912 -22.9443718 -43.2259323 1491436418 1491436574
1491436418 -22.9440869 -43.2260886 2885551912 1491436247
1491436247 -22.943679 -43.226512 1491436418 1491436617
1491436617 -22.94349 -43.2264436 1491436247 1491436465
1491436465 -22.9432561 -43.2261928 1491436617 1491436712
2885552604 -22.9431661 -43.2238838 1491436234 1491436398
1491436712 -22.9431625 -43.2257099 2885552603 1491436465
1491436398 -22.9431511 -43.2243007 2885552605 2885552604
2885552603 -22.9431272 -43.2255284 1491436712 1491436553
1491436553 -22.9431272 -43.2252223 2885552603 2885552605
2885552605 -22.9431152 -43.2248087 1491436553 1491436398
1491436234 -22.9430822 -43.2234832 1491436596 2885552604
1491436596 -22.9427013 -43.2226886 1491436234 1491436445
1491436445 -22.9421794 -43.2223596 1491436596 1491436280
1491436280 -22.9415256 -43.2221966 1491436641 1491436445
1491436349 -22.9414896 -43.225548 2885552602 2885552601
2885552602 -22.9414447 -43.2252516 1491436349 2885551600
2885552601 -22.9414267 -43.2257987 1491436349 2885551599
2885551600 -22.9413457 -43.2250692 1491436509 2885552602
2885551599 -22.9412857 -43.2259616 2885552601 1491436708
1491436641 -22.9412317 -43.2221317 2885551598 1491436280
1491436708 -22.9411028 -43.2259811 2885551599 2885551594
1491436509 -22.9410698 -43.2249325 1491436664 2885551600
2885551597 -22.9410338 -43.2239913 1491436720 2885551596
1491436720 -22.9410338 -43.2237959 1491436357 2885551597
2885551598 -22.9409887 -43.2221868 1491436641 2885551595
2885551596 -22.9409498 -43.2242192 2885551597 1491436560
1491436664 -22.9409228 -43.2247826 1491436407 1491436509
1491436357 -22.9408868 -43.2236558 1491436521 1491436720
2885551595 -22.9408806 -43.2223294 2885551598 1491436484
1491436560 -22.9408598 -43.2244244 2885551596 1491436407
1491436407 -22.9408448 -43.2246328 1491436560 1491436664
2885551594 -22.9407099 -43.2259486 1491436708 1491436545
1491436521 -22.9406619 -43.2236167 1491436681 1491436357
1491436484 -22.9404879 -43.2230273 2885551595 1491436326
1491436681 -22.9404219 -43.22348 1491436521 1491436326
1491436545 -22.940404 -43.2258509 2885551594 2885551593
1491436326 -22.940377 -43.223278 1491436484 1491436681
2885551593 -22.940215 -43.2257434 1491436390 1491436545
1491436390 -22.940074 -43.2257206 2885551592 2885551593
