2439140185 -22897615 -43639394 2439140211 2439140187
2439140211 -22897254 -43638908 2439140185 2439140221
2439140221 -22896873 -43638522 2439140204 2439140211
2439140204 -22896582 -43638254 2439140196 2439140221
2439140196 -22896033 -43637867 2439140192 2439140204
3818203396 -22895685 -43636802 3818203395
2439140192 -22895618 -43637631 2439140196 2439140190
3818203395 -22895371 -43636387 3818203394 3818203396
2439140190 -22895272 -43637459 2439140194 2439140192
2439140194 -22895108 -43637351 3818203376 2439142527 2439140190
3818203394 -22894898 -43635696 3818203395 3818203393
3818203393 -22894812 -43635616 3818203394 3818203392
3818203392 -22894735 -43635588 3818203391 3818203393
2439142527 -22894711 -43638276 2439142546 2439140194
3818203376 -22894552 -43636254 2439140194 3818203374 3818203391
2439142546 -22894507 -43638849 2439142537 2439142527
2439142537 -22894334 -43639152 2439142546 2439142549
3818203391 -22894196 -43635621 2439140235 3818203376 3818203392
3818203387 -22894154 -43634402 3818203386 3818203388
3818203388 -22894141 -43634570 3818203387 3818203389
2439140235 -22894081 -43635415 3818203390 3818203391
3818203386 -22894059 -43634126 3818203385 3818203387
3818203389 -22894038 -43635060 3818203388 3818203390
2439142549 -22893988 -43639646 3818203380 2439142537
3818203390 -22893973 -43635303 2439140232 2439140235 3818203389
3818203380 -22893919 -43639699 3818203381 2439142531 2439142549
2439142531 -22893750 -43639830 2439142543 3818203380
3818203385 -22893728 -43633552 3818203386 3818203397
3818203397 -22893713 -43633518 3818203398 3818203384 3818203385
3818203375 -22893650 -43637246 3818203374
3818203384 -22893642 -43633351 3818203383 3818203397
3818203381 -22893627 -43638091 3818203380
3818203374 -22893543 -43636441 3818203355 3818203376 3818203375
3818203398 -22893530 -43633440 3818203397 3818203399
3818203383 -22893500 -43632814 3818203382 3818203384
3818203382 -22893427 -43632576 3818203405 3818203383
3818203399 -22893410 -43633305 3818203398 1778079413
2439140232 -22893405 -43635324 3818203390 2439140217
1778079474 -22893300 -43634131 1778079470 1778079394 1778079472
1778079472 -22893293 -43633939 1778079471 1778079474
2439140217 -22893281 -43635003 2439140232 1778079469
1778079471 -22893264 -43633889 1778079393 1778079467 1778079472
1778079470 -22893250 -43634350 1778079474 1778079469 1778079396
1778079469 -22893180 -43634665 1778079470 3818203356 2439140217
3818203369 -22893178 -43637327 3818203370
3818203355 -22893178 -43636489 3818203370 3818203374
3818203406 -22893169 -43630815 3818203405
1778079467 -22893157 -43633702 1778079466 1778079471 1778079391
3818203373 -22893048 -43635546 3818203372
3818203379 -22893019 -43638411 2439142543
3818203370 -22893019 -43636484 3818203355 3818203354 3818203369 3818203371
3818203372 -22892985 -43635780 3818203373 3818203371
1778079466 -22892969 -43633377 1778079439 1778079389 1778079467
3818203371 -22892957 -43636002 3818203372 3818203370
3818203404 -22892954 -43630470 3818203403 3818203407
3818203403 -22892850 -43630110 3818203409 3818203404
3818203409 -22892831 -43630053 3818203403 3818203402 3818203408
3818203364 -22892809 -43637493 3818203365
3818203354 -22892781 -43636476 3818203365 3818203370
3818203365 -22892673 -43636497 3818203364 3818203366 3818203354
3818203368 -22892565 -43635533 3818203367
3818203405 -22892564 -43631288 3818203406 3818203407 3818203382
3818203366 -22892563 -43636518 3818203353 3818203365 3818203367
3818203367 -22892509 -43635965 3818203366 3818203368
3818203358 -22892497 -43637493 3818203359
3818203353 -22892492 -43636532 3818203359 3818203366
3818203359 -22892341 -43636572 3818203358 3818203360 3818203353
3818203407 -22892330 -43630940 3818203404 3818203408 3818203405
3818203360 -22892274 -43636590 1778079446 3818203359 3818203361
3818203363 -22892253 -43635429 3818203362
3818203378 -22892202 -43638577 3818203377
1778079452 -22892201 -43637565 1778079445
3818203361 -22892157 -43636106 3818203360 3818203362
3818203362 -22892157 -43635835 3818203361 3818203363
3818203408 -22892115 -43630619 3818203410 3818203409 3818203407
1778079446 -22892044 -43636652 1778079443 3818203360
1778079445 -22892043 -43636771 1778079452 1778079443
1778079443 -22892016 -43636666 1778079445 1778079441 1778079446
1778079441 -22891955 -43636696 1778079438 1778079443 1778079435
1778079440 -22891906 -43635503 1778079435
1778079439 -22891893 -43631748 1778079466 1778079379 1778079432
1778079438 -22891885 -43636811 1778079434 1778079441
3818203410 -22891864 -43630245 1778079424 3818203408 3818203402
1778079435 -22891831 -43636198 1778079440 1778079441
1778079434 -22891791 -43637076 1778079438 1778079433
1778079433 -22891779 -43637085 1778079423 1778079434 1778079426
1778079432 -22891699 -43631456 1778079439 1778079375 1778079422
1778079428 -22891636 -43635345 1778079425
1778079426 -22891544 -43636442 1778079425 1778079433
1778079425 -22891515 -43635697 1778079426 1778079428
1778079423 -22891488 -43637316 1778079418 1778079416 1778079433
1778079422 -22891443 -43631067 1778079417 1778079432 1778079377
1778079418 -22891226 -43637523 1778079423 1778079415
1778079417 -22891193 -43630687 1778079411 1778079422 1778079390
3818203357 -22891146 -43635459 3818203356
1778079416 -22891138 -43636232 1778079423
1778079415 -22891138 -43637556 1778079418 1778079408 1778079405
1778079414 -22891046 -43638871 1778079430 1778079412
3818203356 -22891004 -43634718 3818203357 1778079400 1778079469
1778079412 -22890939 -43638643 1778079404 1778079388 1778079414
1778079411 -22890938 -43630299 1778079399 1778079417 1778079366
1778079409 -22890915 -43636042 1778079401 1778079406
1778079408 -22890891 -43636947 1778079406 1778079415
1778079406 -22890868 -43636354 1778079408 1778079409
1778079405 -22890856 -43637663 1778079397 1778079415
1778079404 -22890834 -43638419 1778079403 1778079412 1778079384
1778079403 -22890723 -43638182 1778079397 1778079404
1778079401 -22890698 -43635333 1778079409 1778079385 1778079400
1778079400 -22890575 -43634728 3818203356 1778079401 1778079396
1778079397 -22890521 -43637701 1778079405 1778079374 1778079403
1778079396 -22890515 -43634430 1778079470 1778079394 1778079400
1778079395 -22890510 -43636423 1778079385
1778079394 -22890460 -43634158 1778079393 1778079474 1778079396
1778079393 -22890411 -43633917 1778079471 1778079394 1778079391
1778079391 -22890361 -43633668 1778079389 1778079393 1778079467
1778079390 -22890326 -43630699 1778079417
1778079389 -22890316 -43633445 1778079466 1778079391
1778079388 -22890259 -43638990 1778079370 1778079410 1778079412
1778079385 -22890203 -43635529 1778079401 1778079381 1778079395 1778079374
1778079384 -22890156 -43638744 3818203293 1778079404 3818203314
1778079383 -22890053 -43634537 1778079382 1778079376
1778079382 -22890042 -43634429 1778079357 1778079383
1778079381 -22890011 -43634970 1778079385
1778079379 -22889874 -43631777 1778079439
1778079378 -22889868 -43636293 1778079359
1778079377 -22889862 -43631075 1778079422
3818203293 -22889862 -43638040 3818203341 1778079384 3818203313
1778079376 -22889859 -43634595 1778079353 1778079372 1778079383
1778079375 -22889827 -43631464 1778079432
1778079374 -22889731 -43635827 1778079397 1778079361 1778079360 1778079385
1778079372 -22889615 -43634668 1778079349 1778079360 1778079376
1778079370 -22889591 -43639331 3818203288 1778079388 1778079354
3818203341 -22889564 -43637328 3818203293 3818203340 1778079359
1778079366 -22889492 -43630341 1778079411
1778079363 -22889442 -43632182 1778079357
1778079361 -22889325 -43636001 1778079358 3818203315 1778079374
1778079360 -22889285 -43634768 1778079355 1778079374 1778079372
1778079359 -22889263 -43636606 3818203341 1778079378 1778079335
1778079358 -22889190 -43635691 1778079361 1778079352 1778079350
1778079357 -22889111 -43632243 1778079382 1778079363 1778079356
1778079356 -22889025 -43632259 1778079353 1778079357
1778079355 -22889006 -43634105 1778079343 1778079360
1778079354 -22888928 -43639670 3818203286 1778079370 1778079351
1778079353 -22888901 -43632399 1778079349 1778079376 1778079356
1778079352 -22888880 -43635836 1778079341 1778079346 1778079358
1778079351 -22888843 -43639713 1778079354 1778079331
1778079350 -22888738 -43634652 1778079348 1778079358
1778079349 -22888672 -43632629 1778079343 1778079353 1778079372
1778079348 -22888670 -43634496 1778079341 1778079345 1778079350
1778079346 -22888553 -43635989 3818203319 1778079340 1778079352
1778079345 -22888531 -43634181 1778079329 1778079348 1778079339
3818203314 -22888444 -43639632 3818203298 1778079384 3818203313
1778079343 -22888420 -43632744 1778079355 1778079349 1778079338
1778079341 -22888350 -43634665 1778079348 1778079352 1778079334
1778079339 -22888223 -43634328 1778079321 1778079333 1778079345
3818203319 -22888203 -43635212 1778079346 3818203318 1778079334
1778079338 -22888191 -43632213 1778079343 1778079329 1778079337
3818203313 -22888124 -43638962 3818203314 3818203340 3818203293 3818203300
1778079337 -22888108 -43632020 1778079336 1778079338
3818203318 -22888075 -43635305 3818203317 3818203319
1778079334 -22888032 -43634833 3818203319 1778079341 1778079332
3818203317 -22888007 -43635392 3818203320 3818203318
1778079333 -22887888 -43634489 1778079339 1778079308 1778079326
1778079332 -22887858 -43634925 1778079320 1778079334 1778079330
1778079330 -22887812 -43634999 1778079315 1778079332
1778079329 -22887811 -43632542 1778079321 1778079345 1778079338
3818203340 -22887802 -43638216 3818203341 3818203339 3818203313 1778079335
3818203320 -22887667 -43636169 1778079340 3818203317 1778079315
3818203315 -22887638 -43636867 1778079361 3818203316 1778079344
1778079326 -22887623 -43634615 1778079325 1778079316 1778079333
1778079325 -22887603 -43634588 1778079299 1778079326
1778079340 -22887536 -43636470 1778079346 3818203316 3818203320
3818203316 -22887524 -43636544 1778079340 3818203315
1778079321 -22887520 -43632794 1778079339 1778079329 1778079308
1778079335 -22887513 -43637548 3818203340 1778079344 1778079359 3818203325
1778079320 -22887503 -43634772 1778079316 1778079332 1778079300
1778079316 -22887393 -43634725 1778079320 1778079312 1778079326
1778079315 -22887378 -43636023 3818203320 1778079303 1778079330 1778079300
1778079344 -22887299 -43637041 3818203310 3818203312 3818203315 1778079335
1778079312 -22887291 -43634774 1778079316 1778079311 1778079298
1778079311 -22887274 -43634742 1778079293 1778079312
1778079308 -22887241 -43633036 1778079321 1778079306 1778079333
1778079306 -22887210 -43633063 1778079299 1778079308
3818203312 -22887184 -43636772 3818203311 1778079344
3818203311 -22887150 -43636593 3818203312 1778079303
1778079303 -22887150 -43636458 3818203311 1778079315
1778079300 -22887019 -43635831 1778079320 1778079296 3818203335 1778079315
1778079299 -22886983 -43633260 1778079325 1778079306 1778079293
1778079298 -22886953 -43634936 1778079285 1778079295 1778079312
1778079296 -22886846 -43635495 1778079280 1778079300 1778079294
1778079295 -22886839 -43634991 1778079292 1778079298
1778079294 -22886780 -43635367 1778079296 1778079292
1778079293 -22886716 -43633491 1778079287 1778079299 1778079311
1778079292 -22886658 -43635068 1778079291 1778079294 1778079295
1778079291 -22886642 -43635029 1778079289 1778079274 1778079292
3818203300 -22886497 -43639774 3818203292 3818203299 3818203339 3818203313
1778079289 -22886493 -43634663 1778079270 1778079291 1778079277
1778079287 -22886480 -43633548 1778079293 1778079282
1778079285 -22886421 -43633714 1778079282 1778079298
3818203310 -22886389 -43637456 1778079281 3818203342 1778079344
1778079282 -22886386 -43633635 1778079287 1778079278 1778079285
3818203335 -22886372 -43637170 1778079281 3818203334 1778079300
1778079280 -22886334 -43636709 1778079296
3818203292 -22886326 -43639859 3818203300 3818203291
1778079281 -22886326 -43637265 3818203310 3818203335
1778079278 -22886280 -43633733 1778079282 1778079276
1778079277 -22886261 -43634163 1778079289 1778079276 1778079260
3818203334 -22886236 -43637210 3818203333 3818203335
3818203339 -22886210 -43639093 3818203340 3818203338 3818203300 3818203301
1778079276 -22886175 -43633975 1778079278 1778079273 1778079277
3818203333 -22886162 -43637327 3818203334 3818203332
1778079274 -22886135 -43636294 1778079291
3818203301 -22886094 -43638818 3818203339 3818203325
1778079273 -22886069 -43633943 1778079276 1778079268
3818203338 -22886020 -43639200 3818203339 3818203337
1778079270 -22885919 -43635838 1778079289
3818203325 -22885873 -43638329 3818203321 3818203301 1778079335 3818203342
1778079268 -22885863 -43634147 1778079273 1778079256
1778079267 -22885845 -43636387 1778079262 1778079265
1778079265 -22885822 -43636470 1778079261 1778079267
1778079262 -22885757 -43636011 1778079258 1778079267
1778079261 -22885751 -43636540 1778079265 1778079259
1778079260 -22885698 -43635432 1778079277
3818203342 -22885667 -43637829 3818203310 3818203326 3818203325
3818203326 -22885628 -43637733 3818203342 3818203332
1778079259 -22885604 -43636572 1778079261 3818203343
3818203337 -22885600 -43639428 3818203338 3818203336
1778079258 -22885593 -43635666 1778079255 1778079262
3818203332 -22885573 -43637676 3818203326 3818203327 3818203331 3818203333
3818203321 -22885571 -43638473 3818203325 3818203322
1778079256 -22885551 -43634881 1778079255 1778079268
3818203327 -22885481 -43637579 3818203328 3818203332
1778079255 -22885475 -43635220 1778079258 1778079256
3818203309 -22885259 -43635139 3818203343
3818203336 -22885197 -43639754 3818203337 1778079247
3818203322 -22885185 -43638738 3818203321 3818203323
3818203331 -22884987 -43637992 3818203345 3818203332
3818203345 -22884884 -43638041 3818203344 3818203330 3818203331
3818203323 -22884782 -43639052 3818203324 3818203322
3818203343 -22884703 -43635646 3818203328 3818203309 1778079259
3818203330 -22884663 -43638183 3818203346 3818203345
3818203324 -22884464 -43639372 3818203323 1778079241
3818203346 -22884290 -43638501 3818203329 3818203330 3818203347
1778079241 -22884237 -43639598 3818203324 1778079235 3818203329 1778079247
3818203352 -22884220 -43635429 3818203351
3818203328 -22884159 -43636141 3818203344 3818203327 3818203343
3818203349 -22883976 -43635133 3818203348
1778079235 -22883948 -43639916 1778079241 3818203302
3818203329 -22883743 -43639065 1778079231 1778079241 3818203346
3818203344 -22883585 -43636664 3818203308 3818203328 3818203345
3818203303 -22883261 -43639545 3818203302 3818203304
1778079231 -22883244 -43638528 3818203329 3818203307
3818203347 -22883238 -43637357 3818203346
3818203304 -22883153 -43639477 3818203303 3818203305
3818203307 -22883113 -43638448 3818203306 1778079231
3818203308 -22883073 -43637129 3818203344
3818203305 -22882961 -43639463 1778079232 3818203304
3818203306 -22882954 -43638411 1778079230 3818203307
2506908823 -22882899 -43639237 3818203305
3818203351 -22882880 -43636544 3818203350 3818203352
144372470 -22882720 -43638584 2506908823
1778079230 -22882675 -43638420 144372470 3818203306
349352414 -22882615 -43630043 349352413
349352134 -22882606 -43630197 349352133
349352133 -22882337 -43630678 349352132
2506908879 -22882333 -43638723 144302288
349352415 -22882243 -43630566 349352414
3818203350 -22882239 -43636814 1778079230 3818203351
349352416 -22882030 -43631030 349352415
3818203348 -22881967 -43635811 3818203350 3818203349
349352132 -22881950 -43631373 349352131
349352417 -22881555 -43631862 349352416
144372472 -22881533 -43634215 3818203348
349352131 -22881531 -43632085 349352130
144302288 -22881478 -43635562 2441990116
349352418 -22881334 -43632163 349352417
349352130 -22881286 -43632531 349352129
349352419 -22881239 -43632248 349352418
349352129 -22881230 -43632712 349352106
349352106 -22881220 -43632938 144372472
144372473 -22881146 -43632601 349352106
349352420 -22881144 -43632248 349352419
349352373 -22881055 -43632197 144372473 349352420
144372474 -22880996 -43631932 349352373
2441990116 -22880944 -43633548 2506897024 2441990115
2506897024 -22880811 -43633046 144302287
144302287 -22880695 -43632610 144302285
2441990115 -22880669 -43633251 2506897038
144302285 -22880616 -43632215 1734252795
2506897038 -22880596 -43633216 1542850268
2441990139 -22880590 -43632466 144302285
2441990114 -22880478 -43632708 2441990139
1542850268 -22880435 -43633139 2441990138 1542850306
2441990138 -22880425 -43632926 2441990114
