1754943115 -22.8399879 -43.6174044 1754930280 1754930445 1754943102
1754903862 -22.8399616 -43.6158087 1754943114 1754903838 1754943083
1754930280 -22.8399532 -43.6167279 1754903818 1754930278 1754943115
1754903818 -22.8399468 -43.6166027 1754930280 1754943105 1754903838
1754903838 -22.839927 -43.6161091 1754903862 1754903818
1754939058 -22.8398991 -43.6129748 1754939086 1754930257 1754939102
1754939102 -22.8397606 -43.6104894 1754939058 1754939083
1754930252 -22.8397243 -43.614591 1754930531
1754939049 -22.8396572 -43.6187244 1754903765 1754930493 1754939089
1754939083 -22.8396088 -43.6101273 1754939080 1754903840 1754939102
1754939080 -22.8395661 -43.6101534 1754939047 1754939083 1754939057
1754939089 -22.8395414 -43.6181852 1754930278 1754939049
1754930278 -22.8394722 -43.6167529 1754930280 1754930531 1754939091 1754939089
1754939057 -22.8393931 -43.6104551 1754939080 1754939096
1754930531 -22.8393486 -43.6145857 1754939065 1754930278 1754939086 1754930252
1754930493 -22.839309 -43.6189577 1754930432 1754939049 1754937188
1754939086 -22.8392619 -43.6130123 1754930533 1754930531 1754939058 1754939051
1754939096 -22.8392398 -43.6105623 1754939051 1754939057
1754939051 -22.8391024 -43.6106568 1754939086 1754939056 1754939096
1754939064 -22.8389036 -43.6185231 1754939053 1754939091
1754939056 -22.8388739 -43.6106267 1754939047 1754939051
1754939053 -22.8388443 -43.6186358 1754939062 1754939064
1754939091 -22.8388162 -43.616795 1754930278 1754937181 1754939065 1754939064
1754930432 -22.8388097 -43.6192527 1754930366 1754939093 1754930493
1754939047 -22.838791 -43.6106275 1754939080 1754939060 1754939056
1754939060 -22.8387332 -43.6106628 1754937185 1754939047 1754939099
1754939062 -22.8387108 -43.6188826 1754939093 1754939053
1754939065 -22.838708 -43.6146276 1754930449 1754930531 1754930533 1754939091
1754939093 -22.838696 -43.6190006 1754939062 1754930432
1754939099 -22.8386218 -43.6109218 1754939059 1754939060
1754930449 -22.8386119 -43.6146339 1754930408 1754939065 1754937139
1754930533 -22.8385971 -43.6130514 1754930489 1754939086 1754939065 1754939059
1754939059 -22.8384851 -43.6110956 1754930533 1754939085 1754939099
1754937179 -22.8383301 -43.6186841 1754937193
1754937139 -22.8383129 -43.61435 1754930449 1754930355
1754937193 -22.8382856 -43.6184266 1754937179 1754937183
1754937190 -22.8382411 -43.6178848 1754937181 1754937183
1754937183 -22.8382312 -43.6180457 1754937190 1754937193
1754939085 -22.8382115 -43.6113241 1754939101 1754939059
1754937181 -22.8381885 -43.6168353 1754937186 1754937190 1754930408 1754939091
1754930408 -22.8380928 -43.6152777 1754930449 1754937181 1754930239 1754937197
1754937197 -22.8380715 -43.6149314 1754930408 1754937191
1754939101 -22.8380582 -43.6113402 1754937185 1754939085
1754937191 -22.8380389 -43.6144001 1754937197 1754930355
1754930355 -22.8380187 -43.6140707 1754937191 1754930489 1754937139 1754930239
1754930366 -22.8379643 -43.619934 1754930401 1754930361 1754930432
1754930489 -22.8379643 -43.6131051 1754937198 1754930533 1754930355 1754937152
1754937152 -22.837882 -43.6116213 1754930489 1754937185
1754930361 -22.8378703 -43.6189362 1754930366 1754930240
1754930240 -22.8378407 -43.6187967 1754930361 1754930228
1754937185 -22.8378033 -43.6112317 1754937147 1754939060 1754937152 1754939101
1754930228 -22.8377732 -43.618713 1754930240 1754930526
1754937140 -22.8376429 -43.6184856 1754930526 1754937186
1754930526 -22.8376083 -43.6185929 1754930228 1754937196 1754937140
1754937186 -22.8375358 -43.6168772 1754937181 1754930405 1754937140 1754937146
1754937144 -22.8375292 -43.6116674 1754937147 1754937149
1754937149 -22.8374996 -43.6117532 1754937200 1754937144
1754930239 -22.8374699 -43.6147359 1754930408 1754930355 1754937146
1754937147 -22.8374507 -43.6114473 1754937185 349258047 1754937144
1754937146 -22.8373924 -43.6147403 1754937186 1754937198 1754930239 1754937194
349258047 -22.8373868 -43.6114864 1754937177 1754937147 1757238115
1754937198 -22.8373038 -43.6131543 1754930489 1754937151 1754937146 1754937200
1757238115 -22.8372574 -43.6112918 1757238364 349258047 1757298164
1754937200 -22.8372442 -43.6119002 1754937198 1754937141 1754937149
1757298164 -22.8371536 -43.6111416 1757298188 1757238115
1757298188 -22.8370992 -43.6100473 1757298164 1757298111
1757238364 -22.8370893 -43.611265 1757238222 1757238115
1754937143 -22.8370101 -43.6189469 1754930414 1754937196
1754930414 -22.8369804 -43.6190381 1754930345 1754937143
1754937196 -22.8369755 -43.6186733 1754930526 1754937143 1754930405
1757238222 -22.8369645 -43.6113082 1757237618 1757238364
1754930405 -22.8368816 -43.6169192 1754937186 1754930393 1754937196 1754937194
1754930345 -22.8368667 -43.61914 1754930414 1754930399
1754937194 -22.8367452 -43.6147769 1754937146 1754930438 1754930405 1754937151
1754937151 -22.8366758 -43.6132011 1754937198 1754937138 1754930479 1754937194
1754930399 -22.8366443 -43.6191669 1754930345 1754930581
1754937138 -22.8366195 -43.6124935 1754937151 1754937141
1754937141 -22.8365602 -43.612279 1754937138 1754937192 1754937200
1754930524 -22.8365323 -43.6196464 1754930429 1754930233
1754930429 -22.8365076 -43.619389 1754930581 1754930524
1754937192 -22.8364712 -43.6121341 1754937177 1754937141
1757237618 -22.8364454 -43.6116193 1757238039 1757238222
1754930581 -22.8364069 -43.6191347 1754930399 1754930335 1754930429 1754930248
1754937177 -22.8363872 -43.6120889 1754930303 1754937192 349258047
1754930335 -22.8363246 -43.6189544 1754930581 1754930393
1754930393 -22.8362307 -43.616969 1754930585 1754930335 1754930405 1754930438
1754930248 -22.8361251 -43.6191883 1754930581 1754930360
1754930438 -22.8361093 -43.614813 1754930393 1754930479 1754937194 1754930391
1754930479 -22.8360213 -43.6132499 1754930438 1754930271 1754937151
1754930360 -22.8359867 -43.6191079 1754930248 1754930440
1754930271 -22.8359489 -43.6126673 1754930303 1754930479
1754930303 -22.8358453 -43.6124156 1754930231 1754937177 1754930332 1754930271
1754930388 -22.8357197 -43.6196014 1754930440
1754930440 -22.8357148 -43.6191132 1754930585 1754930301 1754930388 1754930360
1754930332 -22.835606 -43.6127242 1754930303 1754930573
1754930585 -22.835588 -43.6170182 1754930393 1754930568 1754930440 1754930391
1754930573 -22.8355121 -43.6128154 1754930332 1754930492
1754930391 -22.8354594 -43.6148546 1754930585 1754930255 1754930579 1754930438
1754930492 -22.8353835 -43.6128422 1754930231 1754930573 1754930579
1754930579 -22.8353653 -43.6129731 1754930391 1754930492
1754930231 -22.8353248 -43.6127294 1754930303 1754930546 1754930492
1757238039 -22.8352254 -43.612354 1757237938 1757237618
1754930301 -22.8350127 -43.619183 1754930535 1754930440
1754930243 -22.8350029 -43.6185768 1754930576
1754930576 -22.8349435 -43.6177882 1754930243 1754930568
1754930227 -22.8349435 -43.6166349 1754930568 1754930434
1754930568 -22.8349188 -43.6170694 1754930585 1754930576 1754930227 1754930224
1754930535 -22.8348891 -43.6191937 1754930301 1754930269
1754930434 -22.8348842 -43.6163613 1754930255 1754930227
1754930226 -22.8348249 -43.6183729 1754930224
1754930255 -22.8348002 -43.6148968 1754930434 1754930583 1754930400 1754930391
1754930224 -22.8347804 -43.6170855 1754930568 1754930226 1754930400 1754930386
1754930583 -22.8346963 -43.6134055 1754930255 1754930546
1754930546 -22.8346917 -43.6131109 1754930231 349257035 1754930583
1754930400 -22.8346518 -43.6149075 1754930411 1754930407 1754930255 1754930224
1754930411 -22.8345925 -43.6140492 1754930400 1754930266
1754930266 -22.8345893 -43.6137831 1754930411 1754930292
1754930292 -22.8345497 -43.6136383 1754930591 1754930266
1754930591 -22.8344739 -43.6135986 1754930567 1754930292
1754930567 -22.8344294 -43.6136201 1754930591 1754930450
349257035 -22.8343255 -43.6133317 349257034 1754930546
1754930269 -22.8342118 -43.6192205 1754930540 1754930535 1754930282
1754930282 -22.8342019 -43.6187753 1754930364 1754930269 1754930386
1754930386 -22.8341142 -43.6171262 1754930452 1754930407 1754930224 1754930282
1754930407 -22.8339965 -43.6149507 1754930456 1754930400 1754930386 1754930594
1754930594 -22.8339614 -43.6141694 1754930407 1754930284
1754930284 -22.833935 -43.6140009 1754930450 1754930594
1754930450 -22.8338526 -43.613928 1754930567 1754930383 1754930284
349257034 -22.833748 -43.613675 1754930225 349257035
1754930273 -22.8335889 -43.6192634 1754930364 1754930571 1754930363
1754930364 -22.8335691 -43.6188128 1754930452 1754930282 1754930273
1754930452 -22.833462 -43.6171661 1754930497 1754930364 1754930386 1754930456
1757237708 -22.8334258 -43.6126597 1757237689
1757237890 -22.8333962 -43.6123164 1757237652
1757238082 -22.8333714 -43.6116727 1757237861
1754930456 -22.8333291 -43.6149946 1754930407 1754930452 1754930397 1754930259
1754930259 -22.8333021 -43.6145481 1754930456
1757238198 -22.8332874 -43.6130406 1757237987
1757237659 -22.8331786 -43.6111416 1757237733 1757237780
1757237733 -22.8331417 -43.6106319 1757238257 1757237659 1757237959
1757237959 -22.8331065 -43.6101442 1757237733 1757238044 1757238250
1754930383 -22.8330796 -43.6143711 1754930450 1754930339
1757237938 -22.83306 -43.6136414 1757237874 1757238039
1754930571 -22.832938 -43.6193085 1754930578 1754930497 1754930563 1754930273
1754930497 -22.8328144 -43.6172056 1754930571 1754930452 1754930397 1754930275
1754930397 -22.8327002 -43.615036 1754930497 1754930339 1754930574 1754930456
1754930339 -22.8326582 -43.6145656 1754930383 1754930397 1754930225
1754930225 -22.8326368 -43.6143258 1754930339 1757238267 349257034
1757238148 -22.8325112 -43.6134966 1757237996 1757237987
1757237987 -22.8324821 -43.6131694 1757238234 1757238148 1757237689 1757238198
1757237689 -22.8324512 -43.6128209 1757237708 1757237987 1757237652
1757237652 -22.8324161 -43.6124256 1757237689 1757237890 1757238300
1757238267 -22.8321329 -43.6146209 1754930554 1754930225 1757238325
1754930587 -22.832129 -43.6194317 1754930570 1754930563
1754930563 -22.8321254 -43.6193761 1754930571 1754930587 1754930275
1754930275 -22.8320167 -43.6172571 1754930497 1754930563 1754930574
1757238325 -22.8320118 -43.6145909 1757238279 1757238267
1757238279 -22.8319376 -43.6145373 1757238325 1757237874
1754930574 -22.8319128 -43.6151167 1754930291 1754930397 1754930275 1754930554
1754930554 -22.8318851 -43.614766 1757237625 1757238267 1754930574
1757237874 -22.8318524 -43.6143712 1757238279 1757237665 1757238061 1757237938 1757237996
1757237665 -22.8318338 -43.6146338 1757237874 1757237625
1757237996 -22.8318172 -43.6136894 1757238148 1757237905 1757237874
1757237905 -22.8318019 -43.6133944 1757238234 1757238073 1757237996
1757238234 -22.8317967 -43.6132981 1757237905 1757237987 1757238300
1757238300 -22.8317537 -43.6124993 1757238234 1757237861 1757237652
1757237625 -22.8317437 -43.6148488 1757237665 1754930291 1754930554
1757237861 -22.8317172 -43.6117425 1757238224 1757237780 1757238082 1757238300
1757238073 -22.8316942 -43.6133896 1757237905 1757237782
1757237780 -22.831693 -43.6112656 1757237669 1757237861 1757237659 1757238257
1757238257 -22.831667 -43.6107555 1757238223 1757237733 1757237780 1757238250
1757238250 -22.8316398 -43.6102192 1757237959 1757238299 1757238257 1757237706
1757238071 -22.8315916 -43.6139472 1757238269 1757237691
1757237782 -22.831552 -43.6134268 1757238238 1757237727 1757238194 1757238073
1757237691 -22.8315473 -43.6136897 1757238125 1757237727 1757238071
1757237727 -22.8315223 -43.6135449 1757237782 1757237691
1757238238 -22.8314877 -43.6130996 1757238274 1757237782
1754930475 -22.8314208 -43.6194752 1754912279 1754912293
1754912293 -22.8313937 -43.6191025 1754930475 1754930242 1754912316
1754930242 -22.8313828 -43.61896 1754912293 1754912272
1754912342 -22.8313492 -43.6179921 1754912287 1754912272
1754912272 -22.8313294 -43.6182603 1754930242 1754912316 1754912342
1754912287 -22.8313146 -43.6170587 1754912330 1754912342 1754912326
1754930291 -22.8312621 -43.6151308 1754912326 1757237625 1754930574
1754912326 -22.8311902 -43.6151729 349257033 1754912287 1754930291
1754912330 -22.8311663 -43.6170265 1754912287 1754912312
1754912316 -22.8310411 -43.618432 1754912293 1754912340 1754912364 1754912272
1757238299 -22.8309389 -43.6102511 1757238250 1757237886
1754912312 -22.830929 -43.6165598 1754912330 1754912331
349257033 -22.8308607 -43.6153659 1754912324 1754912326
1757237886 -22.8308442 -43.6102244 1757237730 1757237706 1757238299
1757238316 -22.8305867 -43.6130087 1757237736
1754912331 -22.8305005 -43.6157733 1754912384 1754912312
1757238061 -22.8304875 -43.6151968 1757237818 1757238269 1757237874
1757238269 -22.8304 -43.6144407 1757238125 1757238061 1757238071
1754912364 -22.830378 -43.6188268 1754912274 1754912278 1754912308 1754912316
1757238125 -22.8303763 -43.6140925 1757237691 1757238194 1757238269
1754912384 -22.8303703 -43.6157712 1754912331 1754912324
1757238194 -22.8303539 -43.6137651 1757238274 1757238125 1757237782
1757238274 -22.8303308 -43.6134268 1757237736 1757238238 1757238194
1754912324 -22.830325 -43.6156976 1757238313 349257033 1754912384
1757237669 -22.8303049 -43.6113457 1757238223 1757237780
1757237736 -22.8302913 -43.6131372 1757237580 1757238316 1757238274
1757238223 -22.8302744 -43.6108412 1757237669 1757238257 1757237730
1757237730 -22.8302543 -43.6105082 1757237886 1757238223 1757238166
1757238166 -22.8302505 -43.6104445 1757237730 1757238065
1757238065 -22.8302406 -43.6102245 1757238166
1757238313 -22.8302118 -43.6157677 1754912340 1754912324 1757238182
1757237580 -22.830138 -43.6131747 1757237736
1757238182 -22.8300638 -43.6156263 1757238313 1757237818
1757237818 -22.8299106 -43.6155458 1757238067 1757238061 1757238182 1757238055
1757238067 -22.8298463 -43.615476 1757237818 1757237857
1757237857 -22.8298018 -43.6153527 1757238067 1757237654
1754912340 -22.8297935 -43.6160268 1757238313 1754912278 1754912316
1757238005 -22.8297869 -43.6149128 1757238243 1757237654
1757237629 -22.8297758 -43.6143444 1757238137 1757238027
1757237654 -22.8297721 -43.6151542 1757237857 1757238005
1757238243 -22.8297672 -43.6147465 1757238005 1757238137
1757238137 -22.8297425 -43.6145373 1757238243 1757237629
1757238027 -22.8297227 -43.614151 1757238366 1757237629
1754912308 -22.8297077 -43.6192259 1754912353 1754912322 1754912351 1754912364
1757238366 -22.8296732 -43.6132337 1757237909 1757238224 1757238027
1757238224 -22.8295859 -43.6119241 1757238366 1757237861 1757237572
1757238055 -22.8295546 -43.6157604 1757238305 1757237818
1757237572 -22.8295187 -43.6109166 1757238224 1757238286 1757237767
1757238286 -22.8295051 -43.6104281 1757237572
1757238209 -22.8294705 -43.6102189 1757238101
1754912278 -22.8291496 -43.6164255 1754912340 349257032 1754912364
349257032 -22.8290728 -43.6164731 1757238284 1754912278
1754912351 -22.8290542 -43.6196081 1754912313 1754912281 1754912303 1754912308
1757238327 -22.8289761 -43.6157657 1757238345 1757238241
1757238230 -22.8289613 -43.6152883 1757238241 1757237590
1757238345 -22.8289551 -43.6158947 1757238305 1757238303 1757238327
1757238241 -22.8289514 -43.6156102 1757238230 1757238327
1757238305 -22.8289501 -43.6160664 1757238345 1757237656 1757238055
1757237590 -22.8289069 -43.615063 1757238230 1757237821
1757237909 -22.8289042 -43.6136979 1757238366 1757237783 1757237821 1757237588
1757237821 -22.828897 -43.6147089 1757237909 1757237590
1757237864 -22.8288673 -43.6131962 1757237773 1757237588
1757237588 -22.8288624 -43.6134483 1757237909 1757237864
1757237773 -22.8288525 -43.6130138 1757237819 1757237864
1757237819 -22.8288525 -43.6126812 1757237773 1757238025
1757238303 -22.8288129 -43.6155994 1757237957 1757238345
1757238025 -22.828808 -43.6124237 1757237819 1757237663
1757237663 -22.8287833 -43.6119302 1757237690 1757238025
1757237690 -22.8287833 -43.6117049 1757237663 1757237633
1757237693 -22.8287586 -43.610986 1757238059 1757237775
1757237767 -22.8287342 -43.611322 1757237633 1757238059 1757238129 1757237572
1757237633 -22.8287338 -43.6115439 1757237690 1757237767
1757238059 -22.8287227 -43.6111472 1757237767 1757237693
1757238284 -22.8287175 -43.6166828 1754912322 349257032 1757237656
1757237775 -22.8286992 -43.6105032 1757238352 1757237693
1757238352 -22.82868 -43.6101434 1757238255 1757237775 1757237862 1757238101
1757237656 -22.8285415 -43.6163496 1757238284 1757238305 1757237661 1757237816
1754912322 -22.828486 -43.6168194 1757238330 1757238284 1754912308
1757237957 -22.8283334 -43.6148216 1757238303 1757237783 1757238047
1757237783 -22.8282659 -43.6140832 1757237909 1757237957 1757238210 1757238047 1757238129
1757238330 -22.8281306 -43.6170291 1754912283 1754912322 1757237816
1757238129 -22.8281291 -43.6116347 1757237657 1757237767 1757237783 1757237612
1757237612 -22.828096 -43.6111899 1757238129
1757237903 -22.8280664 -43.6108626 1757238255
1754912283 -22.82806 -43.6170708 1757238330 1754912386 1754912354
1757238255 -22.8280219 -43.6104335 1757238270 1757238352 1757237903 1757237672
1754912354 -22.8279543 -43.6172861 1754912283 1754912281
1757237816 -22.8279526 -43.6166884 1757238330 1757237901 1757238308 1757237656
1757238047 -22.8279411 -43.6142793 1757237783 1757237957 1757237661
1754912281 -22.8279394 -43.6173773 1754912362 1754912354 1754912351
1754912362 -22.8277795 -43.6173108 1754912386 1754912281
1757238210 -22.8276557 -43.6131566 1757238085 1757237783 1757238206
1754912386 -22.8276406 -43.6173184 1754912283 1757237737 1754912362
1757237737 -22.8275944 -43.6173456 1754912356 1754912386 1757238215
1757237661 -22.827567 -43.6145051 1757237779 1757238047 1757238308 1757237656
1757238085 -22.8275472 -43.6127134 1757237657 1757238210
1757238215 -22.8274619 -43.6171017 1757237901 1757237737
1757237657 -22.8274561 -43.6119826 1757238085 1757238206 1757238129
1757237901 -22.8273878 -43.6169944 1757237956 1757238348 1757238215 1757237816
1757238042 -22.8273494 -43.6111952 1757237672
1757237672 -22.8273396 -43.61075 1757237744 1757238255 1757238042 1757238057
1754912356 -22.827174 -43.6175937 1757238320 1757237737 1754912303
1757238206 -22.8270281 -43.6122038 1757237779 1757237657 1757238210 1757238142
1757238308 -22.8270033 -43.614835 1757237956 1757237661 1757237851 1757237816
1757238320 -22.8269684 -43.6177151 1754912356 349257030 1757237869
1757237869 -22.8268995 -43.6175038 1757238348 1757238320
1757238142 -22.826855 -43.6119141 1757238107 1757238206
1757238348 -22.8268069 -43.6173225 1757237811 1757237901 1757238322 1757237869
1757238107 -22.8267907 -43.6117156 1757238128 1757238142
1757237636 -22.8267611 -43.6113723 1757238128 1757237744
1757238128 -22.8267598 -43.6115174 1757238107 1757237636
1757237744 -22.8267314 -43.6110236 1757237611 1757237636 1757237648 1757237672
349257030 -22.8267313 -43.617855 1757238320 1754912310
1754912357 -22.8266423 -43.6199501 1754912361 1754912377
1757237811 -22.826579 -43.6174575 1757238348 1757238262
1757237779 -22.8265419 -43.6124338 1757237661 1757237851 1757238206
1754912310 -22.8264941 -43.6179903 1757238221 349257030 1754912332
1757237956 -22.8264484 -43.6151598 1757237901 1757237755 1757238308
1757238221 -22.8263866 -43.6180516 1754912361 1757238262 1754912310
1757237755 -22.8263183 -43.6149102 1757237948 1757237956 1757237944
1757237648 -22.8262654 -43.6112331 1757238301 1757237744
1757238262 -22.8262073 -43.6177023 1757238204 1757237811 1757238221 1757238063
1757238301 -22.8261863 -43.6112009 1757238023 1757237648
1757238023 -22.8261332 -43.6111309 1757238021 1757238301
1757238021 -22.8261084 -43.6110397 1757238245 1757237952 1757238023
1757238322 -22.8260343 -43.615814 1757238348
1757237851 -22.8259367 -43.6127201 1757237948 1757237779 1757238308
1754912361 -22.8258421 -43.6183624 349257029 1754912357 1757238221 1757238063
1757237944 -22.8257306 -43.6152655 1757238290 1757237755 1757238119
1757238063 -22.8256724 -43.618029 1757237847 1754912361 1757238262 1757238283
349257029 -22.8256633 -43.6184644 1754912361 1754912387
1757237697 -22.825525 -43.6120911 1757238245
1757238245 -22.8254841 -43.6110813 1757238021 1757237856 1757237866 1757237697
1754912315 -22.8254755 -43.6194405 1754912276 1754912295
1757237856 -22.8254261 -43.6103852 1757238245 1757237824
1757237824 -22.8254162 -43.6102565 1757237856 1757238162
1757238283 -22.8253804 -43.6182604 1757238063 1757237912
1757202701 -22.8253371 -43.6197729 1757202418 1757202579
1757237948 -22.8253272 -43.6130084 1757237750 1757237755 1757238290 1757237851
1757238204 -22.8253223 -43.6158891 1757237847 1757238262 1757238119
1754912328 -22.8253172 -43.6188289 1754912295 1754912387
1754912295 -22.8253091 -43.6189974 1754912315 1754912328
1754912387 -22.8252672 -43.6187074 349257029 1754885546 1754912328
1757237912 -22.8251987 -43.6184533 1757238283 1754885073
1757202579 -22.8251937 -43.6193706 1757202701 1757202415
1757238119 -22.8251746 -43.6156016 1757238204 1757238328 1757237944
1754885546 -22.8251183 -43.6187987 1754885424 1754912387
1757237750 -22.8250751 -43.6124559 1757237825 1757237948
1754885073 -22.825075 -43.6185607 1754885272 1757237912
1757237825 -22.8250652 -43.6123486 1757237750 1757237676
1757202415 -22.8250405 -43.6191024 1757202579 1757202524
1757237676 -22.8250355 -43.6122413 1757237825 1757238242
1754885424 -22.8249971 -43.6188731 1757202524 1754885546
1757238242 -22.8249465 -43.6121501 1757238354 1757237676
1754885272 -22.8249167 -43.6186626 1754885073 1757237635
1757202524 -22.8249162 -43.6189227 349257028 1754885424 1757202415
1757237635 -22.8248476 -43.6187162 1757238251 1754885272
1757238354 -22.8248427 -43.6120804 1757237667 1757238242 1757238167
1757237667 -22.8247932 -43.6119409 1757238354 1757237866
1757238251 -22.8247883 -43.6187108 1757238158 1757237635
1757237866 -22.8247475 -43.6111304 1757237695 1757238245 1757237667 1757238029
1757237847 -22.8247389 -43.6161949 1757238204 1757237631 1757238218 1757238063
1757238290 -22.824728 -43.6132775 1757238328 1757237948 1757237944
1757237964 -22.8246882 -43.6101709 1757238029 1757237809
1757238029 -22.8246795 -43.6102833 1757237964 1757237866
1757238158 -22.8246597 -43.6186571 1757238251 1757237993
1757237993 -22.8246301 -43.6186464 1757237623 1757238158
1761969579 -22.8245954 -43.6181578 1757237815
1757237623 -22.8245547 -43.6186735 1757238156 1757237993
1757238156 -22.8244274 -43.6187591 1757238075 1757237623
1757237631 -22.8244212 -43.6163829 1757237847
1761969581 -22.8243729 -43.6174497 1761969578
1757237695 -22.8243384 -43.6111577 1757237866
349257028 -22.8243342 -43.6192798 349257027 1757202524
1757237815 -22.8243322 -43.6183087 1761969579 1761969577
1757238328 -22.8241208 -43.6135502 1757238256 1757238119 1757238290
1754885393 -22.8240218 -43.6167797 1761969437
1761969437 -22.8239378 -43.6168969 1761969282 1754885393
1761969578 -22.8238784 -43.6177984 1761969581 1761969580
1761969282 -22.8238537 -43.6169991 1761969365 1761969437
1757238167 -22.8237549 -43.6125739 1757238354
1757238218 -22.8236363 -43.6140598 1757238265 1757237847 1757237950
1757237983 -22.8236214 -43.615814 1757237785
1757237950 -22.823567 -43.6138774 1757238256 1757238218
1757238256 -22.8235621 -43.6137863 1757238328 1757237950
1757237785 -22.8235571 -43.615637 1757237777 1757237983
1757238265 -22.8235522 -43.6144729 1757238218 1757238229
1757238229 -22.8235028 -43.614827 1757238265 1757238111
1757237777 -22.8234978 -43.6154492 1757237649 1757237785
1757237649 -22.8234731 -43.6152776 1757237777 1757238111
1757238111 -22.8234731 -43.615063 1757238229 1757237649
349257027 -22.8233497 -43.6198513 1757202450 349257028 1757238075
1757202450 -22.823162 -43.6199588 349257027 1757202673 1757202771
1757238075 -22.8230924 -43.6195476 349257027 1761969577 1757238156
1761969365 -22.822855 -43.6176 1761969282 1761969290 1761969466
1761969394 -22.8228451 -43.617085 1761969290
1761969577 -22.8228121 -43.6192231 1757238075 1762189437 1761969580 1757237815
1761969290 -22.822624 -43.6172522 1761969446 1761969365 1761969394
1761969446 -22.8226127 -43.6172352 1761969290 1761969362
1761969466 -22.8225452 -43.6177908 1761969440 1761969281 1761969365
1761969424 -22.822494 -43.6160014 1761969496
1761969362 -22.8224347 -43.6170096 1761969331 1761969446
1761969451 -22.8224041 -43.6153878 1760933018
1761969580 -22.8223651 -43.6187054 1760933223 1761969578 1761969577 1762189424
1761969331 -22.8223308 -43.6167953 1761969442 1761969362
1761969442 -22.8222715 -43.6165002 1761969496 1761969331
1761969474 -22.8222468 -43.613877 1761969301 1761969324
1761969301 -22.8222221 -43.6139575 1761969463 1761969474
1761969496 -22.8222124 -43.6162214 1761969424 1761969464 1761969442
1761969324 -22.8221875 -43.6138124 1761969474 1761969370
1760933223 -22.822138 -43.6184424 1761969580 1761969281
1761969281 -22.8218937 -43.6181924 1760933223 1760933029 1761969466
1760933029 -22.8218759 -43.6181741 1762189445 1761969281 1762189392
1761969440 -22.8218067 -43.6173046 1761969466 1761969464
1761969463 -22.8217968 -43.6144292 1761969301 1761969448 1761969269
1761969370 -22.8216469 -43.6132773 1761969486 1761969324 1761969376
1761969376 -22.8214952 -43.6136035 1761969441 1761969370
1761969269 -22.8214753 -43.6141023 1761969415 1761969463 1761969456
1761969415 -22.8214408 -43.6139519 1761969441 1761969269
1761969441 -22.8214408 -43.6138073 1761969415 1761969376
1761969448 -22.8213616 -43.614912 1761969463 1761969461 1761969497
1762189392 -22.8212895 -43.6178147 1760933029 1760932749 1762189423
1761969464 -22.8212838 -43.616947 1761969363 1761969440 1761969496
1762189424 -22.8211145 -43.6194473 1762189445 1762189399 1761969580
1760932749 -22.8211145 -43.6177074 1760932703 1762189392
1761969497 -22.8208969 -43.6154274 1761969488 1761969448 1761969236
1760932703 -22.8208623 -43.6175036 1760932749 1761969363
1762189445 -22.8208316 -43.6189092 1760933029 1762189423 1762189424
1761969363 -22.8207437 -43.617369 1760932703 1760932946 1761969464 1762189394
1760932946 -22.8206497 -43.6172622 1761969363 1760933018
1762189423 -22.820575 -43.6184213 1762189428 1762189445 1762189392
1761969236 -22.8204532 -43.6159327 1761969497 1760932868 1761969443
1762189399 -22.8204291 -43.6198539 1762189390 1762189437 1762189424
1761969412 -22.8204223 -43.6112109 1761969361 1761969261
1760933018 -22.8203975 -43.6169725 1761969451 1760932946 1760932868
1761969486 -22.8203778 -43.612021 1761969438 1761969370
1761969438 -22.8202888 -43.6120639 1761969486 1761969456
1762189390 -22.8202872 -43.6196008 1762189420 1762189428 1762189399
1761969361 -22.8200396 -43.6106412 1761969412 1761969240 1761969359
