1780007348 -22.9399675 -43.6572192 1780007337 1780007332 1780007368
1780007347 -22.9399088 -43.6541322 1780007345 1780007350
1780007346 -22.9398887 -43.6592139 1780007338 1780007360 1544555559
1780007345 -22.9398304 -43.6540565 1780007343 1780007347 1780007342
1780007344 -22.9397991 -43.6558071 1780007324 1780007335 1780007349
1780007343 -22.9397991 -43.6540263 1780007340 1780007345
1780007342 -22.93979 -43.6540863 1780007345 1780007326
1780007341 -22.9397643 -43.6531341 1780007339
1780007340 -22.9397225 -43.6538335 1780007339 1780007343
1780007339 -22.9396825 -43.6535859 1780007341 1780007340
1780007338 -22.9396506 -43.6588083 1780007351 1544555595 1780007346
1780007337 -22.9396031 -43.6572994 1780007330 1780007348
1544555559 -22.9396019 -43.6596256 1780007346 1780007334
1780007335 -22.9395743 -43.6553653 1780007344 1780007356 1780007321 1780007331
1780007334 -22.9395371 -43.6596669 1544555559 1544555505
1544555595 -22.9393746 -43.6583381 1544555472 1780007338 1544555558
1780007332 -22.9393425 -43.6566302 1780007324 1780007348 1780007349
1780007331 -22.9393372 -43.6549109 1780007315 1780007353 1780007325 1780007335
1780007330 -22.9392722 -43.6573442 1780007319 1780007322 1780007337
1780007329 -22.939266 -43.6531923 1780007328
1780007328 -22.9392485 -43.6535091 1780007327 1780007286 1780007329
1780007327 -22.9392223 -43.6539835 1780007328 1780007306 1780007326
1780007326 -22.9391982 -43.654418 1780007327 1780007342 1780007325
1544555505 -22.9391532 -43.6599113 1544555592 1544555549 1544555489 1780007334
1780007325 -22.9391033 -43.6544713 1780007304 1780007331 1780007326 1780007310
1780007324 -22.9389999 -43.6563028 1780007319 1780007344 1780007332 1780007321
1544555472 -22.9388702 -43.658491 1544555592 1544555595
1780007322 -22.938749 -43.6574428 1780007330 1780007314 1780007317
1780007321 -22.9385716 -43.6559242 1780007324 1780007315 1780007335
1780007319 -22.9385404 -43.6565677 1780007316 1780007330 1780007314 1780007324
1544555592 -22.9384388 -43.6585645 1544555472 1544555505 1544555539
1780007317 -22.9383426 -43.6575775 1780007322 1780007312
1780007316 -22.9382689 -43.6562955 1780007319 1780007311
1780007315 -22.9381871 -43.6555899 1780007321 1541020291 1780007331
1780007314 -22.938091 -43.656789 1780007309 1780007322 1780007319 1780007288
1544555563 -22.9380309 -43.6599684 1544555482 1544555492 1544555554
1544555539 -22.93797 -43.6587495 1544555592 1544555549 3023900007
1541020291 -22.9379189 -43.6554487 1780007315 1780007308
1780007312 -22.9378109 -43.6577699 3023899990 1780007317
1780007311 -22.9377954 -43.655978 1780007316 1780007296
1544555492 -22.9377834 -43.6595531 1544555563 1544555548 1544555567
1780007310 -22.9377659 -43.655221 1780007325 1780007308
1780007309 -22.9376953 -43.6564948 1780007300 1780007314 1780007274
1780007308 -22.9376785 -43.6553466 1541020285 1541020291 1780007310
3023900007 -22.9375885 -43.6589481 1544555548 1544555539
1544555548 -22.9375265 -43.6590222 3023900001 3023900007 1544555492
1780007300 -22.9374545 -43.656378 1780007298 1780007309
1780007306 -22.9374539 -43.6537891 1780007282 1780007327 1780007304
3023900001 -22.9374437 -43.6590249 1544555545 1544555548 3023899998
1780007304 -22.9374214 -43.6542638 1780007281 1780007325 1780007306 1780007303
1780007303 -22.9373902 -43.6547187 1541020285 1780007277 1780007304
3023899998 -22.9373565 -43.6589034 3023900001 3023899992
1541020285 -22.9373496 -43.6553117 1780007308 1541020365 1780007296 1780007303
1780007296 -22.9372738 -43.655813 1541020285 1780007298 1780007275 1780007311
3023899992 -22.9372052 -43.658514 3023899990 3023899998
1780007298 -22.9371837 -43.6563079 1780007300 1780007295 1780007296
3023899990 -22.9371131 -43.6581244 1780007293 1780007312 3023899992
1780007295 -22.9370227 -43.6562844 1780007294 1780007298 1780007266
1780007294 -22.93684 -43.6562578 1780007284 1780007295
1780007293 -22.936818 -43.6582743 1780007290 3023899990 1780007288
1780007290 -22.936746 -43.6583109 1780007254 1780007293
1780007288 -22.9365337 -43.6577052 1780007227 1780007314 1780007274 1780007293
1780007287 -22.9365185 -43.6526576 1780007283 1780007286
1780007286 -22.9365024 -43.6531926 1780007287 1780007328 1780007285
1780007285 -22.9364988 -43.6533099 1780007282 1780007286
1544555545 -22.9364895 -43.659647 1544555584 3023900001
1780007284 -22.9364779 -43.6562351 1780007270 1780007294
1780007283 -22.9364644 -43.6519305 1780007287 1780007269
1780007282 -22.9364642 -43.6536804 1780007281 1780007285 1780007306
1541020365 -22.9364623 -43.6551733 1541020285 1780007272
1780007281 -22.9364198 -43.6541548 1780007282 1780007280 1780007304
1780007280 -22.9364053 -43.6543097 1780007281 1780007277
1780007275 -22.9364051 -43.6556916 1780007260 1780007296
1780007277 -22.9363513 -43.6546058 1780007272 1780007280 1780007303
1780007274 -22.9363244 -43.6572861 1780007309 1780007266 1780007232 1780007288
1780007273 -22.936288 -43.6531565 1780007259 1780007271
1780007272 -22.9362676 -43.6550643 1780007265 1541020365 1780007277 1780007260
1780007271 -22.9362338 -43.653488 1780007273 1780007268
1780007270 -22.9361854 -43.6561595 1780007248 1780007284
1780007269 -22.9361493 -43.6512835 1780007283 1780007264
1780007268 -22.9361452 -43.654584 1780007265 1780007271
1780007266 -22.936104 -43.656845 1780007295 1780007238 1780007274
1780007265 -22.9360653 -43.654935 1780007272 1780007250 1780007268 2998684911
1780007264 -22.9359561 -43.6512682 1780007269 1780007255
1544555584 -22.9359527 -43.6598969 1544555545 3023899956
3023899956 -22.935927 -43.6599627 1544555584 1544555470
2998684911 -22.9359062 -43.6552432 1780007265 1780007256
1780007260 -22.9358988 -43.6555074 1780007272 1780007275 1780007257
1780007259 -22.9358255 -43.6530845 1780007273 1780007250 1780007230
1780007257 -22.9357674 -43.6556654 1780007260 1780007248
1780007255 -22.9357228 -43.6512229 1780007246 1780007264
1780007254 -22.9357015 -43.6589082 1780007290 1780007229
1780007256 -22.9356954 -43.655416 1780007241 1780007222 2998684911
1780007251 -22.9356594 -43.6503515 1780007261 1780007239 1780007247
1780007250 -22.9356459 -43.6547425 1780007265 1780007233 1780007259
1780007249 -22.9356157 -43.6561059 1780007238 1780007248
1780007248 -22.9356142 -43.6558695 1780007270 1780007244 1780007257 1780007249
1780007247 -22.9356141 -43.6503032 1780007234 1780007251
1780007246 -22.9355557 -43.6512531 1780007243 1780007255
1780007244 -22.9353999 -43.6559093 1780007242 1780007248
1780007243 -22.9353605 -43.6510889 1780007246 1780007239
1780007242 -22.9352885 -43.6559849 1780007244 1780007235
1780007241 -22.9352652 -43.6556766 1780007256 3023899822
1780007239 -22.9352383 -43.6509757 1780007243 1780007251 1780007224
1780007238 -22.9352333 -43.6573357 1780007266 1780007225 1780007232 1780007249
1780007237 -22.9352135 -43.6539201 1780007187
3023899822 -22.9351209 -43.6558149 1780007241 1780007231
1780007236 -22.9351021 -43.653406 1780007188
1780007235 -22.9351004 -43.6562344 1780007228 1780007242
1780007233 -22.9350976 -43.6545194 1541020590 1780007222 1780007250
1780007232 -22.9350483 -43.6579929 1780007227 1780007274 1780007238
1780007228 -22.9350317 -43.6563814 1780007225 1780007235
1780007231 -22.9350075 -43.6559639 1780007223 3023899822
1780007230 -22.9349831 -43.6529534 1780007192 1780007259
1780007229 -22.9349786 -43.6593364 1780007254 1780007216
1780007223 -22.9348571 -43.6562592 1780007231 1780007213
1780007227 -22.9348396 -43.658671 1780007216 1780007288 1780007232
1780007225 -22.9347973 -43.6571849 1780007228 1780007238 1780007205
1780007224 -22.9347598 -43.6505329 1780007239 1780007217
1780007222 -22.9347325 -43.6550349 1780007233 2998684905 1780007215 1780007256
1541020590 -22.9347192 -43.6544026 1780007233 2998684910
1780007214 -22.9346688 -43.6595158 1780007206 1544555547
1780007216 -22.9346661 -43.6592186 1780007227 1780007205 1780007229
1780007217 -22.934664 -43.650494 1780007234 1780007224 1780007211
1780007215 -22.9346141 -43.6550122 1780007222 1780007202
1780007213 -22.9346105 -43.657028 1780007223 1780007194 1780007201
2998684905 -22.9345742 -43.6555286 1780007222 2998684906 2998684901
2998684901 -22.9344314 -43.6559735 2998684905 2998684897 2998684902
1780007209 -22.9344193 -43.6596069 1780007207 1780007212
1780007212 -22.9344187 -43.6595306 1780007209 1780007208
1780007207 -22.9343998 -43.6596749 1780007190 1780007209
1780007208 -22.9343958 -43.6594752 1780007206 1780007212
1780007211 -22.9343905 -43.6503831 1780007217 1780007204
2998684910 -22.9343751 -43.6543419 1541020590 1541020168
1780007206 -22.9343384 -43.6594197 1780007170 1780007214 1780007208
2998684897 -22.93429 -43.6564144 3023899792 1780007201 2998684901
2998684906 -22.9342891 -43.6554674 2998684905 2998684907
2998684902 -22.9342504 -43.6559297 2998684903 2998684901
1780007202 -22.9342375 -43.6549444 1780007191 1780007215 1541020168
1780007205 -22.9342203 -43.6590575 1780007194 1780007216 1780007225
1780007204 -22.9342043 -43.6503754 1780007221 1780007211 1780007198
3023899792 -22.9341865 -43.6563794 2998684898 2998684897
1780007201 -22.9341853 -43.6568912 3023899785 1780007213 2998684897 1780007177
1780007190 -22.9341237 -43.659835 1780007207 3023899786
2998684903 -22.9340998 -43.6559251 2998684904 2998684902
1541020168 -22.9340611 -43.6543419 2998684910 1541020634 1780007195 1780007202
2998684898 -22.9340445 -43.6563882 3023899792 2998684899
1780007194 -22.934016 -43.6589862 1780007213 1780007177 1780007205
1780007195 -22.9340138 -43.6542205 1780007151 1780007187 1541020168
2998684907 -22.9340095 -43.6554627 2998684906 2998684908
1780007198 -22.9340064 -43.6503671 1780007185 1780007204
1780007196 -22.9339879 -43.6523626 1780007192 1780007186
1780007192 -22.9339344 -43.6528543 1780007154 1780007196 1780007230 1780007189
2998684899 -22.933933 -43.6564195 2998684898 2998684894
3023899786 -22.9339283 -43.6599252 3023899779 1780007190
1780007191 -22.9339248 -43.6549442 1780007173 1780007202
3023899785 -22.9339167 -43.6569939 2998684895 1780007201
1780007189 -22.9338974 -43.6531943 1780007192 1780007188
1780007188 -22.9338962 -43.653308 1780007236 1780007152 1780007189 1780007187
1780007187 -22.9338905 -43.6538294 1780007150 1780007237 1780007188 1780007195
2998684904 -22.933859 -43.6559624 2998684903 2998684893
1780007186 -22.9338263 -43.6522348 1780007184 1780007196 1780007158
2998684908 -22.9337558 -43.6555094 2998684909 2998684907
3023899779 -22.9337358 -43.6599752 1780007176 3023899786
1780007185 -22.9337356 -43.6504687 1780007178 1780007198
1780007184 -22.9337288 -43.6518038 1780007182 1780007186
1780007182 -22.9336996 -43.6515773 1780007178 1780007184 1780007161
2998684895 -22.9336052 -43.6571906 2998684894 3023899772 3023899785 3023899771
1780007179 -22.9335686 -43.6510855 1780007159
1780007178 -22.9335686 -43.6505638 1780007185 1780007182
1780007176 -22.9335602 -43.659992 3023899779 1780007172
1780007177 -22.9335487 -43.6588608 1780007201 2998684896 1780007194
2998684909 -22.9335106 -43.6556122 2998684892 2998684908
1780007174 -22.9334746 -43.6501479 1780007183
1780007173 -22.9334095 -43.6551256 1780007169 1780007191
2998684894 -22.9333821 -43.6567595 2998684893 2998684895 2998684899
1780007172 -22.9333673 -43.6599662 1780007176 1780007171
3023899772 -22.9333192 -43.6581417 2998684896 2998684895 3023899768
3023899771 -22.9332126 -43.6574405 3023899745 2998684895 3023899757
2998684896 -22.9331595 -43.6586729 3023899772 2998684900 1780007177
1780007171 -22.9331576 -43.6598759 3023899764 1780007172
2998684893 -22.9331536 -43.6563734 2998684892 2998684894 2998684904
1541020634 -22.9331424 -43.654551 1541020168 1541020184
3023899768 -22.9330926 -43.6580353 3023899772 3023899766
1780007170 -22.9330284 -43.6589788 1780007206 1780007167
3023899766 -22.9330235 -43.6579924 3023899768 3023899762
3023899764 -22.9329922 -43.659743 1780007168 1780007171
3023899762 -22.9329593 -43.6579245 3023899760 3023899766
2998684892 -22.93293 -43.6559531 2998684893 2998684909 2998684891
3023899760 -22.9328984 -43.6578495 3023899762 3023899757
1780007169 -22.9328593 -43.6553978 2998684891 1780007173
3023899757 -22.9328129 -43.6576905 3023899760 3023899525 3023899743 3023899771
1780007168 -22.9327784 -43.6595431 3023899764 1780007175
2998684891 -22.9326876 -43.6555384 1780007166 2998684892 1780007165 1780007169
1660888551 -22.9326411 -43.6596051 1660888461 349347776
2998684900 -22.9326222 -43.6584941 2998684896 1780007163
1780007167 -22.9325909 -43.6589328 1780007170 1780007168
1541020184 -22.9324883 -43.6550328 1541020634 1780007166
1780007163 -22.9324472 -43.6584597 2998684900 1780007167
1780007166 -22.9324343 -43.6550873 1541020511 1541020184 1780007164 2998684891
1780007165 -22.9324067 -43.6557683 3023899745 2998684891
1780007164 -22.9323942 -43.6549596 1780007156 1780007166 1780007143
1780007162 -22.932357 -43.6519701 1780007161 1780007158
3023899745 -22.9323411 -43.6558348 3023899525 1780007165 3023899771
1780007161 -22.9323324 -43.6516491 1780007182 1780007160 1780007162
1780007160 -22.9323152 -43.6514257 1780007159 1780007161
1780007159 -22.9323056 -43.6512471 1780007179 1780007157 1780007160
3023899744 -22.9323046 -43.6580764 1780007163
3023899743 -22.9322993 -43.6580648 3023899744 3023899757
1780007158 -22.9322838 -43.6521334 1780007154 1780007186 1780007162
1780007157 -22.9322734 -43.6506469 1780007159
1780007156 -22.9322462 -43.6544891 1780007155 1780007164 1780007140
1780007155 -22.9322211 -43.6544093 1780007156 1780007151
1780007154 -22.9322088 -43.6526728 1780007192 1780007158 1780007153 1780007130
349347776 -22.9321876 -43.6584201 349347775
1780007153 -22.9321724 -43.6529349 1780007154 1780007152
1780007152 -22.9321627 -43.6531454 1780007150 1780007153 1780007188 1780007132
1780007151 -22.9321559 -43.6540064 1780007155 1780007135 1780007149 1780007195
1780007150 -22.9321416 -43.6536092 1780007133 1780007152 1780007149 1780007187
1780007149 -22.9321306 -43.6538498 1780007150 1780007151
349348037 -22.9321284 -43.6576852 3023899743
3023899525 -22.9320016 -43.6561788 3023899745 1780007146 3023899757
1541020511 -22.9319152 -43.6556121 1780007166 1780007148
3818203278 -22.9318937 -43.6589674 3818203277
1660888461 -22.9318435 -43.6599113 1541020750 1660888361 1541020403 1660888551
1780007148 -22.9318051 -43.6557119 1541020511 349348039 1780007147
349347775 -22.9317357 -43.6573964 3818203268
3818203276 -22.9316318 -43.6582432 3818203275
1780007147 -22.9315468 -43.6554102 1780007145 1780007148
1541020750 -22.9315002 -43.659453 1660888461 3818203277
1780007146 -22.931472 -43.6567156 349348037 3023899525
3818203277 -22.9313959 -43.6593157 1541020750 3818203279 3818203278
3818203268 -22.9313618 -43.6567176 349347774 1541020809
3818203274 -22.9313601 -43.657578 3818203273
3818203279 -22.9313268 -43.6592247 3818203277 3818203275 3818203280
1780007145 -22.931324 -43.655259 1780007144 1780007147
349347774 -22.9312298 -43.656478 3818203270
1780007144 -22.9312265 -43.6551153 1780007143 1780007145
349348039 -22.9312061 -43.6562549 1780007146 1780007148
1780007143 -22.931182 -43.6548082 1780007142 1780007144 1780007164
1780007142 -22.9311499 -43.6545861 1780007140 1780007143
1780007141 -22.9310764 -43.6554715 1780007138 1780007139
1780007140 -22.9310603 -43.6543763 1780007135 1780007142 1780007156
1780007139 -22.9310428 -43.6551432 1780007137 1780007141 1780007127
1780007138 -22.9310351 -43.6560355 1780007141 349348039
1780007137 -22.9310025 -43.6547497 1780007136 1780007139
3818203275 -22.9309874 -43.6587781 3818203279 3818203276 3818203273
349348040 -22.9309452 -43.6559201 1780007138
3818203270 -22.9309386 -43.6561432 349347773 3818203269
1780007136 -22.9308835 -43.6544573 1780007129 1780007137 1780007126
1780007135 -22.9308627 -43.6539134 1780007134 1780007140 1780007151
349347773 -22.9308266 -43.6560145 349347772
1780007134 -22.9307948 -43.6537543 1780007133 1780007135
3818203280 -22.9307079 -43.6596862 3818203279 3818203281
1780007133 -22.9307003 -43.6533926 1780007150 1780007132 1780007134
3818203273 -22.9305892 -43.6582541 3818203275 1541020809 3818203274
1780007132 -22.9305806 -43.6529339 1780007133 1780007128 1780007152
1780007131 -22.930565 -43.6523102 1780007130
1780007130 -22.9305574 -43.6524847 1780007131 1780007154 1780007128
1780007129 -22.9305544 -43.6536484 1780007124 1780007136
1780007128 -22.9305441 -43.6527941 1780007130 1780007132
1780007127 -22.930511 -43.654943 1780007122 1780007139
349347772 -22.9305104 -43.6558 349347771
1780007126 -22.9304469 -43.6543175 1780007123 1780007136
1780007125 -22.9303771 -43.652408 1780007124 1780007117
1780007124 -22.9303476 -43.6530282 1780007129 1780007125
1541020809 -22.9301959 -43.6577364 1544555541 3818203273 3818203268
349348041 -22.9301942 -43.655491 349348040
349347771 -22.9301073 -43.6556197 349347770
1544555541 -22.9300495 -43.6575052 1541020809 3818203269 1544555524
3818203272 -22.9300163 -43.6560706 3818203271
1780007123 -22.9300038 -43.6540555 1780007126 3105695793
1780007122 -22.9299545 -43.654665 1780007119 1780007127
1544555524 -22.9298788 -43.6576649 1780007992 1544555541
3105695793 -22.9298723 -43.6538644 3105695792 1780007123 1780007120
1780007992 -22.9298564 -43.6577662 1544555534 1544555524 1780007989
3818203269 -22.9298222 -43.6571462 1544555541 3818203271 3818203270
1780007121 -22.9297409 -43.651121 1780007111
1780007120 -22.9296985 -43.6536117 3105695793 1780007117
1544555534 -22.929692 -43.6585098 1780007992 1544555557
349348042 -22.9296725 -43.6551991 349348041
1780007989 -22.9296691 -43.6575464 1780007992 1780007981 1780007985
1780007119 -22.929616 -43.654339 3105695792 1780007122
1544555557 -22.9295043 -43.6589496 1544555534 1780007983
349347770 -22.9294986 -43.6553279 349347769
3105695792 -22.9294919 -43.6541686 1780007118 1780007119 349347600 3105695793
3818203271 -22.9294482 -43.6566273 3818203269 1541020214 3818203272
1780007118 -22.9293747 -43.6540075 3105695792 1780007116
1780007985 -22.9293583 -43.6571818 1780007989 1780007979
349347599 -22.929301 -43.6549073 349348042
1541020214 -22.9292208 -43.656312 3818203271 1541020746
349347769 -22.929214 -43.6550446 349347768
1780007983 -22.9291709 -43.6596652 1544555569 1544555557 1780007980
1544555569 -22.9290596 -43.659904 1780007977 1544555556 1780007983
1780007981 -22.9290185 -43.6581014 1780007989 1780007969
349347600 -22.9289848 -43.6545812 349347599 3105695792
1780007980 -22.9289793 -43.6595726 1780007974 1780007983
1780007979 -22.9289496 -43.6567808 1780007944 1780007985
1780007117 -22.9288999 -43.6523507 1780007120 3661993881 1780007125
1780007116 -22.9288872 -43.6532216 3105695795 1780007118
349347768 -22.9288741 -43.6546927 349347767
3105695795 -22.9287859 -43.6530834 3105695794 1780007115 1780007116
349347601 -22.9286686 -43.6540576 349347600
1780007974 -22.9286451 -43.6592664 1780007969 1780007980
1780007115 -22.9285425 -43.6527511 3105695795 3661993881
349347767 -22.9285421 -43.654152 349347766
1780007969 -22.9283586 -43.6588743 1780007951 1780007981 1780007974
3105695794 -22.9282822 -43.6534909 3105695795 349347601
349347602 -22.928218 -43.6533967 3105695794
349347766 -22.9280915 -43.6535083 349347765
1780007951 -22.9279549 -43.6593471 1780007977 1780007969 1780007946
3661993881 -22.9279516 -43.6522218 1780007113 1780007115 1780007117
349347603 -22.927886 -43.6530877 349347602
1780007113 -22.9278856 -43.6521895 1780007109 1780007112 3661993881
1780007112 -22.9278106 -43.6521528 1780007113 1780007110
1780007111 -22.9277777 -43.6516733 1780007121 1780007110
349347765 -22.9277674 -43.653225 349347764
1780007946 -22.9276771 -43.6591114 1780007951
1780007944 -22.9276257 -43.6563117 1780007979
1780007110 -22.9275869 -43.6517072 1780007111 1780007108 1780007112
1780007939 -22.9275793 -43.659615 1780007973
349347604 -22.9275145 -43.6528903 349347603
349347764 -22.9274512 -43.6529933 349347763
1780007109 -22.9274394 -43.6527975 1780007113 349347604
1780007934 -22.9274069 -43.659909 1780007962
1541020746 -22.9273502 -43.6537249 1541020214 1541020797
349347605 -22.9272852 -43.652607 1780007109
349347763 -22.9272378 -43.6527358 349347762
1780007108 -22.9271721 -43.6517695 1780007107 1780007110
349347762 -22.9269295 -43.6522809 349347761
349347606 -22.9268821 -43.6519032 349347605
1780007107 -22.9268386 -43.6517265 349347761 349347606 1780007108
349347607 -22.9267435 -43.651503 1780007107
349347761 -22.9267025 -43.6518072 2035857637 349347539 1780007107
3023899048 -22.9265718 -43.6502228 3023899122 3023898823 3023899033
349347608 -22.9265342 -43.6507861 349347607
3023899034 -22.9264405 -43.6505622 349347608
349347539 -22.9264108 -43.6509106 349347538
349347538 -22.9263616 -43.6507688 3023898818
3023898823 -22.9263418 -43.6504227 3023899048 3023899034
2035857637 -22.926271 -43.6517549 349347761 2035857636 2035857630
3023898818 -22.926268 -43.6506161 3023898803
349347609 -22.9262513 -43.6503249 3023898823
2035857636 -22.9262433 -43.6518029 2035857634 2035857637
3023898803 -22.9261678 -43.6505029 349347537
2035857634 -22.9261399 -43.6518939 2035857631 2035857636
1541020797 -22.9261199 -43.6521015 1541020746 2035857631
2035857631 -22.9260952 -43.6520229 1541020797 2035857634
349347610 -22.9260939 -43.650207 349347609
2035857630 -22.9260733 -43.6517627 2035857637 1660888080
349347537 -22.9260409 -43.6504039 349347536
3023898752 -22.9257592 -43.6500111 349347610 3023898787
1660888080 -22.9232011 -43.651385 2035857545 1660888005 1660888075 2035857630
1660888075 -22.9231511 -43.6517758 1660888070 1660888022 1660888080
1660888070 -22.9231022 -43.6522264 1660888065 1660888075 1660887972
1660888065 -22.923033 -43.6527468 1660888062 1660888070 1660887965
1660888062 -22.922941 -43.6536096 1660888065 1660888054 1660887967
1660888054 -22.9227867 -43.655017 1660888062 3023898008 1660888028
1660888028 -22.9227107 -43.6557874 1660888019 1660888054 3023898015
1660888022 -22.9225555 -43.6517048 1660888016 1660888075
1660888019 -22.922555 -43.6566479 1660888014 1660888028 1660887700
1660888016 -22.9225004 -43.651669 1660888022 1660887978
1660888014 -22.9224994 -43.6571035 1660888010 1660887698 1660888019
1660888010 -22.9224544 -43.6575129 1660888007 1660887693 1660888014
1660888007 -22.922358 -43.6583886 1660887986 1660888010 1660887975
1660888005 -22.9223134 -43.6512998 1660887978 1660887933 1660888080
1660887986 -22.922305 -43.6588418 1660888007 1660887930 1660887937
1660887982 -22.922295 -43.6544729 3023897941 3023898238
3023898238 -22.9222935 -43.6542478 1660887982 1660887969
1660887978 -22.9222913 -43.6516568 1660888005 1660888016 1660887972
1660887975 -22.9222823 -43.6583771 1660888007 1660887790
1660887972 -22.9222471 -43.6520841 1660887965 1660888070 1660887978
1660887969 -22.9222415 -43.6537381 3023898238 1660887967 3023897941
1660887967 -22.9222332 -43.6535758 1660888062 1660887969 1660887962
1660887965 -22.9222028 -43.6526442 1660888065 1660887962 1660887972
1660887962 -22.9221881 -43.6529083 1660887965 1660887967
1660887942 -22.9220899 -43.6589089 1660887831 1660887937
1660887937 -22.9220874 -43.6588285 1660887986 1660887942 1660887785
1660887933 -22.9220716 -43.6512625 1660887841 1660888005 1660887891
3023898015 -22.9218879 -43.6556818 1660887731 1660888028 1660887889
1660887917 -22.9218693 -43.6552505 1660887737
1660887889 -22.9218377 -43.6561261 1660887719 3023898015
1660887891 -22.9218302 -43.6520505 1660887879 1660887933
3023898008 -22.9218007 -43.6549114 1660887738 1660888054
1660887879 -22.9216095 -43.6519565 1660887891 1660887874
1660887871 -22.9214588 -43.6578254 1660887691
1660887874 -22.9214524 -43.6522169 1660887879 1660887851
1660887841 -22.9213926 -43.6511744 1660887827 1660887838 1660887933
1660887851 -22.921371 -43.6524351 1660887828 1660887874
1660887838 -22.921291 -43.6511538 3023897940 1660887841
1660887831 -22.9212148 -43.6594065 1660887783 3023897874 1660887942
1660887828 -22.9211967 -43.6526882 1660887851 1660887797 1660887827
1660887827 -22.9211702 -43.6524352 1660887828 1660887841
1660887797 -22.9211525 -43.6533285 1660887828 1660887789
1660887790 -22.9211418 -43.6582215 1660887677 1660887975
1660887789 -22.9211148 -43.6535817 1660887797 1660887744
3023897941 -22.9210651 -43.654411 1660887744 1660887982 1660887969
1660887785 -22.9210644 -43.6586777 1660887673 1660887937
3023897940 -22.9210576 -43.6511279 1660887749 1660887838
1660887783 -22.9210557 -43.6592961 1660887831 1660887752
1660887752 -22.9210101 -43.6590746 1660887783 1660887670
1660887749 -22.9210003 -43.6511197 3023897940 2035857504 2035857508
2035857504 -22.9209902 -43.6511819 1660887749 1663027051 1663027281
1660887744 -22.9209781 -43.654466 1660887789 1660887738 3023897941
1663027281 -22.9209057 -43.6518991 1663027029 1663027258 2035857504
1660887738 -22.9208485 -43.654774 3023898008 1660887744 1660887737
1660887737 -22.9207948 -43.6551059 1660887738 1660887731 1660887917
1663027258 -22.9207891 -43.6525611 2035857500 1663027281 1663027098
1660887731 -22.9207204 -43.6555319 3023898015 1660887737 1660887719
1660887719 -22.9206438 -43.6559593 1660887731 1660887889 1660887700
2035857500 -22.9206307 -43.6534912 1663067630 1663027258
1660887700 -22.9205749 -43.6563921 1660887698 1660888019 1660887719
1660887698 -22.9205029 -43.6568121 1660887693 1660888014 1660887700
1663067630 -22.9204928 -43.6542012 2035857492 2035857500 1663027016
1660887693 -22.9204374 -43.6572528 1660888010 1660887698 1660887691
1660887691 -22.9203778 -43.6576804 1660887693 1660887871 1660887677
3023897874 -22.9203556 -43.659895 1660887831 1660887668
2035857492 -22.9203371 -43.6554721 3023897868 1663067630
1660887677 -22.9203078 -43.6581179 1660887691 1660887673 1660887790
3023897868 -22.9202903 -43.6557311 2035857492 3023897864 3023897865
1660887673 -22.9202366 -43.6585526 1660887785 1660887677 1660887670
3023897865 -22.9202188 -43.656155 3023897839 2035857487 3023897868
1660887670 -22.9201658 -43.6589894 1660887673 1660887664 1660887752
3023897864 -22.9201534 -43.6557119 3023897838 3023897868
2035857487 -22.9200501 -43.65721 1663066944 3023897865
