1777262313 -22879940 -43581096 1777275920 1777262297 2575939774
2575939774 -22879886 -43580859 2575939772 1777262313 2575939775
1777275919 -22879828 -43583310 1777275895 1777275918 1777275921
2575939772 -22879827 -43580601 2575939770 2575939773 2575939774
2575939770 -22879764 -43580330 2575939772 2575939771 2575939768
2575939768 -22879701 -43580054 2575939766 2575939770 2575939769
1777262297 -22879654 -43581240 1777262313 1777262221
3818219566 -22879620 -43589415 3818219565
2575939775 -22879564 -43580944 2575939774
1777275918 -22879556 -43583908 1777275917 1777275919 1777275926 1777275915
1777275917 -22879475 -43584439 1777275918 1542470067 1777275913
1777275916 -22879437 -43584882 1777275930
2575939773 -22879387 -43580712 2575939772
2575939771 -22879310 -43580449 2575939770
1777262262 -22879250 -43581027 1777262260
2575939769 -22879244 -43580190 2575939768
1777262260 -22879188 -43580809 1777262258 1777262262 1777262215
1777262258 -22879083 -43580440 1777262260 1777262229 1777262227
1777275915 -22879042 -43583822 1777275909 1777275918 1777275912
1777275914 -22879014 -43585333 1777275927 1777275900 1777275913
1777275913 -22879007 -43584381 1777275917 1777275912 1777275914
1777275912 -22879006 -43584303 1777275915 1777275913
1777275909 -22878899 -43583799 1777275891 1777275915
1777262229 -22878884 -43580543 1777262258 1777262224 1777262206
1777262224 -22878712 -43580148 1777262222 1777262200 1777262229
1777275908 -22878695 -43586702 1777275897 1777275906
1777275906 -22878640 -43587407 1777275904 1777275894 1777275908
1777275905 -22878565 -43582489 1777275903 1777262213 1777275925
1777275903 -22878550 -43582572 1777275905 1777275895 1777275921
1777262221 -22878535 -43581775 1777262213 1777262297 1777262215
1777275904 -22878535 -43588764 1777275906 1777275885
1777275901 -22878468 -43584334 1777275900 1777275896
1777275900 -22878432 -43585267 1777275901 1777275914 1777275889 1777275899
1777275899 -22878368 -43585770 1777275924 1777275857 1777275898 1777275900
1777275898 -22878318 -43586237 1777275897 1777275853 1777275922 1777275899
1777262215 -22878312 -43581272 1777262221 1777262260 1777262211
1777275895 -22878305 -43583129 1777275919 1777275903 1777275888
1777275897 -22878287 -43586625 1777275898 1777275856 1777275908
1777275896 -22878284 -43584263 1777275901 1777275890
1777262213 -22878280 -43581926 1777262221 3016654358 1777275905
1777275894 -22878265 -43587361 1777275880 1777275893 1777275906
1777275893 -22878244 -43587842 1777275886 1777275894 1777275892
1777275892 -22878223 -43588319 1777275893
1777275891 -22878210 -43583718 1777275909 1777275888
3016654358 -22878179 -43582003 1777262213 1777262208 1777262210
1777275890 -22878107 -43584244 1777275889 1777275883 1777275896
1777275889 -22878092 -43585229 1777275884 1777275900 1777275890
1777262211 -22878083 -43581393 1777262215 1777262206
1777275888 -22878052 -43583633 1777275895 1777275887 1777275891
1777262208 -22878026 -43582244 3016654358 1777262201
1777262210 -22877983 -43581693 3016654358 2575748534 3016654371
1777262206 -22877898 -43581053 1777262229 1777262211 1777262200
1777275886 -22877855 -43587802 1777275879 1777275885 1777275893
1777275887 -22877846 -43583472 1777262201 1777275888
2575748534 -22877808 -43581406 1777262210 2575748533 2575748532
1777275885 -22877786 -43588686 1777275886 1777275904 1777275878
1777275884 -22877765 -43585192 1777275876 1777275889 1777275883
1777275883 -22877744 -43584206 1777275884 1777275877 1777275890
1777262202 -22877701 -43580284 1777262198 1777262222
1777262201 -22877694 -43582907 1777262208 1777262199 1777275887
1777262200 -22877677 -43580729 1777262224 1777262198 1777262206
2575748532 -22877635 -43581151 2575748530 2575748534 2575748531
1777262199 -22877565 -43582999 1777262201 3016654359
1777262198 -22877560 -43580534 1777262202 1777262200
1777275880 -22877534 -43587273 1777275879 1777275894 1777275873
1777275879 -22877487 -43587764 1777275886 1777275880 1777275878
2575748530 -22877472 -43580907 2575748529 2575748518 2575748532
3016654371 -22877447 -43582213 1777262210 1777262197
1777262197 -22877422 -43582347 2575748524 1777262190 2575748523 3016654371
1777275878 -22877402 -43588645 1777275879 1777275867 1777275885
1777275877 -22877402 -43584170 1777275876 1777275861 1777275883
1777275876 -22877393 -43585143 1777275884 1777275877 1777275869
2575748523 -22877390 -43582216 1777262197 2575748533
3016654359 -22877368 -43583070 1777262199 1777262195
2575748524 -22877325 -43582283 2575748506 1777262197
2575748518 -22877314 -43580644 1777262194 3016654372 2575748530
1777262194 -22877217 -43580419 1777262204 3016654373 2575748518
2575748533 -22877197 -43581991 2575748523 2575748531 2575748534
2575748506 -22877190 -43582138 2575748504 2575748524 2575748505
1777262195 -22877171 -43583094 3016654359 1777262191
1777275873 -22877170 -43587230 1777275867 1777275880
1777275869 -22877096 -43585105 1777275876 1777275864 1777275861
1777275867 -22877031 -43588606 1777275847 1777275873 1777275878
1777275864 -22877015 -43585107 1777275869 1777275859
2575748531 -22877002 -43581763 2575748533 2575748529 2575748532
2575748504 -22876997 -43581907 2575748506 2575748502 2575748503
1777275861 -22876987 -43584142 1777275814 1777275877 1777275869
3016654372 -22876980 -43580951 2575748517 2575748518 3016654373
1777262191 -22876979 -43583068 1777262190 1777262195
3016654373 -22876973 -43580420 1777262194 3016654372 2693282253 3016654374
1777275859 -22876940 -43585084 1777275864 1777275767 1777275857
1777275857 -22876887 -43585599 1777275855 1777275899 1777275859
1777275856 -22876868 -43586485 1777275897 1777275852
1777275855 -22876848 -43585792 1777275783 1777275857 1777275853
1777262190 -22876819 -43582990 1777262189 1777262197 3016654360 1777262191
2575748529 -22876799 -43581527 3016654369 2575748531 2575748530
1777275853 -22876797 -43586048 1777275898 1777275851 1777275855
2575748502 -22876795 -43581677 2575748527 2575748504 2575748501
1777275852 -22876766 -43586474 1777275851 1777275844 1777275856
1777275851 -22876744 -43586359 1777275834 1777275852 1777275853
2575748517 -22876686 -43581221 3016654372 2575748528 2693282253
3016654360 -22876682 -43583599 1777262190 3016654365
2693282253 -22876681 -43580421 2575748514 3016654373 2575748517 2575748519
1777275847 -22876675 -43588569 1777275867 1777275843
3016654369 -22876675 -43581363 2575748529 2575748527 2575748528
3016654365 -22876655 -43583657 3016654360 3016654364
1777275844 -22876627 -43587849 1777275832 1777275843 1777275852
2575748528 -22876622 -43581296 3016654369 3016654370 2575748517
3016654364 -22876615 -43583685 3016654361 3016654365
2575748527 -22876604 -43581441 3016654370 1777262186 3016654369 2575748502
1777275843 -22876598 -43588138 1777275847 1777275844
1777262189 -22876587 -43582822 1777262190 2575748505 1777275802
3016654361 -22876564 -43583693 3016654362 3016654364
2575748505 -22876548 -43582790 1777262189 2575748506 2575748503
3016654370 -22876547 -43581376 2575748527 2575748498 2575748528
2575748498 -22876417 -43581228 2575748512 3016654370 2575748497
2575748512 -22876397 -43581199 2575748496 2575748498 2575748514
2575748514 -22876387 -43580427 2575748507 2575748512 2693282253 2575748516
2575748503 -22876313 -43582589 2575748505 2575748504 2575748501
1777275834 -22876311 -43586306 1777275832 1777275851 1777275806
2575748496 -22876215 -43581004 3016654375 2575748512 2575748495
1777275832 -22876125 -43587843 1777275834 1777275844
3016654362 -22876124 -43583636 3016654361 3016654363
2575748501 -22876112 -43582373 1777262186 2575748503 2575748502
3016654375 -22876084 -43580846 2575748496 2575748507 2575748494
2575748507 -22876083 -43580432 3016654375 2575748511 1777262184 2575748514
3016654363 -22876072 -43583588 3016654362
2575748494 -22876022 -43580771 3016654375 2575748493 2575748492
1777262186 -22875913 -43582143 2575748527 2575748501 2575748497
2575748492 -22875830 -43580538 1777262184 2575748494 2575748491
1777262184 -22875799 -43580440 2575748507 2575748510 2575748492 1777262182
2575748510 -22875797 -43580115 1777262184
2575748497 -22875715 -43581902 1777262186 2575748495 2575748498
2575748495 -22875527 -43581677 2575748493 2575748496 2575748497
1777275814 -22875461 -43584040 1777275777 1777275861
1777262182 -22875458 -43580451 2575748489 1777262181 1777262184 2575748490
2575748493 -22875339 -43581454 2575748495 2575748491 2575748494
1777262181 -22875291 -43580393 1777262178 1777262182
2575748489 -22875245 -43580053 2575748486 2575748488 1777262182
1777275806 -22875240 -43586175 1777275834 1777275796
2575748491 -22875144 -43581207 2575748493 2575748490 2575748492
1777275802 -22875072 -43583502 1777262189 3016654366
1777275796 -22875046 -43586009 1777275806 1777275780
2575748490 -22874944 -43580969 1777262178 2575748491 1777262182
3016654366 -22874882 -43583551 1777275776 1777275802
1777262178 -22874800 -43580695 2575748488 1777262181 2575748490
2575748488 -22874652 -43580396 1777262178 2575748485 2575748489
1777275783 -22874636 -43585529 1777275855
1777275780 -22874604 -43585931 1777275796
2575748485 -22874524 -43580111 2575748488 2575748486 1777275775
3016654367 -22874510 -43583412 1777275774 1777275776
1777275776 -22874507 -43583597 1777275777 3016654366 1777275759 3016654367
1777275777 -22874490 -43583933 1777275776 1777275814
1777275774 -22874458 -43583232 1777275770 3016654367
1777275770 -22874312 -43583044 1777275736 1777275774 1777275754
1777275767 -22874242 -43584781 1777275859 1777275695
1777275759 -22874105 -43583601 1777275776 1777275718
1777275754 -22873985 -43583304 1777275770 1777275751 1777275721
1777275751 -22873905 -43583333 1777275754 1777275726
1777275749 -22873874 -43581819 1777275736 1777275706
1777275746 -22873770 -43580617 1777275734 1777275775 1777275738
1777275738 -22873701 -43580513 1777275733 1777275746
1777275736 -22873607 -43582091 1777275749 1777275721 1777275770 1777275702
1777275733 -22873607 -43580319 1777275737 1777275738
1777275737 -22873607 -43580242 1777275744 1777275733
1777275734 -22873598 -43580779 1777275746
1777275726 -22873447 -43583271 1777275751 1777275710 1777275684
1777275721 -22873284 -43582368 1777275736 1777275683 1777275754 1777275710
1777275718 -22873163 -43583897 1777275759 1777275707
1777275710 -22872977 -43582642 1777275661 1777275721 1777275726 1777275699
1777275706 -22872881 -43580012 1777275682 1777275749 1777275712
1777275707 -22872809 -43584203 1777275718 1777275695
1777275702 -22872736 -43580940 1777275682 1777275736 1777275683
1777275699 -22872679 -43582913 1777275645 1777275684 1777275710
1777275695 -22872582 -43584574 1777275767 1777275707
1777275684 -22872426 -43583129 1777275676 1777275726 1777275699
1777275683 -22872415 -43581225 1777275721 1777275661 1777275702
1777275682 -22872380 -43580454 1777275639 1777275706 1777275702
1777275676 -22872250 -43583101 3016654368 1777275631 1777275684
1777275661 -22872097 -43581502 1777275710 1777275683 1777275645
3016654368 -22872012 -43583070 1777275676
1777275645 -22871774 -43581789 1777275661 1777275699 1777275631
1777275639 -22871636 -43581119 1777275682 349264587 1777275618
1777275631 -22871465 -43582061 3016654357 1777275676 1777275645 1777275616
3016654357 -22871312 -43581824 349264587 1777275631
1777275618 -22871250 -43580612 1777275698 1777275600 1777275639
349264587 -22871193 -43581485 349264586 1777275639 3016654357
1777275616 -22871189 -43582326 1777275631
1777275600 -22870949 -43580207 1777275594 1777275685 1777275618
1777275594 -22870877 -43580105 1777275591 1777275600
349264586 -22870061 -43581892 349264585 349264587
349264585 -22869586 -43582055 349264584 349264586
349264584 -22869309 -43582322 349264585 349264583
349264583 -22868450 -43583595 349264584 349264582
349264582 -22868362 -43583797 349264581 349264583
349264581 -22868320 -43583988 2251484413 349264582
2251484413 -22868131 -43585517 2251484419 349264579 349264581
349264579 -22867801 -43588313 349264578 2251484413
349261268 -22867765 -43589165 349261267 349264577
349264578 -22867741 -43588771 3002937462 349264579
349264577 -22867737 -43589035 349261268 3002937462
3002937462 -22867729 -43588928 349264577 349264578
2251484419 -22867584 -43585451 2251484420 2251484413
2251484420 -22867322 -43585402 2251484418 2251484419
2251484418 -22867170 -43585334 2251484415 2251484420
2251484415 -22867012 -43585200 2251484421 2251484418
2251484421 -22866834 -43584980 2251484736 2251484415
144372497 -22866742 -43589965 2441993011
2251484736 -22866715 -43584819 2251484737 2251484421
2251484737 -22866651 -43584749 2251484736 2251480272
2441993011 -22866643 -43589251 144372498
2251483643 -22866589 -43585711 2251483636
144372498 -22866585 -43588539 2251483943
2251483640 -22866562 -43586113 2251483643
2251480272 -22866559 -43584671 2251484737 2251480270
2251483636 -22866547 -43584833 2251480272
144302272 -22866532 -43589474 2441993012
2251480270 -22866527 -43584521 2251480272 2251480288
2251483946 -22866508 -43586538 2251483640
2251480288 -22866470 -43583627 2251480270 2251480279
2251483943 -22866465 -43586957 2251483946 1753575092
2251483997 -22866455 -43583334 3065474340
2251480279 -22866448 -43583481 2251480274 2251483997 2251480288
3065474340 -22866435 -43583044 2251483999
2251483999 -22866393 -43582880 2251483995
2251483973 -22866293 -43586546 144302272
1753575092 -22866231 -43583778 1753575084
2251483995 -22866228 -43582490 2251483996
2251483974 -22866186 -43586176 2251483973
1753575084 -22866181 -43583133 2251483993
2251483996 -22866175 -43582289 2251483993
2251482482 -22866173 -43585401 2251483973 2251482485
2251483971 -22866166 -43586121 2251483974
2251482485 -22866146 -43585517 2251481590
2251481590 -22866105 -43585583 2251481586
2251483972 -22866097 -43585983 2251483971
2251483993 -22866085 -43581905 3787843447
2251481586 -22866057 -43585611 2251481592
1753575088 -22866041 -43583766 2251482482
2251483970 -22866008 -43585822 2251483972
2251481592 -22866006 -43585614 2251481588
1753575068 -22865995 -43583199 1753575088
2251481588 -22865972 -43585599 3002937451
2251483990 -22865939 -43585715 2251483970
3002937451 -22865938 -43585560 2251480286
2251483991 -22865915 -43585634 2251483990
2251480286 -22865898 -43585442 2251483991 3065474339
2251477420 -22865848 -43581185 1753575068
2251480274 -22865814 -43583509 3065474339 2251480279
3065474339 -22865782 -43583678 2251480286 2251480274
2251477099 -22865529 -43580393 2251480274
