3786859094 -22.9199778 -43.6817582 3786859095
3018588015 -22.9199739 -43.6891305 3018588016 3003437528 3023897711
3786859095 -22.9199321 -43.6818538 3003439033
3003439033 -22.9199247 -43.6819648 2356515686 3786859078
2356515686 -22.9199142 -43.6821368 3786859086
3786859086 -22.9199065 -43.6821903 759447551 3786859087
3003437532 -22.9199016 -43.6843539 3023897728
3018588016 -22.9198987 -43.689165 3023897729
158796367 -22.9198766 -43.6816865 3786859082
3023897728 -22.9198584 -43.6842935 3026536118
3023897729 -22.9198426 -43.6892293 3023897730
3018588014 -22.9198278 -43.6894066 3023897719 1664361659
3023897730 -22.919823 -43.6893133 3018588014
3026536118 -22.9198204 -43.6842729 3026536116
3786859078 -22.9198165 -43.6818213 3786859085
3786859085 -22.9197945 -43.681792 3026536108
3026536108 -22.919775 -43.6817674 2356515682 158796367
3026536116 -22.9197693 -43.6842682 3023897717
3786859087 -22.9197678 -43.6822656 3786859088
3023897719 -22.9197515 -43.6893202 3023897687 3018588014
3023897717 -22.9197298 -43.6842865 3003437530
3003437527 -22.9197202 -43.6866766 3003439045 1542808295
2356515682 -22.919708 -43.6816742 2356515685
3003437530 -22.9197076 -43.6843307 3026536110 3026536112
3786859088 -22.9197074 -43.682271 3324207589
3023897711 -22.9197028 -43.6889983 3023897690 3018588015
3023897710 -22.9196954 -43.6842526 3003437530
759447551 -22.9196953 -43.6837407 2255650010 3324127882
3026536112 -22.9196933 -43.6844441 3026536111
2255650010 -22.9196846 -43.6838279 3023897703
2356515685 -22.9196823 -43.6816345 874345417
3023897703 -22.9196803 -43.6839221 3023897710
3324127880 -22.9196714 -43.6855127 3324127881 3003437531
3026536110 -22.9196685 -43.6843966 3026536109
3023897706 -22.919665 -43.6899975 3023897697 3023897707
3026536111 -22.9196598 -43.6845709 3023897701
3023897701 -22.9196364 -43.6846897 3003439051
158803475 -22.9196325 -43.6818877 3026536108
3026536109 -22.9196291 -43.6844346 3003437525
3023897697 -22.919629 -43.6898781 3023897706 3026536106
3003439051 -22.9196124 -43.6849873 3324127878 3003437531
3324207589 -22.9196075 -43.6822226 3003437515
3003437531 -22.9195905 -43.685544 3324127879 3324127880 3003437527
3324127882 -22.9195737 -43.6837742 3003437523
3023897690 -22.9195635 -43.6888902 3023897711 158800998
3003437515 -22.9195355 -43.6822158 3026536096
3023897687 -22.9195059 -43.6889334 158800998 3023897719
3324127878 -22.9194952 -43.6850218 3003437526 3003439051
3324127879 -22.9194857 -43.6855831 1542808295 3003437531
158800998 -22.9194323 -43.6887489 3023897687 3023897690 158800999
3026536106 -22.9191826 -43.689102 3023897697 3023897649
3003439035 -22.9191768 -43.6800137 3003439036
3023897649 -22.9191511 -43.6890475 3026536106 3023897471
1542808295 -22.9190343 -43.6857513 3324127879 3003437526
3023897633 -22.9189053 -43.6803231 3003439035
158800999 -22.9189049 -43.6879742 3023897503 158800998
3023897526 -22.9188722 -43.6803579 3023897633
3026536096 -22.9188641 -43.6827448 3324207588
874345417 -22.9187951 -43.680456 3023897526 3324207590
3324207588 -22.9187651 -43.6828148 3003437516
3324207590 -22.9186966 -43.6805686 3023897469
3003437526 -22.9186673 -43.6852654 3324127877 3324127878 3003437525
3324207587 -22.9186582 -43.6826459 158803475
3026536093 -22.9185842 -43.6895542 3023897499 3026536092
3324127877 -22.9185374 -43.6853041 3023897212 3003437526
3023897503 -22.918497 -43.6874945 158800999 158801000
3026536092 -22.918479 -43.6893767 3026536093
3023897499 -22.9184283 -43.689676 3023897472 3023897474 3026536093
3003437525 -22.9183183 -43.6848051 3026536084 3023897200
3026536084 -22.9182173 -43.6843091 3003437524
158796368 -22.918207 -43.6829968 3324207587
3003437524 -22.918188 -43.6842521 3003437523
3003437516 -22.9181392 -43.6832574 3003437517
3018588028 -22.9181323 -43.6800123 874345417
3003437523 -22.9181144 -43.6841758 3023897195
3026536082 -22.9181034 -43.6830492 158796368
158801000 -22.9180896 -43.6870845 3023897503 3023897445
3023897474 -22.9180622 -43.6899529 3023897448 3023897499 3023897455
3023897471 -22.9180387 -43.6882577 3023897649 3023897465
3023897472 -22.9180184 -43.689129 3023897499 3023897446
3023897469 -22.9179971 -43.681368 874345427 3023897463
3023897468 -22.9179603 -43.6835641 3003437523
3023897463 -22.9179562 -43.6813825 3023897459
3023897465 -22.9179402 -43.6882152 3023897471 3023897453
3023897464 -22.917931 -43.6834298 3023897468
3023897460 -22.9179222 -43.683383 3023897464
3003437517 -22.9179183 -43.6833652 3023897460
3023897459 -22.9179108 -43.6813849 3023897454
3023897455 -22.9178698 -43.6894348 3023897474
3023897454 -22.9178666 -43.6813644 3023897452
3023897452 -22.9178433 -43.6813344 3023897451
3023897451 -22.91783 -43.6812804 3018588028
3023897453 -22.917826 -43.6881999 3023897465 3023897225
3026536077 -22.9178214 -43.6874595 3026536075
3023897446 -22.9177509 -43.6888403 3023897472 3023897441
3023897445 -22.91775 -43.6867325 3023897435 158801000
874345427 -22.9177434 -43.681668 3018593552 3023897451
3026536076 -22.9177419 -43.6832082 3026536082
3786859093 -22.9176963 -43.6832259 3026536076
3023897441 -22.917693 -43.6887842 3023897446 3023897436
3026536075 -22.9176696 -43.6874642 3026536077 3026536074
3023897440 -22.9176617 -43.6899682 3023897448 3023897434
3018593552 -22.9175957 -43.6823923 874345427 3322424973
3023897438 -22.91755 -43.686488 3023897445
3023897435 -22.9175102 -43.6865337 158801001
3023897436 -22.9175037 -43.6885074 3023897441 3023897225
3322424973 -22.9174869 -43.682355 3026536043
3023897434 -22.9174833 -43.6899766 3023897440 3023897439 3023897433
3023897433 -22.9174667 -43.6896945 3023897434 3023897223 3023897231
3026536074 -22.9174185 -43.6875102 3026536075 3026536073
760854459 -22.9174085 -43.6833208 3786859093
3023897231 -22.9173957 -43.689 3023897433 3023897226 3023897219
3023897225 -22.9173456 -43.6882441 3026536072 3023897453 3023897436
3023897226 -22.9173394 -43.6887163 3023897216 3023897231
3026536073 -22.9173265 -43.6872233 3026536074 3026536071
3023897223 -22.9173159 -43.6897083 3023897433 3023897167
3026536072 -22.9172996 -43.68825 3023897225 3023897216 3026536069
3026536071 -22.9172724 -43.6870901 3026536070 3026536073
3023897219 -22.9172486 -43.6890101 3023897003 3023897231
3026536070 -22.9172272 -43.6870695 3026536067 3026536071
3023897216 -22.9172033 -43.6882679 3026536072 1734068384 3023897226
3026536069 -22.9171629 -43.687897 3026536072 3026536068
3026536067 -22.9170549 -43.6868555 3026536063 3026536070 3026536065
3026536068 -22.9170476 -43.6876735 3026536064 3026536069
3023897212 -22.9170292 -43.685753 3324127877 3026536066
3023897211 -22.9170175 -43.6859251 3023897438
3026536066 -22.9169909 -43.6857801 3023897209 3023897212
3023897210 -22.916988 -43.6858705 3023897211
3023897209 -22.9169771 -43.6858201 3023897210 3026536066
3026536065 -22.9169688 -43.6867097 3026536067
3026536064 -22.9169279 -43.6873438 3026536063 3026536068
1734068384 -22.9168419 -43.6883086 3023897216 1733429152 3026536045
3026536063 -22.9168198 -43.6869427 3026536064 3026536067
3023897200 -22.9167734 -43.6852173 158802656
158801001 -22.9167643 -43.6857665 158801002
3023897195 -22.9167224 -43.684572 158801004
3026536062 -22.9166194 -43.6836124 760854459
158801002 -22.9166102 -43.6854863 3026536061
3026536060 -22.9165716 -43.6836257 3026536062
3026536061 -22.9165715 -43.6854389 3023897176
3026536058 -22.9165643 -43.6865464 3026536059 3026536057
3026536057 -22.9165616 -43.6863608 3026536058 3026536056
3026536056 -22.9165468 -43.6861914 3026536057 3026536053
3026536059 -22.9165423 -43.6867508 3026536058 3026536051
3023897176 -22.9165305 -43.6854124 3023897172
3026536046 -22.9165304 -43.683631 3026536060
3026536053 -22.9165094 -43.6860086 3026536056 3026536050
158802656 -22.9164957 -43.6853113 3026536049
3026536052 -22.91649 -43.6835887 3026536046
3023897172 -22.9164829 -43.6853981 3023897164
3026536051 -22.9164826 -43.6870252 3026536059 3026536048
3023897167 -22.9164553 -43.6898152 2710806177 1661217480 3023897223
3026536050 -22.9164461 -43.6858236 3026536047 3026536053
3023897164 -22.9164296 -43.6853887 3023897137
3026536049 -22.9164109 -43.6853485 3023897137
3023897158 -22.9163955 -43.684956 3023897157
3023897157 -22.9163915 -43.6848896 2255650311
3026536048 -22.9163819 -43.6872787 3026536045 3026536051
158801003 -22.9163751 -43.6850113 3023897158
3023897137 -22.916345 -43.6853858 3023896985
3023897147 -22.9163392 -43.6850487 158801003
3026536047 -22.9163314 -43.6856033 3026536050
2255650311 -22.9163204 -43.6847583 158801004
2206234798 -22.9163017 -43.684907 3023897142
3023897142 -22.9162975 -43.6848479 158801004
3023897136 -22.9162916 -43.6849569 2206234798
3026536045 -22.9162901 -43.6874415 3026523331 1734068384 3026536048
823650552 -22.9162605 -43.6849948 3023897136
158801004 -22.916258 -43.6847065 668391917
3322424963 -22.916209 -43.6825227 3026536052
668391917 -22.916205 -43.6846221 3023897027
3023897027 -22.9161864 -43.6845778 3023897010
1661217480 -22.9161747 -43.6893005 3023897003 3023897167
3026536043 -22.9161703 -43.6819029 3018593553
3023897010 -22.9161214 -43.6844274 158796371
3023897003 -22.9160966 -43.6891552 1733429152 1661217480 3023897219
2206234787 -22.9160667 -43.6851054 823650552
2206234747 -22.9160615 -43.6852193 3023897147
3018593553 -22.9160503 -43.6819207 3322424963 3023896933
3023896994 -22.9160225 -43.6851149 2206234787
3023896984 -22.9160106 -43.6852236 2206234747
3023896985 -22.9159914 -43.6855473 2206234671
158796371 -22.9159774 -43.6841016 3023896966
3023896980 -22.9159646 -43.6850979 3023896994
3023896973 -22.9159574 -43.6851964 3023896984
3023896970 -22.9159239 -43.6850623 3023896980
3023896966 -22.9158856 -43.6838832 3023896960
3023896961 -22.9158741 -43.6875741 3023896619
3023896960 -22.9158712 -43.6838431 3023896609
158804945 -22.9158619 -43.6850013 3023896970
2206234671 -22.9158271 -43.6856502 3026523332
3023896951 -22.9158165 -43.6849651 158804945
2206234746 -22.9158036 -43.6850505 3023896973
158804946 -22.915755 -43.6849467 3023896951
2206234745 -22.9157465 -43.6850124 2206234746
3023896933 -22.9156922 -43.6805914 668431371 3018593553 1660887326
3023896934 -22.9156885 -43.6849978 2206234745
3026523332 -22.9156702 -43.6857889 158812392 3026523324
3023896629 -22.9156666 -43.684968 158804946
1733429152 -22.9156516 -43.6884666 1734068384 3023897003 3023896592 1733445603
3026523331 -22.9156459 -43.6864058 158812392 3026536045
3023896624 -22.9156299 -43.6848573 3023896623
3023896625 -22.9156295 -43.6849194 3023896624
158809611 -22.9156232 -43.685 3023896629 3023896934
3023896619 -22.9156178 -43.6871929 3023896566 3023896961
3023896623 -22.9156096 -43.6848063 3026523330
3026523330 -22.9155934 -43.6847766 3023896610
158804947 -22.9155755 -43.6850287 158809611 3023896625
3023896610 -22.9155629 -43.6847244 3003439052
3023896609 -22.9155426 -43.6832878 158800606
158804948 -22.9155283 -43.684814 3023896610
3023896592 -22.9153947 -43.6880572 1733429152 3023896568
158800606 -22.9153792 -43.6830445 3023896553
158812392 -22.9153582 -43.6860847 3026523331 3023896566
3026523324 -22.9152828 -43.6853285 158804947 3026523332
3023896580 -22.9152746 -43.6897722 3023896540
3003439052 -22.9152282 -43.6841462 3023896574
3023896574 -22.9151874 -43.6841233 3003439053
3003439053 -22.915153 -43.6841219 3023896220
3023896568 -22.9151068 -43.6875595 3023896592 3023896550
3023896566 -22.9150565 -43.686358 3023896549 3023896619
1734068385 -22.9149948 -43.6856235 158812392 3026523324
3023896560 -22.914904 -43.6855643 158804948
3023896556 -22.9148719 -43.6857348 1734068385 3023896560
3023896553 -22.914785 -43.6819877 158800608
3023896550 -22.9147204 -43.6869175 3023896568 3023896547
3023896549 -22.9147125 -43.6866695 158812391
3023896547 -22.9146971 -43.6868788 3023896550 3023896546
3023896546 -22.9146734 -43.6868393 3023896547 158812391
158800608 -22.9146675 -43.6818214 668431372
158812391 -22.9146045 -43.6867252 3023896546 3023896538
3023896542 -22.9145561 -43.6866355 158812391
3023896539 -22.914531 -43.6860614 3023896556
3023896540 -22.9145157 -43.6898466 3023896541 1733445603 3023896580
1733445603 -22.9144754 -43.6886855 1733429152 3023896197 3023896540
3023896538 -22.9144403 -43.6867697 3023896535
3023896537 -22.9144356 -43.6863145 3023896542
1734299383 -22.9144193 -43.686268 3023896537
668431371 -22.9143957 -43.6806976 3023896933 3023896225
3023896535 -22.9143934 -43.6867833 3023896204
158804949 -22.9143791 -43.6861441 3023896539 1734299383
158804950 -22.914277 -43.6861788 158804949
3023896225 -22.9141784 -43.6806669 668431371 3023896222
3023896226 -22.9141724 -43.6855918 158804949 3023896187
3023896222 -22.9141345 -43.6806862 3023896225 3023896219
3023896220 -22.9141187 -43.6844765 1734347597
3023896219 -22.9140984 -43.6807381 3023896222 668431372
668431372 -22.9140956 -43.6808311 3023896219 158800610
1734347597 -22.9140627 -43.6845084 1734347591
3322424967 -22.9140048 -43.6801121 1660887326
1734347591 -22.9139986 -43.684651 3023896211
3023896214 -22.9139827 -43.6845959 1734347591
1734347592 -22.9139668 -43.6850424 3023896226
3023896212 -22.9139529 -43.6850002 1734347592
3023896209 -22.9139529 -43.6845687 3023896214
3023896211 -22.9139435 -43.684815 1734347589
1734347589 -22.9139321 -43.6848874 3023896212 3026523301
3023896206 -22.9139107 -43.6845569 3023896209
3026523301 -22.9138047 -43.6849411 3023896201
158800612 -22.9137931 -43.6801349 158800613 3322424967
3023896204 -22.913772 -43.6869327 3023896192 158812390
158800610 -22.9137693 -43.6802331 3023896203
3023896203 -22.9137667 -43.6801741 158800612
3023896201 -22.9137636 -43.6849577 1542808539
3023896200 -22.9137459 -43.6831577 1734347597
3023896202 -22.9137414 -43.6893116 3023896193 3023896197
3023896196 -22.9136829 -43.683088 3023896200
3023896197 -22.9136796 -43.6888544 3023896168 3023896202 1733445603
3023896192 -22.9136464 -43.6863273 158804950
1734347599 -22.9136208 -43.6830751 3023896196
3023896187 -22.9135741 -43.6857888 3322503190 3023896226
1542808539 -22.9135698 -43.6850325 3023896178 3023896170
3023896178 -22.9135133 -43.6850223 3023896177
3322503190 -22.9134962 -43.685824 3023896187 3023896157
3023896177 -22.9134663 -43.6849968 3023896175
3023896175 -22.9134382 -43.6849543 3018736042
3023896170 -22.9134271 -43.6850906 3018736034 1542808539
3018733925 -22.9134037 -43.6802168 3018593549
3023896167 -22.9133771 -43.6863931 3023896192 3023896157
3023896168 -22.9133768 -43.6889097 3023896197 3023896154 1733429151 3023896163
158812390 -22.9133536 -43.6870411 158812389
3023896163 -22.913351 -43.6887366 3023896168 3023896142
3018736042 -22.9133434 -43.6846492 3023896206 3018736049
3023896157 -22.9132668 -43.6859276 3322503190 3023896153 3023896167
3023896153 -22.9132096 -43.6859484 3023896157
3018736049 -22.9132016 -43.6841865 1542807872 3018736048
158812389 -22.9131922 -43.6871083 2284612997
2284613000 -22.9131542 -43.6864526 3023896167
1733429151 -22.9130986 -43.6889906 3023896168 3023896142 3023896136
3026523290 -22.9130422 -43.6894951 3026523287 3026523285
3023896142 -22.9130377 -43.6887464 3023895915 1733429151 3023896163
3018736036 -22.9129976 -43.6864937 3023896137 2284613000
3018593549 -22.9129963 -43.6802308 1542808557 3018733925
3322503191 -22.9129907 -43.6832179 1734347599
3026523285 -22.9129452 -43.6894324 3026523290 3023896136
2284612995 -22.9129426 -43.6866072 2284613000
1542807872 -22.9129196 -43.683234 1542808142 3018736049 3322503191
3023896136 -22.9128879 -43.68907 1733445597 1733429151 3026523285
3023896137 -22.9128785 -43.6861375 3018736035 3018736036
2284612997 -22.9128126 -43.6873634 1734299394 2284612979
3018736034 -22.9126887 -43.6853813 3018736041 3018736035 3023896170
3018736035 -22.9126481 -43.6854481 3018736034 3023896137
1733445597 -22.9126193 -43.6892122 3023895925 3023896136
1734299394 -22.912609 -43.6874868 158812386
1542808142 -22.9125628 -43.6824552 1542808290 1542807872
2284612979 -22.9125401 -43.6869353 2284612995
1542807807 -22.9125217 -43.680666 3026523280 3026523282 3023895876
1542808290 -22.9125215 -43.6823097 1542808142 3023895928 3018736038
3026523282 -22.9125189 -43.6803933 1542807807 1542808557
1542808557 -22.9125176 -43.680263 3018593550 3026523282 3018593549
158812386 -22.9125026 -43.6875091 158806563
3023895928 -22.9124969 -43.6821247 1542808290 3018593551
3018736041 -22.9124928 -43.6847782 3018736050 3018736034
3018593550 -22.9124921 -43.6801496 1542808557 3023895926
3026523280 -22.9124796 -43.6815127 3023895927 1542807807
3018593551 -22.9124751 -43.6819248 3023895927 3023895928
3023895927 -22.9124699 -43.6817067 3026523280 3018593551
3023895926 -22.9124549 -43.6800536 3018593550 1542808193
3018736050 -22.9124298 -43.6846808 3018736041 3018736048
3023895925 -22.9124146 -43.6893639 1733445597 1733445592
3023895923 -22.9123717 -43.6869622 3023895924
3023895924 -22.9123672 -43.6870175 1734299388
3023895922 -22.9123628 -43.6869208 3023895923
158806563 -22.9123477 -43.6874789 3786859068 3023895921
3018736048 -22.9123418 -43.6844263 3018736050 3018736033 3018736049
3023895920 -22.9123383 -43.6868897 3023895922
3023895921 -22.9123358 -43.6876251 3786859069 158806563
1734299388 -22.9123333 -43.6873918 158806563
3786859069 -22.9123251 -43.6876878 3026523279 3023895921
158806618 -22.9123053 -43.6868759 3023895920 3018736036
3026523279 -22.9122995 -43.6878083 3023895915 3786859069
158807502 -22.912265 -43.6868925 158806618
1733445592 -22.9122193 -43.6895559 3023895925 1733445595
3786859068 -22.9121981 -43.6874457 3786859067
3786859067 -22.9121509 -43.6874351 158814644
3018736033 -22.9121357 -43.683843 3018736039 3018736048
3023895917 -22.912117 -43.6872416 158807502
1542808145 -22.912111 -43.6897924 1733445595 1542807827
1733445595 -22.9121072 -43.6897052 1542808145 1733450459 1733445592
3023895918 -22.9120982 -43.6872944 3023895917
158814644 -22.9120979 -43.6874227 158806562
3018736038 -22.912095 -43.6833248 1542808290 3018736040
3018736039 -22.9120881 -43.6836468 3018736040 3018736033
3023895915 -22.9120728 -43.688783 1733450467 3026523279 3023896142
3018736040 -22.9120728 -43.6834496 3018736039 3018736038
158806562 -22.9120591 -43.6874126 3023895918 3786859066 158814225
158814225 -22.9120221 -43.6875207 158806562 3786859064
1733450459 -22.9120168 -43.6895577 1733445595 3023895913
3786859064 -22.9120091 -43.6875634 158814224 158814225
3023895913 -22.911971 -43.6894348 1733450459 1733450467
3786859066 -22.9119675 -43.6873961 3786859065
1733450467 -22.9119507 -43.6893078 3023895915 3023895913
3786859065 -22.9119219 -43.6873882 3023895910
158814224 -22.9119033 -43.6879449 2284622398 3786859064
3023895911 -22.9118603 -43.6870976 158807502
2284622398 -22.9118475 -43.6881531 158814224 2983769233
3023895910 -22.9117727 -43.6873591 158806561
158806841 -22.9116922 -43.687175 3023895911
158806561 -22.9116187 -43.6873542 3023895898
1734299381 -22.9115612 -43.6872398 158806841
2983769233 -22.9114402 -43.6894798 2284622398 158814223 2284620264
158804953 -22.9114194 -43.6872824 1734299381
3023895898 -22.9113972 -43.6873642 2983768153
2284620264 -22.9112813 -43.6893654 2983769233 2284617363 3023895878
2284622399 -22.9111081 -43.6884965 2284622397
2284622397 -22.9111039 -43.6881936 2284622398
3023895876 -22.9109524 -43.6809501 1542807807
3023895873 -22.9108543 -43.6873676 158804953
2983768153 -22.9108438 -43.687443 3023895865
2284617361 -22.9107805 -43.6885742 2284622396
2284622396 -22.9107681 -43.6884627 2284617357 2284622399
2284617359 -22.9107606 -43.688793 2284617361
3023895865 -22.9107385 -43.6874457 158806559
2284617363 -22.9107322 -43.688945 2284620264 2284620263 3023895842 2284617359
1660886636 -22.9107013 -43.6810002 1660886559
2284617357 -22.9106797 -43.6881602 158806559
2983768154 -22.9106708 -43.6873664 3023895873
158806559 -22.9106612 -43.6874411 2983768152
2983768152 -22.9105431 -43.6874279 158806558
158804954 -22.9105368 -43.6873477 2983768154
2983768151 -22.9104266 -43.6873077 158804954
158806558 -22.9103939 -43.6873741 158806557
3023895848 -22.9103339 -43.6892182 3023895525
2983768150 -22.9103206 -43.6872448 2983768151
158806557 -22.910252 -43.6872991 2284622395
158804956 -22.9101823 -43.6871544 2983768150
3023895524 -22.9099959 -43.6884997 3023895486
2284620263 -22.909712 -43.6881889 2284617363 2284620265 3023895476
2284622395 -22.9093683 -43.6866501 2284620265 3023894927
3023895476 -22.909234 -43.6893779 2284620263 3023895452 3023895462
158804957 -22.9090852 -43.6863521 158804956
3023895462 -22.9089883 -43.6892301 3023895447 3023895433 3023895476
2284620265 -22.9088032 -43.6875545 2284620263 2284622395 3023894926
2288151381 -22.9085904 -43.6811314 3023894925 3023894924
3023895447 -22.9085768 -43.6889583 3023894907 3023894926 3023895462
3818192001 -22.9082484 -43.6871377 3818192002
3023894929 -22.9081968 -43.6856983 158804957
3023894927 -22.9081624 -43.685768 3023894898 3818192002
3023894926 -22.9081168 -43.6886492 2284620265 3023895447 3023894897
3023894925 -22.9081131 -43.6818647 2288165887 2288151381 3023894910
3023894924 -22.9080966 -43.6808879 2288151381 3023894910
3818191994 -22.9079078 -43.6876862 3818191997
2288165887 -22.9077808 -43.6823836 3023894925 2288159479 2288165888
3023894910 -22.9077024 -43.6815402 3023894925 3023894924
3818192002 -22.9075856 -43.6866555 3818192000 3818192001 3023894927 3818192003
3818191999 -22.9075048 -43.6883147 3818191998
2288159479 -22.907481 -43.6828435 2288157224 2288165887 2288161107
3818191997 -22.9073696 -43.6873054 3818191994 3818192000 3818191998
3818192000 -22.9072282 -43.6872054 3818191995 3818192002 3818191997
2288165885 -22.9071835 -43.6806249 3023894906 2288165886
2288157224 -22.9071763 -43.6833422 2288157226 2288152223 2288159479
2288165886 -22.907111 -43.6808424 2288165890 2288165885
3023894898 -22.9070951 -43.6849989 158806556
3818191981 -22.9070394 -43.6886844 3818191982 3818191996
3818191998 -22.9069898 -43.6879151 3818191996 3818191997 3818191999
2288165890 -22.9069613 -43.6813987 3023894893 2288165888 2288165886
2288165888 -22.9069243 -43.6817445 2288165887 2288165890
3818192003 -22.9068861 -43.6861271 3818192002
2288152223 -22.906857 -43.6838449 2288151380 2288157224 2288152222
158806556 -22.906823 -43.6847975 158806555
3818191982 -22.906813 -43.6890465 3818191983 3818191984 3818191981
3818191996 -22.9066848 -43.688405 3818191998 3818191981 3818191977
3023894893 -22.9066337 -43.6811529 2288165890
3818191984 -22.9065909 -43.6894016 3818191985 3818191980 3818191982
3818191995 -22.9065229 -43.6867064 3818192000
2288151380 -22.9064727 -43.6844428 3023894929 2288152223
2288161107 -22.9063022 -43.6819963 2288159479 2288161103
2288161103 -22.9062024 -43.6820806 2288157226 2288161107
3818191977 -22.9060461 -43.6879018 3818191983 3818191996
2288157226 -22.9060444 -43.6825522 2288157224 2288152222 2288161103
3818191987 -22.9059439 -43.6894793 3818191991
3818192015 -22.9059098 -43.6869652 3818192016 3818202653
2288152222 -22.9058617 -43.6831239 2288157226 2288152223 3005434000
1660886361 -22.9058527 -43.6813922 1660886359
3818191983 -22.9058137 -43.6882738 3818191985 3818191982 3818191977
1660886359 -22.9058058 -43.6816553 1660886358 1660886361
1660886358 -22.905785 -43.6820967 1660886356 1660886359
3818202653 -22.905728 -43.6873163 3818202652 3818202651 3818192015
1660886356 -22.9057016 -43.6822381 1660886355 1660886348 1660886358
3818191991 -22.9056671 -43.689277 3818191986 3818191987 3818191990
1660886355 -22.905639 -43.6824928 1660886353 1660886356
3005434000 -22.9056111 -43.6838452 2288151380 2288152222
3818191985 -22.9055593 -43.6886812 3818191986 3818191983 3818191984
3818202651 -22.9055346 -43.68769 3818202649 3818202653 3818202650
1660886353 -22.9054021 -43.6828554 1660886355 1660886332 1660886350
3818191986 -22.9053376 -43.6890362 3818191985 3818191988 3818191991
3818202649 -22.9053359 -43.688074 3818202647 3818202648 3818202651
1660886350 -22.9052326 -43.6831128 1660886353
3818202647 -22.9051658 -43.6884026 3818192014 3818202649 3818202646
3818192014 -22.9051379 -43.6884564 3818202647 3818202645
1660886348 -22.905037 -43.6817175 1660886356
3818202645 -22.904955 -43.6887745 3818202643 3818192014 3818202644
3818191988 -22.9048666 -43.6897903 3818191992 3818191986 3818191990
3818202643 -22.904755 -43.6891224 3818192013 3818202642 3818202645
3818192016 -22.9047349 -43.6864784 3818192015 3818202652
158804958 -22.9047211 -43.6831992 3005434000
1660886332 -22.9047114 -43.6823517 1660886328 1660886353 1660886325
3818192013 -22.9046667 -43.689276 3818202643 3818202641
3818202652 -22.9045918 -43.6868841 3818192016 3818202653 3818202650
3818202641 -22.9045294 -43.6894935 3818202639 3818192013 3818202640
3818202650 -22.9044608 -43.6872556 3818202648 3818202652 3818202651
1660886328 -22.9043604 -43.6829344 158804958 1660886332
3818202648 -22.9043218 -43.6876497 3818202646 3818202649 3818202650
3818202639 -22.9043114 -43.6898387 3818192012 3818202641 3818202638
3818202646 -22.9041883 -43.6880282 3818202648 3818202644 3818202647
1660886325 -22.9040885 -43.6818453 1660886332
3818202644 -22.9040557 -43.6884041 3818202646 3818202642 3818202645
158806555 -22.9039146 -43.6827014 158806554
3818202642 -22.9039142 -43.6888054 3818202644 3818202640 3818202643
3818202640 -22.9037759 -43.6891974 3818202642 3818202638 3818202641
3818202638 -22.9036387 -43.6895862 3818202640 3818192017 3818202639
158806567 -22.9033296 -43.6821778 1660886328
158806554 -22.9033058 -43.6822894 158806553
158806553 -22.9029738 -43.682195 158843083
158804959 -22.9029659 -43.6819289 158806567
158842893 -22.9026101 -43.6816886 158804959
158843081 -22.902531 -43.6817058 158842893
158843083 -22.9025073 -43.6818603 158806552 158843082
158843082 -22.9024994 -43.6817573 158843081
158806552 -22.9024203 -43.6818088 158843111
158843234 -22.9023492 -43.6815942 158843232
158843235 -22.9023413 -43.6814826 158842893 158843234
158843232 -22.9022938 -43.6816714 158843111
158843111 -22.9022385 -43.6816714 158806550
158806550 -22.9019696 -43.6814225 158806549
158806549 -22.9016455 -43.6810449 2288213232
158804961 -22.9004832 -43.6801007 158843235
