1848409919 -22879996 -43489057 1848409873 1848409963
611696794 -22879987 -43486356 611698023 1848409913 611696774
1848409860 -22879951 -43488890 1848409963 1848409806
611696774 -22879947 -43485470 611694308 611696794 611696084 611696798
611696798 -22879879 -43484076 611696774 611691908 611696822
611691908 -22879848 -43483443 611696262 611696798 611692401 611694306
1848409873 -22879848 -43489164 1848409816 1848409919
611692401 -22879826 -43482907 611691908 611691910 611697266
611691910 -22879799 -43482263 611692401 611691914
611691914 -22879759 -43482145 611691910 611694049 611691918
1848409806 -22879749 -43488831 1848409860 1848409920
1848409931 -22879736 -43489185 1848409816
1848409966 -22879734 -43489120 1848409931
1848409816 -22879718 -43489246 3016936346 1848409902 1848409873
3016936335 -22879714 -43489060 1848409966
1848409902 -22879704 -43489427 1848409842 1848409816
3016936347 -22879699 -43489770 1848409842 1848409942
1848409842 -22879685 -43489572 3016936347 1848409902
3016936346 -22879684 -43489297 3016936345
3016936336 -22879676 -43489010 3016936335
1848409942 -22879665 -43489904 3016936347 1848409998 1848409921
3016936345 -22879637 -43489333 3016936340
583630765 -22879632 -43481232 442358534 583630800 583631112
611691918 -22879631 -43482059 611691914 611689360
3016936341 -22879626 -43488976 3016936336
3016936340 -22879582 -43489352 3016936339
3016936342 -22879568 -43488961 3016936341
1848409921 -22879566 -43489711 1848409957 1848409942
1848409920 -22879558 -43488847 1848409806 1848409997 1848409972
3016936339 -22879524 -43489350 3016936338
1848409997 -22879509 -43488968 3016936342 1848409920
3016936338 -22879470 -43489329 1848409979
1848410021 -22879462 -43488990 1848409997
583632003 -22879459 -43480179 583632087 583631277 583631413
1848409979 -22879424 -43489291 1848409929
3016936337 -22879423 -43489025 1848410021
1848409957 -22879413 -43489491 1848409991 1848409921
3016936343 -22879394 -43489071 3016936337
1848409929 -22879392 -43489239 1848409846
3016936344 -22879378 -43489124 3016936343
1848409846 -22879377 -43489179 1848409972 1848409991 3016936344
1848409991 -22879348 -43489330 1848409846 1848409957
583631509 -22879287 -43480910 583630657 583631413 583631274
1848409972 -22879279 -43488960 1848409846 1848409958 1848409920
1848409958 -22879235 -43488874 1848409972 1848409890
1848409890 -22879077 -43488495 1848409968 1848409958
583631413 -22879064 -43480395 583632003 583630654 583631509
583630664 -22879059 -43481790 583252398 583630670
1848409968 -22879049 -43488393 1848409833 1848409890
611689360 -22879028 -43482081 611691921 583252399 611691918
1848409833 -22878933 -43487962 1848409883 1848409968
611696084 -22878929 -43485527 611695970 611696774 611696067
611696067 -22878919 -43484924 611695962 611696259 611696084
611696259 -22878893 -43484484 611696067 611696822 611696549
611696822 -22878888 -43484119 611696259 611696262 611696798
611696262 -22878860 -43483497 611695960 611691908 611696822 611697266
583252398 -22878841 -43481718 583630800 583630664
611697266 -22878830 -43482811 611695801 611696262 611692401
1848409883 -22878822 -43487552 1848409833 1848410015
583630800 -22878770 -43481677 583252398 583630765 583630661
583252399 -22878722 -43481922 611689365 611689360
583630661 -22878703 -43481639 583630659 583630800
1848410015 -22878700 -43487097 1848409883 1848409913
583630659 -22878644 -43481607 583630657 583630661
1848409913 -22878629 -43486431 611696794 611695416 1848410015
583630657 -22878496 -43481339 583630655 583631509 583630659
611689365 -22878494 -43481780 583252399 611689368
611695970 -22878395 -43485558 611695780 611695962 611696084
611695962 -22878369 -43484956 611695970 611696549 611696067
611696549 -22878349 -43484505 611695960 611695962 611696259
611691921 -22878346 -43482081 611689360 611691925
611695960 -22878306 -43483520 611696262 611695801 611695776 611696549
583630655 -22878278 -43481178 583630654 583630657
611695801 -22878277 -43482757 611692483 611695960 611697266
611689368 -22878267 -43481566 611689365 611689371
583630654 -22878120 -43480910 583630655 583630653 583631413
611689371 -22877990 -43481180 583252440 611689368
611695780 -22877852 -43485588 611695970 611695513 611695776
611691925 -22877753 -43482049 611691921 611691930
583630653 -22877744 -43480438 583632087 583630654 583252441
611695776 -22877743 -43483548 611695589 611695960 611692483 611695780
611692483 -22877713 -43482703 611695801 611695593 611695776
611692092 -22877703 -43481630 611692083
611692083 -22877533 -43481419 611692005 611692092 611692162
583252441 -22877417 -43480045 583629979 583630653
611698843 -22877308 -43489859 611698653
611695513 -22877278 -43485621 611695780 611695589 611692963
583252440 -22877229 -43480182 611689371 611689381
611695589 -22877199 -43483576 611692965 611695513 611695776 611695593
611695593 -22877180 -43482674 611692483 611695589 611692968
611698906 -22877179 -43489409 611698651
611698580 -22877140 -43489140 611698583
611698546 -22877001 -43488604 611695421
611691930 -22876962 -43481995 611691934 611691925
611692963 -22876705 -43485653 611695513 611695004 611695045
611695045 -22876644 -43484001 611692965 611692963 611695411
611692965 -22876629 -43483604 611695589 611695045 611692859
611692859 -22876616 -43483261 611690819 611692965 611692968
611692968 -22876586 -43482639 611690812 611695593 611692859
611698651 -22876487 -43489537 611698653 611698906 611698583
611692003 -22876468 -43481576 611692162
611692188 -22876468 -43480611 611692162 611692005 611692235
611692162 -22876467 -43481362 611692003 611692188 611692083
611692005 -22876459 -43480096 611692007 611692188 611692083
611698583 -22876438 -43489225 611698580 611698651 611695422
611691934 -22876201 -43481941 611691930
611695411 -22876171 -43484012 611695045 611695412
611695422 -22876161 -43489258 611695423 611695421 611698583
611695421 -22876151 -43488711 611698546 1308349393 611695422
611690819 -22876112 -43483272 611690812 611692859 611692862
1308349393 -22876082 -43487106 611695416 611695421
611695416 -22876082 -43486571 611695004 1848409913 1308349393
611695412 -22876082 -43484055 611692862 611695411 611695414
611695004 -22876062 -43485686 611692963 611695414 611695416
611692862 -22876033 -43483347 611690819 611695412
611690812 -22876033 -43482606 611690819 2361890694 611692968
611695414 -22876023 -43484184 611695004 611695412
2361890694 -22875945 -43481899 611690812 611690808
611690808 -22875934 -43481813 611692235 2361890694
611692235 -22875915 -43480611 611690802 611690808 611692188
583558671 -22875554 -43489476 583558672 584983640 584982854
583558672 -22875534 -43488178 583558671 583558673 583558279
583558673 -22875534 -43487126 583558672 583586525
583558677 -22875534 -43483972 583558676 583558678 583586886
583586525 -22875533 -43487062 583558210 583558673 583558674
583558674 -22875505 -43486054 583586525 583558675 583586566
583558678 -22875495 -43482492 2361890687 583558677 583558199
2361890687 -22875481 -43481711 583558678 583587388
583587388 -22875479 -43481569 2361890687 583587393 583587386
583558676 -22875475 -43484380 583558675 583558677
583558675 -22875465 -43484777 583558676 583558674 583586589
583587393 -22875463 -43480667 583587388 583558679 583587389
584982854 -22875088 -43489542 583558671 584982851
583586886 -22874961 -43484145 583558677 583586887 583586893
583586893 -22874961 -43483843 583586886 583586897 583586894
583586894 -22874961 -43483060 583586893
584982851 -22874891 -43489639 584982849 584982854
584983072 -22874723 -43489263 584982997
584982849 -22874673 -43489757 584982999 584982851
583586897 -22874585 -43483371 583586898 583586893
583586899 -22874566 -43483082 583586898
583586898 -22874556 -43483253 583586897 583586899
583558279 -22874516 -43488478 583558210 583558672 583586703
583558210 -22874496 -43487405 583586525 583558279 583586566 583254317
583586566 -22874474 -43486386 583558210 583586589 583254314 583558674
583586589 -22874447 -43485109 583558675 583586887 583586566 583254269
583586887 -22874430 -43484305 583558209 583586886 583586589 583586950
583558209 -22874427 -43484187 583558208 583586887
583558208 -22874398 -43483983 583558209 583558207
583558207 -22874279 -43483822 583558208 583558206
583558206 -22874160 -43483661 583558205 583558207
583594281 -22874098 -43480142 583558197 583594184 583594280
583594184 -22874096 -43480475 583594281 583587389 583594183
583587389 -22874094 -43480721 583594126 583594184 583587393
583594126 -22874093 -43480839 583587389 583594038 583594125
583558205 -22874091 -43483479 583558201 583558206
583594038 -22874091 -43481193 583594126 583593899 583594033
583593899 -22874088 -43481537 583594038 583587386 583593922
583587386 -22874087 -43481644 583587388 583593899 583558199
583558199 -22874081 -43482535 583558678 583593898 583587386 583586915
583586915 -22874074 -43483092 583586949 583558199 583558201
583558201 -22874071 -43483296 583558205 583586915
583586950 -22873848 -43484501 583586947 583586949 583586887
583254317 -22873760 -43487651 583254315 583558210
583593922 -22873686 -43481569 583593899 583593924
583254315 -22873552 -43487716 583254317 583585521
584982997 -22873475 -43489714 584982643 584982999 584983072
584982643 -22873457 -43489585 583584918 584982997
583586947 -22873448 -43484636 583586888 583586950 583586948
583586949 -22873399 -43483117 583586915 583586948 583586950
583593896 -22873300 -43482116 583593897
583254314 -22873246 -43486750 583254313 583586566
583586888 -22873063 -43484766 583586947 583586889 583586946
583254313 -22873028 -43486815 583254314 583586704
583586948 -22872925 -43483134 583586949 583586947 583586929
583593898 -22872875 -43482580 583593897 583558199 583591163
583254269 -22872841 -43485624 583254268 583586589
583593897 -22872826 -43482095 583593896 583593898
583586946 -22872747 -43483768 583586888 583586929
583586889 -22872697 -43484884 583586888 583254266
583254268 -22872643 -43485677 583254269 583586705
583586703 -22872636 -43489040 583584917 583558279 583585521
583585521 -22872608 -43488006 583254315 583584916 583586703 583586704
583586705 -22872599 -43485691 583254268 583584914 583586704
583586704 -22872591 -43486944 583254313 583584915 583585521 583586705
583586929 -22872490 -43483149 583586948 583586928 583586946
583587038 -22872470 -43485185 583587190
583587190 -22872405 -43484958 583587038 583254265 583587189
583254266 -22872346 -43483961 583254265 583586928 583586889
583591163 -22872223 -43482605 583593898 583586914 583593895
583593895 -22872220 -43481869 583593894 583591163 583593924
583593924 -22872219 -43481526 583593895 583594033 583593922 583593925
583594033 -22872218 -43481183 583593924 583594125 583593885 583594038
583594125 -22872217 -43480839 583594058 583594126 583594033 583594183
583594183 -22872216 -43480475 583594125 583594280 583594135 583594184
583594280 -22872214 -43480142 583587385 583594281 583594183 583593886
583254265 -22872149 -43484057 583587040 583254266 583587190
583586928 -22872075 -43483164 583586929 583254264 583586927 583254266
583254264 -22872010 -43483167 583586928
583586927 -22872005 -43483028 583586928
583593894 -22871995 -43481880 583593893 583593895
583587040 -22871966 -43483607 583587042 583254265
583586914 -22871818 -43482620 583591163
583587042 -22871788 -43483168 583587040 583587187 583587047
583593893 -22871768 -43481848 583593884 583593894
583587047 -22871748 -43483017 583587042
583587189 -22871689 -43485185 583584912 583587188 583587190
583587294 -22871649 -43482642 583587376 583587300
583587188 -22871531 -43484562 583587187 583587189
583587376 -22871491 -43482449 583587294 583587377
583593884 -22871481 -43481784 583593893 583593925
583593925 -22871337 -43481530 583593884 583593885 583593924
583584914 -22871333 -43486075 583584913 583584915 583586705 583586691
583584917 -22871323 -43489433 613534611 583584916 583586703 583586833
583584915 -22871323 -43487320 583584914 583584916 583586702 583586704
583584916 -22871313 -43488371 583584917 583585520 583584915 583585521
583584913 -22871294 -43485614 583584912 583584914
583584912 -22871244 -43485335 583584911 583584913 583587189 612895678
583587187 -22871234 -43483213 583587042 583587177 583587188
583593885 -22871145 -43481193 583594058 583593925 583594033
583584911 -22871126 -43484723 583584912 612895673
612895673 -22871079 -43484531 583584910 583584911 612895679
583587300 -22870977 -43482651 583587294 583587186 583587301
583594058 -22870947 -43480840 583593885 583594135 583594125
583584910 -22870928 -43483908 583584909 612895673
583587186 -22870898 -43482653 583587177 583587300 583587305
583587185 -22870878 -43483479 583587177 583587184
583587177 -22870878 -43483243 583587187 583587186 583587185
583587377 -22870849 -43481311 583587376 583587312
583584909 -22870809 -43483629 583584910 583587184
583586833 -22870799 -43489594 583584917 612902967 612902976
612902967 -22870788 -43489433 583586833 612902968
612902976 -22870778 -43489862 612902975 583586833
583587184 -22870769 -43483565 583584908 583584909 583587185
612895678 -22870748 -43485527 583584912 612895679 612895675
583594135 -22870746 -43480481 583594058 583593886 583594183
612902968 -22870729 -43489358 612902967 612902969
583587312 -22870700 -43481043 583587301 583587377 583587378
612902975 -22870689 -43489926 612902974 612902976
583584908 -22870681 -43483425 583584907 583587184
612902969 -22870600 -43489358 612902968 612902970
583593886 -22870562 -43480153 583253816 583594135 583594280
612895679 -22870554 -43484691 612895680 612895674 612895673 612895678
583587305 -22870523 -43482681 583587186 583587304 583587295
583584907 -22870513 -43483286 583584908 583584906
612895675 -22870323 -43485667 612895682 612894768 612895678
612895682 -22870313 -43485627 612895686 612895675
583587378 -22870305 -43480335 583587312 583253815 583587302
583587301 -22870266 -43481333 583587302 583587312 583587304 583587300
583584906 -22870246 -43483178 612895680 583584907
612895686 -22870215 -43485259 612895685 612895682 612895674
612895680 -22870206 -43483164 583584905 583584906 612895679
612895674 -22870114 -43484824 612895676 612895686 612894467 612895679
583587295 -22870048 -43482717 583587323 583587305 583587310
583587304 -22869910 -43481558 583587301 583587303 583587305 583587310
583587302 -22869722 -43480357 583587301 583587378 583587303
583587323 -22869682 -43482760 583587322 583587295
612895676 -22869671 -43484958 612895672 612895677 612895674
583584905 -22869653 -43482974 612894467 612895680
612894467 -22869615 -43482956 583584904 583584905 612895677 612895674
583587310 -22869574 -43481794 583587304 583587313 583587309 583587295
583587322 -22869544 -43482738 583587321 583587323
612894768 -22869483 -43485946 612895681 612895685 612895675
583587321 -22869415 -43482663 583587313 583587322
612895685 -22869371 -43485542 612895686 612895672 612894768
612902970 -22869305 -43489776 612902969 612902971
612895672 -22869245 -43485088 612895146 612895671 612895676 612895685
583587303 -22869218 -43480346 583587304 583587302 583587309
612902972 -22869216 -43489948 612902973 612902971
612902971 -22869216 -43489840 612902970 612902972
612895677 -22869175 -43483097 612894769 612894467 612895676
583584904 -22869129 -43482717 612894467 583584903
583587313 -22869129 -43482105 583584901 583587321 583587310
612895146 -22868988 -43484165 612895672 612894769 612895667
583584903 -22868931 -43482631 583584904 583584902
612895671 -22868797 -43485231 612895672 612895531 612895683
583584902 -22868793 -43482502 583584901 583584903
583587309 -22868733 -43480346 583587310 583587303 583587383
612894769 -22868731 -43483240 612895677 612895146 612894952 612894771
583584901 -22868694 -43482363 612894776 583587313 583584902
612895531 -22868673 -43484787 612895671 612895440 612895667
612895681 -22868603 -43486203 612895773 612895366 612894768
612894776 -22868588 -43482177 583584900 583584901 612894774
612894771 -22868554 -43482502 612894769 612894774
612894774 -22868544 -43482309 612894776 612894771
612895667 -22868543 -43484301 612895146 612895045 612895531
583584900 -22868536 -43482084 612894776 612895810
583584896 -22868496 -43480990 612902704 612902656
612895773 -22868496 -43485789 612895681 612895771 612895683
612902656 -22868488 -43481107 583584896 583584897 612902655
612902704 -22868481 -43480818 583584895 583584896 612902706
612895810 -22868480 -43481917 583584900 612895809 583584899
583584897 -22868476 -43481290 612902656 612896000 612902606
583584895 -22868476 -43480764 612902704 612902730
612896000 -22868455 -43481461 612895999 583584897 583584898
583584899 -22868447 -43481816 612895991 612895810 591691565
612895991 -22868447 -43481665 612895992 583584898 583584899
583584898 -22868447 -43481526 612896000 612895991
612902730 -22868431 -43480648 583584894 583584895 612902816
583584894 -22868397 -43480560 591691875 612902730
612895999 -22868396 -43481450 612896000 612895998
612895683 -22868386 -43485366 612895671 612895773 612895668
591691875 -22868347 -43480449 583584894 583587383 591691567
612894952 -22868308 -43483377 612895044 612894769 612894950
583587383 -22868299 -43480340 583584893 591691875 583587309
583584893 -22868239 -43480206 583584892 583587383
612902606 -22868228 -43481322 612902608 583584897
612902706 -22868188 -43480882 612902704 612902709
612895045 -22868109 -43484433 612895144 612895373 612895667
612902655 -22868109 -43481129 612902654 612902656
612894950 -22868040 -43482395 612894952
612895992 -22868040 -43481686 612895991 612895993
612902608 -22868000 -43481322 612902609 612902606
612902654 -22868000 -43481139 612902653 612902655
612895373 -22867993 -43483982 612895044 612895045 612895367
612902816 -22867971 -43480774 612902818 612902730
612902709 -22867882 -43481000 612902710 612902706
612895044 -22867874 -43483517 612894465 612894952 612895371 612895373
583586691 -22867873 -43487223 583584914 583586692
612902818 -22867813 -43480817 612902816 612902821
612895998 -22867793 -43481536 612895997 612895999
612902653 -22867783 -43481236 612902652 612902654
612902710 -22867753 -43480989 612902711 612902709
612895371 -22867745 -43483024 612895042 612895044 612895370
612895993 -22867714 -43481794 612895992 612895994
612895809 -22867674 -43482330 612895775 612895810
612902609 -22867674 -43481429 612902608 612902611
612895042 -22867644 -43482641 612895371
612895997 -22867644 -43481633 612895996 612895998
612902711 -22867615 -43481107 612902710 612902408
612902821 -22867595 -43480892 612902818 612902823
612895775 -22867565 -43482362 612895776 612895809
612895994 -22867555 -43481826 612895993 612895995
612902611 -22867546 -43481483 612902609
612902652 -22867476 -43481332 612902467 612902653
591691565 -22867376 -43482070 612895910 612895779 583584899
612895910 -22867349 -43481931 612895995 591691565 612895909
612895995 -22867338 -43481877 612895994 612895910 612895996
612902823 -22867318 -43481000 612902270 612902821
612895996 -22867309 -43481731 612895995 612895997 612902528
583586702 -22867300 -43488521 583584915
612902528 -22867275 -43481556 612895996 612902467 612902527
612902467 -22867237 -43481363 612902408 612902652 612902528 612902465
612902408 -22867203 -43481192 612902270 612902406 612902711 612902467
583585520 -22867191 -43489616 583584916
612902270 -22867166 -43481001 612902408 591691567 612902269 612902823
591691567 -22867129 -43480815 612902270 591691572 591691875 612902207
612895365 -22867121 -43486901 612895366
591691572 -22867089 -43480675 612902122 591691567 612902026
612895366 -22867081 -43486654 612895365 612895771 612895768 612895681
612895771 -22867024 -43486244 612895366 612895668 612895773
612902465 -22867022 -43481407 612902464 612902467
612902269 -22867012 -43481043 612902266 612902270
612902406 -22866992 -43481247 612902405 612902408
612902026 -22866986 -43480467 591691572 591691580 612902025
612895668 -22866966 -43485829 612895771 612895440 612895683
612895440 -22866899 -43485346 612895144 612895668 612895531
591691580 -22866882 -43480257 591691586 612902026
612902207 -22866844 -43480903 612902206 591691567
612895144 -22866834 -43484873 612895770 612895045 612895440 612895367
612902266 -22866834 -43481107 612902265 612902269
591691586 -22866793 -43480118 591691580 591690703 591691857
612895367 -22866764 -43484378 612895144 612894465 612895373
612902527 -22866715 -43481719 612902525 612902528
612902405 -22866715 -43481375 612902406 612902403
612895768 -22866709 -43486785 612895718 612895769 612895366
612902464 -22866705 -43481579 612902463 612902465
612894465 -22866695 -43483897 612895044 612895367 612895369
612902920 -22866695 -43483006 612895776
612895909 -22866695 -43482105 612895910
583586692 -22866687 -43487566 583586691
612895370 -22866656 -43483403 612895369 612895371
612902025 -22866646 -43480614 612902024 612902026
612895369 -22866636 -43483478 612894465 612895370
612895776 -22866617 -43482582 612902918 612895775 612895779 612902920
612902265 -22866587 -43481247 612902266 612902263
612895769 -22866567 -43485796 612895768 612895770
612895779 -22866556 -43482271 591692232 612895776 591691565
612902525 -22866537 -43481837 612902524 612902527
612902122 -22866537 -43480850 591691572 612902121
612895770 -22866494 -43485190 612895767 612895144 612895769
591691857 -22866457 -43480289 591691855 591691586
612902024 -22866448 -43480678 612902025 612902023
612895718 -22866379 -43486901 612895768 612895766
612902403 -22866359 -43481493 612902402 612902405
612902206 -22866330 -43481118 612902207 612902205
612902463 -22866310 -43481708 612902460 612902464
591691020 -22866308 -43480032 591691131 591691278 591690703
612902917 -22866290 -43483135 612902918
612902121 -22866241 -43480989 612902120 612902122
612902402 -22866231 -43481547 612902401 612902403
612895767 -22866201 -43485463 612895766 612895770
612902918 -22866200 -43482679 612895776 612902917 612895774
612895766 -22866171 -43485560 612895718 612895767
612902263 -22866132 -43481386 612902262 612902265
591691855 -22866111 -43480439 591691857 591691852
612902524 -22866063 -43481987 612902520 612902525
612902401 -22866043 -43481622 612902402
612902120 -22865944 -43481086 612902118 612902121
612902460 -22865934 -43481826 612902463
591692232 -22865933 -43482424 591692229 612895779
612902205 -22865905 -43481289 612902206
591692229 -22865883 -43482253 591692232
612895774 -22865855 -43482759 612902918
612902262 -22865845 -43481483 612902263
612902520 -22865835 -43482040 612902524
612902023 -22865835 -43480871 612902024
612902118 -22865687 -43481129 612902120
591691852 -22865686 -43480568 591691855
591691278 -22865557 -43480375 591691020
1848552213 -22863497 -43489717 1848552269
1848552214 -22863332 -43489009 593429255
593428964 -22863324 -43489976 593428967
1848552269 -22863265 -43489755 1848552216 1848552213
1848552243 -22863248 -43489393 593429172
1848552216 -22863198 -43489715 1848552269 593429074
593429074 -22863140 -43489746 1848552216 1848552235
1848552267 -22863117 -43488269 1848552271
1848552210 -22863104 -43488768 593429360
1848552172 -22863099 -43488009 1848552162
1848552265 -22863055 -43487628 1848552236 1848552206
1848552162 -22863050 -43487856 1848552182 1848552172
1848552271 -22863039 -43488293 1848552267 593429549 1848552272
1848552236 -22863015 -43487408 1848552163 1848552265
593429255 -22862998 -43489038 1848552214 593429257
1848552272 -22862991 -43488119 1848552271
593429360 -22862929 -43488798 1848552210 593429363
1848552235 -22862904 -43489784 593429074 593429077
593429172 -22862869 -43489402 593429175 1848552243
1848552258 -22862823 -43487231 1848552246
1848552191 -22862818 -43486118 1848552280
1848552166 -22862808 -43486724 1848552259
1848552259 -22862781 -43486389 1848552233 1848552166
1848552284 -22862741 -43487046 1848552171
593429549 -22862589 -43488435 593429555 1848552271
1848552280 -22862568 -43486188 1848552207 1848552191 1848552164
1848552207 -22862472 -43485852 1848552280
593429257 -22862395 -43489091 593429255 593429260
1848552208 -22862380 -43485286 1848552244
1848552182 -22862378 -43488025 593437580 1848552162
593437575 -22862375 -43487772 1848552163 1848552206
1848552206 -22862362 -43487819 1848552265 593437575 593437578
1848552195 -22862348 -43483846 1848552260
593437560 -22862345 -43486516 1848552233 593440419
1848552278 -22862341 -43484093 1848552215
593440419 -22862340 -43486774 593437560 593437563 593440290
1848552233 -22862338 -43486448 593437772 593437560 1848552259
593437578 -22862335 -43487922 1848552206 593437580
593437563 -22862335 -43487063 593440419 1848552171
593437772 -22862330 -43486364 1848552233 1848552164 593439778
1848552163 -22862328 -43487610 1848552236 593437572 593437575
1848552171 -22862327 -43487138 593440165 1848552284 593437563
593437572 -22862323 -43487595 1848552163 1848552246 593440074
593440165 -22862321 -43487184 593440272 1848552171 593437567
1848552164 -22862318 -43486247 593437558 593437772 1848552280
1848552246 -22862308 -43487373 593437567 593437572 1848552258
593437567 -22862306 -43487321 593440165 1848552246
593437558 -22862306 -43486119 593441026 1848552164
1848552202 -22862266 -43483626 1848552260 1848552167
593441026 -22862252 -43485960 593437552 593437558 593440937
1848552260 -22862244 -43483839 1848552195 1848552176 1848552202
1848552167 -22862239 -43483422 1848552202 1848552263
593437580 -22862217 -43488008 1848552182 593437578 593437583
1848552263 -22862207 -43483224 1848552167
1848552168 -22862187 -43484906 593440884
593437552 -22862167 -43485712 593441113 593441026
1848552165 -22862081 -43483264 593437531
593441113 -22862070 -43485549 593437552 1848552244 593441202
1848552244 -22862036 -43485493 593437549 593441113 1848552208
1848552174 -22861960 -43484573 1848552292
593429077 -22861944 -43489828 593428967 593429175 1848552235
1848552215 -22861938 -43484046 1848552276 1848552278
593437535 -22861920 -43483845 1848552176 593437538
1848552176 -22861918 -43483816 593437533 593437535 1848552260
593437549 -22861910 -43485282 593440884 1848552244
593437533 -22861910 -43483662 593437531 593439576 1848552176
1848552238 -22861906 -43483122 1848552200 1848552203
1848552276 -22861903 -43484189 1848552215 593437538
593429175 -22861876 -43489519 593429172 593429077 593429260
1848552232 -22861866 -43482881 1848552200
593437531 -22861841 -43483426 593437533 1848552203 1848552165
593440884 -22861828 -43485156 593437547 593437549 593441223 1848552168
593429260 -22861806 -43489200 593429175 593429363 593429257
593437538 -22861801 -43484135 593437535 1848552276 593437541 593441301
1848552200 -22861782 -43482944 1848552238 1848552232 1848552291
593429363 -22861763 -43489005 593429555 593429260 593429360
1848552203 -22861754 -43483280 593437528 593437531 1848552238
593437528 -22861732 -43483244 1848552291 1848552203 593441625
593437547 -22861722 -43484993 593440884 1848552292
593437541 -22861703 -43484328 593437544 593437538
593429555 -22861685 -43488648 593429549 593429363 593422397
1848552292 -22861685 -43484739 593437544 593437547 1848552174
593437544 -22861673 -43484660 593437541 1848552292
593422397 -22861658 -43488529 593429555 593439921
1848552230 -22861624 -43482529 1848552226
1848552291 -22861620 -43483067 593437528 593441800 1848552200
1848552281 -22861574 -43481494 1848552196
1848552170 -22861495 -43481757 1848552212
593441800 -22861454 -43482805 593437526 1848552291 593441711
593439921 -22861452 -43488568 593422397 593422183 593437583
1848552221 -22861441 -43481279 1848552234
593437526 -22861426 -43482761 1848552226 593441800
1848552226 -22861375 -43482663 1848552230 593437524 593437526
593437583 -22861358 -43488172 593440005 593440074 593439921 593437580
593440074 -22861353 -43487627 593440272 593437583 593437572
1848552285 -22861352 -43482108 1848552212
1848552212 -22861335 -43481765 1848552170 1848552285 1848552222
593440272 -22861330 -43487214 593440165 593440290 593440074
1848552161 -22861322 -43480579 1848552225
593422183 -22861322 -43488593 593422181 593421917 593439921
593440290 -22861314 -43486817 593440272 593439778 593440419
593439778 -22861297 -43486382 593439930 593437772 593440290
593437524 -22861277 -43482472 593441827 1848552226
593441827 -22861248 -43482351 593437521 593437524 593441713
1848552253 -22861236 -43480365 1848552289
593437521 -22861218 -43482225 593441827 593438032
593438032 -22861197 -43481923 593439357 593437519 593437521
593437519 -22861188 -43481796 1848552222 593438032
1848552222 -22861187 -43481772 1848552196 593437519 1848552212
1848552196 -22861173 -43481577 593439038 1848552281 1848552222
593439038 -22861168 -43481505 1848552196 593439015 593437516
593437516 -22861159 -43481377 1848552234 593439038
1848552234 -22861152 -43481352 1848552221 593437514 593437516
593437514 -22861090 -43481109 1848552234 593437511 593439178
593437511 -22860991 -43480873 1848552225 593437514
593440005 -22860990 -43488228 593439930 593437583 593439750
593421917 -22860986 -43488690 593421915 593408203 593422183
593439930 -22860951 -43486389 593440005 593439747 593439778
1848552225 -22860927 -43480744 593438216 593437511 1848552161
593438216 -22860919 -43480747 1848552289 1848552225 593438920
593441223 -22860912 -43485169 593440882 593440884 593441301
593441301 -22860902 -43484145 593441223 593441325 593437538
1848552185 -22860872 -43480040 1848552180
1848552289 -22860835 -43480561 593437504 593438216 1848552253
593437504 -22860739 -43480380 1848552180 593438832 1848552289
593441625 -22860704 -43483310 593439539 593437528 593441711
593441711 -22860665 -43482922 593441625 593441713 593441800
1848552180 -22860628 -43480171 593437504 593438733 1848552185
593439750 -22860617 -43488319 593440005 593440476 593437586
593441713 -22860595 -43482579 593441827 593441711 593439538
593440476 -22860580 -43487149 593440546 593439747 593439750
593439747 -22860556 -43486395 593439930 593439541 593440937 593440476
593440937 -22860545 -43485991 593441202 593439747 593441026
593408203 -22860541 -43488776 593421917 1349762823 593408202
593438733 -22860540 -43480028 1848552180 593438606 593437502
593441202 -22860535 -43485583 593440882 593440937 593441113
593440882 -22860524 -43485175 593441325 593440878 593441223 593441202
1349762823 -22860499 -43488788 593408203 593420349
593441325 -22860497 -43484146 593439576 593440882 593441301
593439576 -22860487 -43483733 593439540 593437533 593441325
593408205 -22860427 -43488469 593408203
593437586 -22860346 -43488385 593408205 593439750
593440680 -22860235 -43488270 593440546 593437586
593440546 -22860200 -43487160 593440680 593440476 593440548
593439015 -22860200 -43481860 593439038 593409199 593439178
593439541 -22860180 -43486402 593437568 593440878 593439747
593440878 -22860135 -43485196 593439540 593440711 593440882 593439541
593420349 -22860096 -43488904 1349762823 593420037 593419988
593439540 -22860081 -43483753 593439576 593439539 593440878 593437809
593439178 -22860071 -43481474 593439015 593438920 593437514
593439539 -22860052 -43483351 593439540 593439538 593441625
