518308623 -22.8999329 -43.2636407 518308622 518308624
929714634 -22.8998661 -43.2690712 1993554686 518308644 929714637
442056166 -22.8997752 -43.2602565 1620503030 518308630
518308628 -22.8997522 -43.2621372 518308627 518308624 518308631
518308622 -22.899672 -43.2637008 3819125442 442129753 518308623
1993554717 -22.8996196 -43.2600145 518308652 1993554736
1993554736 -22.899561 -43.2600513 1993554666 1993554717
1993554639 -22.899521 -43.2699983 830391844
1993554666 -22.8994671 -43.2600513 1993554705 1993554736
1620503030 -22.8994012 -43.2602965 2164125738 442056166
1993554705 -22.8993337 -43.2600513 1993554666 1993554731
3633669185 -22.8992633 -43.2698897 3633669186
518308631 -22.8992238 -43.2608491 518308628 1993554667 518308629 518308704
1993554731 -22.8992101 -43.2600513 1993554667 1993554705
2164125738 -22.899161 -43.2603493 1620503030 442056105
929714637 -22.8991249 -43.2696971 929714634 3633669185
442056105 -22.8989698 -43.2604005 2164125738 2164125730
1993554667 -22.8989482 -43.2601009 1993554727 518308631 1993554731
2164125730 -22.8988614 -43.2604743 442056163
2164125717 -22.8988258 -43.2604095 442056105
1993554686 -22.8987965 -43.2677527 929714634 830391830
442056163 -22.89879 -43.2605166 2164125739
442056237 -22.8987533 -43.2604248 2164125717
2164125739 -22.8985878 -43.2606078 442056162
830294885 -22.8985721 -43.2689279 929714637
3819125437 -22.8985587 -43.2627653 3819125436
2164125768 -22.8985379 -43.2605086 442056237
442056238 -22.8983049 -43.2606381 2164125768
442056162 -22.8982926 -43.2607518 442056161
830293859 -22.8980127 -43.2697196 830293857
3819125436 -22.8980018 -43.2623727 3819125438 3819125437
3819125443 -22.8978673 -43.2632448 3819125442 3819125444
3819125438 -22.8978628 -43.2622772 3819125435 3819125439 3819125436
3819125444 -22.8978513 -43.2631718 3819125443 3819125445
3819125442 -22.8978183 -43.2635431 518308622 518308621 3819125443
3819125448 -22.8978161 -43.262536 3819125447 3819125449
830391830 -22.8978092 -43.2665999 1993554686 1993554709
3819125449 -22.8978033 -43.2624908 3819125448 3819125439
3819125445 -22.8977777 -43.2630641 3819125446 3819125444
3819125447 -22.8977617 -43.2628661 3819125446 3819125448
3819125446 -22.8977553 -43.2629842 3819125445 3819125447
3819125439 -22.8977489 -43.2624039 3819125438 3819125440 3819125449
1993554709 -22.8977313 -43.2665492 1993554644 830391830
442056161 -22.8977078 -43.2610209 468121912
2164125742 -22.897687 -43.2609299 442056238
1993554644 -22.8976706 -43.2665454 830391831 1993554709
3819125440 -22.8976241 -43.2624144 3819125439 3819125441
830391831 -22.8976024 -43.2665951 1993554644 929714728
518308704 -22.8975925 -43.2607053 3888924364 518308631 518308706
830293885 -22.8975581 -43.2699985 830293886
518308621 -22.897553 -43.2635205 518308620 3819125442
468121912 -22.8975094 -43.2611191 3819125427 442056160
3819125427 -22.8975024 -43.261299 468121912 3819125428
3819125435 -22.897496 -43.2620252 3819125434 3819125438
442056239 -22.8974561 -43.2610651 2164125742
830293884 -22.8973708 -43.2697493 830293885 3633669188
1993554654 -22.8973466 -43.2674287 830294885
830293883 -22.8972857 -43.2697745 830293884
3819125428 -22.8972816 -43.2614727 3819125427 3819125431
3633669188 -22.8972359 -43.2695525 830293884
3819125434 -22.8972336 -43.2618445 3819125433 3819125435
442056240 -22.8972314 -43.2611514 442056239
518308620 -22.897213 -43.2634175 1993554674 518308621
3819125431 -22.8971875 -43.2615123 3819125428 3819125429 3819125432
3819125433 -22.8971855 -43.261775 3819125434 3819125432
3819125432 -22.8971599 -43.2617055 3819125431 3819125433
3819125441 -22.8971375 -43.2623275 3819125440
3819125429 -22.8971247 -43.2615388 3819125431 3819125430
830293861 -22.8970836 -43.2684536 830293871 830293859
1993554674 -22.8970497 -43.263351 518308620 1993554693 1993554735
929714728 -22.897043 -43.2671117 830391831 1993554654
442056160 -22.896994 -43.2613674 442056159
3819125430 -22.8969743 -43.2615596 3819125429
442056241 -22.8969648 -43.2612035 442056240
1993554693 -22.8969325 -43.2637922 1993554734 1993554674 1993554620
1993554730 -22.8968579 -43.2646647 1993554620
830293873 -22.8968563 -43.2692582 830293874 830293872
929714457 -22.8968497 -43.2670097 929714728 929714460
830293871 -22.8968366 -43.2687432 830293861 830293872
442056159 -22.8967958 -43.2614253 2164125755
830293872 -22.8967871 -43.2689793 830293871 830293873
830293874 -22.8967674 -43.2694728 830293873 830293875
1993554620 -22.8967187 -43.2646019 1993554719 1993554693 1993554730
830294887 -22.8966802 -43.2669057 929714457
1993554719 -22.8966284 -43.2645612 1993554732 1993554620
2164125755 -22.89662 -43.2614649 442056155
830293863 -22.8965994 -43.2677991 830293861
830293875 -22.8965499 -43.2698805 830293874 830293876
929714487 -22.8964381 -43.2674179 830293863 875778859
929714460 -22.8962868 -43.2670605 929714457 830294883 929714487
1993554732 -22.8962153 -43.2643749 1993554719 1993554698
1993554640 -22.8959952 -43.2665497 929714460 830294887
1993554735 -22.8959259 -43.2628958 1993554665 1993554674 1993554734
1993554734 -22.8957691 -43.2632945 1993554693 1993554735 1993554698
830294883 -22.895632 -43.2672629 929714460 830294882
1993554703 -22.8955739 -43.2663098 1993554640
1993554698 -22.8954754 -43.2640413 1993554732 1993554645 1993554734
1993554665 -22.8952806 -43.262625 2164125761 1993554735 1993554645
442056243 -22.8952063 -43.26134 442056241
442056155 -22.8952018 -43.2614267 2164153344
2164125761 -22.89519 -43.2625876 2164125734 1993554665
1993554702 -22.8950642 -43.2649435 1993554652
2164125766 -22.8949738 -43.2622733 2164125761 2164153329
2164153329 -22.8949605 -43.2623284 2164153334
2164153334 -22.894936 -43.2623689 2164153337
2164153337 -22.8949035 -43.2624034 2164153339
2164153344 -22.8948821 -43.2614239 442056515 2164153343
875778885 -22.8948807 -43.269628 829528379 875778878 830294879
2164153339 -22.8948642 -43.2624119 2164125745
2164153345 -22.8948557 -43.262029 2164125766
2164125734 -22.8948495 -43.2624467 2164125745
1993554645 -22.894846 -43.2637575 830342179 1993554698 1993554665
2164153342 -22.8948329 -43.2613535 442056243
875778859 -22.894789 -43.2690002 830307720 929714487 875778878
2164153343 -22.8947753 -43.2615254 2164153341
2164125745 -22.8947734 -43.2624028 2164125732
2164125737 -22.8947642 -43.2618216 2164153345
2164153347 -22.8947401 -43.2619214 2164153345
2164153341 -22.8947376 -43.26168 2164125737
2164125732 -22.8947145 -43.2623233 2164125741
830294882 -22.8946879 -43.2675546 830294883 875778851
2164125741 -22.8946782 -43.2622588 2164125757
830294884 -22.894678 -43.2682734 830294883
2164153336 -22.8946709 -43.2619156 2164153347
2164153338 -22.894644 -43.2612879 2164153342
830294888 -22.8946146 -43.2657634 1993554703
2164125757 -22.8945908 -43.2619476 442056515 2164153336
830342178 -22.8945243 -43.2622369 2164125757
2164153346 -22.8945199 -43.2612284 2164153338
442056515 -22.8945181 -43.2614099 2164125737 2164125711 442056245
875778878 -22.8945084 -43.2692861 875778885 875778859 875778880
442056245 -22.8944831 -43.2613413 2164153331 2164153342
830307720 -22.894402 -43.2685289 830294884 875778859 875778851
3888924364 -22.8944014 -43.2609614 518308705 518308704
2164153331 -22.8943547 -43.2610906 2164153346 518308705 442056245
518308705 -22.8943053 -43.2609958 3888924364 2164153331 3888924363
2164125711 -22.8942995 -43.2614107 442056513 442056245
830342179 -22.8942002 -43.2634663 1993554685 830342178 1993554645
3888924363 -22.8941391 -43.2607459 518308705 518308702
830342223 -22.8940146 -43.2654268 830294888
518308702 -22.8939753 -43.2605551 518308703 3888924363 518308719
875778880 -22.893962 -43.2698449 829528379 875778837 875778878
875778851 -22.893737 -43.2678187 830307720 1993554726 829528376 830294882
1993554683 -22.8937173 -43.265263 830342169 830342223
442056513 -22.893697 -43.2615645 468121887 2164125711
518308719 -22.8936821 -43.2601892 518308702 518308720
1993554685 -22.8935395 -43.2640356 1993554651 1993554652 830342179
1993554652 -22.8934325 -43.2641278 1993554685 830342169 1993554702
875778837 -22.8933681 -43.2695935 1993554726 830307720 875778880
468121887 -22.8933029 -43.2616333 442056513 2989949914
830342169 -22.8932555 -43.2642803 1993554683 1993554652 1993554697
829528377 -22.8930845 -43.2649144 1993554683 829528376 1993554697
1993554651 -22.8930553 -43.2636592 1993554685 1993554712
1993554697 -22.8928605 -43.2641053 830342169 829528377 1993554712
829528376 -22.8928002 -43.2666868 1993554726 829528377 875778851
1993554712 -22.8925763 -43.2631526 2989950440 1993554651 1993554697 1993554721
2989950440 -22.8923731 -43.2624715 1993554712 1993554672
1993554672 -22.8923594 -43.2624256 2989950440
2989949914 -22.8920565 -43.2617163 468121885 2989949915 468121887
468121885 -22.8919773 -43.2617291 2164125750 2989949914
2164125750 -22.8918603 -43.2617374 468121885 468122271
1993554721 -22.8916971 -43.2632329 1993554633 1993554712
1993554633 -22.8915983 -43.263249 1993554721 1993554729
1993554726 -22.8915795 -43.2684621 875778837 524801451 829528375 829528376 875778851
468122271 -22.8915638 -43.2617702 2989949923 2164125750
1993554729 -22.8915159 -43.2632966 1993554633 1993554691
2989949923 -22.8914856 -43.2617969 468122240 468122271 2989949924
1993554691 -22.8914442 -43.2633824 1993554642 1993554729
468122240 -22.8913322 -43.2618947 2989949923 468122243
2989949924 -22.891285 -43.2616767 2989949923 2989949925
1993554642 -22.8912079 -43.2637854 1993554691 1993554680
1993554680 -22.8911675 -43.2638143 1993554642 1993554631
1993554631 -22.8911304 -43.2638223 1993554680 1993554688
468122243 -22.8911162 -43.2622202 468122240 468122247
1993554688 -22.891072 -43.2638069 1993554631 468121919
468122247 -22.8904652 -43.2634017 468122243 468121919
2989949915 -22.8904533 -43.261041 2989949916 2989949914
468121919 -22.8904508 -43.2634505 468122247 468122250 468121922 1993554688
468122250 -22.8903466 -43.2638051 468122252 468121919
2989949925 -22.8903263 -43.2611912 2989949926 2989949924
2989949916 -22.8902753 -43.2608961 2989949915 468122329
2989949926 -22.8901756 -43.2610651 2989949925 468122341
468121922 -22.8900788 -43.263177 3819125420 468121919
3819125420 -22.8900296 -43.2631169 468121922 3819125421 468121925
468122252 -22.8900145 -43.2649123 468122250 468122254
3819125421 -22.8898606 -43.2632855 3819125420 3819125422
468121925 -22.8898258 -43.262868 3819125420 468121933
3819125422 -22.889766 -43.2634698 3819125421 3819125423
468122329 -22.8897499 -43.2600406 468122327 468122341 2989949916 2989949917
3819125423 -22.8896738 -43.2637727 3819125422 3819125424
468122341 -22.8896094 -43.2602116 2989949926 468122329 2989949927
3819125424 -22.889601 -43.2640728 3819125423 3819125425
468121933 -22.8895886 -43.2624217 468121935 468121925
2989950439 -22.8895525 -43.2648391 2989950438
3819125425 -22.8895428 -43.2643046 3819125424
468121935 -22.8893672 -43.2618295 468121938 468121933
524801451 -22.8893217 -43.2670126 1993554726 830342208
468122254 -22.8891763 -43.2665516 468122252 2164153332
2164153340 -22.8891745 -43.2668901 524801451
2164153332 -22.889155 -43.266587 468122254 524801699 2164153348
2164153330 -22.8891363 -43.2667806 2164153340
2164153348 -22.8891342 -43.2667141 2164153330
830342208 -22.8891094 -43.2669223 830342211 524801511
524801699 -22.8890824 -43.2667074 2164153332 524801458
468121938 -22.8890351 -43.2614432 468121935 468121941
524801458 -22.8890171 -43.2667591 524801699 2164153340 2164125747
2164125747 -22.8889668 -43.2667759 524801511
829525275 -22.8889142 -43.2690559 1993554664 1993554635
524801464 -22.8888936 -43.2666536 524801458
524801511 -22.8888783 -43.2667762 1993554649
829525318 -22.888845 -43.27 1993554664 2996630591
2989950438 -22.888783 -43.2646034 2989950439 2989950437
3819125416 -22.8887811 -43.2631749 3819125415 3819125417
3819125417 -22.8887738 -43.2632987 3819125416 3819125418
3819125415 -22.8887228 -43.2630327 3819125414 3819125416
1993554635 -22.8886927 -43.2681756 829525275 1993554649 1993554716
3819125418 -22.8886452 -43.2637753 3819125417
3819125414 -22.8885773 -43.2628036 3819125413 3819125415
468121950 -22.888529 -43.2602845 3819125347 468121946
3819125347 -22.8885112 -43.2601619 468121950 468121952 3819125348
468121952 -22.8885053 -43.2601214 3819125347 468121955
468121941 -22.8884816 -43.2610741 468121938 468121943
3819125413 -22.888439 -43.2624797 3819125414 3819125412
468121946 -22.8884262 -43.2608338 468121950 468121943
468121943 -22.8884025 -43.2609883 468121941 468121946 3819125346
3819125346 -22.8883056 -43.2609182 3819125345 468121943
2989950437 -22.8882384 -43.26443 2989950436 2989950438
3819125412 -22.8882377 -43.2622138 3819125411 3819125413
3819125345 -22.8882352 -43.2609182 3819125344 3819125346
1993554649 -22.8882316 -43.2663273 830342015 1993554635
830341997 -22.8882246 -43.2689903 830341979 830341995
2989950433 -22.8881964 -43.2662106 2989950436 524801464
3819125411 -22.8881843 -43.2622006 3819125410 3819125412
830341995 -22.8881752 -43.269237 2996630591 830341997
830341979 -22.8881736 -43.2687901 830341997 1993554716 830341968
3819125348 -22.8881091 -43.2600598 3819125347 3819125349
3819125344 -22.8880921 -43.2609551 3819125343 3819125345
2989949929 -22.8880757 -43.2661339 830342015 2989950433
1993554716 -22.8880519 -43.2683043 830341979 830342002 830342053 1993554635
3819125410 -22.888046 -43.262219 3819125419 3819125411
830342015 -22.8880451 -43.2662103 2989949929 2164149521 830342007
3819125419 -22.8880196 -43.2622183 2989950435 3819125409 3819125410
2996630591 -22.8880186 -43.2696137 829525318 830341993 830341995 2996630592
2989950435 -22.887998 -43.2624388 3819125419 2989950434
830342002 -22.8879972 -43.268089 830342021 1993554716 830342003
3819125343 -22.8879902 -43.2609998 3819125342 3819125344
3819125409 -22.8879538 -43.2622164 3819125419 3819125408
830342007 -22.8879379 -43.2665334 830342005 830342015
830342003 -22.8879281 -43.2677243 830342002 830342004
830341993 -22.8878984 -43.2699237 830341991 2996630591
830342004 -22.8878687 -43.2674238 830341832 830342003
830342005 -22.887849 -43.2668016 830341832 830342007
3819125342 -22.8878471 -43.2611262 3819125343 3819125341
830341832 -22.8878193 -43.2670483 830342005 830342004 830341831
468122182 -22.8878174 -43.2622414 3819125408 468122185
3819125408 -22.8878128 -43.262172 468122182 3819125409 468122178
468122178 -22.8878095 -43.2621213 468122165 3819125408
468122165 -22.8877699 -43.2620269 3819125339 468122178
3819125341 -22.8877646 -43.2611842 3819125340 3819125342
468122185 -22.887762 -43.2623444 468122182 468122188
2989950436 -22.8877524 -43.2644961 2989949932 2989950433 2989950437
830341968 -22.8877501 -43.2688401 830341965 830341979
830342021 -22.8876612 -43.2676277 830342002 830341830
3819125340 -22.8875827 -43.2612526 3819125339 3819125341
830341965 -22.8875821 -43.2689688 2996630592 830341968
830341831 -22.8875525 -43.2670913 830341830 830341832
2989949932 -22.8874546 -43.2633459 2989949931 2989950436 2989950434
830342053 -22.8874042 -43.2682822 830342050 1993554716
2996630592 -22.8874018 -43.2693254 830342062 830341965 2996630591 830341957
830341830 -22.8873844 -43.2670698 830342021 830342025 830341831
2989950434 -22.8873537 -43.2627993 2989950435 2989949932
3819125339 -22.8873262 -43.2614672 3819125340 468122165 468122160
830342050 -22.8872757 -43.2682392 830342047 830342053
830341957 -22.8872263 -43.2697305 830341954 2996630592
830342047 -22.8871769 -43.2681212 830342050 830342044
468122160 -22.8869397 -43.2609797 3819125354 3819125339
830342025 -22.8869298 -43.2665977 830341830 830342027
830342061 -22.8868111 -43.2687328 830342059 830342062
830342062 -22.8867322 -43.2690125 830342061 2996630592 829525319 524801641
3872176322 -22.8867224 -43.2652739 2989949929
3819125358 -22.8866753 -43.2601414 3819125357
524801468 -22.886649 -43.2652273 3872176322
2164149521 -22.8866154 -43.2653135 3872176322 524801509 830342034
830342027 -22.8865396 -43.266318 830342025 2164149528
2164149478 -22.8865042 -43.2650775 524801468
524801509 -22.8864199 -43.2651908 524801493
524801473 -22.8863564 -43.2648754 2164149478
2989949930 -22.8862948 -43.2647451 524801473 524801493
830342034 -22.886238 -43.2656168 2164149521 830342032
2164149528 -22.8862016 -43.2660274 830342027 830342037
524801493 -22.8861714 -43.2648212 2164149487 2164149524
830342044 -22.8861291 -43.2661257 830342047 830342037
524801641 -22.8860797 -43.2694931 830342062 524801786 524801789 524801642 524801639
829525319 -22.8860675 -43.2687018 830342062 2401341554
830342037 -22.8860599 -43.2660154 2164149528 2164149464 830342044
2989949931 -22.8860586 -43.2642451 2989949930 2989949932
830342032 -22.8860305 -43.2657255 830342034 2164149473
2164149464 -22.8859861 -43.2659586 2164149461 830342037
2164149473 -22.8859487 -43.2658045 2164149461 830342032
2164149461 -22.8859446 -43.2658788 2164149473 2164149464
2164149487 -22.8858978 -43.2641516 2164149467
524801639 -22.8858504 -43.2686863 2401341554 524801641
3500213181 -22.8858237 -43.2637478 622045770 2989949931
2164149467 -22.8858192 -43.2639956 622045770
524801786 -22.8857955 -43.2691397 2996633561 524801641
468122188 -22.8857852 -43.2636662 3500213181 468122185
2401341554 -22.8857361 -43.2684723 829525319 524801988 524801639
622045770 -22.885713 -43.2638307 524801670 631032884
2164149447 -22.8856489 -43.2635707 468122188
2164149524 -22.885635 -43.26526 2164149434
2996633561 -22.8855803 -43.2689482 2996633562 524801786
631032884 -22.8855802 -43.263554 631032883 2164149447
631032883 -22.8854496 -43.2630784 468122188 631032885
524802022 -22.8854392 -43.2635278 631032884
2164149434 -22.8854274 -43.2653781 524801644
830342059 -22.8854141 -43.2662231 524802085 830342061
524802092 -22.8854076 -43.2658109 830342059
524802085 -22.8853851 -43.2667901 524801988
2996633562 -22.8853222 -43.2687988 524801782 2996633561
524801644 -22.8852968 -43.2653818 524802092 524801637
524802024 -22.8852415 -43.2635021 524802022 524802133
524802133 -22.8852099 -43.2633476 524802137 524802024
524801988 -22.8852037 -43.2675223 524802078 524801634 2401341554
524802048 -22.8851071 -43.2635278 524802024
524801782 -22.8850985 -43.2687124 2996633563 2996633562
524802078 -22.8850909 -43.267688 524802074
524802053 -22.8849331 -43.2635965 524802048
524802137 -22.8849173 -43.2631502 524802144 524802133
631032885 -22.8848763 -43.2618553 631032873 631032883
2996633563 -22.8848188 -43.2686797 524801782 524801779
524801636 -22.8847636 -43.2662524 524801634 524801637
524801670 -22.8847459 -43.2644399 524801644 524801645
524801637 -22.884695 -43.2651985 524801645 524801636
524801634 -22.8846751 -43.2666101 524801630 631032812 524801988 524801636
524802074 -22.8846464 -43.2683073 631032905
524801779 -22.8845736 -43.268689 2996633563 524801742
524802144 -22.8845734 -43.2630043 524802137 524802149
524801630 -22.8845601 -43.2670614 524801625 524801634
524802058 -22.8844413 -43.263895 524802053 524801670
631032905 -22.8844208 -43.2685138 524801742
524802149 -22.8842549 -43.2629467 524802144 524802098
524801625 -22.8842461 -43.2676159 524801615 524801630
631032812 -22.884199 -43.2658294 524801634 524801645 631032811 631032813
524801742 -22.8841974 -43.268677 524801615 524801757 524801642 524801577 524801779
631032803 -22.8841494 -43.2633789 524802058 631032804
631032811 -22.8840757 -43.2664365 631032810 631032812
524801437 -22.8840508 -43.2615309 524801435 3888986043
3888986043 -22.8840038 -43.2619491 3888986042 524801437
524801435 -22.8840038 -43.2610688 631032873 524801437
631032810 -22.8839571 -43.2667691 631032809 631032811
622045763 -22.8839553 -43.2699019 524801574 631032792 622045671
524801757 -22.8839526 -43.2693729 524801574
524802098 -22.8839254 -43.2629563 524801443 631032803 524802149
3888986042 -22.8839125 -43.2623616 3888986043 524801440
631032873 -22.8838453 -43.2604698 524801435 631032874 631032885
524801574 -22.8838419 -43.2697162 524801577 622045763
524801615 -22.883833 -43.268012 524801604 524801625 524801742 631032808
524801645 -22.883775 -43.2650665 2164149511 2164149484 631032812 524801849
524801440 -22.8837529 -43.262685 524802098 3888986042
631032809 -22.8837199 -43.2670588 631032808 631032810
524801604 -22.8836578 -43.2680625 524801602 524801615
2164149484 -22.8836135 -43.2650352 631032889
524801849 -22.8835781 -43.2651913 524801745 524801645
631032881 -22.8835383 -43.2623057 524801440 631032882
524801577 -22.8835177 -43.2692356 2996633556 524801574 524801742 524801581
2164149511 -22.8834748 -43.26456 524802058 631032804 524801645
524801443 -22.8834587 -43.2630619 524802010 524801440
631032808 -22.8833971 -43.2672748 524801615 631032807 631032813 631032809
631032889 -22.8833525 -43.2649848 2164149515
631032822 -22.8831933 -43.2617536 631032881
524801602 -22.8831822 -43.2682209 524801604 524801581
2996633556 -22.8831606 -43.2694471 631032791 524801577
631032804 -22.8831541 -43.2640175 524802010
2164149515 -22.8831159 -43.2649656 2164149490
631032807 -22.8830774 -43.2673914 631032806 631032808
631032813 -22.8830106 -43.2666211 631032808 524801745 631032812
631032878 -22.8829983 -43.2606858 631032874
2164149475 -22.8829727 -43.2648697 2164149511
524801581 -22.8829641 -43.2682743 524801602 2996630610 524801577
631032874 -22.882877 -43.261175 631032822 631032877
524802010 -22.8828438 -43.2635036 524801443 631032882
631032806 -22.8828303 -43.267445 631032805 631032807
2996633567 -22.8827609 -43.2648412 3888986040
2164149490 -22.8827538 -43.2650642 2164149475 2164149519
524801745 -22.8825948 -43.2659179 631033000 631032813 524801842 524801849
2996630610 -22.882564 -43.2675804 631032805 524801581
631032882 -22.8825591 -43.2629828 2996633564
631032791 -22.8825423 -43.2698134 2996633556 622045786 631032792
631032805 -22.8824827 -43.2674394 631032806 622045771 2996630610
524802106 -22.8824391 -43.260534 631032874
2164149519 -22.8824365 -43.2653652 2996633580 2164149490
631033000 -22.8823887 -43.2655521 524801745
631032814 -22.8822584 -43.2653311 631032887
2996633564 -22.8822555 -43.262445 712849123 631032822 631032826
524802116 -22.8822287 -43.2603349 524802106
2362817440 -22.882169 -43.2601768 631032879
2996633580 -22.8821285 -43.2656445 2996633579 2164149519
524801969 -22.8821259 -43.2602577 2362817440
3888986041 -22.8821112 -43.264109 524802010 3888986040 631032880
631032886 -22.8821088 -43.2603318 524802116 524801969
3888986040 -22.8821086 -43.2645826 2996633567 2996633566 3888986041
524801973 -22.8820864 -43.2604294 631032886
631032877 -22.8820609 -43.2617608 524801973
712849123 -22.8820587 -43.2621065 631032877 631032826
631032826 -22.8820365 -43.2626042 712849123 631032880 2996633564
631032880 -22.8819998 -43.264106 631032826 2996633566 3888986041
2996633566 -22.8819837 -43.2645914 3888986040 631032887 631032880
631032887 -22.8819683 -43.2648534 631032814 2996633566 2996633539
622045771 -22.8819452 -43.266507 631032805 524801842
524801842 -22.8818958 -43.2663675 524801889 524801745 622045771
2996633539 -22.88189 -43.2659695 631032887 524801889
524801889 -22.8818887 -43.2662143 2996633539 524801842
2996633579 -22.8818628 -43.2659453 631032788 2996633580
631032788 -22.8816639 -43.2662143 631032787 2996633579
631032787 -22.8814617 -43.266501 631032788 2164149509
3884198072 -22.8813215 -43.2610969 3884198071
3884198071 -22.8813197 -43.261247 3884198069
3884198070 -22.8813087 -43.2610002 3884198072
3884198069 -22.8812925 -43.261315 3884198068 3884198065
3884198068 -22.8812834 -43.2612568 3884198067 3884198069
3884198067 -22.8812707 -43.2612222 3884198064 3884198068
468122710 -22.8812688 -43.2609077 3884198066 3884198070
3884198066 -22.8812687 -43.2610002 3884198063 468122710
2362817449 -22.8812618 -43.2601308 468122710
3884198065 -22.8812596 -43.2623248 3884198069
2164149509 -22.8812488 -43.2668393 2164149530 631032787
3884198064 -22.881247 -43.2611808 3884198067 3884198062
468122635 -22.8812462 -43.2636233 468122699 468122403
3884198063 -22.8812325 -43.2610584 3884198066 3884198060
3884198062 -22.8812234 -43.2611551 3884198061 3884198064
468122699 -22.8812146 -43.2641297 468122406
2164632848 -22.8811917 -43.2647208 468122757
3884198061 -22.8811779 -43.2611314 3884198059 3884198062
3884198060 -22.8811743 -43.2610998 3884198063 3884198059
468122701 -22.8811734 -43.2624253 468122403
3884198059 -22.8811215 -43.2611156 3884198058 3884198061 3884198060
2164149530 -22.8811184 -43.2670884 631032786 2164149509
631032786 -22.8809544 -43.2674385 2164149530 631032785
631032785 -22.8808899 -43.2675913 2164149526 631032786
3884198058 -22.8808741 -43.2610524 3884198059 468122717
2996630602 -22.8808574 -43.2699725 3891507165
468122824 -22.8808509 -43.2652112 468122757
2996630632 -22.8808061 -43.2699268 2996630602
2996630615 -22.880756 -43.2699142 2996630632
468122757 -22.880744 -43.2650283 1776360225 468122824 442045177 2164632848
468122403 -22.8807224 -43.2627244 468122639 468122701 468122406 468122635
442045170 -22.8807108 -43.269806 442045169
2996630613 -22.8807082 -43.269918 2996630615
468122717 -22.8807079 -43.2610417 3884198058 468122719
2164149526 -22.8807053 -43.268272 2164202281
2164202267 -22.8807009 -43.268003 631032785
2996630614 -22.8806607 -43.2699651 2996630613
442044972 -22.8806352 -43.2698342 442044973
442045171 -22.880616 -43.2695581 442045170
2164202281 -22.8806109 -43.2685515 799921895 3891493695
2164149481 -22.88055 -43.2683479 2164202267
3891493695 -22.8805291 -43.2687005 2164202265
442044973 -22.8805249 -43.2695657 442044974
442045172 -22.880476 -43.2692455 442045171
3891493694 -22.8804583 -43.2689184 799921895
2164202265 -22.8804408 -43.2687834 3891493694 2164202284
799921895 -22.880433 -43.2690842 799921966
2164202285 -22.8804287 -43.2689995 799921895
442044974 -22.8804192 -43.2693279 442044975
799921920 -22.8804173 -43.2689654 2164202285
838712672 -22.8804118 -43.2684354 2164149481
799921925 -22.8804026 -43.2689269 799921920
468122639 -22.8803925 -43.2620015 468122403 468122649
799921968 -22.8803777 -43.2689045 799921925
838716669 -22.8803739 -43.2686625 2164149481 2164202265
468122719 -22.8803527 -43.2610484 468122717 468122657
2164202274 -22.880352 -43.2688976 799921968
799921938 -22.8803192 -43.268897 2164202274
799921966 -22.8803089 -43.2694239 799921941
838716670 -22.8802994 -43.2685301 838716669
838712673 -22.8802918 -43.2684355 838712672
1776360225 -22.8802896 -43.2642503 442045179 468122406 468122757
799921944 -22.8802823 -43.2689115 799921938
2164202275 -22.8802686 -43.2686271 2164202280
2164202284 -22.8802657 -43.2688262 2164202283 838716669
2164202272 -22.8802645 -43.2685664 2164202275
799921892 -22.8802561 -43.2689479 799921944
2164202280 -22.8802508 -43.2686913 2164202268
799921898 -22.8802387 -43.2689915 799921892
2164202287 -22.8802353 -43.2684955 2164202272
468122649 -22.880222 -43.2614785 468122639 468122657
2164202278 -22.880221 -43.2689677 2164202284
2164202268 -22.880219 -43.2687365 2164202288
838713831 -22.8802022 -43.2692296 2164202278 838713825 799921898
799921941 -22.8801813 -43.2698773 799921943
2164202288 -22.8801784 -43.2687534 2164202289
468122657 -22.8801651 -43.2611217 468122649 468122661 468122719 468122722
2996633592 -22.8801629 -43.2694335 838713831
838712674 -22.8801592 -43.2683626 838712673 2164202287 838716670
838713825 -22.8801491 -43.268962 838713823
2164202283 -22.8801465 -43.2687976 838713823
2164202289 -22.8801415 -43.26876 2164202286
468122667 -22.8801305 -43.2602071 468122661 2362817448
442045173 -22.8801287 -43.2685783 442045172
468122661 -22.880128 -43.2607623 468122667 468122657
2164202286 -22.8800969 -43.2687536 838713823
2362828604 -22.8800895 -43.2696968 2996633592
442044975 -22.8800685 -43.268638 442045548
838713823 -22.8800432 -43.2687335 838715167
799921951 -22.8800284 -43.2699032 2362828604
468122722 -22.8800047 -43.2612372 468122657 468122728
