1754820787 -22819968 -43632782 1754709456 1754820789
1754820789 -22819792 -43634574 1327763343 1327635249 1754820781 1754820787
1754820781 -22819493 -43638195 1754820769 1754820789
1754820758 -22819090 -43631562 1754709456 1754709516 1754709689 1754820774
1754820774 -22818845 -43633431 1754820800 1754820758
1327763343 -22818801 -43634445 1754820800 1754820789
1754820800 -22818749 -43634438 1754820738 1327763343 1754820774
1327763487 -22818312 -43639825 1327763496 1327763113
1327763496 -22818302 -43639992 1327763515 1327763487
1327763113 -22818296 -43639434 1327763198 1327763487 1327763477
1327763477 -22818238 -43637916 1327763113 1327763516 1327763303
1327763516 -22818153 -43635818 1327763477 1327763099
1327763099 -22818119 -43635673 1327763516 1327763210
1754709516 -22818034 -43631430 1754709707 1754820758 1754709478 1754820727
1327763210 -22818005 -43635593 1327763099 1327763106
1754820727 -22817817 -43633442 1754709516 1754820738
1754820738 -22817729 -43634301 1327763223 1754820800 1754820727
1327763198 -22817713 -43639471 1327763140 1327763113
1327763140 -22817580 -43639455 1327763198 1327763358
1327763358 -22817486 -43639386 1327763140 1327763456
1327763456 -22817446 -43639289 1327763358 1327763303
1327763303 -22817422 -43637926 1327763456 1327763146 1327763477
1327763146 -22817323 -43635807 1327763303 1327763219
1327763219 -22817288 -43635636 1327763146 1327763106
1327763223 -22817239 -43634236 1754820738 1754709633 1327763444
1327763106 -22817224 -43635486 1327763219 1327763444 1327763210 1754709607
1327763444 -22817155 -43635368 1327763223 1327763106
1754709707 -22817012 -43631307 1754709575 1754709516 1754709657 1754709633
1327763307 -22816912 -43639504 1327763185
1327763185 -22816858 -43639498 1327763369 1327763307
1327763369 -22816749 -43639541 1327763185 1327763201
1754709633 -22816676 -43634159 1327763300 1327763223 1754709707
1327763201 -22816502 -43639847 1327763369 1327763108 1327763124 1327763212
1327763108 -22816176 -43639616 1327763265 1327763201
1754709607 -22816106 -43635368 1327763106
1754709657 -22815997 -43631168 1754709707 1754709472 1754709527 1754709709
1327763361 -22815993 -43638667 1327763266
1327763265 -22815973 -43639557 1327763108 1327763317
1327763317 -22815785 -43639434 1327763265 1327763266
1754709472 -22815770 -43633115 1754709425 1754709657
1327763300 -22815701 -43634027 1754709425 1754709633
1754709425 -22815658 -43634007 1327763300 1754709696 1327763133 1754709472
1327763380 -22815656 -43637615 1327763485
1754709696 -22815588 -43634654 1754709425 1754709426
1327763266 -22815548 -43639171 1327763309 1327763317 1327763361 1327763304
1327763133 -22815548 -43633957 1327763236 1754709425
1754709426 -22815532 -43634794 1754709696 1754709432
1754709432 -22815434 -43634879 1754709528 1754709431 1754709426
1754709431 -22815404 -43634987 1754709554 1754709432
1327763309 -22815399 -43639010 1327763266 1327763375
1327763375 -22815389 -43638806 1327763309 1327763354
1754709554 -22815354 -43635143 1754709431
1327763354 -22815295 -43638694 1327763375 1327763485
1754709528 -22815281 -43634820 1754709432 1754709684
1754709709 -22815132 -43631114 1754709657 1754709452
1754709684 -22815009 -43634590 1754709528 1754709484
1327763485 -22814984 -43638463 1327763102 1327763354 1327763380 1327763104
1754709452 -22814677 -43631098 1754709447 1754709709
1754709520 -22814505 -43630009 1754709545 1754709511 1754820799
1754709511 -22814446 -43630153 1754709520 1754709510
1327763236 -22814400 -43632980 1327763207 1327763133
1327763104 -22814346 -43637905 1327763183 1327763485 1327763507
1754709510 -22814281 -43630325 1754709511 1754709655
1327763207 -22814237 -43632836 1327763492 1327763236
1754709655 -22814144 -43630491 1754709504 1754709510
1327763102 -22813936 -43639895 1327763327 1327763485 1327763304 1327763507
1754709447 -22813911 -43631210 1754709452 1754709441
1327763492 -22813911 -43632465 1327763217 1327763207
1327763109 -22813837 -43636848 1327763493
1754709504 -22813792 -43630996 1754709655 1754709725
1327763217 -22813772 -43632283 1327763492 1327763352
1327763183 -22813703 -43637326 1327763372 1327763104 1327763188
1754709725 -22813698 -43631098 1754709504 1754709515
1327763517 -22813683 -43636135 1327763132
1327763132 -22813612 -43636212 1327763345 1327763517 1327763416
1754709515 -22813565 -43631162 1754709725 1754709620
1327763416 -22813545 -43636285 1327763132 1327763493
1327763352 -22813525 -43631822 1327763202 1327763217
1327763345 -22813500 -43635673 1327763132
1754709484 -22813486 -43633243 1327763248 1754709684
1327763493 -22813446 -43636360 1327763178 1327763159 1327763109 1327763416
1327763202 -22813415 -43631658 1327763213 1327763352
1754709620 -22813386 -43631248 1754709515 1754709441
1327763213 -22813307 -43631538 1327763261 1327763202
1327763178 -22813283 -43636360 1327763493 1327763520
1327763507 -22813277 -43639329 1327763102 1327763104 1327763188
1754709441 -22813229 -43631360 1327763261 1754709447 1754709620
1327763261 -22813204 -43631440 1327763357 1327763213 1754709441
1327763159 -22813144 -43636693 1327763493 1327763372
1327763357 -22813125 -43631433 1327763335 1327763261
1327763520 -22813105 -43636317 1327763178 1327763247
1327763372 -22813072 -43636802 1327763183 1327763142 1327763159
1327763142 -22813031 -43636768 1327763372 1327763235 1327763158
1327763335 -22812990 -43631427 1754709548 1327763357
1327763247 -22812868 -43636167 1327763296 1327763520
1327763296 -22812719 -43635995 1327763247 1327763176
1327763176 -22812625 -43635834 1327763296 1327763503
1327763188 -22812610 -43638754 1327763200 1327763183 1327763507 1327763158
1327763503 -22812586 -43635588 1327763176 1327763518
1327763518 -22812576 -43635352 1327763196 1327763503
1754709460 -22812575 -43633480 1754709497
1754709548 -22812480 -43631448 1327763248 1327763335
1327763196 -22812472 -43635142 1327763298 1327763367 1327763518
1754709497 -22812452 -43633238 1754709460 1754709673
1327763235 -22812393 -43636188 1327763142 1327763216 1327763253
1327763208 -22812264 -43633946 1327763501
1754709673 -22812240 -43633077 1754709497 1754709577
1327763367 -22812230 -43634552 1327763196 1327763439
1327763501 -22812215 -43634080 1327763225 1327763208
1327763225 -22812190 -43634364 1327763439 1327763501
1327763216 -22812185 -43635979 1327763235 1327763173
1327763439 -22812160 -43634493 1327763367 1327763225 1327763231
1327763298 -22812081 -43635352 1327763452 1327763196
1327763158 -22811997 -43638227 1327763142 1327763157 1327763188 1327763253
1327763275 -22811923 -43634069 1327763257
349254069 -22811910 -43630111 349254071 349254068
1327763200 -22811892 -43639731 1327763413 1327763188 1327763301 1327763157
1327763452 -22811869 -43635502 1327763173 1327763298
349254068 -22811831 -43630403 349253904 349254069
1327763231 -22811811 -43634550 1327763439 1327763257 1327763283
1327763173 -22811740 -43635652 1327763452 1327763216 1327763144 1327763350
349253904 -22811589 -43630845 1754709539 349254068
1327763257 -22811572 -43634198 1327763137 1327763231 1327763275
1327763248 -22811560 -43631566 1754709568 1754709548 1754709484
1327763350 -22811419 -43635319 1327763173 1327763272
1327763294 -22811404 -43633833 1327763137
1327763139 -22811375 -43637578 1327763253
1327763253 -22811369 -43637653 1327763235 1327763160 1327763163 1327763158
1327763160 -22811300 -43637647 1327763359
1754709577 -22811295 -43632203 1754709673 1754709530
1327763157 -22811256 -43639180 1327763200 1327763158 1327635242 1327763163
1327763283 -22811236 -43634644 1327763337 1327763259 1327763231
1327763137 -22811226 -43633930 1327763257 1327763294 1327763489
1754709530 -22811156 -43631972 1754709568 1754709577
1327763272 -22811117 -43635078 1327763337 1327763423 1327763350
1327763259 -22811112 -43634472 1327763279 1327763283
1754709605 -22811092 -43633485 1754709546
1754709568 -22811063 -43631637 1327763248 349253903 1754709530 1754709555
1327763489 -22811063 -43633764 1754709546 1327763137
1754709555 -22810993 -43631564 1754709568 1754709539
1754709539 -22810960 -43631468 349253903 349253904 1754709555
1754709546 -22810850 -43633576 1754709525 1327763489 1754709605
349253903 -22810783 -43631644 1754709539 1754709568 349253902 1754709653
1327763144 -22810724 -43637023 1327763139 1327763359 1327763173
1327763337 -22810706 -43634731 1327763272 1327763283 1327763273
1327763359 -22810673 -43637114 1327763481 1327763292 1327763144
1754709653 -22810637 -43631629 1754709482 349253903
1327763163 -22810604 -43638614 1327763182 1327763292 1327763253 1327763157
1327763279 -22810553 -43633962 1327763259 1327763498
1327763273 -22810469 -43634531 1327763337 1327763281 1327763448
1754709525 -22810340 -43633126 349253901 1754709546
349253902 -22810137 -43632278 349253901 349253903
1327763423 -22810054 -43636451 1327763272 1327763481 1327763144
1327763481 -22810006 -43636546 1327763423 1327763246 1327763199
1327763498 -22809985 -43633436 1327763279 1327763509
1327763292 -22809960 -43638055 1327763263 1327763359 1327763246 1327763163
1327763281 -22809817 -43633994 1327763437 1327763273 1327763117
349253901 -22809809 -43632637 1327763509 349253902 1754709525
1327763263 -22809610 -43638534 1327763292 1327763440 1327635576
1327763509 -22809519 -43632972 1327763498 349253900 349253901
1327763448 -22809432 -43635921 1327763423 1327763199 1327763273
1327763199 -22809372 -43636006 1327763409 1327763341 1327763448
1327763111 -22809355 -43639866 1327763182 1327763138 1327635576
1327763246 -22809290 -43637474 1327763481 1327763440 1327763292 1327763409
349253900 -22809233 -43633327 1327763117 1327763509
1327763117 -22809182 -43633385 349253898 349253900 1327763281
1327763440 -22808949 -43637964 1327763263 1327763246 1327763521
1327635576 -22808917 -43639482 1327763521 1327763111 1327763263
1327763437 -22808784 -43635368 1327763448 1327763281 1327763341
1327763341 -22808735 -43635455 1327763400 1327763437 1327763268
1327763409 -22808667 -43636933 1327763246 1327635166 1327763199 1327763268
349253898 -22808605 -43634042 1754709629 349253897 1327763117
1754709482 -22808422 -43631822 1754709601 1754709653
1327763521 -22808277 -43638932 1327763440 1327635166 1327635576
1327763432 -22808200 -43634869 1327763437
349253897 -22808118 -43634691 1327763400 1327763432 349253898
1327763268 -22808021 -43636372 1327763180 1327763409 1327763205 1327763341
1327763400 -22808013 -43634830 1754709668 349253897
1754709629 -22807858 -43633480 1754709632 349253898
1754709668 -22807764 -43635163 1327763205 1327763400 1754709683
1327635166 -22807611 -43638361 1327763180 1327763521 1327763409
1754709601 -22807334 -43631929 1754709508 1754709482
1327763205 -22807315 -43635760 349253895 1754709668 1327763268
349253895 -22807240 -43635859 1754709463 1327763205
1754709632 -22807230 -43633115 1754709629 1754709595
1327635027 -22807171 -43639938 1327763425 1327763410 1327763128
1754709463 -22807025 -43636151 1754709541 349253895 1754709615
1327763180 -22806980 -43637822 1327635585 1327635166 1327763268
1754709683 -22806924 -43634541 1754709703 1754709668
1754709508 -22806785 -43632010 1754709570 1754709601 1754709505
1754709595 -22806765 -43632820 1754709632 1754709505
1754709549 -22806701 -43635218 1754709594
1754709541 -22806513 -43636846 1327635585 1754709463 1754709476
1754709505 -22806374 -43632460 1754709508 1754709455 1754709595
1327763410 -22806342 -43639229 1327763420 1327635027 349253893
1754709594 -22806320 -43634880 1754709703 1754709549
1754709703 -22806291 -43634810 1754709717 1754709683 1754709594
1327635585 -22806251 -43637201 1754709541 1327763180 1754709621
1754709615 -22806251 -43635486 1754709463 1754709518
1754709621 -22806081 -43637430 1754709639 1327635585 1754709613
1754709518 -22806073 -43635336 1754709615 1754709544
1754709544 -22805836 -43635110 1754709717 1754709518
1754709717 -22805781 -43635008 1754709453 1754709703 1754709544
1754709639 -22805572 -43638115 1754709686 349253893 1754709621
1754709453 -22805466 -43635169 1754709476 1754709717
349253893 -22805366 -43638393 1754709639 1754709532 1327763410
1754709570 -22805227 -43632133 1754709508 1754709449
1754709532 -22805035 -43638848 349253892 1754709609 349253893
1754709476 -22804965 -43635486 1754709453 1754709541 1754709455
349253892 -22804553 -43639511 1327635126 1754709532 1754709694
1754709449 -22804312 -43632230 1754709661 1754709570
1754709686 -22804283 -43636945 1754709639 1754709626
1754709455 -22804263 -43634853 1754709476 1754709505 1754709613 1754709648
1754709661 -22804154 -43632224 1754709507 1754709449
1754709507 -22803981 -43632176 1754709640 1754709661
1754709613 -22803716 -43635433 1754709611 1754709455 1754709626 1754709621
1754709640 -22803709 -43632117 1754709507 1754709656
1754709656 -22803373 -43632112 1754709640 1754709439
1754709626 -22803170 -43636012 1754709609 1754709473 1754709686 1754709613
1754709439 -22803061 -43632085 1754709656
1754709611 -22802557 -43634397 1754709529 1754709613
1754709609 -22802537 -43636724 1754709722 1754709532 1754709626 1754709694
1754709648 -22802439 -43633302 1754709602 1754709455
1754709473 -22802409 -43635336 1754709552 1754709626
1754709694 -22801984 -43637347 1754709609 1754709423 349253892 1754709627
1754709552 -22801929 -43634917 1754709721 1754709473
1754709602 -22801910 -43632862 1754709533 1754709648
1754709533 -22801702 -43632734 1754709674 1754709602
1754709674 -22801470 -43632669 1754709533 1754709643
1754709529 -22801439 -43633447 1754709611 1754709726
1754709423 -22801423 -43637977 1754709645 349253890 1754709694 1754709448
1754709726 -22801044 -43633126 1754709623 1754709529
1754709645 -22800989 -43638463 1754709423 1754709590 1754709458 1754709446
1754709623 -22800639 -43632755 1754709643 1754709726
1754709722 -22800599 -43635143 1754709609 1754709724
1754709643 -22800544 -43632632 1754709623 1754709490 1754709674
1754709590 -22800465 -43639072 1754709645 1754709658 1754709718 1754709617
1754709724 -22800440 -43634982 1754709558 1754709722
1754709558 -22800297 -43634794 1754709724
1754709721 -22800244 -43633447 1754709552 1754709614
