567475336 -22.8799637 -43.4377587 567475028 567474855 567475113
560440116 -22.8799226 -43.4332562 560440115 560440158 560439988
560439888 -22.8797842 -43.4303531 560439960 560439889 560440005 560440007
560440158 -22.8796683 -43.4350083 560440159 439821554 560440116
560439960 -22.8796472 -43.4313067 560439887 567474415 560439888 560439988
560439887 -22.8795548 -43.4319495 560439960
439821554 -22.8794298 -43.4366522 567475028 560440158 567474591
567474415 -22.8792674 -43.431288 560439960 567474416
567475028 -22.8792611 -43.4377229 567477337 439821554 567475336
567474416 -22.8791962 -43.4317515 567474417 567474415
567477337 -22.8789594 -43.439684 567477336 567475028 567477058
693891172 -22.8787632 -43.4348671 560440158
567474418 -22.8785241 -43.4315112 567474417 560439911
567474417 -22.8785004 -43.4316829 567474418 567474416
560440007 -22.8784262 -43.4303018 560439911 560440008 560439888
560439911 -22.8782579 -43.4315032 560440115 567474418
560440115 -22.8781393 -43.4330286 560440105 693891171
567475026 -22.8781362 -43.4380244 693884981
439821442 -22.8781107 -43.4373278 567475026
693884981 -22.8780906 -43.4390913 439821445 567477764 567477783
693891171 -22.8780897 -43.4336174 560440156
567474591 -22.8780597 -43.4366151 2939383224 439821442
567477764 -22.8780308 -43.4397529 567477648
560440156 -22.8779849 -43.4347513 693891172 567474547
439821441 -22.8779716 -43.4360062 567474591
567474547 -22.8779581 -43.435515 567474477 439821441
567477499 -22.8779547 -43.4397509 567477764
567477770 -22.877417 -43.4398368 567477499 693863634
567477850 -22.876941 -43.4399404 567477770 567477784
560440008 -22.8762965 -43.4302588 560440014 3837840380
3837840378 -22.8762068 -43.4313209 3837840379
560440105 -22.8760996 -43.4328685 3052197503
3052197503 -22.8760983 -43.4327439 3052197502
3052197502 -22.8760947 -43.4326941 560440008
3052197501 -22.8760403 -43.433627 560440105
560440129 -22.8760146 -43.4344297 3052197501 560440156
567474477 -22.8759601 -43.4353921 560440129
3052197499 -22.8758991 -43.4362908 567474477
3052197500 -22.8758964 -43.4363394 3052197499
2939383224 -22.8758881 -43.4364534 3052197500
3052197497 -22.8758001 -43.4376574 2939383224
3052197498 -22.8757977 -43.4377124 3052197497
566624782 -22.8757894 -43.4378317 567475026 3052197498
3837840380 -22.8757645 -43.4302442 437020491 3837840379
3837840379 -22.8757372 -43.4312994 3837840378 3837840380 3837840381
567477783 -22.8756736 -43.4395881 566624782
3837840381 -22.8756483 -43.4325413 3837840379
437020491 -22.875292 -43.4302312 437020489
437020489 -22.8751971 -43.4301883 437020487
437020487 -22.8750706 -43.4300939 437020484
585151294 -22.8747723 -43.4399425 585151295 585151267
585151267 -22.8747624 -43.4395777 437019915 566624757 585151294
566624756 -22.8747327 -43.4378248 566624757 2361729240
566624757 -22.8747248 -43.4379879 566624756 585151267
2361729240 -22.8747108 -43.4370106 585151281 566624756
585151281 -22.8746932 -43.4363591 559988354 2361729240
559985540 -22.8742811 -43.4315381 559985457 437019916
437020030 -22.8742347 -43.4300974 559985540
437019916 -22.8741465 -43.4329537 566623718 566623743
566623743 -22.8739113 -43.4350982 566623763 559988354
559985457 -22.8737797 -43.4316151 559985540 2331204440 559985455
559988354 -22.8737718 -43.4362671 566624538 566623743 566624201 585151281
559985455 -22.8737503 -43.4304727 559985457
2331204440 -22.8737052 -43.431628 559985457 559985404 566623718
566623718 -22.8736805 -43.433047 566623764 2331204440
566624538 -22.873583 -43.4379734 559988354 566624553
566623764 -22.8735664 -43.4330791 566623763 559988512
566624553 -22.8735662 -43.4381257 566624538 437019915
437019915 -22.8734081 -43.4395544 585152398 585152297 566624553 585151267
566623763 -22.8733111 -43.4350047 566623764 559985405 566623743
559985404 -22.8732341 -43.4317095 559985402 559985323 559988512 2331204440
559988512 -22.8731743 -43.4331621 559985404 559985405 559988513
566624201 -22.8731584 -43.4361729 559985417 566624200 559988354
566624200 -22.8731036 -43.4368035 566624201
559985405 -22.8730522 -43.4349796 559985417 566623741 566623763 559988512
559985417 -22.8729889 -43.4361469 566624086 559985405 566624201
566624084 -22.8729138 -43.4375931 566624086 566624083
566624083 -22.8728664 -43.4378163 566624084 566624062
566624062 -22.8728506 -43.4380394 566624043 566624083
566624043 -22.8728427 -43.4382282 566624042 566624062
566624040 -22.8728348 -43.4389063 566624042
566624086 -22.8728343 -43.4361313 559985417 566624084 559988569
566624042 -22.872819 -43.4383999 566624043 566624040
566623762 -22.8726608 -43.4335505 566623741
566623741 -22.8725744 -43.4349262 559988570 559985405 566623762
559985310 -22.8725636 -43.43001 559985323 2331204436 559985335
559985323 -22.8724828 -43.4318726 559985310 559985598 559985404
559988513 -22.8724129 -43.4333516 559988446 559988570
559988570 -22.8722851 -43.4348938 566623772 566623741 559988569 559988513
559988569 -22.8722218 -43.4360697 566624086 559986095 559988570
585152297 -22.8721724 -43.4395284 585152655 585152295 437019915
585152295 -22.8721331 -43.4399962 585152297 585152391 585152292
566623778 -22.8720519 -43.433602 566623772
566623772 -22.8719972 -43.4348568 566623778 566623781 559988570
559985278 -22.8719911 -43.4301495 2331204439 559985310
559988448 -22.8718188 -43.4301915 559985278 559988462
585152652 -22.8717969 -43.4397816 585152655 585152651
585152655 -22.8717967 -43.4395205 566624495 585152297 585152652
559988462 -22.8717898 -43.4308089 559988464 559988448 559988460
566623794 -22.871783 -43.4337307 566623781
559988464 -22.8717581 -43.4314865 559985598 559988462 559988463
559985598 -22.8717315 -43.4320528 559985323 559985610 559988446 559988464
566623781 -22.8717215 -43.4348214 566623799 566623772 566623794
559988446 -22.8716757 -43.4334901 559985598 559988514
566623823 -22.8714825 -43.4338251 566623799
566623799 -22.8714449 -43.4347859 566623720 566623781 566623823
566624488 -22.8714113 -43.4362112 566624490
566624490 -22.8712848 -43.436503 566624488 566624252
566624252 -22.871261 -43.4368292 566624254 566624490 566624491
566624493 -22.8712531 -43.4380909 566624494 566624492
566624492 -22.8712373 -43.4376875 566624491 566624493 566624520
566624491 -22.8712373 -43.4371897 566624252 566624492
566624494 -22.8712215 -43.4385716 566624495 585151392 566624493
566624495 -22.8711582 -43.4395071 566624494 566624497 585151266 585152655
559985043 -22.8711542 -43.4303534 559988448 559988460
559988460 -22.87112 -43.4309626 559988463 559988462 559985043
559988463 -22.8710828 -43.4316231 559985610 559988464 559988460
559985610 -22.8710514 -43.4321816 559985598 559985872 559988463 559988514
559988514 -22.8710043 -43.4336635 559988629 559985610 566623720
566623720 -22.8709161 -43.434718 559986095 566623799 559988514
559986095 -22.8708537 -43.4358895 566623720 566624254 559988569 559988620
559985878 -22.8708364 -43.4304127 559985872 559985043
566624254 -22.8707992 -43.4368124 559986095 566624257 566624520 566624252
566624520 -22.8707476 -43.4376876 585151392 566624254 566624492
559985872 -22.8707122 -43.432263 559985610 559985794 559985878
585151392 -22.8706956 -43.4385696 585151266 566624494 566624520
585151266 -22.8706405 -43.4395033 585151392 559985798 566624495 585151391
559988629 -22.8704094 -43.4337874 559988515 559988620
559988620 -22.8703001 -43.4358465 559988629 559986095 559985796
559985620 -22.8702829 -43.4305162 559985861 559985878
559985861 -22.870263 -43.430861 559985815 559985870
559985815 -22.8702437 -43.431195 559985811 559985828
559985811 -22.8702268 -43.4314862 559985809 559985792
559985792 -22.8702074 -43.4318218 559985803 559985794
559985041 -22.8701894 -43.4305336 559985620
559985794 -22.8701745 -43.432392 559985872 559988553 559988515
559988515 -22.8700965 -43.4338588 585151518 559988516
585151518 -22.8700783 -43.4341597 585151520 585151519
585151250 -22.8700472 -43.4399103 585151249
585151520 -22.8700394 -43.4350181 585151521 559985796
559985796 -22.8700036 -43.4358078 566624257 585151477 559988620
566624257 -22.8699424 -43.4367705 559985798 566624254
559988553 -22.8698353 -43.4324734 559985794 559985611 559988516
559988516 -22.8697769 -43.4339258 559988553 559988517
559985798 -22.8697703 -43.4394772 585151266 585151191 585151393
566623118 -22.8696717 -43.4306424 559985041
585151477 -22.8694435 -43.4357316 2626364328 559985796 585151476
585151476 -22.8693354 -43.4376144 585151490 585151477 585151393
2626364328 -22.8692576 -43.4357079 585151477 2626364337 2626364343
585151393 -22.8692267 -43.4394681 443985769 559985798 585151476
2626364343 -22.8692156 -43.4356623 2626364347 2626364328
2626364337 -22.8691859 -43.4357777 2626364340 2626364328
2626364347 -22.8691834 -43.4355712 2626364343 2626364350
585151521 -22.8691464 -43.4352171 585151520 443986336 2626364350
443986336 -22.8691464 -43.4350723 585151521 443986342
2626364350 -22.86914 -43.4354209 2626364347 585151521 566624011
566624011 -22.8691315 -43.4356919 443985774 590040065 2626364350
443985774 -22.8691207 -43.4359612 2626364340 566624011
2626364340 -22.8691184 -43.4360033 2626364337 443985774 585161067
443986342 -22.8691128 -43.4348196 443986336 585151519
585151519 -22.8690572 -43.4343852 443986342 585151518 559988517
585161067 -22.8690386 -43.4374755 585151490 2626364340 590039496
559988517 -22.869033 -43.4340905 585151519 590050852 559985611
585151490 -22.8690316 -43.4376044 590040098 585151476 585161067
590040098 -22.8689493 -43.4391233 443985769 585151490 590040096
443985769 -22.8689309 -43.4394631 590040098 590037633 585151393
559985611 -22.8688427 -43.4327117 559988553 559985803 559988517 590050864
559985803 -22.8687715 -43.4321562 559985809 559985792 559985611
559985809 -22.868732 -43.4318472 559985803 559985811 559985828
559985828 -22.868689 -43.4315118 559985815 559985809 559985870
559985870 -22.8686549 -43.431246 559985861 559984941 559985828
559984941 -22.8686063 -43.4308662 443986345 566623118 559985870
590040096 -22.8683188 -43.4393671 590040098 590040307 585160900
590039455 -22.8680491 -43.4390368 590039457
590050852 -22.8678539 -43.434621 585160921 590050864
590039457 -22.8677031 -43.4380605 590040065 590039455
590050864 -22.8676872 -43.4332423 585160993 559985611 590050852 590050865
590050865 -22.8674998 -43.4314188 559984941 590050866 590050864
590039435 -22.8674165 -43.439348 590039437
585160921 -22.867345 -43.4348644 585160920
590039496 -22.8671893 -43.4383187 590039437 585161067 590039495
585160920 -22.8671664 -43.4349489 585160921 590040068
590040065 -22.8671509 -43.4365622 590039457 590040068 566624011
590039437 -22.8670421 -43.4383858 590039435 585160907 590039496
585160900 -22.8669134 -43.4399103 585160901 590040096 590040111
590040252 -22.8666651 -43.4361508 590040249 590040259
590040068 -22.8666584 -43.4351717 585160908 590040065 590040247
590040249 -22.8666355 -43.435904 590040247 590040252
590040259 -22.8666157 -43.4364297 590040252 590039495
590040247 -22.8666157 -43.4356787 590040249 590040068
585160993 -22.8665773 -43.433752 585160991 590050864
590039495 -22.8665427 -43.4366297 590040259 590040262 590039496
590040274 -22.8665267 -43.4392192 585160907
585160908 -22.8665255 -43.4352275 585160909
590038083 -22.8664971 -43.4360006 590038080 585160909
590038080 -22.8664872 -43.4361937 590038079 590038083
590038079 -22.8664477 -43.4363975 590038078 590038080
590040262 -22.8664081 -43.4369983 590040264 590039495
590038066 -22.8663785 -43.4392299 585160901 590038068
585160991 -22.8663598 -43.4338593 585160993 590050726
585160909 -22.8663401 -43.4353077 590038084 590040146 590038083
590038078 -22.8663191 -43.4366765 590038079 590040127
590038084 -22.8663191 -43.435035 590038086 585160909
585160907 -22.8663104 -43.4387194 590040274 585160906 590039437 590040270
590038086 -22.8663093 -43.4347024 590038084
590040080 -22.8662499 -43.43982 590040084
590040127 -22.8662167 -43.4369051 590038076 590038078 590040146
590038068 -22.8662005 -43.4388652 590038066 585160906
590038076 -22.8661412 -43.4370734 590038075 590040127
590040084 -22.8661313 -43.4395411 590040080 590040087
585160906 -22.8661226 -43.438816 590040087 590038068 590038069 585160907
590040270 -22.8660918 -43.4381785 590040267 585160907
590040267 -22.8660819 -43.4379747 590040264 590040270
590040264 -22.8660819 -43.437803 590040262 590040267
590038075 -22.8660621 -43.4373631 590038076 590038073
590050872 -22.8660453 -43.4321452 590050871 590050865
585161022 -22.8659644 -43.4321856 590050872
590038069 -22.8659237 -43.4382322 590038071 590040055 585160906
590038073 -22.8659237 -43.4377172 590038071 590038075 590040147
590040087 -22.8659024 -43.4389148 590040084 585160906 590039466
590038071 -22.8658941 -43.4379747 590038069 590038073
590050871 -22.8658347 -43.4301534 590050866 590050872
585161021 -22.8657865 -43.4322714 585161022
590040146 -22.8657241 -43.4356133 590050746 590040127
590039465 -22.8656568 -43.4397878 590039466
590040055 -22.8655481 -43.4383609 590038069 590040058 590040169
590229603 -22.8655101 -43.4301851 590229602 590229604
590050746 -22.8654681 -43.4357274 590040147 590050726
590039466 -22.8654189 -43.4391318 590040087 590039465 590040286
590229602 -22.8654112 -43.4306572 590229600 590229603
590229600 -22.8653321 -43.430743 590229597 590229602
590050726 -22.8653009 -43.4343483 590050746 590050702 585160991
590040286 -22.8652664 -43.4392003 585161075 590040058 590039466
590040147 -22.8652039 -43.4358575 590040169 590038073
590229597 -22.8651739 -43.4307859 590050772 590229600
590050702 -22.8650933 -43.434445 590050726 590050717 2506865917
590040058 -22.8650439 -43.4386184 590040055 590050566 590040286
590050771 -22.8649747 -43.4312048 590050772 590050770
590050772 -22.8649351 -43.43084 590229597 590050771
590050717 -22.8649009 -43.4327437 590050702 585161021 590050769
590050770 -22.8648734 -43.4320938 590050769 590050771
590050769 -22.8648066 -43.4325995 590050717 590050770
590050566 -22.864724 -43.4377657 590040058 2940018927 590040177
590040169 -22.864692 -43.4360698 590040055 590040177
2506863823 -22.8645394 -43.4321538 2939383222
590050758 -22.8644899 -43.4329099 590050717
593715674 -22.864472 -43.4317089 2940003665
593715575 -22.8644288 -43.4319545 593715674 593715549
2939383222 -22.8644134 -43.4328982 3788281991 590050758
2506863814 -22.8643511 -43.4323823 593715575
2506865920 -22.8642409 -43.4354969 2506865918 2506865921
593715549 -22.8642373 -43.4319026 593715852 593715546 593715575
590040177 -22.864184 -43.4363264 590050566 585161906
2506865917 -22.8641744 -43.4348953 590050702 3788281991
593715546 -22.8641286 -43.4321386 2506863810 593715549
2506865921 -22.8641119 -43.4357894 2506865916 2506865920
593715852 -22.8640791 -43.4317202 593715549 593715857
2506863810 -22.8640433 -43.4325923 593715544 593715546
3788281991 -22.86404 -43.4348728 2506865918 2506865917
593715857 -22.8640099 -43.4314198 593715852 593715860 593717530
593715442 -22.864008 -43.4342947 2506863814 593715544
2506865918 -22.8640063 -43.4350514 585161907 2506865920
2506865916 -22.8639616 -43.4361004 585161906 2506865921
585161906 -22.8639321 -43.4364565 2506865916 585161904
593715544 -22.8639309 -43.4331901 2506863810 593716790 593715442
144302231 -22.8639135 -43.4348212 593710631 593715442
593715860 -22.8638913 -43.4300358 593715857 593715862
585161904 -22.8638155 -43.4365671 585161905
585161907 -22.8637983 -43.4361356 585161905
2940018927 -22.8637012 -43.4382343 590050566 590043158
585161905 -22.8636841 -43.4367675 2506866540
593710631 -22.8636837 -43.4351212 593710638 144302231 593715409
2506866540 -22.8636199 -43.4371988 2940018933
2940018928 -22.8636047 -43.438184 2940018927
593716790 -22.863575 -43.4333724 593716788 593715544
2940018933 -22.8635333 -43.4377809 590050479
590050479 -22.8634956 -43.4380344 2940018928 590043158
2506866546 -22.8634838 -43.4371926 144302231
590043158 -22.8634426 -43.438368 590041546
593710638 -22.8634267 -43.4362156 593710631 593710640
593717530 -22.8633476 -43.4317417 593715857 593717622
593710640 -22.8633179 -43.436516 593710638 593709778
590041546 -22.8632662 -43.4392894 585161088
593709778 -22.8632388 -43.4366555 593710640 593709784
593717622 -22.863202 -43.4317847 593717527 593717619 593717530
593717527 -22.8631301 -43.431806 593717716 593717622
593717619 -22.8631301 -43.4311194 593717622
593710423 -22.8631286 -43.4392173 593710144 2506866546
593712522 -22.8631068 -43.4393408 593710423
593709784 -22.8631004 -43.4367735 593709785 593709778
593717716 -22.8629812 -43.4318199 593717527 593717713 593717787
593717713 -22.8629126 -43.4311301 593717716
593715409 -22.8629036 -43.4351963 593710631 593710827 593716788
593710144 -22.8628408 -43.4386221 593711704 593709785 593710423
593717787 -22.8627734 -43.4318393 593717525 593717716 593717783
593716788 -22.8627301 -43.4335006 593717525 593716781 593716790 593715409
593717783 -22.8626852 -43.4311838 593717787
593717525 -22.8625621 -43.431859 3819977622 593716788 593717521 593717787
593709785 -22.8622898 -43.4371597 593710144 593709784 593709308 593710925
593710827 -22.8621217 -43.4352714 593711525 593715409 593710925
593710925 -22.8621118 -43.4353895 593710827 593709785
593711525 -22.862013 -43.4352285 593710827 593711526
593717521 -22.8618647 -43.4319455 593717525
593711526 -22.8616966 -43.4348959 593711525 593711527
593716781 -22.861489 -43.433705 593716780 593716788
593711704 -22.8613323 -43.4392025 593711700 593711781 593710144
593716780 -22.8612419 -43.4339196 593716781 593711527
593711780 -22.8611331 -43.4399814 593711781
593711527 -22.8610738 -43.4340805 593711526 593716780
593711700 -22.8610046 -43.4383399 593711704 593711695
593711695 -22.8609156 -43.438179 593711700
593711781 -22.8609084 -43.4393775 593711704 593711780 593711949
593711949 -22.8608089 -43.4394186 593711781 593711946 593710143
593710143 -22.8605973 -43.439506 593709314 593709308 593710137 593711949
593711946 -22.8605696 -43.438769 593711949
593709308 -22.8600852 -43.4380824 593709785 593710143 593709511
