1754820751 -22.8390915 -43.6459136 1754820728 1754820750
1327635433 -22.8385428 -43.6498404 1327635068 1327635476
1754820750 -22.8381571 -43.6443794 1754820751 1754820765
1754820765 -22.8373611 -43.6428344 1754820697 1754820750
1327635476 -22.8373562 -43.6479682 1327635433 1327635092
1327635092 -22.8369657 -43.647421 1327635243 1327635476
1327635243 -22.8368272 -43.6472762 1327635224 1327635092
1327635224 -22.8366591 -43.6472279 1327635321 1327635243
1754820697 -22.8364267 -43.6413002 1754820768 1754820765
1327635321 -22.8349881 -43.6470401 1327635616 1327635224
1327635616 -22.8340586 -43.6469168 1327635096 1327635321
1327635096 -22.8320216 -43.6467236 1327635616 1327635398
1327635398 -22.8308944 -43.6465734 1327635096 1327635244
1327635390 -22.8288327 -43.6498296 1327635108
1327635244 -22.8287338 -43.6463374 1327635357 1327635398
3819923705 -22.8279326 -43.6431593 3819923706
1754820674 -22.8277301 -43.6403936 1754820636 1754820718
1754820636 -22.8276618 -43.6413155 1754820689 3819923706 1754820674
3819923706 -22.8275289 -43.643109 1754820675 1754820636 3819923705
1327635357 -22.8273791 -43.6461979 1327635064 1327635244 1327635204
1327635204 -22.8273395 -43.6463696 1327635202 1327635357
1754820689 -22.8266211 -43.6411998 1754820807 1754820636 1754820732 1754820681
1327635202 -22.8266031 -43.6473781 1327635640 1327635396 1327635204
1754820732 -22.826583 -43.641783 1754820675 1754820689
1327635396 -22.8265635 -43.6474854 1327635382 1327635202
1754820675 -22.8264716 -43.6429771 1754820737 3819923706 1754820732
1327635064 -22.8261933 -43.6460755 1327635543 1327635640 1327635357
1327635642 -22.8260048 -43.6499798 1327635583
1327635640 -22.8257757 -43.6466669 1327635202 1327635543 1327635222 1327635064
1754820807 -22.8255991 -43.641032 1754820676 1754820689 1754820678 1754820788
1754820678 -22.8255595 -43.6418044 1754820737 1754820807
1754820737 -22.8254925 -43.6428549 1754820675 1754820678 3819923707
1327635543 -22.8249368 -43.6459458 1327635640 1327635294 1327635064
1327635382 -22.8248717 -43.6497409 1327635034 1327635396 1327635583 1327635437
1327635222 -22.8247242 -43.6481184 1327635640 1327635437
1754820779 -22.8246448 -43.64012 1754820676 1754820682
1754820676 -22.8245459 -43.6408657 1754820767 1754820807 3819923707 1754820779
3819923707 -22.8244021 -43.6427189 1754820737 1754820676 3819923708
1327635437 -22.8240518 -43.6490142 1327635382 1327635222 1327635579 1327635619
1754820767 -22.8235591 -43.6407522 1754820726 1754820676 3819923708 1754820742
3819923708 -22.8234065 -43.6425947 1754820767 3819923707 1754820754
1327635619 -22.8232457 -43.6483224 1327635194 1327635416 1327635437
1327635294 -22.822524 -43.6456829 1327635402 1327635543 1327635227
1754820726 -22.822494 -43.6406296 1754820746 1754820767 1754820710 1754820754
1327635194 -22.8224342 -43.6476259 1327635414 1327635619 1327635227
1754820754 -22.8223687 -43.6424653 1754820640 1754820726 3819923708
1754820640 -22.8222319 -43.6424482 1754820786 1754820754
1327635414 -22.8221185 -43.6480218 1327635194 1327635621
1327635227 -22.8216142 -43.6469221 1327635194 1327635822 1327635710 1327635294
1754820746 -22.8214161 -43.6405223 1754820726 1754820786 1754820776 1754820739
1327635402 -22.8212894 -43.6455507 1327635822 1327635422 1327635294
1754820786 -22.8212826 -43.6423194 1754820640 1754820746 1327635454
1327635822 -22.8208047 -43.6462082 1327635402 1327635661 1327635227 1327635612
1327635621 -22.8207736 -43.649835 1327635414 1327635130 1327635416 1327635710
1754820776 -22.8203799 -43.6403688 1327635541 1754820769 1754820746 1327635225
1327635541 -22.8203776 -43.6403995 1327635454 1754820776
1327635454 -22.8202293 -43.6422234 1754820786 1327635541 1754820654 1327635490
1327635612 -22.8200814 -43.6455703 1327635822 1327635422
