1327635490 -22.8199969 -43.6452222 1327635422 1327635454
1327635422 -22.8199543 -43.6453922 1327635402 1327635427 1327635490 1327635612 1327763363
1327635710 -22.8199446 -43.6491193 1327635661 1327635663 1327635227 1327635621
1327635427 -22.8199128 -43.6455279 1327635610 1327635422
1754820769 -22.8193592 -43.6402112 1754820793 1754820724 1754820776 1754820654 1754820781
1754820654 -22.8192108 -43.6420941 1754820757 1754820769 1327635454
1327635661 -22.8191518 -43.6484349 1327635712 1327635822 1327635710 1327635610
1754820793 -22.819112 -43.6401307 1754820639 1754820769
1754820639 -22.8190131 -43.6401307 1754820793 1754820721
1327763363 -22.818752 -43.6452866 1327763193 1327635422 1327763461
1327763461 -22.8187167 -43.6453825 1327763194 1327763363
1754820721 -22.8186966 -43.6402005 1754820792 1754820639
1327763194 -22.8186227 -43.6455488 1327635441 1327763461
1754820792 -22.8185285 -43.6402112 1754820798 1754820721
1754820798 -22.818395 -43.640179 1327763515 1754820792
1754820757 -22.8183208 -43.6419654 1754820654 1754820796
1327635610 -22.8182881 -43.6476991 1327635661 1327635441 1327635158 1327635427
1754820724 -22.8182467 -43.6417079 1754820769 1754820805
1327763515 -22.818242 -43.6401361 1327763446 1327763496 1754820798
1754820796 -22.8182335 -43.6419034 1754820757 1754820805
1754820805 -22.8182071 -43.6417991 1754820796 1754820724
1327763446 -22.8176783 -43.6408174 1327763515 1327763212 1327763189
1327763193 -22.817565 -43.6451666 1327635011 1327763255 1327763363
1327635441 -22.8175151 -43.6469972 1327763255 1327763194 1327635610 1327763186
1327763212 -22.817085 -43.6403185 1327763446 1327763505 1327763201
1327763255 -22.8167161 -43.646292 1327635441 1327635198 1327763193 1327763429
1327763189 -22.8166449 -43.6422014 1327763446 1327763505
1327635158 -22.8166098 -43.6499267 1327635712 1327635241 1327635610 1327763186
1327763505 -22.8160762 -43.6417224 1327763212 1327635150 1327763189 1327763124
1327635011 -22.8159329 -43.6449856 1327763193 1327635132
1327635198 -22.8158982 -43.6455703 1327763255 1327635054 1327635763
1327763186 -22.8158538 -43.6492342 1327635441 1327635158 1327763429 1327763190
1327763124 -22.815473 -43.6412144 1327763302 1327763201 1327763505 1327763304
1327635132 -22.8152802 -43.6449319 1327635054 1327635011
1327635054 -22.8150725 -43.6448836 1327635198 1327763486 1327763271 1327635132
1327763429 -22.81504 -43.6485139 1327763255 1327635425 1327763186 1327635763
1327635150 -22.8149884 -43.6431938 1327635297 1327763505
1327635297 -22.8149093 -43.6433226 1327763486 1327635150
1327763304 -22.8145869 -43.640454 1327763102 1327763221 1327763124 1327763266
1327763302 -22.8143802 -43.6427271 1327763124
1327763486 -22.8142589 -43.6441792 1327635054 1327635738 1327635297 1327635120
1327635763 -22.8142418 -43.6478072 1327763271 1327763277 1327635198 1327763429
1327763187 -22.8139253 -43.6421853 1327763197
1327763221 -22.8138363 -43.6414182 1327763304 1327763197 1327763327
1327763197 -22.8135841 -43.641768 1327763221 1327763320 1327763187
1327635120 -22.8134555 -43.6434835 1327763486 1327635273 1327635678
1327763320 -22.8134457 -43.64196 1327763197
1327763271 -22.813425 -43.6471057 1327635738 1327635054 1327763191 1327635763
1327763327 -22.8132013 -43.6408673 1327635101 1327763102 1327763221 1327763301
1327763277 -22.8131094 -43.6492986 1327635439 1327635763
1327635273 -22.8130056 -43.6430705 1327635051 1327635120
1327635051 -22.8128749 -43.6429412 1327635273 1327635101
1327635738 -22.8125803 -43.6463803 1327763271 1327635168 1327635558 1327763486
1327635678 -22.8125704 -43.6446583 1327635156 1327635168 1327635120
1327763301 -22.8125409 -43.6402943 1327763174 1327763200 1327763327
1327635178 -22.8122441 -43.6496902 1327635439 1327635764
1327635101 -22.8121459 -43.6422934 1327763174 1327635051 1327763327
1327635764 -22.8121106 -43.6494595 1327635178 1327763191
1327763191 -22.8118605 -43.6492393 1327635558 1327763271 1327635764 1327763365
1327635168 -22.8117694 -43.6456829 1327635738 1327635678 1327635688
1327635688 -22.8117249 -43.6457419 1327635168 1327763156 1327763269
1327763174 -22.8114741 -43.6417342 1327635101 1327763413 1327763301
1327763156 -22.8114638 -43.645357 1327635500 1327635688 1327635690
1327635558 -22.8110326 -43.64851 1327763191 1327763211 1327635738 1327635109
1327763413 -22.8108325 -43.6411664 1327763174 1327763200 1754825241
1327635500 -22.8108298 -43.6444223 1327763339 1327763156 1327763126
1327635156 -22.8107853 -43.6431027 1327635678 1327763339 1327635606
1754825241 -22.8106807 -43.641032 1327635242 1327763413 1754825216
1327635606 -22.8105233 -43.6428827 1327635156 1327635412 1327635376
1327635376 -22.8104985 -43.6428398 1327635606 1327635600
1754825216 -22.8103453 -43.6415107 1754825222 1754825226 1754825241
1327635600 -22.8102859 -43.642593 1327635023 1327635365 1327635376
1327763339 -22.8102467 -43.6435846 1327635500 1327635456 1327635156 1327635412
1327635242 -22.8102018 -43.6406082 1327763182 1754825241 1327763157
1327635109 -22.8101771 -43.6478287 1327635558 1327763269
1754825226 -22.8101771 -43.6417508 1754825216
1327763269 -22.8101604 -43.6478054 1327635688 1327635627 1327635109 1327635690
1754825222 -22.8100782 -43.6413216 1754825216
1327635412 -22.8096999 -43.642799 1327763339 1327635606 1327763101
1327763182 -22.8095542 -43.6400407 1327763111 1327635242 1327763163
1327635690 -22.8094947 -43.6468792 1327763269 1327763126 1327635686 1327763156
1327763101 -22.8094609 -43.6427747 1327635412 1327635494 1327763290
1327635023 -22.8093167 -43.642475 1327635600 1327635239
1327763126 -22.8088838 -43.645973 1327635456 1327635500 1327763402 1327635690
1327635365 -22.8087876 -43.6413485 1327763138 1327635600 1754825220
1327635627 -22.8085651 -43.6499262 1327763211 1327763511 1327763269 1327635032
1327763138 -22.8084596 -43.6410623 1327635365 1327763425 1327763111
1327635456 -22.8082832 -43.6450821 1327763103 1327763339 1327763126 1327763290
1327763511 -22.8081514 -43.6493314 1327635627 1327635716 1327635686
1327635239 -22.8081003 -43.6423624 1327635023 1754825220
1754825220 -22.808027 -43.6423549 1327763195 1327635365 1327635239
1327763425 -22.8079523 -43.6406197 1327763138 1327763195 1327635027
1327635494 -22.8077788 -43.6426038 1327635556 1327763101 1327635631
1327763290 -22.8076502 -43.6441736 1327635456 1327635556 1327763101 1327635768
1327635686 -22.8075316 -43.6484402 1327763511 1327763402 1327763130 1327635690
1327635556 -22.8069975 -43.6432368 1327763290 1327635828 1327763311 1327635494
1327763402 -22.8069093 -43.6475312 1327763103 1327635682 1327635686 1327763126
1327763195 -22.8067813 -43.6422266 1327635817 1327763425 1754825220
1327635817 -22.8066415 -43.6422122 1327763195 1327763318 1327763128 1327635631
1327635631 -22.8066168 -43.6424804 1327635817 1327635494 1327635828
1327635828 -22.8064684 -43.6424696 1327635556 1327763155 1327635631
1327763103 -22.806312 -43.6466585 1327763402 1327763483 1327635456 1327635768
1327763155 -22.806273 -43.6424501 1327635110 1327763356 1327635828
1327763128 -22.8059408 -43.6416027 1327635817 1327763420 1327635027 1327763318
1327635768 -22.8056772 -43.6457312 1327763103 1327763315 1327763311 1327763290
1327763130 -22.80561 -43.6499722 1327635716 1327635682 1327763150 1327635686
1327763318 -22.8055693 -43.6420863 1327635817 1327635651 1327763128
1327763420 -22.8051249 -43.6408931 1327635651 1327763128 1327635126 1327763410
1327763311 -22.8050579 -43.6448223 1327763356 1327763463 1327635556 1327635768
1327635682 -22.8049849 -43.6490572 1327763130 1327763402 1327763382 1327763249
1327763483 -22.8047826 -43.6478573 1327763103 1327763315 1327763382
1327635110 -22.804703 -43.6422926 1327763155 1327635229 1327635443
1327635443 -22.8045398 -43.6422497 1327635110 1327635332
1327763356 -22.8044188 -43.6438845 1327635229 1327763404 1327763155 1327763311
1327763382 -22.8043746 -43.6481771 1327635682 1327763483 1327635410 1327763286
1327635651 -22.8043569 -43.6419439 1327635218 1327763420 1327763318
1327763315 -22.8041673 -43.6469481 1327763463 1327763483 1327635768 1327635410
1327635126 -22.8041489 -43.6400443 349253890 349253892 1327763420
349253890 -22.8039769 -43.6402783 1754709423 1754709642 1327635126
1327763286 -22.8039687 -43.6484956 1327635020 1327763382 1327763227
1327635229 -22.8038129 -43.6429954 1327763356 1327635110 1327635332 1327763232
1327635410 -22.8037536 -43.6472815 1327763315 1327763382 1327635394 1327763227
1327763404 -22.8035854 -43.6445671 1327763356 1327635457
1327763463 -22.8035172 -43.646044 1327763315 1327635394 1327763311
1754709642 -22.8034539 -43.6409892 349253889 349253890 1754709446
1327763227 -22.803339 -43.6476099 1327635410 1327763136 1327763286 1327763238
1754709446 -22.8032879 -43.640819 1754709645 1754709617 1754709642
349253889 -22.8032539 -43.6412632 1327635636 1754709642
1327635332 -22.8032046 -43.642121 1327635229 1327635443 1327635180
1327635394 -22.8031156 -43.6463481 1327635790 1327763463 1327635410 1327763238
1327635669 -22.8031057 -43.6462462 1327635394
1327635790 -22.8030514 -43.6462945 1327635516
1327635218 -22.8030514 -43.6418098 1327635651 1327635636
1327635180 -22.8028931 -43.6420137 1327635332 1327635344
1327635636 -22.8028852 -43.6417084 349253889 1327635218 1327635296
1327635296 -22.8028328 -43.6417717 1327635636 1327635344
1327763238 -22.8027299 -43.6466485 1327635386 1327763227 1327635394
1754709617 -22.8026959 -43.6414933 1754709445 1754709446 1754709590
1327635344 -22.8026461 -43.6419804 349253888 1327635296 1327635180
349253888 -22.8026048 -43.6420265 349253886 1327635344
1327635457 -22.8025272 -43.6454094 1327635669 1327635516 1327763404
1327635516 -22.8024688 -43.6454753 1327763135 1327763214 1327635457
1327635020 -22.8023986 -43.6497277 1327763442 1327763249 1327763136 1327763286
1754709445 -22.8021509 -43.6420944 1754709658 1754709596 1754709617
1754709596 -22.8019086 -43.6423841 1754709445 1754709580
1327763232 -22.8018894 -43.6444967 1327635229 1327635457 1327763135
1327763135 -22.8018284 -43.6445436 1327635545 1327635406 1327763232
1327763136 -22.801792 -43.6488355 1327635020 1327635386 1327763148 1327763227
349253886 -22.801755 -43.6428883 349253888 1327635192
1754709580 -22.801498 -43.6427525 1754709572 1754709524 1754709596 1754709436
1754709436 -22.8014794 -43.6426681 1754709513 1754709580
1754709572 -22.8014101 -43.6427379 1754709466 1754709580
1754709513 -22.8012657 -43.642368 1754709436 1754709597
1754709524 -22.8011975 -43.6430222 1754709593 1754709580
1327635386 -22.8011623 -43.6479092 1327763136 1327763214 1327763229 1327763238
1327635192 -22.8011496 -43.6434382 349253886 1327635820 1327763232
1327635820 -22.8011424 -43.6434447 1327635545 1327635192
1327635545 -22.8011008 -43.6434852 1754709704 1327635820
1754709593 -22.8007267 -43.643398 1754709430 1754709524 1754709688
1327763214 -22.8005395 -43.6469923 1327635386 1327635014 1327635516 1327635406
1754709597 -22.8004547 -43.6414936 1754709513 1327635776
1754709430 -22.8004003 -43.6436608 1754709593 1754709514
1754709514 -22.8001333 -43.6439988 1754709565 1754709430
1754709704 -22.8000328 -43.6443365 1754709470 1327635545 1754709565
