1776135194 -22.8999619 -43.3524897 1776135177
1776135191 -22.8998207 -43.35079 1776135198 1776135205
557523611 -22.8997441 -43.3585751 1776135200
1776135189 -22.8997226 -43.3527239 3040281325
557522800 -22.8996471 -43.3550563 476941817 476940315 557522794
3040281325 -22.8996444 -43.352822 3040281324 1776135189
1776135188 -22.8996188 -43.3510304 1776135191 1776135204
3040281324 -22.8995922 -43.3528431 3040281325 3040281323
3040281323 -22.8995162 -43.352924 3040281322 3040281324
3040281322 -22.8994953 -43.3530421 3029474834 3040281323
476941817 -22.8994059 -43.3553636 476941811 476940312 557522800
1776135184 -22.8993653 -43.3513557 1776135188 1776135173
1776135183 -22.8993467 -43.3509291 1776135169
3029474834 -22.8992932 -43.3533092 2959089954 3040281322
1776135178 -22.8991779 -43.3501828 3040281320
1776135177 -22.8991098 -43.3517067 1776135184 1776135194
476940312 -22.8989638 -43.3559773 476941817 476940309
1776135173 -22.8987813 -43.3509095 1776135184
476940309 -22.8987661 -43.3561575 476940307 476940312
1145809977 -22.8986478 -43.3523361 1776135177
476940307 -22.8985605 -43.3562691 476940304 476940309
476941811 -22.8984736 -43.3546641 476941817
3029465376 -22.8984612 -43.3527252 3029474834
3017262837 -22.8984583 -43.3526134 1145809977
2789802445 -22.8984108 -43.3526819 3029465376 3017262837
476940304 -22.8983471 -43.3563206 476940295 476940307
476933875 -22.8983285 -43.3528468 440043141 2789802445
1145810198 -22.8981781 -43.3519273 1145809977
476940295 -22.8981098 -43.3564322 476940293 476940304
1145809941 -22.8980913 -43.3518518 1145810198
476934652 -22.8980185 -43.3532833 476934475 476933875 476935166
476940293 -22.8978489 -43.356621 476940291 476940295
476940291 -22.8976829 -43.3567927 476940293 476940288
1145810154 -22.8976647 -43.3515114 1145809941
476935163 -22.8975959 -43.3554795 476935166
476940288 -22.8975485 -43.3570158 476940291 476932638
476932638 -22.8974156 -43.3573277 476932899 476940288 476933872
1145810015 -22.8973406 -43.3512272 2789802449 1145810154
476932899 -22.8971771 -43.3583088 476940287 476932638 1776135138
3029465373 -22.8971176 -43.3516506 2789802445
2789802449 -22.8970478 -43.3515981 3029465373 440043141
440043141 -22.896948 -43.3517399 3029465371 3029465372
476940287 -22.8969001 -43.3592303 476940286 476932899
3029465371 -22.8968997 -43.3518027 476934475
3029465372 -22.8968634 -43.3516656 2959834741
476935166 -22.8968245 -43.3548558 476935163 476933872 476934652
476940286 -22.8967894 -43.3599512 476940287 1776135153
476911911 -22.8967894 -43.3508274 476911965
476934475 -22.8966702 -43.3521136 476931542
1776135140 -22.8965788 -43.359994 1776135111 1776135153
1776135138 -22.89657 -43.3578005 476932899 1776135086 1776135124
1776135124 -22.8964799 -43.3585503 1776135101 1776135138 1776135108
476911965 -22.8964724 -43.3505282 476911964
2959834742 -22.896334 -43.35095 2789802449
1776135108 -22.8963234 -43.3589325 1776135124 1776135087
1776135111 -22.896304 -43.3598958 1776135085 1776135140
1776135101 -22.896241 -43.3587228 1776135072 1776135124
1776135087 -22.8962245 -43.3593062 1776135071 1776135108
2959834741 -22.8961966 -43.3510944 476931291
1776135086 -22.8961147 -43.3573753 476933867 1776135138 1776135062
1776135085 -22.896056 -43.3597612 1776135068 1776135111
476933872 -22.8959565 -43.3560473 476933867 476931897 476932638 476935166
1776135071 -22.8958522 -43.359277 1776135072 1776135087
1776135068 -22.8958281 -43.3596265 1776135063 1776135085
1776135072 -22.895748 -43.3591962 1776135057 1776135071 1776135101
2959834739 -22.8957311 -43.3504209 2959834742
1776135063 -22.8957207 -43.3595784 1776135068
1776135062 -22.8957149 -43.3579408 1776135086 1776135037
1776135060 -22.895694 -43.3599321 1776135079 1776135033
476931291 -22.8956475 -43.3505361 476931288 2991366433
1776135057 -22.8955996 -43.3590458 1776135072 1776135040
1776135037 -22.8954542 -43.3581929 1776135062 1776135017
476931542 -22.8954506 -43.3537044 476931897 476934475 476931540
1776135033 -22.8954192 -43.3597648 1776135013 1776135060
476933867 -22.8954097 -43.3567688 1776135001 476933872 1776135086 439825640
1776135040 -22.8953974 -43.3587414 1776135057 1776135003
1776135017 -22.8951556 -43.3583678 1776135037 1776135003
1776135013 -22.8951034 -43.3596068 1776134991 1776135033
2991366433 -22.8950668 -43.3500151 476911892 2959834736
1776135003 -22.895056 -43.358409 1776135017 1776134988 1776135040
1776135008 -22.8950506 -43.359954 1776135024
476931286 -22.8950341 -43.3524925 476931281 476931288
476931288 -22.8949976 -43.3514136 476931286 476931291
1776135001 -22.8949227 -43.3574503 476933865 476933867 1776134937
476931540 -22.8948172 -43.3531613 476931539 476931542
1776134991 -22.894808 -43.3595515 1776134984 1776135013
1776134988 -22.8947812 -43.358158 1776134958 1776135003
476931281 -22.8947732 -43.35275 476931286
476933865 -22.8947574 -43.3576681 1776135001
1776134984 -22.8947523 -43.3595552 1776134991 1776134976 1776134949
1776134976 -22.8946662 -43.3593756 1776134984 1776134957
476931897 -22.8945916 -43.3548885 476931542 476931536 439825640 476933872
1776134958 -22.8944461 -43.3579543 1776134988
1776134957 -22.8944387 -43.3590514 1776134934 1776134976
1776134949 -22.8943388 -43.3595824 1776134928 1776134984
1776134937 -22.8941448 -43.3568339 1776135001
1776134934 -22.8941306 -43.3585781 1776134915 1776134957
439825640 -22.8940634 -43.355601 476931897 476933867 439825639 446014752
1776134928 -22.8940206 -43.3597552 1776134922 1776134949 1776134910
1776134922 -22.8939688 -43.3597833 1776134928 1776137567
1776134920 -22.893924 -43.3587363 1776134919
1776134919 -22.8939193 -43.3587981 1776134916 1776134920
1776134917 -22.8939031 -43.3573381 1776134905
1776134916 -22.8938979 -43.3588778 1776134912 1776134919
1776134915 -22.8938794 -43.358362 1776134934 1776134896
1776134912 -22.8938624 -43.3589267 1776134906 1776134916
446014752 -22.8938603 -43.3554138 439825640 446013931 439825639
476931539 -22.8938592 -43.3533358 476931536 476931540
1776134910 -22.8938511 -43.3596264 1776134928 1776134894
1776137567 -22.8938486 -43.3599032 1776134922 1776134886 1776137565
1776134906 -22.8937913 -43.3589524 1776134912 1776134895
1776134905 -22.8937846 -43.3576005 1776134904 1776134917
1776134904 -22.8937771 -43.357698 1776134905 1776134902 1776134877
1776134902 -22.8937704 -43.3577857 1776134904 1776134899
1776134899 -22.8937467 -43.3580121 1776134902 1776134896
1776134896 -22.8937143 -43.35824 1776134899 1776134915
1776134895 -22.8936941 -43.3589627 1776134906 1776134884
1776134894 -22.8936591 -43.3594721 1776134910 1776134875
1776134884 -22.8935851 -43.3589241 1013007502 1776134895
1776134877 -22.8935239 -43.3577446 1776134904 1776134853
476930534 -22.8935081 -43.3503725 476930540
1776134875 -22.8934956 -43.3595852 1776134894 1776134866
1776134871 -22.893456 -43.3590969 1776134865 1776134870
1776134870 -22.8934357 -43.3592472 1776134871 1776134864
1013007502 -22.8934253 -43.3587862 1776134857 1776134884
476931536 -22.8934246 -43.3538823 476931539 476931897 476931894
1776134866 -22.8934103 -43.3596058 1776134862 1776134875
1776134865 -22.8934003 -43.3588804 1776134871 1776134861
1776134864 -22.8933993 -43.35944 1776134870 1776134862
1776134862 -22.8933652 -43.3595569 1776134864 1776134866 1776134860
1776134861 -22.8933533 -43.3587684 1776134865 1776134857
1776134860 -22.8932989 -43.3594257 1776134862 1776134854
1776134857 -22.8932644 -43.358615 1776134856 1013007502 1776134861
1776134856 -22.893249 -43.3585884 1776134846 1776134857
439825639 -22.8932282 -43.3561087 439825640 1776134793 446014752
1776134854 -22.8932183 -43.3591582 1776134844 1776134827 1776134860
476931894 -22.893176 -43.3537028 476931889 476931536
1776134853 -22.8931732 -43.3578012 1776134845 1776134877
1776134846 -22.8930926 -43.3581613 1776134845 1776134856
1776134845 -22.8930547 -43.3578732 1776134853 1776134842 1776134846
1776134844 -22.8930386 -43.359128 1776134835 1776134854
1776134842 -22.8929883 -43.3579658 1776134845 1776134840
476931889 -22.8929704 -43.353471 476931894
1776134841 -22.8929694 -43.358681 1776134839 1776134837
1776134840 -22.8929694 -43.3581253 1776134842 1776134839
1776134839 -22.8929646 -43.3584649 1776134841 1776134840
476930353 -22.8929467 -43.3507674 476930356 476930349
1776134837 -22.8929409 -43.3587736 1776134841 1776134834
1776134835 -22.8928632 -43.3591692 1776134830 1776134844
446013931 -22.8928588 -43.3545523 446014752 446013933
476930349 -22.8927806 -43.351042 476930353
1776134834 -22.8927513 -43.3588765 1776134837 1776134832
1776134832 -22.8926328 -43.3588662 1776134828 1776134834
446015605 -22.8925979 -43.3522177 446015604
1776134830 -22.892522 -43.3593133 1776134824 1776134835
1776134828 -22.8924414 -43.3588914 1776134832 1776134822
446015604 -22.8924239 -43.3521576 446015605 446015603
1776134824 -22.8923229 -43.3592309 1776134822 1776134830
1776134822 -22.8922897 -43.3590097 1776134828 1776134824
446015603 -22.8922658 -43.3520374 446015604 446015602
476930356 -22.8922411 -43.3502942 476930540 476930353 476930139
1776134820 -22.8922233 -43.3586856 1776134793
446015602 -22.8921314 -43.3519259 446015601 446015603
446015601 -22.8920207 -43.3518229 446015600 446015602
476930139 -22.8919583 -43.3508532 476930356
446015600 -22.8918942 -43.3517542 446015599 446015601
1776134809 -22.8917834 -43.3589381 1776134773
446015599 -22.8916965 -43.3516941 446015598 446015600
446014516 -22.8915541 -43.3559342 446014515 446014517
1776134793 -22.8915514 -43.3580127 1776134820 439825639 442135167
446015598 -22.8915462 -43.3516426 446015597 446015599
446014515 -22.8915383 -43.3557968 446014514 446014516
446014024 -22.8915304 -43.3549299 446014025
446014517 -22.8914988 -43.3561401 446014518 446014516
442135167 -22.8914892 -43.3580834 446013179 1776134773 1776134793
446015597 -22.8914751 -43.3516512 446015598 446015596
446014518 -22.8913565 -43.3563204 446014519 446014517
446014514 -22.8913565 -43.3556767 446014513 446014515
446015596 -22.8913327 -43.3515911 446015597 446015595
446014513 -22.8912537 -43.3555393 446014523 446014512 446014514
446013933 -22.8912537 -43.3535481 446014249 446013931
1776134773 -22.8912497 -43.3583845 439825638 442135167 1776134809
446014523 -22.8912379 -43.3557196 446014513 446014524
446014524 -22.8911983 -43.3559256 446014523 446014525
446015595 -22.8911904 -43.3515139 446015594 446015596
446014519 -22.8911825 -43.3564921 446014518 446014520 1776152627
1776134769 -22.8911546 -43.3598673 1776134757 1776134789 1776134763
446014512 -22.8911272 -43.3554535 446014526 446014513
446014525 -22.8911193 -43.3560801 446014524
446014249 -22.8911163 -43.3534615 446013934 446013933 446014025
446015594 -22.8910718 -43.3513594 446015593 446015595
439825638 -22.8910458 -43.3586407 1776134773 1776134754
446014520 -22.8910402 -43.3567839 446014519 1776152628
1776134757 -22.8910379 -43.3597901 1776134750 1776134769
1776152628 -22.891024 -43.3568203 446014520 446014521 1776152625
1776134754 -22.8910193 -43.3587246 439825638 1776134750 1776134827
476929931 -22.8909936 -43.3522179 476929785
446014526 -22.890984 -43.3553959 446014511 446014512 446014532
446014532 -22.8909453 -43.3555393 446014534 446014526
446015593 -22.8909374 -43.3513851 446015574 446015594
446014511 -22.8909137 -43.3553677 446014510 446014526
446014521 -22.8908857 -43.3571379 446014697 1776152628
446014534 -22.8908346 -43.3557539 446014532 446014536
476929471 -22.890742 -43.3512146 446015574 1728892310 476929465
446014536 -22.8907239 -43.3559942 446014534 1776152627
1776134750 -22.890723 -43.3596626 1776134754 1776134757 439825637
446015574 -22.890702 -43.3512907 476929471 476929785 446015593
446014510 -22.8906686 -43.3553333 446014511 446014734 446014509
1776152627 -22.8906171 -43.3561627 446014519 446014536 446014538
446014025 -22.8906132 -43.3543034 446014249 446014290 446014024 446014026
446013179 -22.8906098 -43.3575907 442135167 445499145 446013182
446014538 -22.8905499 -43.3562689 1776152627 1776152625
446014734 -22.8904709 -43.355711 446014735 446014510
1776152625 -22.8904549 -43.3564752 446014539 446014538 1776152628
446014509 -22.8904472 -43.355196 446014290 446014510
476929785 -22.8903947 -43.3518747 446015574 476929780 1470035224 476929931
446014539 -22.8903918 -43.3566122 446014697 1776152625
446014697 -22.890302 -43.356784 446014539 446014521 446014737
446014735 -22.890289 -43.3561058 446014734 446014736
476929465 -22.8902662 -43.350939 476929471 446014200
446014290 -22.8902339 -43.3550627 446014871 446014025 446014509
1470035224 -22.8902268 -43.3521937 446013934 476929785
446013182 -22.890123 -43.3580198 446013179 1470035220
446014736 -22.890115 -43.3564062 446014735 446014737
446014737 -22.890011 -43.3566076 1776152622 446014697 446014736
1470035220 -22.8899889 -43.3581516 446013182 446013183
446014871 -22.8899758 -43.3555794 446014290 1470035206 446014912
446013934 -22.8899753 -43.3527428 446014249 1470035224 446014026 446014237
1470035206 -22.8898114 -43.3559151 446014871 1776152622
446013183 -22.8897039 -43.3584318 446013184 1470035220
1776152622 -22.8895911 -43.356353 1470035206 445499145 446014737
476929780 -22.8895466 -43.351351 476929785 1776180700
446014026 -22.8895211 -43.3536162 446013934 446014912 446014025 446014236
446014200 -22.8895141 -43.3506298 446014202 1776180700 476929465
446014202 -22.8894746 -43.350441 446014200 446014031
445499145 -22.8893565 -43.3568192 446013179 446013858 1776152622 445499296
446013184 -22.8893322 -43.3586035 446013183 446013185
446013199 -22.8892927 -43.3583374 446013197
446013185 -22.8892532 -43.3587322 446013184 446013186
1776180700 -22.8892391 -43.3511594 476929780 446014237 446014200
446013197 -22.8891187 -43.3585692 446013199 446013186
446013186 -22.8891029 -43.3587494 446013187 446013185 446013197
445499296 -22.8890792 -43.357522 445499298 445499145
445499298 -22.8890634 -43.3577023 445499300 445499296
446013187 -22.8890239 -43.3589382 446013186 446013188
445499300 -22.8889685 -43.3578568 445499298 445499302
446014031 -22.8889527 -43.3501577 446014202 446014203 446013936
446014912 -22.8888735 -43.3548612 1470035208 446014871 446014026 446014913
446014237 -22.8887892 -43.3520257 446013934 446013936 446014236 1776180700
445499302 -22.8887708 -43.3581228 445499300 445499305
1470035208 -22.888727 -43.3551428 446013858 446014912
446013188 -22.8887234 -43.3593845 446013187
445499305 -22.8886997 -43.3584232 445499374 445499302 445499307
445499374 -22.8886918 -43.3586636 445499305
445499307 -22.888589 -43.3584404 445499309 445499305
445499309 -22.8884308 -43.3587837 445499311 445499307
446014236 -22.8883661 -43.3529071 446014026 446014032 446014913 446014237
445499311 -22.8883438 -43.3590069 445499309 445499312
446013858 -22.8882193 -43.3561191 442135215 1470035208 445499145
445499312 -22.8882094 -43.3591957 445499311
446013936 -22.8881699 -43.3516512 446014237 446014031 446014032
442135215 -22.8881434 -43.3560724 446013858 1470035202
1470035202 -22.8877385 -43.3557735 442135215 442135216
446014032 -22.887725 -43.3525135 446013936 446014236 446014919
446014913 -22.88769 -43.3541676 446014235 446014236 446014912 446014920
446014235 -22.887387 -43.3547325 446014234 446014913
446013168 -22.8872447 -43.3560114 446013167 446013169
446013169 -22.8872447 -43.3558312 446013168 442135216
446014919 -22.8872016 -43.3521921 446014027 446014032 446014920
446013167 -22.8871656 -43.3562431 446013168
442135216 -22.887155 -43.3553428 1470035202 446014234 446013169
446014234 -22.8870732 -43.355316 445499581 446014235 442135216
445499581 -22.8867759 -43.3552185 446014234 445500060 1470035222 446014918
445500063 -22.8867545 -43.3560715 445500060 445500199
445500199 -22.8866912 -43.356329 445500195 445500063
445500612 -22.8866121 -43.358449 445501724
445500195 -22.8866042 -43.3565436 445500199 445500880
445501729 -22.8865647 -43.357522 445501727
446014920 -22.8865424 -43.3534448 446014914 446014913 446014919 446014917
445500880 -22.8864755 -43.3567591 445501004 445500187 445500195
445500060 -22.8864733 -43.3558589 445499581 445500056 445499917 445500063
445501727 -22.8864223 -43.3578138 445501724 445501729
446014918 -22.8863512 -43.3550072 445499581 446014917
1470035222 -22.8863002 -43.3550626 445499581 442135217
445501724 -22.8862858 -43.3579873 445500612 445501722 445501727 445500618
445501004 -22.8862008 -43.3565868 445499917 445500880 445501001
445500618 -22.8861693 -43.3578224 445501724 445500187
445499917 -22.8861456 -43.3565521 445500060 445501004 445500878
446014027 -22.8860284 -43.3514718 446014914 446014203 446014919 446014028
445501001 -22.886027 -43.3568869 445500914 445501004
445501722 -22.8860191 -43.3582172 445501720 445501724
442135217 -22.8859768 -43.3549566 442135218 1470035222
445500187 -22.8859637 -43.3576164 445500880 445500618 445500623
446014917 -22.8858846 -43.3546553 446014922 446014915 446014918 446014920
445501720 -22.8858688 -43.3582687 1776203147 445501722
445500056 -22.8858609 -43.3554964 445500060 445500651
1776203147 -22.8858111 -43.358322 1776203118 445501720 445501718
442135218 -22.8857949 -43.3549995 446014925 442135217
446014922 -22.8857898 -43.354887 446014925 446014917
445500623 -22.8857818 -43.3574963 445500914 445500187
445500651 -22.8857265 -43.3557711 445500056 445500878
445501718 -22.8857107 -43.3584147 445501716 1776203147
445500914 -22.8857096 -43.3574277 445500623 445498589 445501001
445500878 -22.885673 -43.3559127 445500876 445500648 445500651 445499917
446014925 -22.8856456 -43.3550715 442135218 446014922 442135219
445500648 -22.8856 -43.3561058 445500640 445500878
445498589 -22.8855288 -43.3572559 445501261 445500914 445500628
445500628 -22.8854735 -43.3571272 445498589 445500635
445500876 -22.8853865 -43.3556423 442135220 445500878
446014914 -22.88537 -43.3527065 446014027 446014915 446014920
445500635 -22.8853628 -43.3569384 445500628 445500640
445500640 -22.8853628 -43.3567495 445500635 445500648
445501716 -22.8853074 -43.3587751 445501714 445501718
1776203118 -22.8853018 -43.3579287 445501261 1776203147
442135219 -22.8852967 -43.3552398 446014925 442135220
442135220 -22.8851544 -43.3553943 446014951 445500876 442135219
446014951 -22.8851224 -43.3554721 442135220 442135221 446014946
445501261 -22.8850526 -43.3576482 445498319 1776203118 445498589 440362202
442135221 -22.88502 -43.3557205 446014951 1470035218
1470035218 -22.8849925 -43.3558603 442135221 442135222
442135222 -22.8849172 -43.356244 1470035218 440362202
445501714 -22.8848013 -43.3591528 445501861 445501716
446014915 -22.8846906 -43.3539772 446013338 446014914 446014917
445501861 -22.8846725 -43.3592611 445501712 445501714 445501800
440362202 -22.8845614 -43.3566474 442135222 445501261 1470035219 440362198
446013338 -22.8844771 -43.3543806 446015292 446014946 446014915
445501989 -22.8844376 -43.3597107 445501712
446014028 -22.88438 -43.3504172 446014027 1776180694 446013334
445501712 -22.8843111 -43.3595648 445501989 445501861 445501988
446014946 -22.8843032 -43.3547068 446013338 446014951 446015078
3342961607 -22.8842491 -43.3503278 1776180681
445498319 -22.8841845 -43.3583632 445501261 445501800
446015078 -22.884165 -43.3549446 446013695 446014946 446015147
446015471 -22.8841529 -43.3518829 446015472
445501988 -22.8841292 -43.3593674 445501712 1470035214
446015472 -22.8841213 -43.3522177 446015473 446015471
1776180681 -22.8840814 -43.3503094 3342961607 1776180661 1776180685
446013695 -22.8840738 -43.3551016 446014964 446015078
446013334 -22.8840422 -43.3510761 446013335 446014028
446015147 -22.8839948 -43.3548956 446015149 446015078
445501800 -22.8839909 -43.3585295 445498319 445501907 445501861
446015473 -22.8839631 -43.3534021 446015472 446015305
446015305 -22.883892 -43.3536682 446015304 446015306 446015473
446015304 -22.883892 -43.3535481 446015303 446015305
1776180677 -22.8838553 -43.3507098 1776180674
1470035214 -22.8838315 -43.3596098 445501986 445501988
1470035219 -22.8838307 -43.3572522 440362202 442135323
446014964 -22.8838254 -43.3556015 446013695 446015167 440362198
446015149 -22.8838129 -43.3548699 446015147 446015223
446015306 -22.8838129 -43.3537369 446015305 446013336
446015303 -22.8836785 -43.3531876 446015304 446015302
445501986 -22.8836605 -43.35976 1470035214 1470035201
446013335 -22.8836389 -43.3517628 446015321 446015479 446013334
1776180674 -22.883596 -43.3506723 1776180673 1776180677 1776180672
1470035201 -22.8835841 -43.3597402 445501986 445501907
446015302 -22.8835757 -43.3530932 446015303 446015301
1776180673 -22.8835366 -43.3512292 1776180674
446015321 -22.8835038 -43.3526811 446013335 446015301
446015301 -22.8834573 -43.3529974 446015321 446015308 446015302
446015292 -22.8834346 -43.3538541 446013338 446015291 446013336
440362198 -22.8834159 -43.3564256 440362193 446014964 440362202
446015308 -22.8834001 -43.3533861 446015318 446015301 446013336
446013336 -22.8833384 -43.3538056 446015306 446015320 446015292 446015308
446015223 -22.8833159 -43.3549122 446015149 446015291 446015150
446015291 -22.8833147 -43.3547325 446015223 446015292
442135323 -22.8832961 -43.3576946 1470035219 1470035205 446013128
1776180672 -22.883291 -43.3506283 1776180671 1776180667 1776180674
1776180671 -22.8832187 -43.3511991 1776180672
445501907 -22.8831288 -43.3592697 445501800 1470035201 1776203087
1776203097 -22.8831238 -43.3595799 1776203087 1776203095
1776203095 -22.8830937 -43.3597035 1776203101 1776203097
1776180667 -22.8829791 -43.3505833 1776180665 1776180639 1776180672
1776203092 -22.8829697 -43.3599764 1776203089 1776203099
1776203089 -22.8829697 -43.3598964 1776203084 1776203092
1776203087 -22.8829697 -43.3594063 1470035221 445501907 1776203097
1776180665 -22.8829041 -43.3511885 1776180667
1470035221 -22.8827842 -43.3595656 1776203084 1776203087
1776180663 -22.88278 -43.3508072 3342961608 3342961612
1776180661 -22.8827672 -43.3501596 1776180681 1776180664
440362193 -22.8827517 -43.3563655 446015176 440362198
3342961612 -22.8827424 -43.3511162 1776180663
1776203084 -22.8827276 -43.3596142 1470035221 1776203089 445502810
446015150 -22.8827058 -43.3549643 446015223 446015162
446015479 -22.882683 -43.3516167 446015483 446015482
446015482 -22.8825444 -43.3525471 446015321
446015176 -22.8825398 -43.3563719 440362193 446015167 440362189
446015167 -22.8825027 -43.3556967 446014964 446014984 446015176 446015162
445502810 -22.8824663 -43.3598592 1776203084 1776203083 1273178968
3342961608 -22.8824648 -43.3507637 3342961609 3342961610 1776180663
446015162 -22.8824494 -43.3550039 446015167 446015150 446015019
1776203083 -22.8824282 -43.3598942 445502810 3040329781 1776203103
3342961609 -22.8824201 -43.351055 3342961608
446015483 -22.8824118 -43.3515737 446015477
446015501 -22.8822742 -43.3525084 446015482 446015483
1470035205 -22.8822644 -43.3585644 442135323 3040329780
3342961610 -22.882173 -43.3507234 1776180635 3342961608 3342961611
446013128 -22.8821523 -43.3573332 442135323
3342961611 -22.8821301 -43.3509996 3342961610
3040329780 -22.8820402 -43.3587893 1470035205 1273178968
446015318 -22.8820238 -43.3531405 446015316 446015320
440362189 -22.8819056 -43.3563912 446015176 446013053
446015320 -22.8818624 -43.353972 446015000 446013336 446015318
1776180639 -22.881852 -43.3503614 1776180667 1776180635
446013116 -22.8817806 -43.357728 446013115 446013117
446013117 -22.8817569 -43.3575735 446013116 446013118
1776180635 -22.8817332 -43.3506676 446015477 3342961610
1273178968 -22.8817225 -43.3590795 3040329766 445502810 3040329772 3040329780
446013115 -22.8816936 -43.357831 446013116 446013114
446013118 -22.8816778 -43.3574705 446013117 446013106
446013114 -22.8815829 -43.3578825 446013113 446013115
446013053 -22.881567 -43.3564114 446014995 440362189 446013106
446015019 -22.8814909 -43.3550637 446015152 446015000 446015162
446013113 -22.8814643 -43.3578739 446013112 446013114
446015477 -22.8814343 -43.3514368 3040329771
446015000 -22.881425 -43.3540214 446014977 446015320 446015019
446013106 -22.8814248 -43.357419 446013107 446013053 446013118
440431764 -22.8814135 -43.3512176 440377122
440358425 -22.8813789 -43.351324 440431764 440377693
3040329772 -22.8812618 -43.3589689 445502900 1273178968
446014995 -22.8812275 -43.3564316 446014984 440362186 446013053
446014984 -22.8811962 -43.3557701 446015167 446014974 446015152 446014995
3040329771 -22.88119 -43.352217 446015326
440362186 -22.881186 -43.3564341 440362183 446014995
446015326 -22.881163 -43.3523256 446015501 446015316
446015152 -22.8811562 -43.3550847 446014984 446015155 446014977 446015019
440358424 -22.8811128 -43.3521826 440358425
440360590 -22.8810594 -43.3523567 446015326 440358424
446014977 -22.8810508 -43.3540859 3342961618 446015152 446015000
446013112 -22.8809661 -43.3577538 446013113 446013111
446015316 -22.8809541 -43.352952 440359960
446013107 -22.880895 -43.3572388 446013108 446013106
446013111 -22.8808238 -43.3577023 446013110 446013112
440359960 -22.8807955 -43.3534649 440359957 3040329764
446013108 -22.8807922 -43.357316 446013107 446013109
3040329766 -22.8807653 -43.359946 1273178968 442135325 3040329753
3040329763 -22.8807634 -43.353272 440360590
3040329764 -22.8807618 -43.3535605 3040329765
446013110 -22.8807605 -43.3576508 446013109 446013111
446013109 -22.8807526 -43.3574963 446013108 446013110
3040329765 -22.8807361 -43.35364 439846041
440359957 -22.8807126 -43.3534257 3040329763 3040329759
439845482 -22.8806678 -43.3535476 440359957
3040329759 -22.8806552 -43.3534043 3040329758
3342961618 -22.8806153 -43.3541202 439846041 446014977
3040329758 -22.8805817 -43.3533736 440359304
446015155 -22.8805692 -43.3551045 446015152 446015156
439846041 -22.8805411 -43.3540859 3342961618 446015156
3040329753 -22.880201 -43.3597228 445492892 3040329766
445502999 -22.8801822 -43.3598569 3040329752 3040329750 442135325
3040329752 -22.8801323 -43.359779 445492892 445502999
446015156 -22.8801107 -43.3549816 446015155 439846040
445492892 -22.8800291 -43.3596528 3342979514 3040329752 3040329753
