2146439379 -22839998 -43313094 2146439378
2146439378 -22839984 -43313050 1586393003
2014650425 -22839947 -43312774 1586393003
540804272 -22839936 -43318261 540804278
540804278 -22839931 -43319456 540804413 540804272 540804109
483630575 -22839928 -43312302 483633251 2014650376
540805819 -22839915 -43315910 540805824
1586393003 -22839853 -43312651 483633902 2246918099
2121854443 -22839844 -43318111 540805510
540806295 -22839797 -43315292 540806970 540806891
483633902 -22839755 -43312412 543734006
1586392994 -22839750 -43310670 549251129 549250156
549250156 -22839741 -43310732 1949995169 1586392994
544514081 -22839714 -43310975 549250156 544514078 549254984
540806970 -22839678 -43314966 540806889 540806295 540806415
2014650440 -22839665 -43311270 544514081
1949995169 -22839645 -43310877 549250154 549250317
483630577 -22839630 -43311958 483630575
543734006 -22839629 -43312111 2146439377 543733980
540804410 -22839615 -43318410 540804413
483626039 -22839613 -43311361 2014650440 2014650465
549250154 -22839609 -43310958 549250149
540804413 -22839607 -43319441 540804278 540803853 540804410
2014650465 -22839603 -43311482 483631535
1586366052 -22839603 -43311899 483630577
549250317 -22839590 -43310834 1949995169 549250337
483631539 -22839587 -43311291 483626039
483631535 -22839567 -43311605 2014650450 1586366052
2014650332 -22839544 -43311228 483631539
540806415 -22839544 -43314666 540806970 540806884
549250149 -22839526 -43311047 483631544
2014650450 -22839510 -43311678 483631621
2014650358 -22839477 -43311172 2014650332
543732549 -22839463 -43313903 483633891
2146439377 -22839454 -43311932 483633910
483631621 -22839443 -43311746 483631615
483633910 -22839422 -43311899 483633913
540799519 -22839400 -43319952 540799530 540799510
483631615 -22839358 -43311795 483633913
483631544 -22839357 -43311130 2014650358
540799530 -22839327 -43319770 540799519 540803853 540800323
540803853 -22839299 -43319427 540799530 540802953 540803826 540804413
540806621 -22839283 -43314056 540806629
483633913 -22839282 -43311815 2014650339
540802953 -22839227 -43318657 540803853 540802942
2014650459 -22839216 -43311132 483631544
2014650339 -22839188 -43311802 483631610
540802942 -22839188 -43318528 540802953 540802932
540807741 -22839164 -43313636 540807743
2246918099 -22839161 -43313339 1586393003
549250337 -22839155 -43310344 549250317 549250936 543731306
483631564 -22839107 -43311151 2014650459
483631610 -22839103 -43311769 483631601
540802932 -22839101 -43318434 540802942 540802391
483631601 -22839034 -43311719 483631590
1586392992 -22839031 -43311197 483631564
540807743 -22838998 -43313395 540807741 540807746
483631590 -22838982 -43311659 2014650409 1586392987
483635358 -22838971 -43311131 483631564
483631570 -22838970 -43311262 1586392992
2014650409 -22838948 -43311617 2014650467
1586392991 -22838925 -43311349 483631570
540806891 -22838918 -43315363 540806889 540806295 540806676
2014650467 -22838913 -43311542 483631578
483631578 -22838900 -43311468 1586392991 483635843
540806889 -22838898 -43315043 540806970 540806884 540806891
540806884 -22838879 -43314736 540806889 540806415 540806691
1586392987 -22838866 -43311752 483707187 483631590
483635362 -22838850 -43311108 483635358
540803826 -22838824 -43319421 540803819 540803853
2371596305 -22838818 -43311076 483635362
540807746 -22838816 -43313207 540807751 540808059 540807743
483635843 -22838812 -43311342 483635873
540803819 -22838800 -43318871 540803826
540806629 -22838768 -43314168 540806621 540806636
540805510 -22838760 -43316671 540805214 2121854443 483707076
483635873 -22838750 -43311204 2371596304
543733980 -22838735 -43312899 543734006
483635370 -22838731 -43310989 2371596305
2371596304 -22838730 -43311174 483635957
540808059 -22838650 -43313370 540807746 540808062
540806676 -22838610 -43315388 540807024 540806891 540807129
483635957 -22838592 -43310972 543732170
540807024 -22838590 -43315060 540806676 540806691 540807113
540806691 -22838571 -43314761 540807024 540806884 540807397
540808062 -22838547 -43313447 540808059 540808066
543732174 -22838530 -43310768 543732170 483635370
540807751 -22838499 -43312820 540807746
543732170 -22838464 -43310841 2371596302 543732167 543732174
540808066 -22838389 -43313430 540808068 540808062
483707187 -22838268 -43312376 540867187 1586392987
540802365 -22838159 -43319095 540802375
540867187 -22838129 -43312559 2283447465 483707184 483707187
540802391 -22838121 -43317755 540802932 2223016073 540802375
483707184 -22838078 -43312625 540867187 483707182
2283447465 -22838033 -43312476 540867187 540867773
540806636 -22838025 -43314305 483707132 540806629
483707182 -22837999 -43312874 483707176 483707184
2371596303 -22837978 -43310192 543732174
483707153 -22837960 -43313466 483707148 540808068
540808068 -22837960 -43313361 540808066 483707153 540867912
540867912 -22837960 -43313212 540808068 2283447495 483707176
483707176 -22837960 -43313140 540867912 483707182
540867773 -22837952 -43312405 2283447465 540867774
543731303 -22837926 -43310138 2371596303 483635965 543731306
2371596302 -22837905 -43310277 483635965
483707148 -22837904 -43313732 540867941 483707153
540805824 -22837898 -43316048 540805819 2222974661
540800323 -22837861 -43319742 540800312
483635965 -22837849 -43310220 2371595241 543731298 543731303
540867941 -22837800 -43313902 483707140 483707148 2283434706
540807129 -22837732 -43315459 540806676 540806297 540807113
540807113 -22837724 -43315129 540807024 540807129 540807397
540807397 -22837700 -43314834 540806691 2283434698 540807113
483707140 -22837683 -43314093 483707132 540867941
540800312 -22837646 -43319795 540800301
2283434706 -22837637 -43313872 540867940 540867941
540802375 -22837574 -43318640 540802365 540802391
483707132 -22837501 -43314350 540806636 540867975 483707140
2222974661 -22837501 -43316081 540805824 540805826
540867975 -22837463 -43314440 2283434703 483707132 483707122
2223016073 -22837460 -43317274 2223016067 540802391
543732167 -22837453 -43311963 543732170
2283434698 -22837433 -43314856 540806420 540807397
540800301 -22837407 -43319915 540799738 540801356 540801636
540867774 -22837406 -43312096 540867773 2283447555 2283447492
483707091 -22837390 -43316333 483707084 540805826
540805826 -22837390 -43316090 483707091 483707098 2222974661
483707098 -22837390 -43315955 540805826 540806297
483707122 -22837366 -43314668 540806420 540867975
540806297 -22837358 -43315489 483707098 483707106 540807129
540806420 -22837351 -43314863 483707116 483707122 2283434698
483707084 -22837351 -43316582 483707091 483707076
483707106 -22837351 -43315389 540867985 540806297
540867985 -22837350 -43315357 540868013 483707106 483707116
483707116 -22837343 -43314977 540867985 540806420
2283434703 -22837341 -43314422 540867975 540867972
2283447495 -22837329 -43313108 540867911 540867912
540801636 -22837294 -43319627 540800301 538975802
483707076 -22837256 -43316814 540802436 483707084 540871361 540805510
2283447492 -22837232 -43312952 540867774 540867911
2223016067 -22837213 -43317095 2223016073 540802436
540867911 -22837204 -43313088 2283447496 2283447492 2283447495
540802436 -22837145 -43317046 2223016067 540871278 483707076
538975802 -22837134 -43318567 538975795 540801636 540801662
2283447496 -22837076 -43313067 540867160 540867911
540801662 -22837067 -43318005 538975802 2121854423
2283447555 -22837046 -43311913 540867774 540867164
2121854423 -22836984 -43317840 540801694 540801662
540871278 -22836902 -43317349 540801694 540802436 2121854425
540801694 -22836753 -43317520 538975790 540871278 2121854423
538975713 -22836741 -43319695 540799738 538975788 538975530
540868013 -22836734 -43315383 540867985 540868120
540868120 -22836702 -43314962 540868013 540868122
540868122 -22836679 -43314671 540868120 540867972
543731298 -22836664 -43311495 483635965
540867972 -22836568 -43314310 2283434703 540868122 540867940
540867164 -22836560 -43311667 2283447555 2283447559 540867117
538975788 -22836492 -43319075 538975713 538975795
538975795 -22836448 -43318853 538975788 538975790 538975802 2121854381
540867117 -22836402 -43312422 540867160 540867113 540867164
540867160 -22836331 -43312945 540867910 2283447496 540868124 540867117
540867940 -22836283 -43313615 2283434706 540867972 540868124
538975790 -22836268 -43317855 538975795 2121854425 540801694 538975533
540868391 -22836220 -43314911 540868389 540868393
540868124 -22836220 -43313392 540867160 540867940 540868125
2121854425 -22836208 -43317455 538975790 540871276 540871278
540868389 -22836196 -43315194 540868388 540868391
2283447559 -22836179 -43311356 540867164 2283464500
540868393 -22836149 -43314671 540868133 540868391
543730422 -22836132 -43310885 543730427
540868388 -22836093 -43315460 540868387 540868389
540868125 -22836093 -43313272 540868127 540868124
540868133 -22835991 -43314345 540868132 540868393 540868454
540868387 -22835935 -43315632 540868386 540868388
2283464500 -22835928 -43311150 2283447559 540867775
540868127 -22835927 -43313246 540868125 540868129
540867775 -22835856 -43311092 2283464338 2283464500 2283464554
2283464554 -22835811 -43311164 540867845 540867775
540868358 -22835809 -43315134 540868355 540868361
540868129 -22835809 -43313323 540868127 540868131
540867113 -22835801 -43311924 540867845 540867117
540868355 -22835777 -43315237 540868358 540868353
538975530 -22835760 -43319844 538975713 538975529 538975714
540868361 -22835753 -43315014 540868358 540868362
540868454 -22835753 -43314010 540868133 540868467
540868132 -22835737 -43313649 540868131 540868133
540868386 -22835706 -43315709 540868387 540868384
540868353 -22835706 -43315289 540868355 540868351
540868131 -22835706 -43313503 540868129 540868132
2283464338 -22835687 -43310946 2283464762 540867775
2121854381 -22835655 -43319164 538975530 538975795
540867910 -22835642 -43312800 540868657 540867160
540868362 -22835611 -43314774 540868361 540868365
540868351 -22835587 -43315297 540868350 540868353
538975533 -22835512 -43318207 538974988 2121854381 538975790
540867845 -22835502 -43311667 540867843 540867113 2283464554 540867111
540868384 -22835498 -43315780 540868386 540868383
540868467 -22835453 -43313581 540868454 540868475
543729520 -22835452 -43310470 543729525
540868657 -22835437 -43312770 540867910 540867843 540867908
540868350 -22835389 -43315246 540868349 540868351
540868475 -22835389 -43313315 540868467 540868480
540868480 -22835389 -43313186 540868475
540868365 -22835294 -43314267 540868362 540868367
540872061 -22835283 -43316461 540872058 540872183
540872058 -22835270 -43315971 540872055 540872061
2153360397 -22835260 -43317301 540871361
540868383 -22835255 -43315693 540866367 540868384
540871361 -22835233 -43317021 2153360397 540872256 540871247 483707076
540868349 -22835215 -43315134 540868348 540868350
540872256 -22835207 -43316652 540871361 540872183 540872253
540872183 -22835184 -43316461 540872053 540872256 540872061
540867908 -22835160 -43312731 540867907 540868657
540867843 -22835073 -43312259 540867845 540868657
540868348 -22835025 -43314868 540868347 540868349
538975714 -22835011 -43319951 538975804 538975530 2121854368
540868367 -22834962 -43313735 540868365 540868370
540866367 -22834956 -43315528 540866375 540868381 540868383
540872053 -22834886 -43316473 540871199 540872183
540868370 -22834883 -43313503 540868371 540868367
538975804 -22834882 -43319249 538974988 2121854374
540871199 -22834847 -43316200 540866620 540872053 540872055
540872055 -22834828 -43315950 540871199 540872058
540868347 -22834820 -43314568 540868346 540868348
540868371 -22834804 -43313323 540868370 540868372
538974988 -22834757 -43318611 483707039 538975533
540867111 -22834733 -43311006 540868779 540867845
2283464762 -22834719 -43310118 2283464338 2283464842
540867907 -22834717 -43312611 540867906 540867908
540868372 -22834693 -43313220 540868371 540868373
540871140 -22834646 -43311967 540871137
540868779 -22834626 -43310920 540867032 540867111 540871137
540868381 -22834567 -43314877 540868379 540866367
540868346 -22834551 -43314207 540868347 540868344
540867906 -22834488 -43312499 540867905 540867907
483707039 -22834419 -43318695 3541630806 538974988
2121854374 -22834416 -43319348 538975804 538975813
540868379 -22834401 -43314619 540868378 540868381
540868373 -22834401 -43313151 540868372 540868374
3541630806 -22834359 -43318701 3541630808 483707039
540866375 -22834337 -43315601 540866377 540866367 540866735
540867905 -22834314 -43312379 540867904 540867906
3541630808 -22834309 -43318706 3541630806 3541630807
540868374 -22834306 -43313194 540868373 540868376
540868378 -22834298 -43314345 540868377 540868379
540868344 -22834282 -43313847 540868346 540868377 540868376
540868377 -22834266 -43314096 540868378 540868344
540868376 -22834250 -43313306 540868374 540868344
3541630807 -22834225 -43318714 3541630809 3541630808
540871137 -22834219 -43311521 540868779 540871140
540867904 -22834155 -43312207 540867905 540867903
540867903 -22834021 -43311993 540867902 540867904
540867902 -22833871 -43311718 540867901 540867903
540867032 -22833823 -43310276 2283465007 540867029 540867042 540868779
540871276 -22833789 -43317823 540871259 2121854425
538975813 -22833783 -43319407 538975814 2121854374 538975716
540867901 -22833768 -43311649 540867899 540867902
540867010 -22833712 -43313684 540867008 540867011
540867011 -22833712 -43313503 540867010 540867018
540867008 -22833665 -43313838 540866735 540867010
540867899 -22833649 -43311701 540867898 540867901
540867029 -22833586 -43310800 540867027 540867032
540867898 -22833546 -43311821 540867899 540867848
540867018 -22833475 -43312551 540867011 540867848
3541630809 -22833461 -43318791 540738100 3541630807
540866735 -22833428 -43314293 540866375 540866628 540866377 540867008
540867027 -22833422 -43311250 540867029 540867025
540867848 -22833412 -43312166 540867898 540867020 540867018
540867020 -22833357 -43311946 540867848 540867022
540867025 -22833354 -43311516 540867027 540867022
540867022 -22833341 -43311718 540867020 540867025
538975842 -22833314 -43319935 538975719 538975814 538975826
540871247 -22833297 -43317166 540871361
540738100 -22833286 -43318808 2121854371 483707032 3541630809
540866638 -22833254 -43313151 540866636 540866642
538975814 -22833249 -43319470 538975813 538975815 538975842 483707032
540866636 -22833238 -43313332 540866630 540866638
2121854371 -22833235 -43318618 2121854332 540738100
2121854332 -22833221 -43318568 2121854371 543624644
540866642 -22833214 -43312903 540866638 540866644
540866644 -22833199 -43312742 540866642 540866647
483707032 -22833176 -43318827 3541630811 538975814 540738100
540866377 -22833158 -43315680 540866375 540866378 540866735
540866630 -22833127 -43313606 540866628 540866636
543624644 -22833069 -43318084 2121854332 540871259
540872253 -22833024 -43316816 540872256
540871259 -22833021 -43317952 543624644 543625041 540871276
540866647 -22833000 -43312679 540866650 540866644
3541630811 -22833000 -43318844 483707032 3541630810
3541630810 -22832959 -43318848 3541630811 3861585402
540866628 -22832936 -43314102 540866737 540866627 540866630 540866735
540866620 -22832893 -43316359 540866378 540871199
543625041 -22832859 -43317530 540871259 543625039 543627158
540866650 -22832758 -43312662 540738972 540738988 540866647
540866737 -22832752 -43314041 540866628 540738959
540866627 -22832750 -43314867 540866628 540866625
540738988 -22832735 -43312291 540866650 543634649
540866378 -22832709 -43315716 540866620 540866622 540866377 540866381
543627158 -22832697 -43316941 543625041 543634134
543634649 -22832697 -43311861 540738988 543634732 543634647
540739007 -22832696 -43310909 543634732 540867042
540738972 -22832664 -43313046 540738965 540866650
540866622 -22832660 -43315486 540866378 540866625
540866625 -22832660 -43315340 540866622 540866627
543634732 -22832638 -43311289 540739007 543634649 543634730
540738965 -22832558 -43313465 540738972 543628876 540738959
543634134 -22832504 -43316399 540866381 543627360 543627158
540738959 -22832376 -43314075 540738965 540866737 540738955 540740903
540866381 -22832302 -43315787 540738928 540866378 543634134
540738928 -22832269 -43315690 540866381 540738938
540738955 -22832253 -43314531 543627843 540738959
543627843 -22832226 -43314689 540738943 540738955 543627840
540738943 -22832205 -43314909 543627843 540738938
540738938 -22832198 -43315275 540738928 540738943 543627585
543634730 -22831943 -43311373 543634664 543634732 543634816
543634647 -22831787 -43311987 543634649
543634664 -22831310 -43311466 543628876 540740909 2153340891 543634730
3861585402 -22831259 -43318962 3861585403 3541630810
3861585403 -22831219 -43318967 483707028 3861585402
538975815 -22831129 -43319682 538975814 538975826 483707028 538975820
2153340891 -22831078 -43311395 543634664
483707028 -22831035 -43318985 538975815 543624641 3861585403 3861585401
543624641 -22830980 -43318398 543625039 483707028 543624644
543625039 -22830918 -43317804 543624641 543627156 543625038 543625041
3861585401 -22830859 -43318997 3865026886 483707028
543627156 -22830851 -43317225 543625039 543627360 543627158
543627360 -22830789 -43316639 543627156 540739388 543627387
543627387 -22830710 -43316071 543627360 2153340889 543627585
543628876 -22830647 -43313739 543634664 2153340892 540738965 540740903
543627585 -22830637 -43315497 543627387 543627840 2153340894 540738938
543627840 -22830565 -43314923 543627843 543627585 540740903 2153340895
1666246504 -22830536 -43310711 483704511 1666246522
538975820 -22830528 -43319748 538975815 538975816 538975821
540740903 -22830480 -43314345 543628876 543627840 2153340890 540738959
1666246522 -22830422 -43310777 1955880631 1666246504
1955880631 -22830346 -43310670 483704514 1666246522
543640114 -22830116 -43312261 483704515
538975816 -22829973 -43319800 2121854431 538975819 538975820
2121854431 -22829818 -43319818 538975816 538975817
3865026886 -22829801 -43319116 538975901 3861585401
543635681 -22829499 -43313016 543635653
538975817 -22829422 -43319924 2121854431 538976009 538975901
538975901 -22829254 -43319224 483707003 3865026886 538975817
483707003 -22829150 -43319246 543624637 538975936 538975901
483704515 -22829098 -43310009 2371585657 543640114
543624637 -22829069 -43318663 483707003 543624641 543625038
543625038 -22829005 -43318075 543624637 543627154 543624866 543625039
543627154 -22828936 -43317476 540739388 543627156 543625038
2153340889 -22828923 -43316318 543627364 543627387
538975937 -22828890 -43319969 538975934 2186539614 538975936
540739388 -22828866 -43316920 543627154 543627364 543627184
2153340894 -22828809 -43315739 543627393 543627585
543627364 -22828794 -43316336 540739388 2153340889 543627393
2153340895 -22828740 -43315171 543627605 543627840
543627393 -22828720 -43315753 543627364 543627605 2153340894
538975936 -22828710 -43319339 538975937 1611115098 483707003
2153340890 -22828662 -43314594 543627876 540740903
543627605 -22828651 -43315183 543627393 543627876 2153340895
2153340892 -22828627 -43314036 543628116 543628876
543627876 -22828570 -43314607 543628116 543627605 2153340890
540739394 -22828551 -43313313 540739397 540739393
540739397 -22828550 -43313226 540739394 540739403
543628116 -22828497 -43314055 2153340892 543627876 540739390
540739393 -22828471 -43313587 540739394 540739390
540739390 -22828464 -43313716 543628116 540739393
543629030 -22828409 -43316643 543629137
2371585657 -22828401 -43310389 543635653
543629137 -22828394 -43316529 543629030 543629345 543629047
543629345 -22828352 -43316209 543629432 543629137 543629344
2371585656 -22828336 -43310274 543640903
543629432 -22828310 -43315892 543629354 543629345 543629439
543635653 -22828301 -43310443 540739403 543635681
543629439 -22828264 -43315573 543629432 543629547 543628956
543635641 -22828240 -43310326 2371585656 543640832
543629547 -22828226 -43315248 543629439 543629783 543629582
543629783 -22828183 -43314919 543629547 543629969 543629999
1611115098 -22828179 -43319458 483704731 538975936
543629999 -22828142 -43314605 543630164 543630131 543629783
543630164 -22828100 -43314289 543630293 543629999 543629032
543629032 -22828056 -43313950 543628912 543630164
483704731 -22828013 -43319534 3865011372 1611115032
1611115032 -22828006 -43319730 2223214846
2223214846 -22827990 -43319923 2223214845 483705023
3865011373 -22827981 -43319422 483704731 1611115098
2121854448 -22827958 -43319355 3865011373
1611115138 -22827941 -43319294 2121854448
3865011372 -22827937 -43319550 146841795
3865011375 -22827922 -43319429 3865011373
2223214845 -22827917 -43319972 483705589
1611115028 -22827892 -43318836 543624637
3865011376 -22827888 -43319454 3865011375
483704732 -22827874 -43319054 1611115138
146841795 -22827868 -43319546 2121854440 2158108101 3865011376
483705589 -22827850 -43319962 2121854401 552843027
2121854440 -22827849 -43319322 1611115080
543623769 -22827842 -43318864 483704732 1611115028
2121854401 -22827839 -43319871 2121854394
552843030 -22827836 -43319675 3865011374 146841795
2121854394 -22827830 -43319806 552843030
1611115080 -22827829 -43319226 2333217144
3865011374 -22827806 -43319602 2158108101
483704733 -22827771 -43318547 543623769
2158108101 -22827755 -43319550 1611114982
2333217144 -22827746 -43318879 483704867
543624866 -22827705 -43318267 483704733 543625038
1611114982 -22827700 -43319554 1680263282
483704867 -22827692 -43318582 483704869
552843027 -22827689 -43319919 552843030 2158103754
483704734 -22827652 -43318015 543624866
1923779854 -22827642 -43313354 2010074636
1586392919 -22827599 -43310683 543635641
483704869 -22827589 -43318058 483704871
483704736 -22827542 -43317689 543627154 483704734
540739403 -22827500 -43310872 540739397 1586392917 2371584461
483704871 -22827494 -43317809 483704872
1586392917 -22827473 -43310815 540739403
540739404 -22827449 -43310759 1586392919 1586392917
483704737 -22827391 -43317432 483704736
2371584461 -22827387 -43310935 1586392913
483704872 -22827383 -43317569 483704873
1586392913 -22827368 -43310946 543639309
543629047 -22827342 -43316677 543629137 543629344
2371584462 -22827341 -43310820 540739404
1586392911 -22827322 -43310831 2371584462
483704873 -22827225 -43317337 483704876
543627184 -22827194 -43317146 483704737
543629344 -22827169 -43316373 543629354 543629047 1611102916 543629345
2411613750 -22827051 -43316949 543627184
1611102916 -22827022 -43316398 483704741 543629344
543629354 -22826988 -43316053 543629432 543628956 543629344
483704876 -22826982 -43316988 483704877
543628956 -22826828 -43315773 543629354 543629439 543629582
543629582 -22826788 -43315458 543629547 543629969 543628956 1611096017
1611102915 -22826767 -43316557 2411613750
543629969 -22826748 -43315143 543630131 543629783 543629582
2010074636 -22826748 -43311423 1923779854 543639309
543630131 -22826709 -43314829 543630293 543629969 543629999
543639309 -22826699 -43311317 2010074636 1586392910 2371584460
483704741 -22826694 -43316461 552846545 1611102916 1611102915
483704877 -22826689 -43316570 552846545
543638378 -22826675 -43313411 543638377
1586392910 -22826672 -43311259 543639309 543639312
2371584460 -22826668 -43311334 543638377
543630293 -22826665 -43314484 543630164 1611081326 543628912 543630131
543639312 -22826642 -43311195 1586392911 1586392910 2010056524
1611096017 -22826634 -43315478 1611096016 543629582
543628912 -22826625 -43314168 543630293 543628911 543629032
1611102903 -22826619 -43316305 483704741
2010056524 -22826617 -43311140 2084558770
552846545 -22826616 -43316486 483704878 2256422488
2371584459 -22826611 -43311212 543639312
483704878 -22826548 -43316335 483704880
483704746 -22826521 -43316118 1611102903
2256422488 -22826500 -43316498 1955867479 552846545
1611081326 -22826495 -43314505 543630293 1611081311
543628911 -22826469 -43314188 543628912
1955867479 -22826454 -43316502 1586365728 2256422488
483704880 -22826402 -43316058 483704884
483704748 -22826402 -43315801 483704746
1611096016 -22826339 -43315518 1611096017 483704748
483704884 -22826307 -43315801 483704885
483704753 -22826292 -43314968 1611096016
483704755 -22826236 -43314633 483704753
483704885 -22826228 -43315406 483704887
1611081311 -22826207 -43314552 1611081326 483704755
483704887 -22826197 -43314891 483704889
1680263282 -22826178 -43319822 1680263284
483704889 -22826165 -43314625 1586365813
1955867482 -22826121 -43314389 1611081311
1586365813 -22826107 -43314495 2256422496 1586365656
483704757 -22826095 -43314344 1955867482
2989920609 -22826049 -43317869 2989920610 2989920608
1586365793 -22826041 -43317930 1586365778 1586365791
2256422496 -22826040 -43314388 483704893
1586365791 -22826029 -43318049 1586365789 1586365793
1586365789 -22826025 -43318168 1586365791
483704893 -22826006 -43314334 1955867480
1586365778 -22826005 -43317844 1586365580 1586365793
2989920610 -22826003 -43318110 2989920609
2989920608 -22825990 -43317802 2989920607 2989920609
1680263284 -22825963 -43319858 2158103750 1680263185
1680263185 -22825941 -43319601 1680263284 1680263257
543638377 -22825912 -43311756 2017560411 543638378
2158103759 -22825903 -43319986 2158103750 552844340
1680263257 -22825886 -43319511 1680263185 1680263279
2158103750 -22825886 -43319871 552842420 2158103759
543638375 -22825857 -43311640 543640013 2371584459
483704760 -22825729 -43313529 483704757
2017560411 -22825703 -43311880 1586392895
1586392894 -22825687 -43311737 543638375
1586392895 -22825657 -43311906 2014650469
2017560412 -22825649 -43311757 1586392894
1586365728 -22825608 -43316541 2333216252 552846541 1955867479
2333216252 -22825581 -43316428 1586365728 2333216253
2014650469 -22825443 -43312031 2014650415
1955867481 -22825433 -43312884 483704760
2014650482 -22825386 -43311893 2017560412
2014650415 -22825384 -43312104 483704662
552842420 -22825373 -43319956 2158128627 552842261
1955867480 -22825361 -43312915 2014650367
552846541 -22825345 -43316558 552846535 1586365728
483704662 -22825334 -43312195 1824859914 483704660
483704660 -22825323 -43312303 2014650371 483704662
1824859914 -22825310 -43312072 483704662 483704517
2014650337 -22825301 -43311910 2014650482
2014650448 -22825289 -43312606 1955867481
2014650371 -22825286 -43312401 2014650436 483704659 483704660
483704517 -22825282 -43312012 1824859914 483704450
2014650436 -22825277 -43312531 2014650448
1586365656 -22825263 -43314531 1586365608 1586365813
483704659 -22825235 -43312471 483704894 2014650371
483704450 -22825229 -43311941 2014650490 483704517
2014650367 -22825227 -43312644 2014650330
2014650330 -22825175 -43312595 483704657
2014650490 -22825170 -43311893 483704646 2014650337 483704450
2333216253 -22825169 -43314693 1586365608 2333216252
483704894 -22825165 -43312529 483704657 483704659
1586365608 -22825141 -43314578 1586365656 2333216253 1586365579
552846535 -22825092 -43316592 552846533 552846541
483704646 -22825081 -43311852 2014650490 483704647
2989920607 -22825080 -43317420 2989920606 2989920608
483704657 -22825061 -43312572 2014650463 483704894
1586365580 -22825035 -43317440 1586365573 1586365778
1586365579 -22825031 -43314612 1586365461 1586365608
2014650463 -22824972 -43312578 483704657 483704656
483704647 -22824969 -43311841 483704646 483704649
1586365573 -22824957 -43317436 1586365544 1586365580
552846533 -22824918 -43316653 552846527 552846535
2989920606 -22824911 -43317384 2989920605 2989920607
483704656 -22824879 -43312558 2014650463 483704655
1949999804 -22824865 -43311801 483704647
483704649 -22824859 -43311870 483704647 2014650454
1586365544 -22824851 -43317440 1586365527 1586365573
483704655 -22824814 -43312523 483704654 483704656
1586365527 -22824784 -43317461 1586365519 1586365544
2014650454 -22824781 -43311921 483704649 483704650
1949999758 -22824768 -43311716 1949999804 483722031
1949999774 -22824759 -43311829 1949999758
483704654 -22824756 -43312474 2014650428 146819511 483704655
552846527 -22824744 -43316764 552846533 552846522
2989920605 -22824731 -43317448 2989920604 2989920606
483704650 -22824719 -43311991 1949999774 483704651 2014650454
1586365519 -22824702 -43317516 1586365527 1586365496
146819511 -22824700 -43312397 146823931 483704654
1680263279 -22824700 -43319478 1680263257 1680263278
483722031 -22824690 -43311559 1949999758 543781720
2014650428 -22824679 -43312477 2014650329
483704651 -22824670 -43312093 483704650 483704652
146823931 -22824664 -43312303 483704652 146819511
1586365496 -22824655 -43317572 1586365494 1586365519
483704652 -22824653 -43312211 483704651 146823931
2014650329 -22824637 -43312480 2014650486
2014650378 -22824623 -43312272 483704652
2989920604 -22824620 -43317568 2989920605 2989920611
1586365494 -22824607 -43317670 1586365490 1586365496
2014650411 -22824599 -43312310 2014650378
2014650486 -22824594 -43312493 2371583140
1586365491 -22824592 -43318066 1586365481 1586365490
1586365490 -22824592 -43317798 1586365491 1586365494
1586365481 -22824580 -43318138 1586365475 1586365491
2989920612 -22824562 -43318106 2989920613 2989920611
2989920611 -22824549 -43317784 2989920612 2989920604
2014650484 -22824545 -43312360 2014650411
1586365475 -22824537 -43318236 1586365460 1586365481
2989920613 -22824477 -43318251 2989920614 2989920612
1586365461 -22824458 -43314927 1586365441 1586365579
1586365460 -22824443 -43318330 1586365451 1586365475
1680263278 -22824433 -43319521 1680263279 1680263274
1586365451 -22824364 -43318360 1586365460 1586365435
2989920614 -22824314 -43318287 2989920603 2989920613
1586365441 -22824309 -43314936 1586365461
552846522 -22824285 -43317391 552846527 2088961893
1586365435 -22824278 -43318343 1586365451 1586365418
543781720 -22824254 -43310614 2201001468 483722031 543639854
543787744 -22824195 -43312555 2014650484 543787666
2088961893 -22824195 -43317515 1586365408 552846522 2088961904
1586365418 -22824179 -43318262 1586365414 1586365435
2989920603 -22824147 -43318248 2989920614 1586365408
2371583140 -22824140 -43312732 543787455
1586365414 -22824117 -43318160 1586365411 1586365418
2371583146 -22824087 -43312614 543787744
543639854 -22824071 -43310186 1611050900 2072673819 543781720
1586365411 -22824058 -43317913 1586365414 1586365408
2088961904 -22824047 -43317328 552846807 2088961893
1586365408 -22823951 -43317849 1586365411 2989920603 552846510 2088961893
552846510 -22823803 -43318052 552846506 1586365408
552846506 -22823700 -43318223 552846499 552846510
552846807 -22823700 -43316996 552846801 2088961904
552846499 -22823621 -43318755 552846497 552846506
552846497 -22823589 -43318970 552846492 552846499
552846801 -22823494 -43316764 552846799 552846807
543787455 -22823489 -43313075 543787444 2371583142
552846492 -22823439 -43319107 552846490 552846497
543787444 -22823436 -43312968 2371583146 543786765 543787455
2201001468 -22823412 -43310673 543787666 543781720
552846473 -22823360 -43318755 552846477
2371583142 -22823353 -43313150 543786638
2371583144 -22823312 -43313035 543787444
543787666 -22823304 -43310690 2201001468 543787744 2201001467
552846799 -22823257 -43316335 552846801 552846795 2088961888
552846490 -22823249 -43319133 552846487 552846492
2201001467 -22823200 -43310727 543787666 543786765
552846477 -22823162 -43318790 552846484 552846473
552846795 -22823146 -43316060 552847243 552846799
552846487 -22823099 -43319099 552846484 552846490
552846484 -22823009 -43318871 552846477 2088961897 552846487
552847243 -22822972 -43315880 552847245 552846795
543786638 -22822698 -43313513 2371583136 543786625
552847245 -22822682 -43315797 2088961910 552847243
543786625 -22822632 -43313405 543786638 2371583144 543782639
2088961897 -22822554 -43317767 552846484 2088961889
543786765 -22822491 -43311065 543787444 2201001467 543782639
2088961889 -22822415 -43317617 2088961903 2088961897 2088961886
2088961892 -22822356 -43319350 2088961901
2088961906 -22822317 -43319023 2088961898 2088961901
2088961901 -22822262 -43319082 2088961892 2088961906
2088961903 -22822208 -43317682 2088961899 2088961889
2088961898 -22822173 -43318652 2088961906 2088961899
2088961899 -22822139 -43317971 2088961898 2088961903
2371583136 -22822113 -43313836 543782710
2088961888 -22822109 -43316973 2088961902 552846799 2088961909
2088961910 -22822102 -43315400 552847250 552847245
2088961886 -22822099 -43317290 2088961907 2088961889
2371583138 -22822072 -43313709 543786625
2088961907 -22822049 -43317183 2088961886 2088961909
2088961909 -22822049 -43317086 2088961907 2088961888
146821072 -22822019 -43318593 146821071
146821071 -22822007 -43318879 146821070 1636454365
1636454365 -22821990 -43319124 1636454358
146819497 -22821988 -43318210 146821072
1636454360 -22821905 -43318686 146827839
1636454358 -22821898 -43319397 1636454349
146827839 -22821896 -43318441 146828703
146819498 -22821896 -43317767 146819497
146828703 -22821871 -43318231 1636454346 146827838
146827840 -22821867 -43318966 1636454360
543782710 -22821866 -43313973 543783769 146819510
146821070 -22821853 -43319287 146821068
146819499 -22821816 -43317424 146819498
543783769 -22821810 -43313852 543783775 2371583138 543782710
146827838 -22821793 -43317853 2099689651
1636454350 -22821773 -43319225 146827840
1636454349 -22821769 -43319616 1636454342
2088961902 -22821758 -43316410 2088961888
1636454346 -22821746 -43317985 146828700
543782639 -22821700 -43311452 543786765 543786625 543782644 543786615
2099689651 -22821688 -43317586 146827837
146821068 -22821680 -43319571 1636454339
146823934 -22821669 -43313955 543783769
1636454342 -22821626 -43319791 1636454335
146827841 -22821607 -43319488 1636454350
146819500 -22821595 -43316961 146819499
146828700 -22821590 -43317819 146828697
552847250 -22821566 -43314950 2088961910 552847252
146827837 -22821537 -43317324 146827836
1636454339 -22821514 -43319750 146821067
1636649575 -22821471 -43314127 146823934
1636454335 -22821448 -43319963 1636454320
1636454334 -22821440 -43319653 146827841
146828697 -22821435 -43317748 1636454322
543786615 -22821384 -43310761 543782639
543782644 -22821352 -43311688 543782639 1826736390
146821067 -22821337 -43319877 1636454312
146827842 -22821296 -43319782 1636454334
146819502 -22821278 -43316617 146819500
1636454322 -22821265 -43317712 146828695
552847252 -22821239 -43315030 552847254 552847250
2088961912 -22821229 -43315927 2088961917
146827836 -22821179 -43316834 146827834
1826736390 -22821162 -43311881 543783775 543782644
146828695 -22821087 -43317739 146828693
146827843 -22821047 -43319924 146827842
543783775 -22821036 -43312105 543782651 543783769 1826736390 543785272
2088961917 -22820991 -43315509 2088961912 552847254
543785272 -22820973 -43311970 543783775 2088962824 146442943
146819503 -22820946 -43316317 146819502
552847254 -22820845 -43315049 552847252 2088961917 2088961913
146827834 -22820733 -43316386 2099689704
146819510 -22820717 -43314609 2088961913
2088961913 -22820664 -43314649 146819508 552847254
2088962824 -22820614 -43311222 543785272 543783781
146819504 -22820614 -43315905 146819503
146827825 -22820600 -43314582 1636649575
146823936 -22820590 -43314510 146823934
543783781 -22820577 -43311173 2088962824 2088962823
2099689704 -22820573 -43316220 146827832
146442937 -22820543 -43319940 146833015
146819508 -22820539 -43314743 2014650380
146828693 -22820539 -43318090 146828691
2088962823 -22820535 -43311181 543783781 543783791
1636649574 -22820512 -43314539 146823936
2014650380 -22820464 -43314847 2014650455
146819505 -22820440 -43315467 146819504
2014650455 -22820434 -43314939 146819506
1636649573 -22820433 -43314686 146827825
146819506 -22820432 -43315132 146819505
146827832 -22820416 -43316008 146827830
1636649572 -22820408 -43314529 1636649574
2099689671 -22820405 -43319505 146442937
146828691 -22820383 -43318240 1636454309
1636649571 -22820339 -43314491 1636649572
1636454310 -22820335 -43319283 2099689671
146827830 -22820326 -43315837 146827829
1636649569 -22820322 -43314791 1636649573
144372604 -22820311 -43319966 144372603
1636454309 -22820301 -43318376 146828688
146823938 -22820284 -43314383 1636649571
146827829 -22820279 -43315675 1636649567
146828688 -22820257 -43318498 146442939
1636649568 -22820233 -43314914 1636649569
146442939 -22820212 -43318728 1636454310
1636649567 -22820211 -43315449 1636649566
146825465 -22820203 -43314557 146819505
146823940 -22820203 -43314077 146823938
146827827 -22820175 -43315096 1636649568
146823942 -22820171 -43313605 146823940
1636649566 -22820162 -43315242 146827827
543782651 -22820149 -43313285 146823942 543783775
1636774091 -22820148 -43319335 144372604
146823943 -22820131 -43313038 543782651
146825468 -22820123 -43314171 146825465
146442943 -22820070 -43312628 146823943 146825470 543785272
146825470 -22820060 -43313209 146442942 146825468
146442940 -22820052 -43317691 146442939
1636774090 -22820024 -43319344 144280084
146442942 -22820021 -43316747 146442940
