349337695 -23.0487551 -43.5298489 3013651401 349337696
349337696 -23.0484513 -43.5276994 3013651400 349337695
3013651400 -23.0483165 -43.5265102 349337696 349337697
349337697 -23.0482098 -43.5253963 3013651400 349337698
349337698 -23.0479901 -43.5231817 349337697 349337699
349337699 -23.0478194 -43.5213789 349337698 349337700
349337700 -23.0477896 -43.5212126 349337699 1955045888
1955045888 -23.0477475 -43.5210848 1955045745 349337700
1955045745 -23.0476903 -43.5209958 1955045888 1955045756
1955045756 -23.0476216 -43.5209249 1955045745 349337701
349337701 -23.0475305 -43.5208522 349337702 1955045756
349337702 -23.047414 -43.5207918 349337701 349337703
349337703 -23.0472104 -43.5207221 349337702 349337704
349337710 -23.0471455 -43.5200087 3016760402 1955045898
349337704 -23.0469489 -43.5206397 349337703 615199349
1955045898 -23.0468978 -43.5200897 1955045858 349337710
615199349 -23.046845 -43.5205805 349337704 349337706
1955045858 -23.0468207 -43.52013 349337709 1955045898
349337706 -23.0467697 -43.5204997 615199349 1955045847
349337709 -23.0467645 -43.5201729 1955045858 349337708
349337708 -23.0467271 -43.5202262 349337707 349337709
1955045847 -23.0467223 -43.5204161 1955045907 349337706
349337707 -23.0467053 -43.5202783 1955045907 349337708
1955045907 -23.0467034 -43.5203365 349337707 1955045847
