1955045979 -23.052438 -43.546316 349337631 1955045953
349337631 -23.052425 -43.546451 3925965460 1955045979
1955045953 -23.05241 -43.546154 1955045979 1955045840
3925965460 -23.052391 -43.546562 349337629 349337631
1955045840 -23.052363 -43.546007 1955045734 1955045953
349337629 -23.052306 -43.546755 2844820638 3925965460
2844820638 -23.05224 -43.546847 1955045722 349337629
1955045734 -23.052221 -43.545759 1955045840 349337634
1955045722 -23.052185 -43.546895 2844820638 349337628
349337628 -23.051857 -43.547093 1955045722 1955045927
1955045957 -23.051825 -43.549811 1955045733 1955045939
1955045733 -23.051818 -43.549877 1955045973 1955045957
1955045927 -23.051797 -43.547151 1955045731 349337628
1955045939 -23.051796 -43.549699 1955045811 1955045957
1955045973 -23.051795 -43.549927 1955045733 1955045810
349337634 -23.051758 -43.545228 1955045734 1955045825
1955045810 -23.051742 -43.549971 1955045952 1955045973
1955045811 -23.05168 -43.549446 1955045801 1955045939
1955045873 -23.051627 -43.548235 349337617 1955045837
1955045837 -23.05162 -43.548161 1955045873 2844706849
349337617 -23.051615 -43.54832 1955045873 349337616
1955045801 -23.051597 -43.549182 1955045811 1955045947
2844706849 -23.051567 -43.548104 3925965459 1955045837
349337616 -23.051564 -43.548443 349337615 349337617
1955045825 -23.05155 -43.545043 1955045902 349337634
1955045731 -23.051548 -43.547482 1955045747 1955045927
1955045947 -23.051541 -43.549085 1955045801 1955045954
349337615 -23.051529 -43.548487 1955045882 349337616
3925965459 -23.0515 -43.548103 2844706849 2844706850
1955045954 -23.051477 -43.549035 1955045947 1955045871
1955045882 -23.051456 -43.54854 1955045826 349337615
1955045747 -23.05143 -43.54769 349337624 1955045731
1955045902 -23.051397 -43.544882 1955045825 349337635
349337624 -23.051351 -43.547795 1955045971 1955045747
349337635 -23.051351 -43.544799 1955045902 349337636
349337636 -23.051304 -43.544652 349337635 349337637
2844706850 -23.051301 -43.54819 3925965459 1955045951
349337637 -23.051251 -43.544395 1955045719 349337636
1955045951 -23.051209 -43.54819 2844706850 349337620
1955045871 -23.051202 -43.548927 1955045954 1955045930
1955045719 -23.051183 -43.544215 349337637 349337638
349337620 -23.051154 -43.548162 1955045951 349337622
1955045826 -23.051143 -43.548603 1955045882 1955045824
1955045971 -23.051141 -43.547945 349337624 349337623
1955045930 -23.051135 -43.548883 1955045871 1955045771
349337622 -23.05111 -43.548106 349337620 349337623
349337623 -23.051101 -43.548018 349337622 1955045971
1955045824 -23.051091 -43.548636 1955045826 1955045730
1955045771 -23.051065 -43.548789 1955045930 1955045730
1955045730 -23.051059 -43.54869 1955045771 1955045824
1955045949 -23.050956 -43.541167 349337643 349337644
349337644 -23.050943 -43.540992 1955045949 349337678
349337643 -23.05094 -43.54216 1955045949 349337642
349337638 -23.0508 -43.543389 1955045719 349337639
349337642 -23.050792 -43.542638 1955045814 349337643
349337639 -23.050765 -43.543219 349337638 1955045814
1955045814 -23.050759 -43.542926 349337639 349337642
