1587555533 -22.9885952 -43.1923257 2332466254
2332466254 -22.9879637 -43.1943858 302192317 1587555533
302192317 -22.9879368 -43.1944736 2332466254 142189863
1898860524 -22.9878889 -43.1947124 2296638102
142189863 -22.9878797 -43.1945812 302192317 1898860524
2296638102 -22.9878762 -43.1948193 1587555512
1898860498 -22.9878469 -43.1945965 142189863
1587555526 -22.9878444 -43.1943311 142189863
1898860496 -22.9878234 -43.1946242 1898860498
1587555523 -22.9877634 -43.1948404 1898860496
1587555512 -22.9875473 -43.1959383 3738891837 3738891839
3738891839 -22.987497 -43.1961002 3738891836
3738891837 -22.987483 -43.1959717 142180552
3738891836 -22.987474 -43.1961766 2296638087
3738891834 -22.9874419 -43.1958808 1587555523
142180552 -22.9874106 -43.1959753 3738891834 3738891828
1587555507 -22.9874064 -43.1926811 1587555526
3738891833 -22.9873823 -43.196072 142180552
3738891831 -22.9873539 -43.1961743 3738891833
3738891828 -22.9873342 -43.1959685 2296638092
2296638092 -22.9872879 -43.1959597 3738891818
3738891823 -22.9872839 -43.1963964 3738891831 3738891821
3738891821 -22.9872794 -43.196316 3738891819
3738891819 -22.9872566 -43.1962114 3738891817
3738891818 -22.9872462 -43.1959381 3738891813
3738891817 -22.9872369 -43.1961496 326225695
3738891813 -22.9872027 -43.1959145 326225695
3754718872 -22.9871644 -43.1917097 1587555507
326225695 -22.9871625 -43.1958586 326224438
142195201 -22.9871372 -43.1916004 3754718872 326221011
412310717 -22.9869873 -43.1909986 142195201
2296638087 -22.9869821 -43.1977587 1587555497
1587555497 -22.9869579 -43.1978561 2368287593
2368287593 -22.9869497 -43.1979502 2368299995
151474231 -22.9869402 -43.1908098 1108254495 412310717
2368299995 -22.9868945 -43.1988752 1587555486
1587555486 -22.9868913 -43.198929 2296638095
326223781 -22.9868672 -43.1977418 3738891823
1108254495 -22.986838 -43.1908415 151474014
142180554 -22.9868308 -43.1979575 1587555457 1587555468 326223781
1587555468 -22.9868164 -43.1977782 3738891799
3738891799 -22.9867924 -43.1975872 142367877
1587555463 -22.9867917 -43.1985944 142180554
25038525 -22.9867821 -43.1987783 1587555463
1108254486 -22.9867783 -43.1901597 151474231
1587555457 -22.9867776 -43.1978727 142367879
2368300011 -22.9867774 -43.1988677 25038525
1587555460 -22.9867705 -43.1989981 2368300011
326221011 -22.9866832 -43.191955 326224437 326224438
142367877 -22.9864655 -43.1963179 1587555379
1587555379 -22.9864298 -43.1961892 1587555376
326224438 -22.9862574 -43.1922967 326224437 326223777
326224437 -22.9862128 -43.1921237 326223775 1108276117
1587555376 -22.9861163 -43.1950586 667025225 1587555353
1587555362 -22.9860379 -43.1967552 142367877
1108276117 -22.9859943 -43.1912776 151474014
142367879 -22.9859777 -43.1968176 1587555362
151474014 -22.9859524 -43.1911156 1108276005 1108276076
1108276005 -22.9859109 -43.1909547 1108247247
667025225 -22.9859016 -43.1942846 326223777
1108247112 -22.9858318 -43.1900366 1108247139
1108276076 -22.9858247 -43.1911551 151474015
1587555359 -22.9858193 -43.1969681 142367879
2296633339 -22.9857739 -43.1970198 1587555359
1587555353 -22.9857714 -43.1951706 1587555376
1587555355 -22.9857696 -43.1987286 25038525
2296633342 -22.9857529 -43.197071 2296633339
2296633344 -22.9857371 -43.1967459 142368545
1587555352 -22.9857355 -43.1972183 2296633342
1108247247 -22.98573 -43.1902539 148823574
142368545 -22.9857284 -43.1967994 2296633340
142368546 -22.9857245 -43.1965041 142367879 2296633344
1587555351 -22.985719 -43.1974751 2296633336 1587555352
2296633340 -22.9857154 -43.1968414 2296633334
2296633334 -22.9856911 -43.1968706 1587555350
148823574 -22.9856853 -43.1900807 1108247245 1108247112
1587555350 -22.9856597 -43.1968948 1587555329
1587555336 -22.9856587 -43.198561 1587555351
1587555333 -22.98565 -43.1987213 1587555355 1587555336
1587555331 -22.9856419 -43.1988705 1587555333
2296633336 -22.9856326 -43.1970459 1587555327
1587555329 -22.9856234 -43.1969024 1587555309
1587555327 -22.9855992 -43.1969718 1587555309
1108247249 -22.9855646 -43.1901169 148823574
1587555309 -22.9855435 -43.1969065 1587555291
326223777 -22.985511 -43.1928762 326223775 326219670
326223775 -22.9853775 -43.192395 151474015
151474015 -22.9850962 -43.1913806 1108276011 1108247269
1108247281 -22.9849584 -43.1902991 1108247249
1108276011 -22.9849555 -43.1914227 326219673
2296633979 -22.9848957 -43.1952136 667025225
2296633982 -22.9848541 -43.1952427 2296633979
1108247269 -22.9848537 -43.1904966 326223773
1587555291 -22.9848213 -43.1968653 1587555284
1587555294 -22.9848213 -43.1952823 142368546
326223773 -22.9848117 -43.1903434 1108247281 1108247259
2296633984 -22.9848102 -43.1952372 2296633982
1108247259 -22.9847691 -43.1901882 148201840
2296633978 -22.9847581 -43.1953277 2296633977
2296633977 -22.9847565 -43.1954068 1587555285
2296633981 -22.9847514 -43.1952704 2296633978
142187064 -22.9847293 -43.1951916 1587555294 2296633981 2296633984
326219670 -22.9847271 -43.1934998 142189206
1587555288 -22.9847153 -43.1986434 1587555333
1587555285 -22.9846874 -43.1967338 1587555284
1587555284 -22.984681 -43.1968572 1587555263 1587555277
1108247276 -22.9846787 -43.1903832 326223773
1587555277 -22.9846729 -43.1970133 2928075527
2928075527 -22.9846334 -43.1977673 1587555275
1587555275 -22.9845866 -43.1984713 1587555273
1587555273 -22.9845779 -43.1986373 1587555271 1587555288
1587555271 -22.984569 -43.1988086 1587555260
1587555263 -22.9845445 -43.1968495 25038514
326220506 -22.9844922 -43.1926375 326219670 326223775
1587555256 -22.9844313 -43.1986238 1587555273
326219673 -22.9842208 -43.1916424 151474016 326220506
1108247135 -22.9841144 -43.1905528 1108247276
151474016 -22.9840887 -43.1916819 326216315
1108247283 -22.9840016 -43.1907659 326219673
326219675 -22.9839599 -43.1905992 1108247283 1108247135
1108247278 -22.9839198 -43.1904659 326219675
142189206 -22.9839146 -43.1941326 2296633980 142187064
2296633983 -22.98386 -43.1943089 142189206
2296633986 -22.9838394 -43.1940396 142189206
1108247080 -22.9838267 -43.1906393 326219675
250025265 -22.9838087 -43.1952591 1535222785
1535222785 -22.9837889 -43.1951924 2296631878
2296633985 -22.9837856 -43.1939684 2296633986
2296633980 -22.9837538 -43.1941778 857747444
2296633976 -22.9837453 -43.1938958 2296633985
2296631878 -22.9837446 -43.1951138 250025266
857747546 -22.9837205 -43.1938321 2296633976
25038514 -22.9837154 -43.1968021 250025265
2296632083 -22.9836528 -43.1967988 25038514
857747503 -22.9836232 -43.1934489 857747446 857747546
2296632084 -22.9836205 -43.1968075 2296632083
250025266 -22.9836202 -43.1950155 2296633983 857747456
1587555177 -22.9836067 -43.1985396 1587555256
2296632082 -22.9835976 -43.1968244 2296632084
1535222772 -22.9835784 -43.1968893 2296632082
857747456 -22.9835218 -43.1949695 250025266 2296631880
326220508 -22.9835014 -43.1929727 857747503 326220506
25038513 -22.9834938 -43.1985336 1535222772 1587555177
2296631880 -22.9834896 -43.194939 528897271 857747456
857747444 -22.9834863 -43.1942561 173536626 857747446
528897271 -22.9834684 -43.1948951 528897269 2296631880
528897269 -22.9834101 -43.1947218 528897271 2296631872
2296631872 -22.9833797 -43.1946672 528897269 2296631877
2296631877 -22.98335 -43.1946435 2296631867 2296631872
2296631867 -22.9833096 -43.1946368 528897266 2296631877
857747446 -22.9832927 -43.1935437 857747444 857747501 857747503
528897266 -22.9832656 -43.1946464 2296631881 2296631867
2296631879 -22.98326 -43.1952275 857747484 2296631862
857747484 -22.983255 -43.195294 857747483 2296631879
2296631862 -22.9832532 -43.195159 2296631879 2296631864
857747483 -22.9832396 -43.1953591 857747484 2296631882
2296631881 -22.983237 -43.19467 2296631885 528897266
326216315 -22.9832365 -43.1919368 151474017 326220508
2296631864 -22.9832361 -43.1951213 857747485 2296631862
2296631885 -22.9832168 -43.1947061 2296631874 2296631881
2296631882 -22.9832048 -43.1954182 857747481 857747483
857747485 -22.9832043 -43.1951019 2296631864 2296631870
2296631870 -22.9831748 -43.1951015 857747485 2296631868
2296631874 -22.9831629 -43.194896 2296631885 857747452
151474017 -22.9831475 -43.1919634 151474019
857747481 -22.9831301 -43.1954941 2296665245 2296631882
857747452 -22.9831239 -43.1949942 2296631883 2296631874
2296631868 -22.9831174 -43.1951373 2296631884 2296631870
1108247200 -22.9831166 -43.1908527 1108247080
857747501 -22.9830912 -43.1936014 857747446
2296631883 -22.9830733 -43.195078 2296631863 857747452
2296631884 -22.9830343 -43.1952173 2296631868 2296631886
1108247165 -22.983021 -43.1910941 326216315
2296665245 -22.9829896 -43.195583 857747481 2296665218
148823578 -22.9829705 -43.1908964 1108247165 1108247200
2296631886 -22.9829686 -43.195363 2296631884 2296631865
2296631865 -22.9829429 -43.1953776 2296631886 528897264
1108247217 -22.9829263 -43.190704 148823578
2296631863 -22.982926 -43.195264 2296631869 2296631883
528897264 -22.9829204 -43.1953722 2296631871 2296631865
2296631871 -22.982907 -43.1953598 2296631869 528897264
2296631869 -22.9828988 -43.1953248 2296631871 2296631863
1108247231 -22.9828313 -43.1909384 148823578
1108247186 -22.9827643 -43.1900836 1108247217
2296665218 -22.9827531 -43.1958171 2296665245 2296665246
173536626 -22.9827121 -43.19449 142197504 151474019
2296665246 -22.982692 -43.1958621 857747479 2296665218
857747479 -22.9826196 -43.1958993 857747478 2296665246
25038528 -22.9823961 -43.1991832 2296645254
2296645254 -22.982389 -43.1993345 1587555127 25038528
857747478 -22.9823515 -43.1959777 857747477 857747479
151474019 -22.9821254 -43.1922691 148823579 326215367
326215363 -22.9819818 -43.1953798 142197504
1901531301 -22.9819629 -43.1911052 1108247231
142197504 -22.9818428 -43.1947614 326215363 326215367
1108247107 -22.9818341 -43.1900183 1108247103
857747477 -22.9818325 -43.1960956 857747478 2296665221
148823579 -22.9817819 -43.1911316 1901531301 1108247107
3818904527 -22.9817146 -43.1967565 2296665236
1901531293 -22.9816542 -43.1911371 148823579
2296665221 -22.9816471 -43.1961057 2296665233 857747477
2296665233 -22.9815429 -43.1960919 2296665248 857747473 2296665221
2296665248 -22.9815329 -43.1961715 2296665207 2296665233
2296665207 -22.9815156 -43.1962064 2296665248 2296665210
2296665210 -22.9814687 -43.1962493 2296665207 2296665229
857747473 -22.9813758 -43.1960433 2296665237 2296665233
25038527 -22.9813286 -43.1991709 1587555104
2296665237 -22.9812576 -43.1959842 2296665220 857747473
2296665220 -22.9812277 -43.1959399 2296665237 2296665227
857747472 -22.9812145 -43.1956292 857747470 2296665227
2296665227 -22.9812113 -43.1958809 857747472 2296665220
326215367 -22.9811942 -43.1925476 148824622
2296665229 -22.9811898 -43.1964427 2296665232 2296665210
2296665219 -22.9811752 -43.1969516 2296665230 2296665235
2296665235 -22.9811703 -43.1969114 2296665219 2296665236
2296665230 -22.9811604 -43.1969919 2296665219 2296665202
2296665236 -22.9811431 -43.1968765 2296665235 2296665205 3818904527
2296665202 -22.9811259 -43.1970187 2296665249 2296665230
857747470 -22.9811256 -43.1950284 857747469 857747472
2296665232 -22.9811061 -43.1964849 2296665214 2296665229
857747469 -22.9810466 -43.1946207 857747467 857747470
857747467 -22.981017 -43.1941057 857747466 857747469
148824622 -22.9809566 -43.1926187 1290312680
2296665214 -22.980953 -43.1965466 2296665240 2296665232
2296665249 -22.9809505 -43.1971045 2296665250 2296665202
857747461 -22.9809495 -43.1915869 857747465 326215367
2296665205 -22.9809407 -43.1967183 2296665212 2296665236
2296665240 -22.980916 -43.1965842 2296665216 2296665214
2296665212 -22.980911 -43.1966754 2296665205 2296665216
2296665216 -22.9809036 -43.1966298 2296665212 2296665240
2296665250 -22.9809012 -43.1971421 2296665249 2296665225
2296665225 -22.980874 -43.197185 2296665226 2296665250
2296665217 -22.9808546 -43.1975871 2296665215 2296665223
2296665226 -22.9808518 -43.1972413 2296665223 2296665225
2296665215 -22.9808473 -43.1976643 2296665211 2296665217
2296665223 -22.9808444 -43.1972976 2296665217 2296665226
2296665211 -22.9808298 -43.197737 2296665247 2296665215
326215369 -22.9808194 -43.1910909 1901531293 857747461
2296665247 -22.9808088 -43.197783 2296665244 2296665211
2296665244 -22.9807783 -43.1978218 2296665247 2296665243
2296665243 -22.9807011 -43.1979065 2296665244 2296665204
2296665204 -22.9806455 -43.1979553 2296665234 2296665243
857747465 -22.9806416 -43.192035 857747466 857747461
2296665234 -22.9806203 -43.1979887 2296665242 2296665204
2296665242 -22.9806014 -43.1980346 2296665228 2296665234
2296665228 -22.9805778 -43.1981423 2296665203 2296665242
857747466 -22.9805626 -43.1923354 857747465 857747467
2296665203 -22.9805461 -43.1983559 2296665208 2296665228
2296665208 -22.9804937 -43.1985717 2296665203
1290312680 -22.9801981 -43.1928218 1290312679
