1098479907 -23.0146276 -43.2882679 1098479892 1098479854
1098479892 -23.0145881 -43.2884985 1098480039 1098479907
1098479854 -23.0145535 -43.2880747 1098479907 1098480017
1098479820 -23.014277 -43.2870716 1098479938
1098480017 -23.0141931 -43.287651 1098479854 1098479953
1098479953 -23.014119 -43.2874632 1098480017 1098479938
1098479938 -23.0141141 -43.2872325 1098479953 1098479820
1584076639 -23.013367 -43.2885363 1584076638 1584076637
1584076638 -23.0133615 -43.2887029 1584076636 1584076639
1584076637 -23.0133364 -43.288397 1584076633 1584076639
1584076636 -23.0132946 -43.2888573 1584076638 1584076628
1584076633 -23.0132723 -43.288288 1584076630 1584076637
1584076630 -23.013197 -43.2882062 1584076627 1584076633
1584076628 -23.0131942 -43.2889785 1584076636 1584076619
1584076627 -23.0130716 -43.2881547 1584076615 1584076630
1584076619 -23.0130437 -43.2890875 1584076628 1584076611
1584076615 -23.012935 -43.2881335 1584076627 1584076609
1584076611 -23.0128402 -43.2892147 1584076604 1584076619
1584076609 -23.0128068 -43.2881517 1584076601 1584076615
1584076604 -23.0126674 -43.2893268 1584076611 1584076599
1584076601 -23.0126228 -43.2882486 1584076594 1584076609
1584076599 -23.0124946 -43.2894085 1584076604 1584076580
1584076594 -23.0124611 -43.2883516 1584076578 1584076601
1584076580 -23.012344 -43.2894782 1584076573 1584076599
1584076578 -23.0123273 -43.2884303 1584076594 1584076571
1584076573 -23.0122297 -43.2895024 1584076580 1584076560
1584076571 -23.0122214 -43.2884727 1584076578 1584076567
1584076567 -23.0121294 -43.2884545 1584076562 1584076571
1584076562 -23.0119872 -43.2883849 1584076548 1584076567
1584076560 -23.0119064 -43.2895478 1584076573 1584076538
1584076548 -23.0119064 -43.2883243 1584076544 1584076562
1584076544 -23.0118032 -43.2882668 1584076541 1584076548
1584076541 -23.0116667 -43.2882668 1584076534 1584076544
1584076538 -23.0116555 -43.2895812 1584076527 1584076560
1584076534 -23.011544 -43.2883455 1584076523 1584076541
1584076527 -23.011413 -43.2896145 1584076499 1584076538
1584076523 -23.011374 -43.2884879 1584076534 1584076502
1584076502 -23.0111956 -43.2886453 1584076523 1584076495
1584076499 -23.0111788 -43.2896054 1584076527 1584076484
1584076495 -23.0110813 -43.2887513 1584076487 1584076502
1584076487 -23.0109335 -43.2888059 1584076481 1584076495
1584076484 -23.010744 -43.2894903 1584076499 1584076416
1584076481 -23.0107412 -43.2887513 1584076399 1584076487
1584076416 -23.010245 -43.2893631 1584076484 1584076392
1729255759 -23.0101349 -43.2877887 171596692
146431144 -23.0101221 -43.2877982 146431142
1584076399 -23.0100499 -43.2883425 1584076385 1584076481
1729255657 -23.0100309 -43.2875616 1729255759
146431142 -23.0100232 -43.287566 1729255647
1729255717 -23.0099599 -43.287421 1729255657
1729255647 -23.0099526 -43.2874263 1729255726
1729255747 -23.0097994 -43.2872008 1729255717
1729255726 -23.0097929 -43.2872071 146431141
1584076392 -23.0096736 -43.289248 1584076363 1584076416
1584076385 -23.0096457 -43.2881154 1584076357 1584076399
1729255743 -23.0095662 -43.2869505 1729255747
146431141 -23.0095606 -43.2869577 1729255748
1584076363 -23.0095063 -43.2891572 1584076392 1584076352
1584076357 -23.0093725 -43.2879124 1584076340 1584076385
1584076352 -23.0093446 -43.2890542 1584076363 1584076344
1729255666 -23.0093029 -43.2867364 1729255743
1729255748 -23.0092976 -43.2867439 1729255637
1584076344 -23.0091857 -43.2889785 1584076352 1584076338
1584076340 -23.0090408 -43.2876702 3881893969 1584076357
1584076338 -23.0090352 -43.2888634 1584076337 1584076344
1729255676 -23.0089705 -43.2864571 1729255666
1729255637 -23.0089651 -43.2864644 1729255700
326239749 -23.008889 -43.289929 3759568296 2888534628
1584076337 -23.0088373 -43.2887847 1584076338 1584076294
2888534628 -23.008805 -43.289804 344377879 326239749
1729255692 -23.0087484 -43.2862557 1729255676
1729255700 -23.0087426 -43.2862627 1729255699
344377879 -23.008688 -43.289669 344377878 2888534628
1729255716 -23.0086345 -43.2861373 1729255692
1729255699 -23.0086283 -43.2861439 146431140
344377878 -23.008625 -43.289553 344377879 2888534624
3881893969 -23.0086001 -43.28757 1584076340 1584076308
1584076308 -23.00856 -43.287561 3759568293 3759568294 3881893969
3759568293 -23.008556 -43.287468 344377873 1584076308
2888534624 -23.008543 -43.289305 344377878 344377877
1729255680 -23.0085204 -43.2860047 1729255716
146431140 -23.0085138 -43.2860109 1729255642
3759568294 -23.008513 -43.287616 1584076308 3759568295
344377873 -23.008505 -43.287425 1768802152 3759568293
344377877 -23.0085 -43.289245 2888534614 2888534624
1768802152 -23.008439 -43.287419 344377872 344377873
1729255719 -23.0084358 -43.2858899 1729255680
1729255642 -23.0084289 -43.2858955 1729255677
1584076294 -23.0083718 -43.2885575 1584076337 3881893187
1729255671 -23.0083566 -43.2857651 1729255719
1729255677 -23.0083494 -43.2857703 146431139
2888534614 -23.008291 -43.289061 344377876 344377877
1729255674 -23.0082466 -43.2855734 1729255671
146431139 -23.008239 -43.285578 1729255735
3759568295 -23.008228 -43.287711 3759568294 326239746
344377872 -23.008211 -43.287505 1768802048 1768802152
326239746 -23.00814 -43.287758 3759568295 326239748
1768802048 -23.008133 -43.287508 344377872 326239745
344377876 -23.0081 -43.288842 2888534609 2888534614
1729255651 -23.0080854 -43.2852143 1729255674
1729255735 -23.0080775 -43.2852183 146431138
326239748 -23.008035 -43.287862 326239746 344377874
2888534609 -23.008013 -43.288695 344377875 344377876
326239745 -23.007995 -43.287443 1768802179 1768802048
3881893187 -23.0079863 -43.2883671 1584076294 1584076265
344377874 -23.00797 -43.287989 2888534606 326239748
344377875 -23.007964 -43.288528 2888534609 1584076265
1584076265 -23.0079511 -43.2883497 2888534606 344377875 3881893187
2888534606 -23.007936 -43.28814 344377874 1584076265
1768802179 -23.007909 -43.287374 1768802133 326239745
1768802133 -23.007808 -43.287238 1768802179 326239744
1729255670 -23.0077756 -43.284453 1729255651
146431138 -23.0077677 -43.2844568 1729255687
1729255758 -23.0076857 -43.2842328 1729255670
1729255687 -23.0076778 -43.2842369 1729255691
1729255701 -23.0076111 -43.2840742 1729255758
1729255691 -23.0076035 -43.2840789 1729255667
1729255663 -23.0074962 -43.2838767 1729255701
1729255667 -23.007489 -43.283882 146431136
1729255706 -23.0072036 -43.2834281 1729255663
146431136 -23.0071965 -43.2834335 146431135
326239744 -23.007139 -43.285678 326239743 1768802133
326239743 -23.006868 -43.285114 1768802187 326239744
1768802187 -23.006507 -43.284499 1768802144 326239743
1729255655 -23.0064538 -43.2822333 1729255706
146431135 -23.0064466 -43.2822386 1729255704
1729255661 -23.0063588 -43.2820792 1729255655
1729255704 -23.0063516 -43.2820844 1729255695
1729255702 -23.0062893 -43.2819608 1729255661
1729255695 -23.0062819 -43.2819658 1729255739
1729255660 -23.0062138 -43.2818274 1729255702
1729255739 -23.0062061 -43.281832 1729255723
1768802144 -23.006173 -43.284053 326239742 1768802187
1729255645 -23.0061499 -43.2816852 1729255660
1729255723 -23.006142 -43.281689 1729255728
326239742 -23.006101 -43.283907 1768802144 2888534601
1729255707 -23.0060948 -43.2815309 1729255645
1729255728 -23.0060866 -43.2815343 146431134
1729255659 -23.0060097 -43.2812898 1729255707
146431134 -23.0060015 -43.2812929 146431133
2888534601 -23.005964 -43.283425 2888529700 326239742
2888529700 -23.005897 -43.283288 2888529699 2888534601
1729255675 -23.0056797 -43.2801462 1729255659
146431133 -23.0056714 -43.2801492 1729255754
2888529699 -23.005648 -43.282882 326239739 2888529700
326239739 -23.005299 -43.282048 2888529698 2888529699
2888529698 -23.005227 -43.281914 326239737 326239739
326239737 -23.005116 -43.28176 2888529697 2888529698
2888529697 -23.005013 -43.281652 326239736 326239737
326239736 -23.004718 -43.281382 326239735 2888529697
326239735 -23.004411 -43.281027 326239734 326239736
326239734 -23.00409 -43.280731 326239733 326239735
326239733 -23.00404 -43.28064 326239734 344377871
344377871 -23.003947 -43.280264 1160445801 326239733
1160445801 -23.003917 -43.280193 1768802177 344377871
1768802177 -23.003852 -43.280101 1160445801 326239732
