3905489090 -23.0138033 -43.3995127 349338439 3905489089
3905489089 -23.0137963 -43.3994666 3905489090 349338440
349338440 -23.0137899 -43.3994243 3905489085 3905489089
3905489085 -23.0135822 -43.3979013 3905489084 349338440
3905489084 -23.0135756 -43.3978558 3905489085 3905489082
3905489082 -23.0135692 -43.3978114 3905489084 349338441
349338441 -23.0134941 -43.3972598 3905489081 3905489082
3905489081 -23.0134495 -43.3969157 3905489080 349338441
3905489080 -23.0134442 -43.3968701 3905489081 3905489079
3905489079 -23.0134392 -43.3968266 3905489080 3905489077
3905489077 -23.0132381 -43.3953926 3905489079 3905489076
3905489076 -23.0131738 -43.3948744 3905489077 3905489075
3905489075 -23.0131681 -43.3948279 3905489076 349338442
349338442 -23.0131631 -43.3947867 3905489075 3905489073
3905489073 -23.0129805 -43.3929329 3905489072 349338442
3905489072 -23.0129764 -43.3928859 349338443 3905489073
349338443 -23.0129729 -43.3928443 3905489072 3905489070
3905489070 -23.0127851 -43.3908896 349338443 3905489069
3905489069 -23.0127801 -43.3908439 3905489070 349338444
349338444 -23.0127753 -43.3907992 3905489069 2938917554
2707311232 -23.006689 -43.3989239 2707408304
1772728978 -23.0065935 -43.3988185 1772728966 1772728976
1772728976 -23.0062851 -43.3972234 1772728975 1772728978 1772728974
1772728975 -23.0061925 -43.3967448 1772728972 1772728976 1772728970
1772728974 -23.006093 -43.3971392 1772728976 1772728968
1772728972 -23.0059777 -43.3969058 1772728969 1772728975
2707541932 -23.0059414 -43.3947716 2707541930 1766709632
1772728970 -23.0059243 -43.3949654 1772728975 1772728958
1772728968 -23.0058585 -43.3971148 1772728974 1772728965
1772728969 -23.0058565 -43.3969385 1772728972 1772728967
2707541930 -23.0057869 -43.3945503 1772774015 2707541932
1772728967 -23.0057124 -43.3969401 1772728963 1772728969
2283838692 -23.005666 -43.3945695 2283838726 1772774015
2283838726 -23.0056258 -43.3946972 2283838692 1766709632
1772728966 -23.0056109 -43.3991854 1772728961 1772728978 1772728950
1772774015 -23.0056019 -43.3944206 2283838692 1772774013 2707541930
1772728965 -23.0056005 -43.3972096 1772728968 1772728955
1772728963 -23.0055316 -43.396894 1772728953 1772728967 1772728962
1772728962 -23.0054897 -43.3960638 1772728963 1772728960
1766709632 -23.0054879 -43.3947726 2707541932 2283838726 1766709634
1772728961 -23.0054362 -43.398459 1772728957 1772728966
1772728960 -23.0053645 -43.3957484 1772728958 1772728962
1772728958 -23.005311 -43.394922 1772728945 1772728960 1772728970
1772728957 -23.0052791 -43.398225 1772728955 1772728961
1772774013 -23.0051673 -43.3942786 1772774009 1772774015
1772728955 -23.0051301 -43.3974352 1772728954 1772728957 1772728965
1772728954 -23.005071 -43.3974416 1772728955 1772728942
1772728953 -23.0049346 -43.3967963 1772728963 1772728948
1772728948 -23.0045296 -43.3969193 1772728943 1772728949 1772728953
1772728950 -23.0045022 -43.3995712 1772728966 1772728944 1772728935
1772728949 -23.0045004 -43.3959987 1772728947 1772728948
1772728947 -23.0043912 -43.3957138 1772728945 1772728949
1772728945 -23.0043721 -43.3948589 1772728958 1772728947 1772728933
1772728944 -23.0043132 -43.3986761 1772728941 1772728950
1772774009 -23.0042706 -43.3939576 1772774013 2853749202
1772728942 -23.0041578 -43.3973312 1772728954 1772728940
1772728941 -23.0041569 -43.3984709 1772728940 1772728944
1772728943 -23.0040844 -43.3970412 1772728937 1772728948
2853749202 -23.0039559 -43.3938317 1772774007 1772774009
1772728940 -23.0039168 -43.3974412 1772728938 1772728942 1772728941
1772774007 -23.003757 -43.3937246 2853749201 2853749202
2853749201 -23.0036688 -43.3936119 1772774007 2853748300
1772728938 -23.0036341 -43.3976039 1772728940 1772728936
1772728937 -23.0036007 -43.3968643 1772728932 1772728943
2853748300 -23.0035581 -43.3934409 1772774001 2853749201
1772728936 -23.0035471 -43.397625 1772728938 1772728934
1772774005 -23.0035469 -43.3902291 2707746083 1772774003
1772774001 -23.0035028 -43.3932587 2853748299 2853748300
1772774003 -23.0034963 -43.3904903 2853748299 1772774005
2853748299 -23.0034855 -43.3930971 1772774001 1772774003
2707311327 -23.003444 -43.3960208 2707311326 1772728932
1772728932 -23.0034391 -43.3968256 1772728917 1772728937 2707311327
1772728934 -23.0034098 -43.3976063 1772728931 1772728936
1772728935 -23.003381 -43.3999863 1772728927 1772728906 1772728950
1772728933 -23.0033791 -43.3948143 2707311326 1772728913 1772728945
1766709634 -23.0033646 -43.3946868 1772776632 1766709632
2707311326 -23.0033501 -43.3956794 1772728933 2707311327
1772728927 -23.0032379 -43.3992438 1772728923 1772728935
1772728931 -23.003224 -43.3975421 1772728934 1772728919
1772728923 -23.0030962 -43.3990539 1772728922 1772728927
1772728922 -23.0029716 -43.3984706 1772728910 1772728923 1772728915
1772728917 -23.0029456 -43.3971262 1772728919 1772728932
1772728919 -23.0029405 -43.3974313 1772728931 1772728917 1772728899 1772728915
1772728915 -23.0029351 -43.3982797 1772728919 1772728922
1772728910 -23.0024689 -43.3985068 1772728922 1772728901
1772776684 -23.0023432 -43.3936686 2707541677
2707541822 -23.0023428 -43.3934364 1772776684
1772776687 -23.0023423 -43.3931523 2707541822
1772728907 -23.0023255 -43.3995111 1772728900 1772728906
1772728901 -23.0022535 -43.3987141 1772728910 1772728900
1772728900 -23.002222 -43.399256 1772728901 1772728907
2707541745 -23.0021817 -43.3931459 1772776687
2707745844 -23.0021785 -43.390585 2707745853
2707745853 -23.0021728 -43.3908793 2853748297
2853748298 -23.0021606 -43.3905443 2707745844
2853748297 -23.0021496 -43.3909149 2707745835
2707745826 -23.0021248 -43.3905243 2853748298
2707745835 -23.0021236 -43.3909371 2707745713
2707541677 -23.0020594 -43.3936741 1772776675
1772728899 -23.0020455 -43.3973974 1772728919 2707408317 2707408314
2707541645 -23.0020048 -43.3931389 2707541745
1772776675 -23.0019926 -43.3936754 2707541616
2707408317 -23.0019806 -43.3973249 2707408308 1772728899
1772728913 -23.0019769 -43.3947686 2707408298 1772728933
2707408314 -23.001973 -43.3974737 2707408311 1772728899
1772776676 -23.0019565 -43.393137 2707541645
2707541616 -23.0019346 -43.3936556 2707541605
1772776674 -23.0019226 -43.3931721 1772776676
2707408311 -23.0018853 -43.3974737 2707408308 2707408314
2707408308 -23.0018853 -43.3973249 2707408317 2707408311
2707541605 -23.0018744 -43.3935603 1772776672 2707541603
2707541603 -23.0018721 -43.3932541 1772776674
1772776672 -23.0018625 -43.3935463 1772776669
1772776668 -23.0018254 -43.3932976 2707541603
1772776669 -23.0017913 -43.3934965 1772776666
2707745737 -23.0017613 -43.3900261 1772776660
1772776667 -23.0017336 -43.3933167 1772776668
1772776658 -23.0017219 -43.3906064 1772776662
1772776666 -23.001721 -43.3934768 1772776644
1772776662 -23.0017144 -43.3908305 2707745713
2707745717 -23.001697 -43.390524 1772776658 2707745826
1772776664 -23.0016878 -43.393321 1772776667
1772776660 -23.0016874 -43.3901896 2853748293
2707745713 -23.0016807 -43.3909393 2707745701 1772776642
1772776644 -23.0016772 -43.3934762 2707541577
1772776646 -23.0016718 -43.3904107 2707745717
2853748293 -23.0016652 -43.390302 1772776646
1772776642 -23.0016504 -43.3910721 2707745711
2707541593 -23.0016372 -43.3934129 2707541590 2707541585
2707541590 -23.0016372 -43.3933643 2707541593 2707541582
2707745711 -23.0016349 -43.3915462 2707745709 2707745693
2707541585 -23.0016233 -43.3934607 2707541577 2707541593
2707745709 -23.0016233 -43.3917523 2707745708
2707541582 -23.0016218 -43.3933257 2707541590 2707541579
2707541579 -23.0016127 -43.3933111 1772776664 2707541582 2707541575
2707745707 -23.0016054 -43.3905352 2707745717
2707745708 -23.0016043 -43.3923839 1772776636 2707745659
2707541577 -23.0016033 -43.3934892 1772776635 2707541585
2707541575 -23.0015994 -43.3932947 1772776636 2707541579
1772776636 -23.001586 -43.393281 2707541572 2707541575
2707745701 -23.0015856 -43.3909157 2707745671
1772776635 -23.0015755 -43.3935143 2707541577 1772776632 2707541569
2707541572 -23.0015716 -43.3932729 1772776636 2707541566
2707745693 -23.0015681 -43.3915805 2707745667
1772776632 -23.0015615 -43.3946315 1772776618 1766709634
2707745690 -23.0015605 -43.3900859 1772776656
2707745687 -23.0015585 -43.3917104 2707745709
2707408298 -23.0015438 -43.3947571 2707408296 2707408288 1772728913
2707541569 -23.0015385 -43.3935294 1772776635 2707541562
1772776631 -23.0015325 -43.390145 2707745690
2707541566 -23.0015315 -43.3932604 2707541572 2707541564
2707745674 -23.0015311 -43.3906137 2707745707 1772776631
2707745671 -23.0015285 -43.3908521 2707745674
2707408296 -23.0015257 -43.3953517 2707408292
2707745669 -23.0015146 -43.3912017 2707745671
2707745667 -23.001509 -43.3915385 2707745669
2707745664 -23.0015051 -43.3917409 2707745667 2707745687
2707541564 -23.0015045 -43.3932562 2707541556 2707541566
2707541562 -23.001503 -43.3935328 2707541559 2707541569
2707745659 -23.0014898 -43.3923724 2707745708 2707745664
2707408294 -23.0014808 -43.3996027 2707408290
2707541559 -23.0014706 -43.3935303 1772776620 2707541562
2707541556 -23.0014698 -43.3932595 2707541564 1772776623
1772776623 -23.0014594 -43.3932623 2707745659 2707541556 2707541554
2707408292 -23.0014589 -43.3954051 2707408286
1772776620 -23.0014487 -43.3935216 2707541559 2707541552
2707541554 -23.0014374 -43.3932755 1772776623 2707541549
1772776618 -23.0014234 -43.3946287 1772776620 3315748187 1772776632
2707541552 -23.0014166 -43.3934942 1772776620 1772776604
2707408288 -23.0014147 -43.3947534 2707408283 2707408298
2707541549 -23.0014135 -43.3932956 1772776606 2707541554
1772776606 -23.0014029 -43.3933102 2707541546 2707541549
2707408286 -23.0013998 -43.3953593 2707408288
1772776604 -23.0013934 -43.3934557 2707541544 2707541515 2707541552
2707541546 -23.0013911 -43.3933299 1772776606 2707541541
2707541544 -23.0013826 -43.3934154 2707541541 1772776604
2707541541 -23.0013818 -43.3933769 2707541546 2707541544
2707541515 -23.0011044 -43.3934504 2707541491
2707541507 -23.0009183 -43.3932889 1772776606
2707541494 -23.0007911 -43.3932833 2707541507
2707541491 -23.0007802 -43.3934446 2841027310
3315748187 -23.0007492 -43.3946118 1772776618 1766709630
171781360 -23.000738 -43.3900914 2707745439 2889873418
2841027311 -23.0007212 -43.3932267 2707541494
2841027310 -23.0007189 -43.3934767 1772776596
2707745439 -23.0007072 -43.3911895 2834315942
2834315942 -23.0006748 -43.3924503 1772776597
1772776597 -23.0006528 -43.3931311 1772776596 2841027311
1772776596 -23.0006448 -43.3935494 1766709630
1766709630 -23.0006121 -43.3946084 2707408283 3315748187
2707408283 -23.0006071 -43.3947488 2707408288 2834315940
2834315940 -23.0005824 -43.3953518 171783983
2889873418 -23.0005693 -43.3909322 171780646
171783983 -23.0005647 -43.3958933 171785729
171785729 -23.0005479 -43.3965628 2370340665 171785728
2370340665 -23.0005427 -43.3968651 2786622312
2786622312 -23.0005415 -43.3969819 171785779
171785779 -23.0005275 -43.3975626 171660337
171660337 -23.0005125 -43.3981854 171787484
146452620 -23.0005048 -43.3910738 171780646
171787484 -23.0004977 -43.3985849 1772728890 171787482
171785728 -23.0004811 -43.3967655 171785727
171780646 -23.0004661 -43.3918472 171784689
2054810027 -23.000465 -43.3971066 171785779
2889873499 -23.0004489 -43.3970664 2054810027
2889873429 -23.0004409 -43.3951312 171783983
171786842 -23.0004144 -43.3970476 2889873499
171785727 -23.0004073 -43.3968106 1367382197
171784689 -23.000395 -43.394671 2889873429 1367382197
171787482 -23.0003871 -43.3989024 171787481
1367382197 -23.0003613 -43.3968143 2370340666 2699064158
2370340666 -23.0003592 -43.3968686 3175002570
3175002570 -23.0003558 -43.3970384 2786622338 171786842
2786622338 -23.0003539 -43.3971343 171786858
171787481 -23.0003318 -43.3991943 171787479
171787479 -23.0003167 -43.3994365 171786858
146447080 -23.0003152 -43.390473 1367382198
2699064158 -23.0003057 -43.3968145 2786622307
2786622349 -23.000304 -43.3970352 3175002570
171786858 -23.000281 -43.3996717 2938910421
171782958 -23.0002765 -43.3911777 146447080 171782957
2786622307 -23.0002715 -43.3968134 2786622305
171782957 -23.0002709 -43.3901631 171782955
2786622353 -23.0002376 -43.397031 2786622349
2786622305 -23.0001893 -43.3968138 171785726
2841021131 -23.0001891 -43.3955365 2054810037
2786622375 -23.0001849 -43.3970277 2786622353
2054810037 -23.000182 -43.3944945 171782958
2786622399 -23.0001549 -43.3966783 2841021131
171785726 -23.0001498 -43.3968111 171785725 2786622399
2370340663 -23.0001477 -43.3968726 171785726
2054810007 -23.0001477 -43.3946866 2054810037
1367382187 -23.0001435 -43.3970251 2370340663 2786622375
171783880 -23.0001184 -43.3949027 2054810007
171786843 -23.0000963 -43.3970198 1367382187
2917973860 -23.0000777 -43.3904667 2834395293
171785725 -23.0000539 -43.3967982 2889873498
2786622378 -23.0000475 -43.397025 171786843
171783882 -23.0000394 -43.3951001 171783880
2889873498 -23.0000181 -43.396774 2054810000
171647027 -23.0000069 -43.3934132 2917973860
2054810040 -23.0000067 -43.3970518 2786622378
