2917947348 -22.9999965 -43.3940794 171647027
2054810000 -22.9999898 -43.3967172 171784733
171783883 -22.9999799 -43.3954137 171783882 2917947348
1772720018 -22.999975 -43.3955907 171783883
171786844 -22.9999672 -43.3971135 2054810040
2834395290 -22.9999542 -43.398983 2834395289
171784733 -22.9999503 -43.3964678 1772720018
2834395289 -22.9999445 -43.3984921 2834395288
2917947347 -22.9999371 -43.3940353 2917947348
2786622294 -22.9999367 -43.3967737 171784733 2786622298
2370340664 -22.9999339 -43.3968727 2786622294
171647028 -22.9999314 -43.3973737 2370340664 171786844
2917973855 -22.999913 -43.3905399 2917973860
1772720009 -22.9999034 -43.3958697 1772720018
1772720014 -22.9999019 -43.3979484 171647028
171788637 -22.9998778 -43.3997078 171647029
2834395288 -22.9998773 -43.3982934 1772720014
2786622298 -22.9998639 -43.3967092 2786622294 2786622301
2786622303 -22.9998515 -43.3959582 1772720009
1772720012 -22.9998507 -43.3988138 1772719983 2834395288
2834395287 -22.9998369 -43.3991122 2834395290 1772720012
171647029 -22.9998261 -43.3993058 2834395287
2917947344 -22.999822 -43.393999 2917947347
2917897903 -22.9998059 -43.3982429 1772720014
1772720003 -22.9998023 -43.3924087 1772720001
1772720001 -22.9998018 -43.3928107 1772720003 1772719984
2834976025 -22.9997971 -43.3921221 1772719995
1772719995 -22.9997967 -43.3917692 1772719992 2834976025
2786622301 -22.9997898 -43.3965563 1772719982 2786622298
1772719983 -22.9997536 -43.3985973 2917893499 2917897902
2917973835 -22.9997311 -43.3905029 2917973855
1772719994 -22.9997272 -43.3960158 2786622303
1772719984 -22.999723 -43.3933711 2917947338 1772720001
1772719999 -22.9997227 -43.3983296 2917897903
1772719992 -22.9997011 -43.3912162 1772719958 1772719995
1772719982 -22.999691 -43.3964436 1772719980 1772719941 2786622301
2917947341 -22.9996784 -43.3940122 2917947344 2917947336
1772719980 -22.9996424 -43.3978945 1772719965
2917893499 -22.9996296 -43.3985173 1772719942
2917973834 -22.9996281 -43.3900299 2917973835
1772719972 -22.9996112 -43.3983432 1772719999
1772719979 -22.9996078 -43.3961957 1772719982
2917947338 -22.9995909 -43.393991 2917947341 1772719984 2867846366
1772719954 -22.9995824 -43.3965751 1772719963
1772719967 -22.9995808 -43.3959949 1772719994
1772719965 -22.9995749 -43.3980793 1772719939
2841023007 -22.999565 -43.3983011 1772719972
1772719963 -22.9995616 -43.3964551 1772719941
2867846366 -22.9995577 -43.394147 2917947338 1772719926
1772719958 -22.9995521 -43.390365 1772719899 1772719992
1772719956 -22.9995514 -43.3976106 1772719954
1772719939 -22.9995495 -43.3981359 1772719936 2841022311
1772719952 -22.999536 -43.3978366 1772719956
2841022311 -22.999531 -43.3982382 2841023007
1772719942 -22.9994991 -43.3985045 1772719932
1772719941 -22.9994922 -43.3963045 1772719922 1772719982
1772719940 -22.9994898 -43.3980416 1772719952
2917947336 -22.9994411 -43.3947067 2917947333 2917947341
1772719938 -22.9994267 -43.3959446 1772719979 1772719967
1772719937 -22.999405 -43.398163 1772719940
1772719936 -22.9993864 -43.3983686 1772719972 2841018729
1772719926 -22.9993685 -43.3946791 2917947331 2867846366
1772719932 -22.9993574 -43.3985295 1772719895
1772719922 -22.9993212 -43.3960896 2917916044
2841018729 -22.999316 -43.398475 1772719895
1772719920 -22.9993128 -43.3982768 1772719937
1772719924 -22.999311 -43.3983576 1772719936
2917947333 -22.9992504 -43.3951111 1772719891 2917947336
2917916044 -22.999233 -43.3960312 1772719820
2917947331 -22.9992033 -43.3950174 1772719926 2917947328
1772719897 -22.9991913 -43.3983594 1772719924 1772719920
1772719895 -22.9991488 -43.3986252 2841026802
1772719891 -22.9990864 -43.3953834 1772719852 2841027004 2917947333
1772719890 -22.9990833 -43.3994777 1772719905
2917947328 -22.9990539 -43.3952729 2917947331
1772719894 -22.9990534 -43.3957026 1772719938 2841022033
2841022033 -22.9990246 -43.3956477 1772719894 2841018617
2841018617 -22.9990145 -43.3956149 2841022033 2841027004
2841027004 -22.999012 -43.3955536 1772719891 2841018617
1772719888 -22.9989942 -43.3924065 2834976019
2917929873 -22.9989902 -43.3921137 1772719885
2834976019 -22.9989486 -43.3929279 1772719888 1772719865
1772719887 -22.9989466 -43.399552 1772719857 1772719892
1772719885 -22.9989425 -43.3914258 2841022028 2917929873
2841022028 -22.9989088 -43.391118 1772719885 1772719848
1772719865 -22.9988665 -43.3934451 2834976019 1772719849
2841026802 -22.9988504 -43.3987787 2917893492
2841024811 -22.9988405 -43.3986993 2841026802
1772719857 -22.998808 -43.399234 1772719847 1772719887
2917893492 -22.9988042 -43.3988599 1772719890 2841021116
2841026011 -22.9987818 -43.3986507 2841024811 1772719897
1772719852 -22.9987376 -43.3953758 1772719891 1772719845
2841021116 -22.9987326 -43.3988533 1772719814 2841026306
1772719849 -22.9987083 -43.3938933 1772719865 1772719825
2841025016 -22.9987044 -43.3986547 2841026011
1772719847 -22.9986885 -43.3991168 1772719814 1772719857
1772719848 -22.9986754 -43.3902344 1772719822 2841022028
2841026306 -22.9986739 -43.3988047 2841026701
2841026701 -22.998664 -43.3987253 2841025016
1772719845 -22.9986105 -43.3954004 1772719852 1772719820 1772719894
1772719825 -22.9984795 -43.3944614 1772719849 1772719804
1772719820 -22.9984272 -43.3954969 1772719845 1772719790 2841025310
2841025310 -22.9984045 -43.3952905 1772719845 1772719820 1772719804
1772719814 -22.998355 -43.3990828 1772719802 1772719847
2841026501 -22.9982283 -43.3991106 1772719802
2841025307 -22.9982217 -43.3990625 2841026501
1772719802 -22.9982017 -43.3991816 1772719781
2841019909 -22.9981929 -43.399 2841025307
1772719803 -22.9981433 -43.3989665 2841026701 2841019909
1772719804 -22.9981275 -43.3950683 2841025310 1772719825 2841025713
2834976012 -22.9981217 -43.3921274 1772719799
1772719801 -22.9981107 -43.3924168 2834976011
1772719799 -22.9981025 -43.3914658 2834976009 2834976012
2834976011 -22.9980746 -43.3928784 1772719801 1772719786
1772719798 -22.9980476 -43.3996145 1772719781 2917893487
2834976009 -22.9980118 -43.3909402 1772719777 1772719799
1772719790 -22.9980011 -43.3954562 1772719820
1772719786 -22.997985 -43.3933845 2834976011 1772719775
1772719781 -22.997922 -43.3993748 2841025012 2841018723 1772719798
2841025713 -22.9978962 -43.3949224 1772719804 1772719737 2841022024
1772719777 -22.9978871 -43.3904775 1772719757 2834976009
1772719784 -22.9978507 -43.3955383 2834976006
2841025709 -22.9978422 -43.3952896 2841022024
1772719775 -22.9978121 -43.3938352 1772719786 2867859050
2841018723 -22.9977933 -43.3993773 2841025604
2834976006 -22.9977546 -43.3957796 1772719752 1772719784
2841022024 -22.9977459 -43.3950016 2841025709 2841025713 2841024708
1772719770 -22.9977424 -43.3989516 1772719803 1772719762
2841025604 -22.9977312 -43.3993492 2841021711
2841021711 -22.9976863 -43.3993269 2841026301
2841024809 -22.9976675 -43.3991178 1772719770
2841026301 -22.9976641 -43.3992812 2841024709
1772719762 -22.9976612 -43.398718 1772719748 1772719770
2841024709 -22.9976597 -43.3992043 2841024809
2841024708 -22.997648 -43.3949546 1772719721 2841022024
1772719758 -22.997616 -43.3992159 2841024809
2867859050 -22.9976139 -43.3942056 1772719775 1772719737
1772719752 -22.9975735 -43.3962647 1772719741 2834976006
1772719756 -22.9975548 -43.3993015 1772719758
1772719747 -22.9974958 -43.3993592 1772719756
1772719748 -22.9974875 -43.3982225 1772719744 1772719762
1772719744 -22.9974378 -43.3977677 1772719739 1772719748
1772719741 -22.9974339 -43.3968096 1772719752 1772719739
1772719739 -22.9974108 -43.3974288 1772719741 1772719744
1772719737 -22.9974079 -43.3945497 2867859050 1772719694 2841025713
1772719721 -22.9972905 -43.3947197 2834973499 1772719674 2841024708
1772719722 -22.9972703 -43.391605 1772719720 1772719723
2841025504 -22.9972674 -43.3924142 2841024909
1772719723 -22.997265 -43.3921367 1772719722
2841024909 -22.9972287 -43.3928526 2841025504 2841023814
2841026001 -22.9972084 -43.3997081 2841025012 2841024908
1772719720 -22.9972062 -43.3911031 2841020007 1772719722
2841024908 -22.997205 -43.3996565 2841026001 2841025011
2841025012 -22.9971906 -43.3997562 2841026001 2867846364
2841025011 -22.9971814 -43.3996118 2841025009 2841024908
2867846364 -22.9971681 -43.3997831 2841025012 1772719713
2834973499 -22.9971643 -43.3948481 1772719721 1772719703
1772719713 -22.9971493 -43.3997969 1772719727 2841020008 2867846364
2841025009 -22.9971425 -43.3995829 1772719747 2841025011 2841022306
2841023814 -22.9971181 -43.3932804 2841024909 1772719710
2841020008 -22.9971094 -43.3998054 2841022303 2841023614 1772719713
2841020007 -22.9971012 -43.3907582 1772719720 2917965438
2841022306 -22.9970958 -43.3995751 2841025009 1772719712
2841022304 -22.9970855 -43.3902314 1772719757 2841025901 1772719700
2841022303 -22.9970627 -43.3997967 2841020006 2841020008
1772719712 -22.9970522 -43.3995891 2841022306 2841019513 2867859049
2841025901 -22.9970339 -43.3902271 2841019512
2841020006 -22.9970242 -43.399767 2841022303 2841019407
1772719710 -22.9970213 -43.3935168 2841023814 1772719694
2841019513 -22.9970163 -43.3996241 1772719712 2841025305
2917965438 -22.9970127 -43.390535 1772719700 2841020007
1772719703 -22.9970061 -43.3950755 2834973499 2834973495
2841022608 -22.9970034 -43.3900994 1769640507 1769640558
2841019407 -22.9970014 -43.3997222 2841020006 2841025305
2841025305 -22.9969987 -43.3996712 2841019513 2841019407
2841019512 -22.9969917 -43.3902046 2841025304
2841025304 -22.9969842 -43.3901542 2841022608
2834973495 -22.9969371 -43.3952425 1772719703
2841025403 -22.9969165 -43.3902481 2841020004
2841020004 -22.9969129 -43.3902949 1772719700
2841020003 -22.9968889 -43.3902182 2841025403
1772719700 -22.9968846 -43.3903352 2841023806 2841022304 2917965438
2841021808 -22.9968794 -43.3953889 1772719696
2867859049 -22.9968667 -43.3991524 2867859048 1772719712
1769640507 -22.9968197 -43.3902 2841020003 1772719670 2841025402 2841022608
1772719696 -22.9967525 -43.395861 2841021808 2841022123
2867859048 -22.9967492 -43.3987429 2867859047 2867859049
2841022123 -22.9966972 -43.3961857 1772719696 2841022018
1772719694 -22.9966966 -43.3940852 1772719710 1772719649 1772719737
2841025702 -22.9966957 -43.3971595 2841022122
2841025701 -22.996691 -43.3970967 2841025702
2841022122 -22.9966785 -43.39727 2841018608
2841021710 -22.9966597 -43.3969692 2841025701
2841018608 -22.9966503 -43.3973397 1772719677
2867859047 -22.9966495 -43.3981832 2867859046 2867859048
2841022018 -22.9966352 -43.3965698 2841018720 2841022123
2841018720 -22.9966112 -43.3968638 2841021710 2841022018
2867859046 -22.9965982 -43.3977329 2867859047 1772719677
1772719677 -22.9965864 -43.3974168 2841023810 2867859046
2841025006 -22.9965502 -43.3969828 2841018720
2841023810 -22.9965486 -43.3973227 2841023809
1772719674 -22.9965342 -43.3942239 2834973489 1772719721 1772719637
2841023809 -22.9965251 -43.397202 2841024906
2841024906 -22.9965205 -43.3971035 2841025006
1772719672 -22.9964502 -43.3917357 2834973487 2834973488
2834973488 -22.9964434 -43.392121 1772719672
2834973489 -22.9964394 -43.3943252 1772719674 2834973486
2834973487 -22.9964376 -43.391458 1772719672 1772719667
1772719671 -22.9964271 -43.3923531 1772719669
1772719669 -22.9964188 -43.3926755 1772719671 1772719661
2841023806 -22.9963854 -43.3906998 2841024903 2841022907 1772719700
1772719667 -22.9963714 -43.3911692 2841022605 2834973487
2841024903 -22.9963308 -43.3906863 2841020213
2841020213 -22.9962996 -43.3906531 2841022906
2841022907 -22.996299 -43.390755 2841023806 2841025303
2841025402 -22.9962957 -43.3905583 1769640507 1769640557
1772719661 -22.9962944 -43.3931275 1772719669 1772719649
2841022906 -22.9962925 -43.3906034 2841025402
2841022605 -22.9962746 -43.3909543 2841025401 2841025303 1772719667
2834973486 -22.9962572 -43.3945974 2834973489 2834973485
2841019712 -22.9962251 -43.390752 2841025303
2841019509 -22.9962171 -43.3907048 2841019712
2841025303 -22.9962057 -43.3908121 2841022605 2841022907 2841024109
2841020309 -22.9961874 -43.3906698 2841019509
2841025401 -22.9961809 -43.3909259 2841022904
2841022904 -22.9961191 -43.3909153 2841024109
1769640557 -22.9961186 -43.3906683 2841020309 2841024803 2841025402 1769640520
2834973485 -22.9961101 -43.3949754 2834973486 2834973483
2841018718 -22.9960557 -43.3995047 1772719645 2917893471
2834973483 -22.9960403 -43.3952072 2834973485
2841024109 -22.9960288 -43.390924 2841023402 2841025303
2841022016 -22.9960118 -43.3953663 2841024108
1772719649 -22.9959749 -43.3935994 1772719661 1772719694
2841024108 -22.9958791 -43.3959714 2841022016 2841022115
1772719645 -22.9958659 -43.3988044 2841022013 2841018718
2841022014 -22.9958547 -43.3971542 2841025104
2841018717 -22.9958503 -43.3970401 2841022014
1769640520 -22.9958469 -43.3901383 1769640555 1769640557
2841025104 -22.995837 -43.3972564 2841025103
2841022116 -22.9958259 -43.3969463 2841018717
2841022013 -22.9958134 -43.3983523 2841022012 1772719645
2841025103 -22.9958093 -43.3973225 1772719636
2841022115 -22.995798 -43.3965677 2841024108 2841022114
2917929870 -22.9957844 -43.3934648 1772719613
2841022114 -22.9957747 -43.3968332 2841022116 2841022115
2841022012 -22.9957684 -43.3978789 1772719636 2841022013
1772719636 -22.9957492 -43.3974577 2841022012 2841023505
1772719637 -22.9957391 -43.3937098 1772719674 2841024008 1772719626
2841023505 -22.995712 -43.3973141 2841024902
2841024011 -22.995712 -43.3969499 2841022114
2841024010 -22.9956854 -43.3970521 2841024011
2841024902 -22.995681 -43.3971795 2841024010
2841024803 -22.995589 -43.3910244 1769640557 2841020209 2841024802
2841024802 -22.995516 -43.3910072 2841024803 2841023613
2841023613 -22.9954252 -43.390975 2841023803 2841024802
1772719626 -22.9954247 -43.3943462 1772719637 2834973474
2841023803 -22.9953454 -43.3909461 2841023108 2841023613
2841024008 -22.9953172 -43.393398 1772719637
2841020209 -22.9952994 -43.3912165 2841024803 2841019707 2841023404
2841023108 -22.9952748 -43.3909125 2841020306 2841023803 2841023106
2834973474 -22.9952692 -43.3948809 1772719626 2834973473
2841019707 -22.9952547 -43.3911721 2841020209 2841020305
2841020306 -22.9952327 -43.390953 2841024204 2841023108
2841020305 -22.9952218 -43.3911228 2841019707 2841023405
2841023106 -22.9952149 -43.3908722 2841023108 2841019705
2834973473 -22.995213 -43.3951701 2834973474
2841023405 -22.9952093 -43.3910684 2841020305 2841024204
2841024204 -22.9952093 -43.3910123 2841020306 2841023405
2841023403 -22.9951888 -43.3998068 2834973476 2841024202
2841023402 -22.9951854 -43.3914447 2841024109
2841019508 -22.9951816 -43.3994846 1772719620 2917893460
2841019705 -22.995172 -43.3908266 2841018514 2841023106
1772719622 -22.9951618 -43.3953829 2917893456
2841023404 -22.9951587 -43.3913208 2841020209
2841024202 -22.9951409 -43.3997528 2841023403 2841018512
2841018514 -22.9951201 -43.3907506 2841019705
2917893456 -22.9950826 -43.3957214 1772719622 1772719618
1772719620 -22.9950676 -43.3989663 2841022112 2841019508
2841018512 -22.9950663 -43.3997143 2841024202 2841018509
1772719618 -22.9950488 -43.3961569 2917893456 1772719617
2841022112 -22.9950226 -43.3986821 1772719620 1772719614
1772719617 -22.9950216 -43.3968315 1772719618 1772719614
1772719614 -22.994997 -43.3981577 1772719617 2841022112
1772719613 -22.9949869 -43.3929272 2841018707 2841018708 2917929870
2841018509 -22.9949829 -43.3997104 2841018512 1766660401
2841018707 -22.9949082 -43.3959137 1772719613 2841022008 1766660401
1766660401 -22.9948139 -43.3997063 2841018707 1772719608 2841018509
2841021708 -22.9945221 -43.39067 1766660407
1766660407 -22.9944861 -43.3919294 1766660386 2841022008 2841021708
2841022008 -22.9943843 -43.3959017 1766660407 2841018707 1766660406
1766660406 -22.9943379 -43.3966179 2841022008 1772771974
1772771974 -22.9943327 -43.3967104 2841021007 1766660406 2841018605
1766660386 -22.9937162 -43.3915325 1766660410 1766660407
2841021007 -22.9937125 -43.3967164 2841023604 1772771952
1772771951 -22.9937046 -43.3964426 1766660406
2841023604 -22.9936684 -43.3966693 2841024001
2841023802 -22.9936618 -43.3964974 1772771951
2841024001 -22.9936438 -43.3966166 2841023603
2841023603 -22.9936405 -43.3965645 2841023802
1772771952 -22.9936152 -43.3967098 2841023501
2933636294 -22.9936151 -43.3964496 1772771951
2841020804 -22.9935862 -43.3965962 2841023801
2841023601 -22.9935841 -43.3965516 2841020804
2841023801 -22.9935726 -43.3966548 2841023602
2841023602 -22.9935589 -43.3966807 2841023501
2841020803 -22.9935192 -43.3964584 2933636294 2841023601
2841023501 -22.9934966 -43.3967148 2933636282
1772771928 -22.9933688 -43.3963382 1772771917
1772771917 -22.9933261 -43.3959797 1772771908 1772771928 1772771832
1772771908 -22.9932931 -43.3956674 1772771883 1772771917
1772771896 -22.9931956 -43.3997493 1772771894 1772771897
1772771888 -22.9931941 -43.397632 1772771892 1772771828 1772771886
1772771886 -22.9931874 -43.397338 1772771885 1772771888
1772771885 -22.9931852 -43.3969803 1772771886
1772771894 -22.9931849 -43.3988417 1772771892 1772771822 1772771896
1772771892 -22.9931813 -43.3985369 1772771894 1772771888
1772771883 -22.9931545 -43.3947783 1772771881 1772771908 1772771770
1766660410 -22.9931434 -43.3914145 1766660399 1766660386
1772771881 -22.9931189 -43.394482 1772771871 1772771883
1772771871 -22.9930109 -43.3935819 1772771869 1772771881 1772771740
1772771869 -22.9929746 -43.3932787 1772771852 1772771871
1772771852 -22.9928631 -43.3923724 1772771869 1772771702 1772771850
1772771850 -22.9928285 -43.3920853 1772771846 1772771696 1772771852
1772771846 -22.9927818 -43.3916987 1772771850
1772771840 -22.9925383 -43.3997649 1772771896
1772771838 -22.9925347 -43.39735 1772771886
1772771836 -22.9925319 -43.3985546 1772771892
1772771832 -22.992525 -43.3960829 1772771815
1772771828 -22.9925148 -43.3976353 1772771806
1772771822 -22.992512 -43.39884 1772771804
1772771821 -22.9925025 -43.3997757 1772771840
1772771819 -22.9924988 -43.3973608 1772771838
1772771817 -22.9924961 -43.3985654 1772771836
1772771815 -22.9924923 -43.3960711 1772771802
1772771811 -22.9924804 -43.3958085 1772771908
1772771806 -22.992471 -43.3976007 1772771782
1772771804 -22.9924683 -43.3988054 1772771779
1772771802 -22.9924665 -43.3960473 1772771775
1772771800 -22.9924647 -43.3998341 1772771821
1772771799 -22.992461 -43.3974191 1772771819
1772771797 -22.9924583 -43.3986238 1772771817
1772771795 -22.9924574 -43.3958432 1772771811
1772771789 -22.9924468 -43.3999508 1772771787
1772771787 -22.9924448 -43.3999054 1772771680 1772771800
1772771782 -22.9924431 -43.3975359 1772771781
1772771779 -22.9924404 -43.3987406 1772771778
1772771778 -22.9924384 -43.3986952 1772771661 1772771797
1772771775 -22.9924337 -43.3960109 1772771774
1772771777 -22.9924335 -43.395886 1772771795
1772771781 -22.9924315 -43.3974749 1772771799 1772771659
2933636284 -22.9924309 -43.3966165 2841020803
1772771776 -22.992425 -43.3959226 1772771777
1772771774 -22.9924207 -43.3959749 1772771653 1772771772
1772771772 -22.992418 -43.3959532 1772771776
1772771770 -22.9923662 -43.3948832 1772771766
2933636282 -22.9923546 -43.396719 1772771657
1772771766 -22.9923335 -43.3948713 1772771762
1772771764 -22.9923215 -43.3946088 1772771881
1772771762 -22.9923076 -43.3948476 1772771752
1772771760 -22.9922986 -43.3946434 1772771764
1772771752 -22.9922799 -43.3948182 1772771742
1772771756 -22.9922746 -43.3946862 1772771760
1772771755 -22.9922662 -43.3947229 1772771756
1772771742 -22.9922618 -43.3947751 1772771646 1772771741
1772771741 -22.9922592 -43.3947535 1772771755
1772771740 -22.9922239 -43.3936859 1772771736
1772771736 -22.9921912 -43.393674 1772771733
1772771734 -22.9921793 -43.3934115 1772771869
1772771733 -22.9921653 -43.3936502 1772771719
1772771732 -22.9921563 -43.3934461 1772771734
1772771719 -22.9921382 -43.3936198 1772771717
1772771723 -22.9921324 -43.3934889 1772771732
1772771721 -22.9921239 -43.3935256 1772771723
1772771717 -22.9921196 -43.3935778 1772771618 1772771704
1772771704 -22.9921169 -43.3935562 1772771721
1772771702 -22.99207 -43.3924866 1772771852 1772771701
1772771701 -22.9920582 -43.3924823 1772771702 1772771699
1772771699 -22.9920373 -43.3924748 1772771701 1772771695
1772771696 -22.9920253 -43.3922122 1772771850 1772771691
1772771695 -22.9920114 -43.392451 1772771699 1772771689
1772771691 -22.9920024 -43.3922468 1772771696 1772771686
1772771689 -22.9919855 -43.3924121 1772771682 1772771695
1772771686 -22.9919784 -43.3922896 1772771691 1772771684
1772771684 -22.99197 -43.3923263 1772771665 1772771686
1772771682 -22.9919686 -43.3923904 1772771689 1772771667
1772771680 -22.9919681 -43.3999082 1772771690 1772771663 1772771787 1772771608
1772771667 -22.9919656 -43.3923785 1772771611 1772771682 1772771665
1772771665 -22.991963 -43.3923569 1772771667 1772771684
1772771663 -22.9919627 -43.3995705 1772771661 1772771680
1772771661 -22.9919558 -43.3987128 1772771778 1772771585 1772771663 1772771659
1772771659 -22.991946 -43.397497 1772771661 1772771657 1772771781 1772771578
1772771655 -22.9919418 -43.3966393 1772771653 1772771657 2933636284
1772771657 -22.9919406 -43.396757 1772771659 1772771655
1772771653 -22.9919249 -43.3960223 1772771646 1772771590 1772771655 1772771774
1772771646 -22.9917823 -43.3948284 1772771742 1772771653 1772771529 1772771618
1772771618 -22.9916358 -43.3936265 1772771646 1772771611 1772771717 1772771516
1772771611 -22.991489 -43.3924271 1766660399 1772771667 1772771618 1772771506
1772771609 -22.9914804 -43.3999193 1772771608
1772771608 -22.9914799 -43.3999232 1772771607 1772771680
1772771607 -22.9914794 -43.399934 1772771603
1772771606 -22.9914754 -43.3999059 1772771609
1772771603 -22.9914734 -43.3999599 1772771588
1772771590 -22.991468 -43.3960843 1772771653 1772771556
1772771588 -22.9914615 -43.3999902 1772771567
1772771586 -22.991457 -43.3987123 1772771585
1772771585 -22.9914566 -43.3987162 1772771661 1772771583
1772771583 -22.9914561 -43.398727 1772771573
1772771581 -22.9914555 -43.3998475 1772771606
1772771580 -22.991454 -43.3975012 1772771578
1772771578 -22.9914535 -43.3975051 1772771576 1772771659
1772771576 -22.991453 -43.3975159 1772771569
1772771575 -22.9914521 -43.3986989 1772771586
1772771573 -22.9914501 -43.3987529 1772771568
1772771570 -22.991449 -43.3974878 1772771580
1772771569 -22.991447 -43.3975419 1772771566
1772771568 -22.9914381 -43.3987832 1772771553
1772771566 -22.9914351 -43.3975721 1772771551
1772771565 -22.9914322 -43.3986405 1772771575
1772771564 -22.9914291 -43.3974294 1772771570
1772771556 -22.9914145 -43.3962127 1772771530
1772771553 -22.9914123 -43.39882 1772771542
1772771551 -22.9914092 -43.3976089 1772771539
1772771547 -22.9913998 -43.3997826 1772771581
1766660399 -22.9913952 -43.3916612 1766660410 1772771611 1766660384
1772771546 -22.9913892 -43.3959987 1772771590
1772771542 -22.9913844 -43.3988481 1772771532
1772771539 -22.9913814 -43.397637 1772771531
1772771537 -22.9913764 -43.3985757 1772771565
1772771536 -22.9913734 -43.3973646 1772771564
1772771533 -22.9913461 -43.3997718 1772771547
1772771532 -22.9913446 -43.3988589 1772771486
1772771531 -22.9913416 -43.3976478 1772771521
1772771530 -22.9913357 -43.3962555 1772771471
1772771529 -22.9913317 -43.3948855 1772771646 1772771523
1772771528 -22.9913227 -43.3985649 1772771537
1772771527 -22.9913197 -43.3973538 1772771536
1772771526 -22.9913188 -43.395962 1772771546
1772771523 -22.9912782 -43.395014 1772771519
1772771521 -22.9912739 -43.39765 1772771480
1772771520 -22.9912529 -43.3947999 1772771529
1772771519 -22.9911994 -43.3950568 1772771465
1772771518 -22.9911825 -43.3947633 1772771520
1772771516 -22.9911764 -43.3936928 1772771618 1772771512
1772771512 -22.9911229 -43.3938212 1772771507
1772771510 -22.9910976 -43.3936072 1772771516
1772771507 -22.9910441 -43.393864 1772771460
1772771506 -22.9910383 -43.392484 1772771611 1772771502
1772771505 -22.9910272 -43.3935705 1772771510
1772771502 -22.9909848 -43.3926124 1772771495
1772771498 -22.9909595 -43.3923984 1772771506
1772771495 -22.990906 -43.3926552 1772771456
1772771493 -22.9908891 -43.3923617 1772771498
1772771487 -22.9908534 -43.3997935 1772771533 1772771486 1772771489
1772771486 -22.9908397 -43.3988598 1772771484 1772771487
1772771484 -22.9908354 -43.3985694 1772771486 1772771528 1772771480
1772771480 -22.9908201 -43.3976694 1772771479 1772771484
1772771479 -22.9908123 -43.397371 1772771527 1772771476 1772771480
1772771476 -22.9908111 -43.3970471 2933636273 1772771479
2933636273 -22.9907638 -43.3969297 1772771476
1772771475 -22.9907468 -43.3965216 2933636272 1772771471
2933636272 -22.9907269 -43.3966459 1772771475
1772771471 -22.9906897 -43.3963425 1772771475 1772771469
1772771469 -22.9906214 -43.3960621 1772771465 1772771526 1772771471
1772771465 -22.9904046 -43.3951721 1772771469 1772771463
1772771463 -22.9903356 -43.394889 1772771465 1772771518 1772771461
1772771461 -22.9902403 -43.3944978 1772771463 1772771460
1772771460 -22.990168 -43.3939907 1772771459 1772771461
1772771459 -22.9901255 -43.3936922 1772771456 1772771505 1772771460
1772771456 -22.9900056 -43.3927958 1772771459 1772771455
1772771455 -22.989971 -43.3924769 1772771456 1772771454 1772771493
1772771454 -22.9899269 -43.392069 1772771455
1766660384 -22.9899039 -43.3918221 1766660393 1766660399
1766660393 -22.9897804 -43.3917335 1766660384
