474811348 -23.031558 -43.4729885 474811349
2689123129 -23.031419 -43.4795788 474816067 2689123126
2689123126 -23.0312309 -43.4789009 2689123129 474811207
474811351 -23.0312138 -43.4742261 3238584981
3238584981 -23.0311447 -43.4742342 474811351 474811352
474811207 -23.0311186 -43.478141 474811223 2689123126 474811209
3011402370 -23.0310752 -43.4717672 3011402365
2675911163 -23.0310685 -43.4716893 3011402370 3011402364
3011402365 -23.0310664 -43.4718623 474811165
349337941 -23.0310524 -43.471601 2675911163
3011402364 -23.0310473 -43.4717948 3011402357
474811165 -23.031045 -43.4719428 349335730
3011402357 -23.0310105 -43.4718595 3467950591
474811354 -23.0310075 -43.4755232 474811355
349335730 -23.0310066 -43.4720325 3011402352 3011402358
3011402358 -23.0310029 -43.4718981 3467950591
3467950591 -23.0309993 -43.4718723 2841034009 2675911161
474811223 -23.0309876 -43.4768279 474811224 474811207
2675911161 -23.0309844 -43.471764 349337964
349337964 -23.0309685 -43.4716673 3011402355
2841034009 -23.0309624 -43.4719149 2676024477
3011402355 -23.0309606 -43.471625 349337963
3011402352 -23.0309521 -43.4722144 349335730 474811349 3011402351
3011402351 -23.0309408 -43.472149 3011402349
2676024487 -23.0309326 -43.4717681 349337964
3011402349 -23.0309192 -43.4720966 2676024485
2676024485 -23.0308884 -43.4720563 2676024481
2642368906 -23.0308739 -43.4708799 349337941
2676024483 -23.0308688 -43.4718545 2676024487
2676024481 -23.0308364 -43.4720401 2676024477
474811349 -23.0308002 -43.4726693 3011402352 349335733 474811348
349337963 -23.0307897 -43.4709979 2675911159
2676024479 -23.0307748 -43.4719242 2676024483
2676024477 -23.0307459 -43.4720529 474816113
3011833710 -23.0307047 -43.4719644 2676024479
2675911159 -23.0306748 -43.4706526 349337962
3283750617 -23.0306706 -43.4799571 3467950590 349335741
349337943 -23.0306686 -43.4701394 2642368906
3467950590 -23.0306537 -43.4798998 474816067 3283750617
474816067 -23.0306303 -43.4798204 2689123129 349335739 3467950590 474816057
2676024475 -23.0305714 -43.4720382 2689100961 3011833710
474816113 -23.0305661 -43.4721512 474816125
349335733 -23.0305626 -43.4734114 474811349 474811352
349335739 -23.0305149 -43.4794012 474816067 474811209
349337962 -23.0305084 -43.4702867 349337961
349337961 -23.0304154 -43.470128 2841027620
474811352 -23.0304029 -43.4740854 349335733 3238584981 349335735 3467950589
2689100961 -23.030374 -43.4716457 474816111 2689100959 2676024475
2841027620 -23.0303043 -43.4700233 349337960
3467950589 -23.0302904 -43.4740671 474811352 474816107
474811209 -23.0302856 -43.4783238 349335739 474816056 349335738 474811207
349335735 -23.0302531 -43.4750257 474811352 474811355
349335738 -23.0302121 -43.4777242 349335737 474811209
474811355 -23.0302047 -43.4754699 2689123121 349335735 349335736 474811354
349335737 -23.0301787 -43.4772292 474811224 349335738
349335736 -23.0301783 -43.4761782 474811355 474811224
474811224 -23.0301711 -43.4768877 349335737 474811223 349335736 474816053
2689100959 -23.030144 -43.471715 2689100957 2689100961
2689100957 -23.030076 -43.471687 2689100959 2689100949
474816111 -23.0300533 -43.4710168 474816110 2689100961
2685971972 -23.0299875 -43.472358 2676024475
474816110 -23.0299585 -43.4708966 474816111 474816118
2689100949 -23.029916 -43.471453 2689100957 2689100932
474816118 -23.0298163 -43.4709052 474816110 2689100926
3011402228 -23.0297993 -43.4700529 2689100938
2689100940 -23.0297946 -43.4700178 3011402228
2689100938 -23.0297864 -43.4700879 474816092
2685971968 -23.0297637 -43.4724805 2685971972
474816125 -23.0297122 -43.4726281 2676024473 474811168
2689100932 -23.029706 -43.471204 2689100949 2689100926
474816092 -23.029699 -43.4701326 474816091 3011402223
474816105 -23.0296741 -43.4732999 474816107
3011402223 -23.0296728 -43.4701221 2689100928
2676024473 -23.0296721 -43.4725307 474816125 2685971968 474816124
2689100928 -23.0296546 -43.4701015 3011402222
2689100930 -23.0296544 -43.470041 2689100936
3011402222 -23.0296504 -43.4700741 2689100930
2689100926 -23.0296025 -43.4710247 474816116 474816118 2689100932
474816107 -23.0295319 -43.4739436 474816105 474816139 3467950589
474816056 -23.0294513 -43.4785186 474816055 474811209 474819173 474816057
2689123124 -23.029448 -43.474946 2689123121
2689123121 -23.0294164 -43.4754333 2689123124 474811355 474816051
474816055 -23.0293589 -43.4778071 474816056
474816051 -23.0293333 -43.47543 474811215 2689123121 2689123118
474816124 -23.0293055 -43.4716712 474816121 2676024473
2689123118 -23.0293046 -43.4761517 474816051 474816053
474816053 -23.0293045 -43.4769881 2689123118 474811224 474811213
474816121 -23.0292254 -43.4715832 474816129 474816124
474816116 -23.0291844 -43.4712657 474816089 474816114 2689100926
2689100915 -23.0291638 -43.4703099 2689100930
474816129 -23.0290896 -43.4715832 474816127 474816121
2689100909 -23.0290681 -43.4703931 474816091
474816091 -23.0290651 -43.4704793 2689100901
2689100907 -23.0290206 -43.4703442 2689100915 2689100909
474816149 -23.0289601 -43.4723045 474816127
2689100901 -23.0289355 -43.4705582 474816089 2689100895
2689100899 -23.0289293 -43.4703341 2689100907
2689100897 -23.0288871 -43.4703643 2689100899 2689100891
474816089 -23.0288793 -43.4705922 474816088 474816116
2689100895 -23.028859 -43.4705212 2689100893
2689100893 -23.0288459 -43.4704464 2689100897
2689100891 -23.0288369 -43.4702843 874321001 2689100897
2676024471 -23.028815 -43.4730152 2676024473
474811168 -23.028809 -43.4731288 474816135 3467950588
3467950588 -23.0288088 -43.4731504 474816139 474811168
2689100890 -23.028807 -43.4705068 2689100893
474816139 -23.0288034 -43.4738012 474816107 2689123115 3467950588
474819172 -23.0287412 -43.4793253 474819170 474819173
2676024469 -23.0287198 -43.4730657 2676024471
474816135 -23.0287138 -43.4731792 3777516192 2676024467
474816088 -23.0287046 -43.4706817 2689100888
2676024467 -23.0286729 -43.4730916 2676024469 474816134 474816135
2689100888 -23.0286614 -43.4705816 2689100879 2689100890
474816127 -23.0286525 -43.4718676 474816129 474816114 474816149
2689123115 -23.0286491 -43.4743591 474816139 2689151784 474811160
474819173 -23.028634 -43.4787034 474819172 474816056 3011833698 474811157
474811160 -23.0285709 -43.474838 474811161 474811215 2689123115
474811215 -23.0285142 -43.4753687 474816051 2689151790 3011833697 474811160
474816134 -23.0285129 -43.4727334 2689100884 2676024467
3011833698 -23.0284823 -43.4778568 474819173 474811210
474816114 -23.0284734 -43.4716777 474816116 474816148 474816127
474811213 -23.0284587 -43.4770468 474819169 474811210 3011833697 474816053
474811210 -23.0284569 -43.4776288 474811158 3011833698 474811213
3011833697 -23.0284168 -43.4765368 474811215 2689151790 474811213
2689100884 -23.0283772 -43.4724774 474816133 474816134
2689151790 -23.0283258 -43.4753552 474811215 474811356 3011833697
474816148 -23.028292 -43.4715042 474816147 474816114
2676024465 -23.0282649 -43.4733198 2689100881 2676024467
474816133 -23.0280739 -43.4720132 2689100884
2689100881 -23.0280271 -43.4729013 474816083 2676024465
474816147 -23.0279916 -43.4714154 474816148
474819165 -23.0279794 -43.4799937 2689123108 474819167
474811356 -23.0279607 -43.4753294 2689151790
2689100879 -23.0279247 -43.4709271 2689100888
2689123108 -23.0278562 -43.4793897 474819165 474811157
474811157 -23.0277857 -43.4788848 2689123108 2689123101 474811158 474819173
474816083 -23.0277841 -43.4723632 2689100881 474816081
2689151784 -23.027696 -43.474416 2689123115 2689151771
474811158 -23.0276409 -43.4777745 474819169 474811157 474811210
474811161 -23.0276147 -43.4748139 474811160
474816081 -23.0276143 -43.4720996 474816083 474796419
474819169 -23.0275923 -43.477134 474811158 474811213 474819157
2689100862 -23.02752 -43.4707933 874321001 474796419
3777516192 -23.0274704 -43.4738955 3777516191 2689151767
3777516191 -23.0274232 -43.4738065 2676024465 3777516192
2689123101 -23.0273898 -43.4789672 474811157
474796419 -23.0272234 -43.4719582 474796417 2689100862 474816081
474819158 -23.0270892 -43.4785989 474819159
474819160 -23.0270702 -43.4799029 474819159 474819161
474819159 -23.0270182 -43.4792405 474819158 474819160
2689151771 -23.0270116 -43.4745436 2689151770 2689151784
2689151770 -23.0269691 -43.4745153 2689151771 3467950587
2689151769 -23.0269608 -43.4740739 3777516191
3467950587 -23.0268639 -43.4742743 2689151770 2689151767
2689151767 -23.0268536 -43.4742508 2676024463 3467950587
474819156 -23.0268364 -43.478288 474819157
474796417 -23.0267763 -43.4728882 2689100858 474796419
474819157 -23.0267482 -43.4772159 474819156 474819169 474811226
2676024463 -23.0266525 -43.4743652 474811171 2676024461
2689100858 -23.0266254 -43.4730319 2689100856 474796417
2676024461 -23.0266114 -43.4742759 2689151769 2676024463
2689100856 -23.0265065 -43.4732626 2689100858
474811192 -23.0261339 -43.479309 474816022 474816070 474811193
474816022 -23.0260348 -43.4786757 474811246 3011833684 474811192
3011833684 -23.0259212 -43.4780842 474816022 3011833682
3011833682 -23.0258196 -43.477322 3011833684 2689151741 474811226
474811226 -23.0258158 -43.4772848 2689151743 474819157 3011833682
2689151743 -23.0258049 -43.4771937 474816068 474811226
474811193 -23.0256943 -43.4793834 3011833676 2689151742 474811192
474816068 -23.0256749 -43.4761518 2689151743
3011833676 -23.0256104 -43.4792792 474811195 474811193
2689151741 -23.0255049 -43.4773651 3011833682 2689151733 2689151738
2689151742 -23.0254709 -43.4794632 474811193 474816027
474811195 -23.0254466 -43.4792319 3011833676 474811196
2689151738 -23.0254078 -43.4763994 2689151741
3289979624 -23.0253186 -43.479579 474816027 474816032
474816027 -23.0253049 -43.4795088 3289979624 2689151742 3011833671
2689151736 -23.0252495 -43.4799957 3283739987 3283739989
3011833671 -23.0252489 -43.4794364 474811196 474816027
474811196 -23.025221 -43.479204 474811195 474811250 474811246 3011833671
3283739987 -23.0251882 -43.479607 474811250 2689151736
474811250 -23.025131 -43.4792375 474811196 2689151734 3283739987
474811246 -23.0251242 -43.4786128 474816022 474811196 2689151735
2689151735 -23.0250873 -43.4782372 474811246 2689151733
2689151734 -23.0250587 -43.4787636 474811250 3235110041
2689151733 -23.0250562 -43.4774044 2689151741 3467950580 2689151735
3467950580 -23.0250383 -43.4753305 474811171 2689151733
474811171 -23.025038 -43.4752941 3777516190 3467950580
3235110041 -23.0250377 -43.4786661 2689151734 474811247
474811247 -23.0250298 -43.4786295 2689151732 3235110041
3777516190 -23.0249954 -43.475317 3777516189
2676024457 -23.0249665 -43.4752001 2676024461
3777516189 -23.0248818 -43.4753737 474811176
2689151732 -23.0248795 -43.4779854 2689151731 474811247
3248222158 -23.024878 -43.4798151 3248222157 3248222159
474811176 -23.0248446 -43.4753965 2687806552 2689151731
3248222157 -23.0248409 -43.4798768 3248222158 3248222156
3777516188 -23.0248304 -43.4752702 2676024457
2689151731 -23.0248222 -43.4767799 474811176 2689151732
3248222159 -23.0248138 -43.4794906 3248222160 3248222158
3248222156 -23.0248015 -43.4799331 3248222157 3248222148
3777516187 -23.0247619 -43.4752073 2676024447 3777516186
2676024447 -23.0247588 -43.4751574 3777516187 2676024439
3248222160 -23.024757 -43.479453 3248233361 3248222159
3777516186 -23.0247534 -43.4752638 2676024445 3777516187
2676024445 -23.0247225 -43.4753199 3777516188 3777516186
3248233361 -23.0246977 -43.4793408 3248222160 3248233362
3248233362 -23.0246682 -43.4791714 3248233363 3248233361
3248233363 -23.0246657 -43.4788656 3248233362
2676024439 -23.0246455 -43.4749168 2676024447 3777516185
3278300453 -23.0246032 -43.4779521 474815997 3278300452
3777516185 -23.024596 -43.4748742 2676024439 492465924
474815997 -23.0245932 -43.4778888 474815949 3278300453
3278300452 -23.0245845 -43.4780216 3278300453 474816002
474816002 -23.0245413 -43.4780739 474815942 3278300452
492465924 -23.0245357 -43.4748511 3777516185 492465929
474815949 -23.0245043 -43.4771297 474815997 474815947 474815994
474815994 -23.02448 -43.4769863 3467950573 474815949
474811251 -23.0244242 -43.4794504 3248222147 3235110048 3467950570
3467950573 -23.024357 -43.4756792 2687806552 474815994
2687806552 -23.0243533 -43.4756402 3467950573 2687806551 492467773
2687806551 -23.0243407 -43.4755125 2676024445 2687806552
2676024428 -23.0242665 -43.4755481 2687806551
3235110048 -23.0242332 -43.4787068 474811251 474815942
474815947 -23.0242237 -43.4771622 474815945 474815949
492465929 -23.0241145 -43.4748195 492465936 492465924
474815942 -23.024108 -43.4782195 3235110048 474815945 474816002
3467950570 -23.023872 -43.4796365 2687806548 474811251
474815945 -23.0238603 -43.4772567 474815942 474815947 3467950563
2687806548 -23.023849 -43.4796443 3467950572 492467767 3467950570
492467767 -23.0238231 -43.4795407 2687806548 3301600602 3467950558
492465936 -23.0237901 -43.4746812 492465929 492465940
492465940 -23.0234958 -43.4745247 492465936 492465949 492466916
3301600602 -23.0233423 -43.4776954 492467767 492467769
3467950563 -23.0232979 -43.4774357 492467769 474815945
492467769 -23.0232764 -43.4774426 3301600602 1789433027 3467950560 3467950563
492465949 -23.0232455 -43.4742923 492465940 492465955
492466916 -23.0231463 -43.474924 492465940 2685833290
492465955 -23.0230401 -43.4740434 492465949 492465967
3467950560 -23.0230059 -43.4763611 492467769 492467773
492467773 -23.022998 -43.4763295 2676024317 3467950560 2676024333
2676024333 -23.0229568 -43.4762255 2676024428 492466914 492467773
3467950558 -23.0228718 -43.4798249 492467767 1789433052
492465967 -23.0228664 -43.4737344 492465955 2685833288
1789433052 -23.0228472 -43.4798323 3467950558 3467950550 1789433112 3467950556
3467950556 -23.0228415 -43.4798101 1789433052 1789433027
2685833290 -23.022765 -43.4752087 492466914 492466916
2685833288 -23.0227008 -43.4733291 492465967 492465995
492465995 -23.0225902 -43.4729071 2685869638 2685833288 492466720
492466914 -23.0225602 -43.4753219 2685833287 2685833290 2676024333 492467777
2685869638 -23.0224457 -43.4723536 2685869635 492465995
1789433027 -23.0223107 -43.4777287 492467769 3467950556 3467950544
2685833287 -23.0222632 -43.4755049 492466283 492466914
2685869635 -23.0222263 -43.4715132 2685869638 492466001
492467777 -23.0222078 -43.4745177 492466914 2685833283
2685833283 -23.0221035 -43.47423 492467777 492466720
492466001 -23.0220243 -43.4707396 2685869635 492466006
492466006 -23.0219816 -43.4705672 2685768042 492466001
492466283 -23.0218597 -43.4756489 2685833287 492466278 492466651
492466720 -23.0218393 -43.473141 492466276 492467066 492465995 2685833283
3467950544 -23.0215024 -43.4779672 1789433027 1789433064
1789433064 -23.0214881 -43.4779714 3467950547 2687806543 3467950544
492466278 -23.0214494 -43.4747744 492466276 492466283
2676024317 -23.0214309 -43.4771723 492467819 583093060
492467819 -23.0214295 -43.4772345 583093059 2676024317
583093060 -23.0214198 -43.4771219 492467807 2676024317
583093059 -23.0214123 -43.4772938 492467819 492467815
492467807 -23.0213983 -43.4770756 583093060 2676024315
2687806543 -23.0213832 -43.4780007 492467527 1789433064
492467815 -23.0213805 -43.4773455 583093059 2687806479
2676024315 -23.0213674 -43.4770361 492467807 2676024333 492466644
2687806479 -23.0213491 -43.4773695 492467555 492467815
492467066 -23.0213414 -43.4711786 492466720
492467555 -23.0213368 -43.4773855 1789433064 583093058 2687806479
492466644 -23.0213168 -43.4769987 2676024315 583093053
583093058 -23.0212799 -43.4774122 492467527 492467555
583093053 -23.0212445 -43.4769776 492467810 492466644
2635176415 -23.0212353 -43.4707509 492466227
2685869613 -23.0212346 -43.4769202 492466644
492467527 -23.0212184 -43.477419 583093057 583093058
492466647 -23.0211879 -43.4768052 2685869613
492467810 -23.02117 -43.4769863 583093054 583093053
583093057 -23.0211505 -43.4774023 492467527 492467432
583093054 -23.0211035 -43.4770237 492467810 492466637
492467432 -23.0210918 -43.4773617 583093057 2687776994 583093056
492466276 -23.0210848 -43.4733742 492466658 2635176412 492466278 492466720
2685869610 -23.0210845 -43.4769651 492466633
492466633 -23.0210842 -43.4768515 492466631
492466637 -23.021054 -43.4770847 583093054 2685869610 583093055
583093056 -23.0210522 -43.4773081 492466761 492467432
492466761 -23.0210296 -43.477244 583093055 583093056
583093055 -23.0210279 -43.4771618 492466637 492466761
492466651 -23.0209831 -43.475951 492466647 492466631 492466283
2687776994 -23.0209423 -43.4774111 2685869606
492466631 -23.0208752 -43.4759809 492466527 492466627 492466651
2685869606 -23.0207148 -43.4775563 492466536 492466838
492466536 -23.0206677 -43.4774639 492466761 492466531
2635176412 -23.0205921 -43.4714421 492466276
492466272 -23.0204662 -43.4708787 492466231
492466838 -23.0203846 -43.4777643 2685833241 3467950536
492466658 -23.0203696 -43.4735844 492466276 492466651 492466627
492466766 -23.0203202 -43.4776926 492466536
492466531 -23.0202955 -43.4767865 492466536 2684458627
492466627 -23.0202711 -43.4736143 492466623 492466525 492466658
2684458627 -23.020212 -43.4765534 492466527 492466531
492466527 -23.020131 -43.4762197 492466525 492466631 2684458627 492466743
2685833241 -23.0200441 -43.4779794 492467429 492466735
