1542875179 -22991603 -43539806 1542875132 1542875139
1542875132 -22991504 -43539291 1542875179 1542875140
1542875140 -22991188 -43538755 1542875128 1542875132
1542875128 -22990852 -43538240 1542875159 1542875140
1542875177 -22990832 -43537381 1542875170 1542875159
1542875159 -22990773 -43537918 1542875177 1542875128
1542875170 -22990734 -43537060 2985995432 1542875177
2985995432 -22990584 -43536817 1542875134 1542875170
1542875134 -22990497 -43536673 1542875142 2985995432
1542875142 -22990062 -43536566 1542875165 1542875134
1542875165 -22989371 -43536480 1542875142 1542875122
1542875122 -22989098 -43536253 1542875123 1542875165
1542875123 -22988679 -43535879 1542875103 1542875122
1542875103 -22988324 -43535794 1542875187 1542875123
1542875187 -22987751 -43535944 1542875102 1542875103
1542875102 -22987257 -43536115 1542875187 1542875148
1542875148 -22987099 -43536502 1542875147 1542875102
1542875147 -22986743 -43536652 1542875182 1542875148
1542875182 -22986289 -43536738 1542875147 1542875115
1542875115 -22985894 -43536995 1542875182 1542875178
1542875178 -22985542 -43536939 1542875141 1542875115
1542875141 -22983804 -43536017 1542875126 1542875178
1542875126 -22982911 -43535493 1542875141 3073450071
3073450071 -22982436 -43535055 1542875126 1542875158 3073450070
3073450070 -22982276 -43535133 3073450069 3073450071
3073450069 -22982139 -43535143 3073450068 3073450070
1542875158 -22982105 -43534751 1542875135 3073450071
1542875135 -22981825 -43534420 1542875104 1542875158
3073450068 -22981704 -43534999 3073450069 3073450066
1542875104 -22981034 -43532918 3073450067 1542875135
3073450067 -22980968 -43532776 1542875129 1542875104
3073450066 -22980919 -43534624 3073450068 3073450065
1542875129 -22980821 -43532667 1542875163 3073450067
3073450065 -22980569 -43534689 3073450064 3073450066
3073450064 -22980394 -43534651 3073450065 3073450063
3073450063 -22980074 -43534485 3073450064 3073450062
1542875163 -22980045 -43532469 1542875129 1542875146
