2786652668 -22.9999622 -43.407779 3467949947
146447088 -22.9999045 -43.4028814 171788640
171788638 -22.9999002 -43.4004225 2054810013
2054810013 -22.9998801 -43.4002721 171788637
2786652652 -22.9998787 -43.4080277 3467949948
171789630 -22.9998182 -43.4051252 146447088
3467949947 -22.9998117 -43.4077848 3313325043
1772720007 -22.9998103 -43.4000249 171647029
3467949946 -22.9998077 -43.4080288 2786652652
146447090 -22.9997997 -43.4061734 171789630
2834395285 -22.9997816 -43.4024226 1772720007
2786652645 -22.9997691 -43.407671 146447090
3313325043 -22.9997682 -43.4077865 2786652645 171791817
2370345744 -22.9997664 -43.4079231 3313325043
171789632 -22.9997629 -43.4054856 171789630
2699064151 -22.9997614 -43.4080295 3467949946 2370345744
146447091 -22.9997478 -43.4087458 2699064151
171647030 -22.9997462 -43.4029747 2834395285
2917897902 -22.9997175 -43.4000056 1772719983 1772719981
2836901724 -22.9997123 -43.4041563 171647030 2836901705
171791817 -22.9997025 -43.407789 2054844370
171792932 -22.9996944 -43.4080279 2699064151
171647031 -22.9996829 -43.4051806 2836901724
171795643 -22.9996602 -43.4099403 171794329
171789633 -22.9996602 -43.4057775 171789632
2054844392 -22.9996564 -43.4080489 171792932
1772719981 -22.9996534 -43.4001417 1772720007 2917897902
2054844370 -22.9996445 -43.4077769 171791816
171647032 -22.9996355 -43.4055239 171647031
171792934 -22.9996288 -43.4080786 2054844392
171791816 -22.9996099 -43.407742 171647034
171647035 -22.9996096 -43.4087935 2786652648 2054844388
2054844388 -22.9996065 -43.4081417 171792934 3313325044
2834395283 -22.9995931 -43.409527 171647035
3313325044 -22.9995923 -43.4080141 171792932 2370345729
171794329 -22.9995891 -43.4097943 2834395283
2370345729 -22.9995809 -43.4079149 2054844386
2836901723 -22.9995774 -43.4056326 171647032
2054844386 -22.9995686 -43.4078542 171647034
171647033 -22.9995675 -43.4060642 171789633 171647032
2836901722 -22.9995635 -43.4065017 2836901721 171647033
1772719960 -22.9995556 -43.400185 1772719981
171647034 -22.9995543 -43.4074899 2836901722
2786652648 -22.999544 -43.4086718 1772733478
2836594154 -22.9995384 -43.409996 171794329
2836901721 -22.9995055 -43.4063872 2836901714
2836901718 -22.9994909 -43.4057133 2836901723
2841026507 -22.9994859 -43.4080032 3313325044
1772733478 -22.9994528 -43.4085869 1772733472
2836594152 -22.9994359 -43.4059732 2836901714 171647033
2836901714 -22.999431 -43.4062894 2836901710 2054844384
1772719931 -22.9994158 -43.4019683 1772719927 2834976024
1772719927 -22.9994079 -43.4023925 1772719929 1772719931
2054844384 -22.9994047 -43.408007 2841026507 2836594151
1772733472 -22.9993911 -43.4085279 1772733468
1772719929 -22.999387 -43.4027422 1772719927 1772719904
2836901710 -22.9993862 -43.4062182 2841022039
2834976024 -22.9993813 -43.4015989 1772719931
1772719933 -22.999352 -43.4013435 1772719902
2836594151 -22.9993438 -43.4081642 2836594147
1772719934 -22.999339 -43.4001736 1772719960
2841027015 -22.9993321 -43.4064266 2841026907
1772719904 -22.9993317 -43.4031805 1772719900 1772719929
1772733468 -22.9993257 -43.4084957 1772733464
2836901707 -22.9993233 -43.4057265 2836901718
2841026907 -22.9993197 -43.406309 2841027012
2841027013 -22.9992967 -43.4077546 2841027015
1772719902 -22.9992919 -43.4008494 1772719933 1772719892
2841027012 -22.999286 -43.4062184 2841022039
2054844374 -22.9992761 -43.4080229 2054844384
2836901706 -22.9992646 -43.40599 2836901701
2836901705 -22.999261 -43.4041301 2836901599 2836901724 2836901595
1772719905 -22.9992594 -43.4001276 1772719934
1772719900 -22.9992546 -43.4035786 1772719893 1772719904
2841026905 -22.999247 -43.4079358 2841027013
2836901702 -22.9992352 -43.4059263 2836901706
2836901701 -22.9992267 -43.4060604 2841022039
2836901599 -22.9991901 -43.4042785 2836901596 2836901705
2836594147 -22.9991831 -43.4082956 1772733464
2836901598 -22.999181 -43.408169 2836594147
1772733470 -22.9991785 -43.4080425 2054844374 2841026905
2841022039 -22.9991715 -43.4060976 2836901570
1772719893 -22.9991638 -43.40397 1772719900 2836901595
2836901596 -22.9991435 -43.4045001 2836901591 2836901599
1772719892 -22.9991342 -43.4001116 1772719902 1772719887
2836901595 -22.9991122 -43.4041635 2836901705 2836901594 1772719893
2836901594 -22.9990829 -43.4042785 1772719883 2836901595
2836901593 -22.9990659 -43.4058139 2836901702
2836901591 -22.9990587 -43.4047311 2836901580 2836901596
2836901590 -22.9990533 -43.4081328 2836901598 1772733470
2836594144 -22.9990273 -43.4098663 2836594145 2836594143
2836901587 -22.9990115 -43.4057166 2836594152 2836901707 2836901593
1772719883 -22.9989861 -43.4045724 2836901594
1772733463 -22.9989639 -43.4081974 2836901590
2836594143 -22.9989495 -43.4098875 1772733459 2836594144 1772733465
1772733464 -22.9989432 -43.408441 2836594141
2836901585 -22.9989187 -43.4047264 2836901581
2836901581 -22.9987839 -43.4050748 2836901575 2836901585
1772733459 -22.9987837 -43.409448 2836594143 2836594137
2836901580 -22.9987718 -43.4053678 2836901591 2836901579
2836901579 -22.9987459 -43.4055473 2836901587 2836901580
2836594141 -22.9986659 -43.4085576 2836594128 2836594138
2836901575 -22.9986579 -43.4052384 2836901569 2836901581
2836594139 -22.998642 -43.4088364 2836594144
2836594138 -22.998628 -43.4086938 2836594137 2836594139
2836594137 -22.9985571 -43.4088558 2836594134 1772733459
1772719826 -22.9985265 -43.4054074 2836901579 2836901570
1772719824 -22.9984754 -43.4016796 1772719819
1772719818 -22.9984733 -43.4019597 1772719815
1772719815 -22.9984585 -43.402368 1772719813 1772719818
1772719813 -22.998428 -43.4026878 1772719810 1772719815
1772719819 -22.9984264 -43.401181 2917893487 1772719824
2836901570 -22.9984116 -43.405634 1772733442 1772719826
2836901569 -22.9984017 -43.4053338 1772719826 2836901575
1772719810 -22.9983563 -43.4031914 1772719806 1772719813
2836594134 -22.998342 -43.408893 2836594128
2917893487 -22.9982835 -43.4004004 1772719798 1772719819
1772719806 -22.9981855 -43.403832 1772719810 1772719789
2836594128 -22.9981098 -43.4088401 1772733428 1772733439
2836901560 -22.9980982 -43.405155 1772733442 2836901569
1772733442 -22.9980622 -43.4054079 1772733426 2836901560
1772733439 -22.9980524 -43.4087229 1772733463 2836594128 1772733430
2834976010 -22.9980092 -43.4099596 2834976007 2834976013
1772719789 -22.9979427 -43.404542 1772719806 1772719774
2834976007 -22.9978188 -43.4094696 1772733428 2834976010
1772733432 -22.9977978 -43.4088652 1772733439
1772719774 -22.9977758 -43.404965 2836901560 1772719789
1772733430 -22.9977033 -43.4087175 1772733439 1772733425
1772733428 -22.9976446 -43.4090976 2836594115 2834976007
2834976004 -22.9975922 -43.4019892 1772719750
1772719753 -22.9975834 -43.4023338 1772719751
1772719751 -22.9975538 -43.4026383 1772719746 1772719753
1772719750 -22.9975477 -43.4013426 1772719734 2834976004
1772733426 -22.9975291 -43.4054122 1772733414 1772733417
1772733425 -22.9975003 -43.4087305 1772733430 1772733421
1772719746 -22.997495 -43.4030261 1772719736 1772719751
2836901549 -22.9974762 -43.4047885 1772733414 1772719774
1772719734 -22.9974525 -43.4007294 1772719727 1772719750
1772733421 -22.9974376 -43.4087499 1772733413 1772733425
1772733418 -22.997403 -43.4085664 1772733411
1772719736 -22.9974004 -43.4034289 1772719746 1772719726
1772733417 -22.9973964 -43.405706 1772733426 1772733407
1772733414 -22.9973334 -43.40497 2836901549 1772733398
1772733413 -22.9973252 -43.4088688 1772733421 1772733406
1772733411 -22.9972893 -43.4081943 1772733418 1772733405
1772719727 -22.9972804 -43.4001265 1772719734 1772719713
1772719726 -22.9972727 -43.4038141 1772719736 1772719715
2836594115 -22.9972358 -43.4093219 1772733397 1772733403
1772733407 -22.9972332 -43.4063372 1772733417 1772733400
1772733406 -22.9972137 -43.4090591 1772733413 1772733403
1772733405 -22.9972053 -43.4076603 1772733400 1772733411
1772733403 -22.997179 -43.4091873 1772733432 1772733406 2836594115
1772733400 -22.9971695 -43.4070247 1772733407 1772733405
1772719715 -22.9971093 -43.404258 1772719709 1772719726
2836594113 -22.9970668 -43.409957 1772733397 1772733404
1772719709 -22.9969968 -43.4045059 2836901549 1772719715
1772733397 -22.9968849 -43.4095146 2836593898 2836594113
1772733398 -22.9968728 -43.4046888 2836901532 1772733386
2841018610 -22.9968123 -43.4021889 2841025603 2841025706
2841025603 -22.9967873 -43.4023453 2841022022 2841018610
2841025706 -22.9967795 -43.4020224 2841018610 2841046401
1772733395 -22.9967641 -43.4094032 1772733403 1772733394
2841022022 -22.996756 -43.4023963 2841025704 2841025603
2841025704 -22.996731 -43.4024081 2841022022 2841022021
2841018609 -22.9967237 -43.402556 1772719680
2841046401 -22.9967163 -43.4019301 2841025706 1772719691 2841021709
2841022021 -22.9967059 -43.4023946 2841025704 2841022019
1772719691 -22.9967019 -43.4017455 2841022120 2841046401
2841022019 -22.9966668 -43.4023334 2841025601 2841022021
2841021709 -22.9966559 -43.4020427 2841025601 2841046401
2841025601 -22.9966387 -43.4021855 2841021709 2841022019
1772719680 -22.9966322 -43.4030942 1772719675 2841018609
2841022120 -22.9966308 -43.4011284 1772719676 1772719691
1772733394 -22.9966108 -43.4090089 1772733395 1772733383
2836901535 -22.9966082 -43.4042769 1772719658 1772719709 2836901532
1772719675 -22.9965325 -43.4034428 1772719658 1772719680
2836901532 -22.9965303 -43.4044797 2836901535 1772733373
1772719676 -22.9965158 -43.4006804 2917893472 2841022120
2836593898 -22.9964661 -43.409738 1772733379 2836593894
2841023614 -22.996427 -43.4001833 2841023509 2841024012
2841024012 -22.9964233 -43.4001351 2841025004 2841023614
1772733383 -22.996419 -43.4083716 1772733376 1772733394
1772733386 -22.9964138 -43.4060188 1772733375 1772733398
2841023509 -22.9964116 -43.4002286 2917893472 2841023614
2841025004 -22.9964011 -43.4000932 2841024012 2841023508
2836593894 -22.9964008 -43.4095923 1772733395 2836593898 1772733367
2917893472 -22.9963765 -43.4002746 2841020711 1772719676 2841023509
2841023508 -22.9963646 -43.4000655 2841025004 2841025305 2841023506
2841020711 -22.9963358 -43.4002789 2917893472 2841019714
2841023506 -22.9963208 -43.4000572 2917893471 2841023508
1772733376 -22.9963157 -43.4074837 2836593885 1772733383
1772733375 -22.9963061 -43.4068822 1772733386
2836593885 -22.9963051 -43.4071248 1772733376
1772733379 -22.9962965 -43.4098285 2836593898 1772733369
2841019714 -22.9962896 -43.4002724 2841024804 2841019713 2841020711
2917893471 -22.9962781 -43.4000623 2841023506 2841022905 2841018718
2841019713 -22.9962508 -43.4002442 2841019510 2841019714
2841022905 -22.9962426 -43.4001031 2917893471 2841019711
1772719658 -22.9962311 -43.4040547 1772719629 2836901535 1772719675
2841019510 -22.9962276 -43.4002004 2841019713 2841019711
2841019711 -22.9962246 -43.4001498 2841022905 2841019510
1772733373 -22.9961783 -43.4042648 2836901532 1772733347 1772733366
1772733369 -22.9961202 -43.4099291 1772733346 1772733379 1772733381
1772733367 -22.9960061 -43.4097925 2836593894 1772733363 1772733345
1772733366 -22.9959869 -43.4045702 1772733373 2836593873
2841024105 -22.9958494 -43.4020355 1772719642 1772719640
1772719640 -22.9958263 -43.4026012 2841025101 2841024105
2841025101 -22.9958155 -43.4027404 1772719640
1772719642 -22.9958153 -43.4015253 1772719634 2841024105
1772733363 -22.9958081 -43.4092783 2873679405 1772733367
1772719639 -22.995758 -43.4029469 1772719631
1772719634 -22.9957572 -43.4012146 1772719642 2917893464
2841018715 -22.9957521 -43.4020699 2841022113 2841018713
2841018713 -22.9957423 -43.4017545 2841018715 2841018711
2841022113 -22.9957395 -43.4024617 2841024104 2841018715
2841024104 -22.9957086 -43.4027963 2841022113
2836593873 -22.995706 -43.4054754 1772733350 1772733366
2841018711 -22.995697 -43.4013956 2841018713 2841020710
2917893464 -22.9956795 -43.4009181 2841024804 1772719634
2873679405 -22.9956642 -43.4087709 1772733351 1772733363
2841020710 -22.9956323 -43.4010808 2841018711 2841024901
2841025001 -22.9956147 -43.4006447 2841024804 2841024009
2841024009 -22.9956137 -43.4006014 2841023805 2841025001
2841024804 -22.9956048 -43.4006957 2841025001 2917893464
1772719631 -22.9956022 -43.4034252 1772719629 1772719639
2841023805 -22.9955857 -43.4005457 1772719627 2841024009
2841024901 -22.9955661 -43.4008658 2841020710 1772719630
1772719627 -22.9955447 -43.400517 2841019711 2841023504 2841023805
1772733351 -22.9955421 -43.4082515 1772733349 2873679405
1772719629 -22.9955278 -43.4036166 1772719631 1772719658 2913006055
1772719630 -22.9955215 -43.4007717 1772719607 2841024703 2841024901
1772733350 -22.9955165 -43.4063696 2836593860 2836593873
2841023504 -22.9955008 -43.4004997 2917893460 1772719627
2836593860 -22.9954684 -43.4068234 1772733350
1772733349 -22.9954615 -43.4075776 1772733348 1772733351
1772733348 -22.9954562 -43.4071315 1772733349
2841024703 -22.9954555 -43.4007196 2841024701 1772719630
2834973476 -22.9954274 -43.4005593 2841024701 2841023403 1772719608
2841024701 -22.9954228 -43.4006413 2841024703 2834973476
1772733347 -22.9953833 -43.4037794 1772733338 1772733373 2841019507
2917893460 -22.995348 -43.4000661 2841019508 2841023504
2841019507 -22.9951704 -43.4043253 1772733347 1772733341
2873679403 -22.9950537 -43.4097319 1772733339 1772733345
1772733341 -22.9950086 -43.4046922 2841018607 2841019507
2913006055 -22.9948858 -43.4032396 1772719629
1772733339 -22.9948733 -43.4092407 2873679402 2873679403
1772719608 -22.9947781 -43.4009212 1772719607 2834973476 1766660401
1772719607 -22.9947649 -43.401216 1772719630 1766660385 1772719608
2873679402 -22.9947624 -43.4087091 1772733337 1772733339
2841018607 -22.99475 -43.4058035 1772733336 1772733341
1766660385 -22.9947411 -43.4028057 1772719607 1766660409
1766660409 -22.994725 -43.402989 1766660405 1766660385
1772733338 -22.9946814 -43.4033509 1772733332 1772733347
1772733337 -22.9946663 -43.4081598 2841018606 2873679402
1766660405 -22.9946414 -43.4031058 1766660389 1766660409
1772733336 -22.9946345 -43.4063784 2841018607 2873679401
2841018606 -22.9946243 -43.4076706 1772733335 1772733337
1772733335 -22.9946088 -43.4072286 2841018606 2873679401
2873679401 -22.9946038 -43.4069625 1772733336 1772733335
1766660389 -22.9944625 -43.4031673 1766660421 1766660405
1766660421 -22.9943083 -43.4031089 1766660415 1766660389
1772733332 -22.9942446 -43.4034788 1772733338
2841018605 -22.9942347 -43.4020181 1766666847 1772771974
1766666847 -22.9942234 -43.4024471 1766666823 2841021702 2841018605
1766660415 -22.9942194 -43.4030016 2841021702 1766660421
2841021702 -22.9942189 -43.4027559 1766666847 1766660415
2841023611 -22.994167 -43.4021526 2841018605
1766666823 -22.9941305 -43.4023579 2841023609
2841021008 -22.994084 -43.402244 2841023611
2841023609 -22.9940829 -43.4023377 1766666839
1766666839 -22.9940021 -43.4023471 1766666850
2841024004 -22.9939557 -43.4023269 2841021008
1766666850 -22.9938566 -43.4023782 1766666829 2841024004
1766666829 -22.9933281 -43.4024661 1766666850 1766666826
1772771906 -22.9932179 -43.401544 1772771905
1772771905 -22.9932137 -43.4012766 1772771899 1772771906 1772771834
1772771899 -22.99321 -43.4009676 1772771897 1772771905
1772771897 -22.9931991 -43.4000412 1772771899 1772771830 1772771896
1766666826 -22.9927914 -43.4024661 1766666831 1766666829
1772771842 -22.9925483 -43.4009787 1772771899
1772771834 -22.9925284 -43.401264 1772771813
1772771830 -22.9925184 -43.4000503 1772771808
1772771824 -22.9925124 -43.4009895 1772771842
1772771813 -22.9924846 -43.4012295 1772771793
1772771810 -22.9924746 -43.4010479 1772771824
1772771808 -22.9924746 -43.4000157 1772771789
1772771793 -22.9924567 -43.4011646 1772771791
1772771791 -22.9924547 -43.4011192 1772771690 1772771810
1766666831 -22.9920076 -43.4023471 1772771690 1766666835 1766666826
1772771690 -22.9919878 -43.4011246 1772771614 1766666831 1772771680 1772771791
1772771615 -22.9914941 -43.4011269 1772771614
1772771614 -22.9914936 -43.4011307 1772771690 1772771613
1772771613 -22.9914931 -43.4011415 1772771610
1772771612 -22.9914891 -43.4011134 1772771615
1772771610 -22.9914871 -43.4011675 1772771605
1772771605 -22.9914751 -43.4011977 1772771571
1772771601 -22.9914692 -43.4010551 1772771612
1772771571 -22.9914493 -43.4012345 1772771563
1772771567 -22.9914356 -43.4000269 1772771549
1772771563 -22.9914214 -43.4012626 1772771540
1772771554 -22.9914135 -43.4009902 1772771601
1772771549 -22.9914078 -43.400055 1772771535
1772771540 -22.9913816 -43.4012734 1772771490
1772771535 -22.991368 -43.4000658 1772771489
1772771534 -22.9913597 -43.4009794 1772771554
1766666835 -22.9911384 -43.402154 1766666844 1766666831
1766666844 -22.9908619 -43.4020467 1766666841 1766666835
1772771492 -22.9908586 -43.4010051 1772771489 1772771490 1772771534
1772771491 -22.9908572 -43.4015703 1772771490
1772771490 -22.9908572 -43.4012928 1772771492 1772771491
1772771489 -22.9908572 -43.400081 1772771487 1772771492
1766666841 -22.9906742 -43.4019395 1766666844
1794721892 -22.9806581 -43.4090378 1794721915
1794721889 -22.9804411 -43.4093475 1773037983
1773037983 -22.9802327 -43.409194 3295728112
583011666 -22.9801603 -43.4086542 1794721892
