2693749755 -22.992718 -43.488918 2693749725 2693749749
2693749749 -22.992403 -43.48862 2693749755 2693749731
1773038287 -22.9920292 -43.4810072 1773038272
2693749731 -22.991759 -43.488326 2693749749
583093334 -22.9905948 -43.4814626 583093335
583093335 -22.990496 -43.4813768 583093334 583093336 583093338
583093336 -22.9901997 -43.4801966 583093335 583093333
583093338 -22.9901701 -43.4814197 583093337 583093339 583093335
583093339 -22.9900924 -43.4815299 583093338
2693566378 -22.990058 -43.484685 2693566375
583093333 -22.9900451 -43.4802331 583093336 583093337 583093332
583093332 -22.989991 -43.4800082 583093331 1773038267 583093388 583093333
583093337 -22.9898936 -43.4802717 583093338 583093333
2693566375 -22.9892088 -43.4850231 2693566364 2693566378
583093457 -22.9889603 -43.4815731 583093388
583093388 -22.9886515 -43.4804041 583093457 583093332 583093389
1194568664 -22.9881177 -43.4865221 1194568809 3695302448
3695302448 -22.9880646 -43.486241 1194568664 1194568578
1194568809 -22.9880425 -43.487262 1194568798 1194568664
3788710144 -22.9880409 -43.4820903 1194568621 1194568767
1194568767 -22.9880318 -43.4822899 3361744828 3788710144
1194568621 -22.9880154 -43.481883 3788710144 583093389
1194568578 -22.9880131 -43.4859679 3695302448 2693566364
3361744828 -22.9880096 -43.4824647 1194568662 1194568767
1194568662 -22.9879369 -43.4827002 3361744826 3361744828
1194568798 -22.9878627 -43.4877954 1194568809 2692045936
2693566364 -22.9878617 -43.485527 1194568578 2692045933 2693566375
3361744826 -22.9878481 -43.4829651 1194568587 1194568662
583093389 -22.9877164 -43.4806668 1194568621 583093388 2693566362
2692045936 -22.9877071 -43.4882988 2692045932
2692045934 -22.9876307 -43.4881551 1194568798
2693566362 -22.9876199 -43.4802239 583093390 583093389 2693566361
2692045933 -22.9876175 -43.4847733 3788710141 2693566364
1194568587 -22.9876052 -43.4836589 3361744826 3788710140
3788710141 -22.987564 -43.4844914 2692045933 1194568583
3788710140 -22.9875599 -43.4839232 1194568587 1194568583
2692045932 -22.9875503 -43.4886039 2692045928
1194568583 -22.9875441 -43.4842086 3788710141 3788710140
2692045930 -22.9873884 -43.488744 2692045928
2692045929 -22.9873631 -43.4886506 2692045930
2692045928 -22.987358 -43.4888951 2692045922
2692045926 -22.9872872 -43.4886148 2692045929
2692045924 -22.9871802 -43.4886279 2692045934 2692045926
2692045922 -22.9870696 -43.4891617 2692045920
2693566361 -22.98701 -43.480383 2693566362 2693566359
2692045920 -22.9867216 -43.4894764 1941341026 2692045918
2692045918 -22.9865991 -43.4895738 2692045917
1941341092 -22.9865478 -43.4892918 2692045924
2692045917 -22.986336 -43.4897827 2692045914
1194568780 -22.9861495 -43.4896524 1941341092
2692045914 -22.9860476 -43.4899475 2692045912
2692045913 -22.9859566 -43.4897607 1194568780
2692045912 -22.9859251 -43.4899816 2692045909 2692045906
2692045910 -22.9858731 -43.4898211 2692045913
2692045909 -22.9858503 -43.4899036 2692045910
2692045907 -22.9857446 -43.4897871 2692045913
2692045906 -22.985696 -43.489997 2692045905
2692045905 -22.9852382 -43.4898733 2693729784
2693729784 -22.9851183 -43.4898097 2692045903
2693729783 -22.9850826 -43.489719 2692045907
2692045903 -22.9848868 -43.489697 1194568777 2693729783
1194581898 -22.9847122 -43.4899035 1194581908
1194568777 -22.9844922 -43.4896556 2692045903 1194581898 1941341024
1941341024 -22.9841137 -43.4895637 1194568722 1194568777
1194568722 -22.9836213 -43.4894906 1194568653 1941341024
1194568653 -22.9833681 -43.4895239 1194568722 3361732236
3361732236 -22.9833062 -43.4895516 3361732232 1194568653
3361732232 -22.9831286 -43.4896311 2692017234 3361732236
2692017234 -22.98302 -43.4896797 1941340976 3361732232
1941340976 -22.982791 -43.4897938 1194568658 2692017234 2693566317
2693749525 -22.980068 -43.482577 2693749518 2693749522
