349323938 -23059424 -43570167 349323937 349323939 349323986
349323939 -23059353 -43570244 349323938 349323940
349323940 -23059347 -43570556 349323939 349323714 337659650
337659650 -23059110 -43570843 349323940 337659654
349323986 -23058927 -43570047 349323985 349323938
337659654 -23058296 -43571958 337659650 349324079
349324079 -23056285 -43575271 337659654 349324259 349324309
349324261 -23056258 -43574768 349324259
349324259 -23056051 -43575092 349324261 349324079 349324217
349324309 -23056010 -43575724 349324216 349324079 337659657
349324217 -23055958 -43575021 349324216 349324259 349324311
349324311 -23055705 -43574828 349324217
349324216 -23055681 -43575476 349324310 349324217 349324309
349324310 -23055436 -43575291 349324216
337659657 -23055311 -43576877 349324455 349324460 349324460 349324437 349324437 349324309
349324460 -23055140 -43577154 349324455 337659657 337659657 349324473
349324455 -23055096 -43576901 349324354 349324460 337659657 349324437
349324437 -23055087 -43576728 349324455 349324289 337659657 337659657
349324354 -23054836 -43576931 349324455 349324355
349324473 -23054708 -43577859 349324460 349324573 349324357
349324355 -23054520 -43577042 349324354 349324356
349324356 -23054228 -43577274 349324355 349324357
349324289 -23054173 -43576124 349324437
349324357 -23054102 -43577446 349324358 349324356 349324473 349324532
349325018 -23053770 -43578742 349325017 349325019
349325019 -23053770 -43578664 349325018 349325021
349324358 -23053754 -43577978 349324357 349324359
349325017 -23053722 -43578836 349325016 349325018
349325021 -23053707 -43578270 349325019 349324359
349324573 -23053650 -43579582 349325266 349324619 349324473
349325016 -23053628 -43578896 349325017 349324360
349324359 -23053612 -43578218 349324358 349324360 349325021 349325023
349324532 -23053580 -43577068 349325053 349324357
349325023 -23053493 -43578158 349324359 349325118
349325118 -23053295 -43578207 349325024 349325053 349325023
349325024 -23053249 -43578218 349325025 349325118
349324360 -23053154 -43578982 349325016 349325153 349324359 349324619
349325053 -23053142 -43577766 349325118 349324532 349325137
349325153 -23053084 -43578611 349325025 349324360 349325137
349325025 -23053067 -43578518 349325024 349325153
349324619 -23053047 -43579162 349324361 349324573 349324612 349324360
349325267 -23052870 -43579995 349324379 349324361
349324361 -23052727 -43579703 349325267 349324538 349324619 349324362
349325137 -23052613 -43578610 349325153 349325053 349324612
349324612 -23052504 -43578783 349324538 349324619 349325137
349324538 -23052175 -43579308 349324361 349325271 349324612
349325271 -23051756 -43579042 349324538 349325272 349325280
349325280 -23051558 -43579205 349325276 349325271
349325272 -23051535 -43578879 349325271 349325273
349325276 -23051456 -43579222 349325275 349325280
349325273 -23051456 -43578879 349325272 349325274
349325275 -23051408 -43579171 349325276 349325274
349325274 -23051408 -43578982 349325273 349325275
