3082554390 -23.0072558 -43.6229034 3082554370
3082554370 -23.0060314 -43.6258342 3082554364 3082554390
3082554364 -23.0056519 -43.6269959 3659479796 3082554370
3659479796 -23.005633 -43.6270483 3082554364 3082554358 3659479797
3082554358 -23.0053888 -43.6277265 3659479793 3659479796 3659479795
3659479795 -23.0052988 -43.628146 3082554355 3082554358 3659479794
3082554355 -23.0052601 -43.6283261 3082554351 3659479804 3659479795
3659479804 -23.0046261 -43.6282098 3659479805 3082554107 3082554355
3659479805 -23.0045594 -43.6289003 3659479802 3659479804 3659479801
3659479797 -23.0039363 -43.6262952 3659479796
3659479792 -23.0037644 -43.626482 3659479793
3659479793 -23.003609 -43.6269003 3659479789 3659479792 3082554358 3659479794
3659479794 -23.0034936 -43.6277891 3659479793 3659479795
3659479801 -23.0034415 -43.6287284 3659479800 3659479802 3659479805
3082554107 -23.00335 -43.6279758 3659479799 3659479804
3659479789 -23.003026 -43.6266297 3659479793 3659479790 3659479786
3659479790 -23.0029675 -43.6268328 3659479789 3659479791
3659479791 -23.0029258 -43.627591 3659479790
3659479799 -23.0029186 -43.6278937 3659479800 3082554103 3082554107
3659479800 -23.0026689 -43.6282324 3659479798 3659479799 3659479801
3082554104 -23.0024521 -43.6296474 3082554101 3659479807
3659479798 -23.0024359 -43.6285484 3659479806 3659479800 3082554100 3659479819
3659479786 -23.0024235 -43.62635 3659479789 3659479787 3082554098
3659479785 -23.0023841 -43.6244732 3659479784
3659479787 -23.0023737 -43.6265555 3659479788 3659479786
3659479788 -23.0023112 -43.6274722 3659479787
3659479819 -23.0022435 -43.6287567 3659479820 3659479798
3082554103 -23.0022186 -43.6277605 3082554097 3659479799 3082554102
3082554102 -23.0021215 -43.6279492 3082554103 3082554100
3082554101 -23.0020644 -43.6293016 3659479825 3082554104
3082554100 -23.0020544 -43.6280681 3082554097 3659479798 3082554102 3082554099
3659479820 -23.0020404 -43.6289264 3659479821 3659479819 3659479823
3659479823 -23.0019935 -43.6290622 3659479820 3659479824
3659479825 -23.001989 -43.6292594 3082554101 3082554095 3659479824
3659479824 -23.0019779 -43.6291584 3659479823 3659479825
3082554099 -23.0019174 -43.628202 3082554096 3082554100
3082554098 -23.0018968 -43.6261055 3659479784 3659479786
3659479782 -23.0018685 -43.6239243 3659479781
3659479784 -23.0018092 -43.6260636 3659479783 3082554098 3659479781 3659479785
3659479821 -23.0017487 -43.6290226 3659479822 3659479820
3082554097 -23.0017373 -43.6276689 3082554094 3082554103 3082554100
3082554096 -23.0017093 -43.6282818 3082554093 3082554099
3082554095 -23.0016603 -43.6290754 3659479822 3659479825
3659479822 -23.0015802 -43.6290548 3082554092 3659479821 3082554095
3659479783 -23.0015508 -43.6272742 3659479784
1542870428 -23.0015319 -43.6297862 1542870437 1542870523
3082554094 -23.0015093 -43.6276255 3082554097 3082554093 3082554069
3082554093 -23.0014056 -43.6282977 3082554092 3082554094 3082554096 3082553914
3082554092 -23.0012999 -43.6289828 3659479822 3082553924 3082554093 1542870523
1542870523 -23.0011922 -43.6296811 1542870630 3082554091 3082554092 1542870428
3659479780 -23.0011237 -43.6241054 3659479779
3659479781 -23.0011217 -43.6257351 3659479784 3659479763 3659479779 3659479782
3659479763 -23.0005767 -43.6271836 3659479778 3659479781
3659479779 -23.0005738 -43.6254733 3659479780 3659479781 1542870507 3659479778
1542870630 -23.0005641 -43.6295609 1542870523 3659479827
3659479827 -23.0004865 -43.6295448 1542870630 3659479826 3082554034
3659479777 -23.0002903 -43.624394 3659479776
1542870507 -23.0000169 -43.6252072 3659479779 3659479776
