3361722063 -22.9944104 -43.5100028 3361722064
3361722033 -22.9932055 -43.5100082 3361722032 3361722034
3361722055 -22.9928127 -43.5100125 3361722056 3361722034 3361722035
3361722035 -22.9927931 -43.5100162 3361722036 3361722055
3361722036 -22.9927141 -43.5100645 3361722037 3361722035
3361722037 -22.9924648 -43.5102415 3361722036 3361722038
3361722038 -22.9923783 -43.5102657 3361722037 3361722039 3361722070
3361722039 -22.9923364 -43.5103005 3361722038 3361722040
3361722040 -22.9922376 -43.5104454 3361722039 3361722041
3361722041 -22.9921512 -43.510499 3361722042 3361722040
3361722042 -22.9919611 -43.5105607 3361722041 3361722043
3361722043 -22.9918401 -43.5105661 3361722042 3361722044
3361722044 -22.9917512 -43.5105339 3361722043 3361722045
3361722045 -22.9916302 -43.5105071 3361722044 3361722046
3361722046 -22.9915364 -43.5105258 3361722045 3361722047
3361722047 -22.991445 -43.5106412 3361722046
2693749651 -22.9842415 -43.5109634 2693749646
2693749650 -22.9842205 -43.5106964 2693749637 2693749646
2693749646 -22.9841709 -43.5107651 2693749650 2693749639 2693749651
2693749641 -22.9840698 -43.5109482 2693749639
2693749639 -22.9840145 -43.5107574 2693749598 2693749637 2693749641 2693749646
2693749637 -22.9839554 -43.5103455 2693749634 2693749650 2693749639
2693749634 -22.9838886 -43.5100861 2693749626 2693749637
2693749598 -22.9825191 -43.5105782 2693749581 2693749595 2693749639
2693749581 -22.9822598 -43.5104179 2693749598 2693749577
2693749577 -22.9821434 -43.5101395 2693749581 2693749571
