2841075232 -23.0199665 -43.4506068 349338565
879726393 -23.0199576 -43.4555942 3635194706 3635194701 3635194696
1941981847 -23.019926 -43.4507478 1941981889
2675946155 -23.0198912 -43.4519368 2675946136 3635194699 2675946188
3635194701 -23.0198772 -43.4552801 879726393 879726413
3635194700 -23.0198622 -43.4516622 3635194699 2675946152
3635194699 -23.0198516 -43.4518603 2675946155 3635194700
2675946147 -23.0198107 -43.4512437 2675946143
2666257848 -23.019794 -43.4529513 2666257846 2666257844
2675946152 -23.019784 -43.4514998 3635194700 2675946143
879726413 -23.0197551 -43.4547971 3635194695 3698557844 3635194701
3635194698 -23.0197517 -43.4506614 2841075232
3635194696 -23.0197041 -43.4556705 3635194687 879726393
1941981889 -23.0196966 -43.4507983 349338633
2675946143 -23.0196836 -43.4513691 2675946152 2675946138 2675946147
2670845973 -23.0196158 -43.4592904 879726434 492466122
3635194695 -23.0196142 -43.4542394 877875851 879726413
3698557844 -23.0195957 -43.4548447 3635194682 879726413
2675946138 -23.0195896 -43.4514492 2675946143
879726434 -23.0195869 -43.4591833 879726376 473369504
349338567 -23.0195625 -43.4506831 3635194698
877875851 -23.0195547 -43.4540076 3635194695 3698608225 2670845972
2670845972 -23.0195268 -43.4538992 2666257854
492466122 -23.0195184 -43.4593273 2670845969 2670845971 492465553
2670851337 -23.019491 -43.457616 2670851336
879726376 -23.0194887 -43.458784 879726434 2670851336 879726379
2670845971 -23.0194823 -43.4592247 879726434
2675946136 -23.0194726 -43.4523316 2675946155 1941982106
349338633 -23.0194648 -43.4508277 1941981661
1941981697 -23.0192568 -43.4506984 349338567
2670851336 -23.0191866 -43.4576843 879726376 879726482 2670851337
1941981661 -23.019157 -43.4508269 2675911110
2675911110 -23.0190274 -43.450821 1941981665
879726482 -23.0190237 -43.4570792 879726382 2670851336 879726459
3635194687 -23.0189829 -43.4558789 879726390 3635194696
3635194685 -23.0189593 -43.4517282 2675946136
349338568 -23.0189484 -43.4506808 1941981697
2666257846 -23.0189479 -43.4532404 2666257840 2666257848 3635194673
879726382 -23.018936 -43.4567688 879726482 879726499 879726383
2670845969 -23.0189284 -43.4595415 879726457 492465653
1941982159 -23.0188968 -43.4516389 3635194685
879726457 -23.0188965 -43.4594499 879726459 2670845971
879726499 -23.0188536 -43.4564171 879726382 3635194683
1941981688 -23.0188511 -43.4515483 1941982159
1941981665 -23.0188468 -43.4508063 349338631
3654654479 -23.0188422 -43.4541114 2670845972
3635194683 -23.0188072 -43.4562318 879726499 879726390
349338631 -23.0188049 -43.4508137 1941981868
492465653 -23.018799 -43.4595882 2670845967 2670845965 492465657
2675911106 -23.0187972 -43.4514235 1941981688
3635194682 -23.0187775 -43.4550969 3698557844 879726409
2670845967 -23.018777 -43.4594965 879726457
1941981868 -23.0187552 -43.4508378 3635194680
2666257844 -23.0187487 -43.4517268 349339024 2666257841
879726390 -23.0187385 -43.4559567 3635194683 879726409 3635194687
3635194680 -23.0187233 -43.4508724 349339295
1941982024 -23.0187203 -43.4511932 1941982025 2675911106
1941982025 -23.0187158 -43.4512517 3635194678
349339295 -23.0186995 -43.4509268 3635194679
349339286 -23.0186922 -43.4510771 1941982024
3635194679 -23.0186894 -43.4509862 349339286
3635194678 -23.0186837 -43.4513088 3635194676
3635194677 -23.0186686 -43.4506357 349338568
3635194676 -23.0186374 -43.4513529 1941982245
3635194674 -23.0185817 -43.4508853 349339286
1941982245 -23.0185812 -43.45138 3635194672
3635194673 -23.0185751 -43.4528249 2666257846 2666257841
879726409 -23.0185395 -43.4551687 3635194670 3635194682 879726390
3698608225 -23.0185215 -43.4543156 879726435
3635194672 -23.01852 -43.4513876 3635194671
1941982005 -23.0184765 -43.4507431 3635194674
3635194671 -23.0184596 -43.4513751 349339024
349339024 -23.0184053 -43.4513435 1941982214
1941981933 -23.0184009 -43.4506671 1941982005
3635194670 -23.0183848 -43.4545961 879726435 879726409
879726435 -23.0183244 -43.4543721 879726469 3635194670 2670845966
879726459 -23.0183102 -43.4572664 879726457 879726481
2670845966 -23.0183027 -43.4542786 3654654479
349338630 -23.0182961 -43.4505837 1941981933
2670845965 -23.0182205 -43.4598216 879726355 492466096
879726355 -23.0181915 -43.4597229 2637310409 2670845967
879726465 -23.0181641 -43.456649 879726469 879726499
349338570 -23.0181539 -43.4505075 349338630 3635194677
2666257841 -23.0181402 -43.4523171 2666257834 3635194667 2666257844 3635194673
492466096 -23.0181294 -43.4598602 493577588 2670845964 492465640
2670845964 -23.0180974 -43.4597588 879726355
3635194668 -23.0180945 -43.4505029 349338570
2666257840 -23.0180852 -43.453492 2666257836 2666257846 2666257834
2637310409 -23.0180537 -43.4592122 2637312766 2637310408
1941982162 -23.0180372 -43.4505202 3635194668
3635194667 -23.0180326 -43.4521895 2666257841 2666257827
3635194666 -23.0179886 -43.4505575 1941982162
1941982214 -23.0179666 -43.4507962 1941981966 349339202
3635194665 -23.0179543 -43.4506103 3635194666
1941981966 -23.0179426 -43.4507371 1941981826
1941981826 -23.0179383 -43.4506726 3635194665
2637312766 -23.01788 -43.4585161 493577398
349339202 -23.0178649 -43.4506919 2666257830
349338571 -23.0178397 -43.450399 349338570
2666257838 -23.0178337 -43.4544083 2670845966 2666257836
493577398 -23.0177108 -43.4578422 493577412 879726481
3635194663 -23.0176982 -43.4503195 349338571
2666257836 -23.017635 -43.453629 2666257838 2666257832 2666257840
879726469 -23.0176333 -43.4545766 2637305548 2670845962 879726465
879726481 -23.0176234 -43.457485 2637315795
2670845962 -23.01761 -43.4544702 2666257838
2666281489 -23.0176008 -43.4502377 3635194663
2666257834 -23.017587 -43.4528801 2666257841 2666257840 2666257817
2637315795 -23.0175217 -43.4571876 879726493
2666281488 -23.017481 -43.4501051 2666281489
879726493 -23.0174311 -43.4568729 2670851335 879726465
2670851335 -23.0173349 -43.4563768 2670851334 3777646124
3777646124 -23.0172929 -43.4563895 2670851335 3635194654
2666257832 -23.0172667 -43.453741 2666257807 2666257836 2666257824
2670851334 -23.0171208 -43.4555819 879726359 3635194651
3635194654 -23.0170742 -43.4564557 3777646124 3635194650
879726359 -23.0169307 -43.4548367 2637305548
2637305548 -23.0169206 -43.4547841 2670845960 1941981782
3635194651 -23.016912 -43.455648 2670851334 3635194632
2670845960 -23.0168961 -43.4546943 2670845962
2666257827 -23.0168232 -43.4507557 3635194667 2666257817 2666257823
2637310408 -23.0168083 -43.4595773 583093132
3635194650 -23.0167992 -43.4565391 3635194636 3635194654
2666257824 -23.0167192 -43.4530645 493576874 3635194643 2666257832
2667889947 -23.0167088 -43.4596069 2667889946 2637310408
2637312765 -23.0166351 -43.4588995 2637312766 2637310408
2666257823 -23.0166033 -43.4504914 2666257830 2666257827 2666257819
2667889946 -23.0165341 -43.4589209 2637321211 2637312765
493577412 -23.0164602 -43.4582162 2637312765
3635194643 -23.0164554 -43.4531456 2666257801 2666257824
2666257819 -23.0164133 -43.450263 2666257796 2666257823
3635194636 -23.016363 -43.4566659 3635194650 2667889945
3777646123 -23.0163618 -43.4575296 2637315795
3777646122 -23.0163187 -43.4576676 493577412
493577164 -23.0162906 -43.4575497 3777646123 3777646122
2666257817 -23.0162322 -43.4512982 2666257834 2666257813
2637321211 -23.0161777 -43.457587 3777646121 493577164
493576874 -23.0161547 -43.4524073 493576859 2666257824 2666257813
3777646121 -23.0161497 -43.4574586 2667889944
3635194632 -23.0161184 -43.4558895 3635194651 3777646120
2667889945 -23.0160833 -43.456748 493577164 3635194636
2667889944 -23.0159811 -43.4567781 2667889942 2667889945
3777646120 -23.0159324 -43.4559432 3635194632 2667889943
2667889943 -23.0158764 -43.4559594 2667889945 3777646120
1941981782 -23.015848 -43.4551111 1941982124
2666257816 -23.0158367 -43.4508155 2666257819 2666257791
3635194628 -23.0158205 -43.4550102 2670845960
3635194627 -23.0158096 -43.4551087 1941982124
3635194626 -23.0158034 -43.4550581 3635194627
1941982124 -23.0158008 -43.4551607 3635194625
2667889942 -23.0157904 -43.4559867 2667889943 3635194612
473369510 -23.0157826 -43.4550123 3635194628 3635194626
3635194625 -23.0157776 -43.4552105 493577246
3635194624 -23.0157486 -43.4549745 473369510
493577246 -23.0157415 -43.4552548 3635194622 3635194616
3635194622 -23.0157151 -43.4552913 3635194618
3635194619 -23.015706 -43.4553812 2667889943
3635194618 -23.0157057 -43.4553293 3635194619
3635194617 -23.0157038 -43.4549472 3635194624
3635194616 -23.0156951 -43.4552905 3635194613
2666257813 -23.0156911 -43.4518068 493576874 2666257803
493576858 -23.0156511 -43.4549323 3635194617
3635194613 -23.0156414 -43.4553152 3635194609
3635194612 -23.0156069 -43.455411 3635194610
1941981784 -23.0156058 -43.4548997 493576858
3635194611 -23.0155942 -43.4549308 493576858
3635194610 -23.0155907 -43.4553726 3635194608
3635194609 -23.0155842 -43.4553272 493577241
1941981993 -23.0155797 -43.4548681 1941981784
3635194608 -23.0155612 -43.4553437 493577241
1941982090 -23.0155546 -43.4548177 1941981993
493577386 -23.0155517 -43.4580813 493577450 493577366
3635194607 -23.015537 -43.4549428 3635194611
493577241 -23.0155273 -43.4553257 3635194605
3777646119 -23.0155165 -43.4577841 2637321211
3635194606 -23.0154834 -43.4549675 3635194607
2637321213 -23.0154773 -43.4577958 493577386 3777646119
3635194605 -23.0154747 -43.4553108 493577115
1941981898 -23.0154682 -43.4548933 1941981912
1941981912 -23.015466 -43.4548271 2666257804
1941981970 -23.0154655 -43.4549448 1941981898
493576862 -23.0154369 -43.4550032 1941981970 3635194606
493577115 -23.0154298 -43.4552835 3635194597 3635194601
2666257807 -23.0154212 -43.4542813 1941982090 2666257804 2666257832
3635194602 -23.0154009 -43.4550475 493576862
493576839 -23.0153966 -43.4574958 493576837 2637321213
3635194601 -23.0153958 -43.4552457 3635194600
493577071 -23.0153776 -43.4550973 3635194602
3635194600 -23.015375 -43.4551999 3635194599
3635194599 -23.0153688 -43.4551493 493577071
3635194597 -23.0153678 -43.4552595 493576837
2666257804 -23.0153329 -43.4543079 2666257799
3635194593 -23.0153303 -43.4551326 493577071
2666257803 -23.0152724 -43.4513171 2666257816 493576860 2666257813
2666257801 -23.0152243 -43.4535242 2666257807 3635194643 2666257799
2666257799 -23.015145 -43.4535498 493576861
493576859 -23.0150215 -43.4527318 493576861 493576874 2666257801
493576861 -23.0149236 -43.4527211 2667889940 493576835
493576837 -23.0148584 -43.4554007 493577111 493576839 493576836
493576836 -23.0148318 -43.4552997 493576837 3635194593 493576835
493577366 -23.0148254 -43.458309 493576930
2667889941 -23.014648 -43.4576742 493576839 493577111
493576860 -23.0144101 -43.4503107 493576859 2667889940 2666257803
2667889940 -23.014309 -43.4502726 2667889939 2667889938
493576835 -23.0142195 -43.4529238 493576834 493576861 493576836 493577019
493576930 -23.0141638 -43.4585169 493577455 493576952
493577111 -23.0141485 -43.4556143 493577108 2667889941 493577072
493577072 -23.0141234 -43.4555171 493577111 493576836 493577019
493576952 -23.0140769 -43.4581803 493577199 493576945 493576930
493577199 -23.0139985 -43.4578768 2667889941 493576952
493576834 -23.0136874 -43.4508573 493576878 2667889938 493576835
2667889938 -23.013607 -43.4505403 493576834 493576833 2667889940
493576833 -23.0135283 -43.4502298 493576831 2667889938
493577019 -23.0135187 -43.4531257 493577072 493576878 493577015 493576835
493577108 -23.0134412 -43.4558287 493577102 493577199 493577075
493577075 -23.0134169 -43.4557233 493577072 493577108
493576945 -23.013376 -43.4584166 1769660116 493577102
3797946668 -23.0130259 -43.4599622 493577612
2506810766 -23.0130134 -43.4599146 3797946668
493576878 -23.0129766 -43.4510763 493576879 493577019
2506810778 -23.0128658 -43.4599928 3797946667
493576882 -23.0128203 -43.4504363 493576833 2667889937
493577015 -23.0128058 -43.4533386 493577075 493577009 493577019
493577102 -23.0127787 -43.4560194 2841031408 493577085
493577085 -23.0127545 -43.4559175 493577102 493577075 493577009
2060679275 -23.0127487 -43.4595366 2506810778
3797946665 -23.0127176 -43.4587619 2506810766 2060679275
1769660116 -23.0126817 -43.4586218 3797946665
3311149070 -23.0124462 -43.4577113 1769660116
3311149083 -23.0124251 -43.4576179 3311149070
2506810777 -23.0124126 -43.4575691 3311149083
493576992 -23.0123495 -43.4592237 1759975669 2506810792
2060681550 -23.0123492 -43.4573199 2060681548 2506810777
2060681548 -23.0123294 -43.4573884 2060681543
2060681543 -23.0122971 -43.4574671 2060681547
3797946648 -23.0122961 -43.4577735 2060679275
493576879 -23.0122843 -43.4512753 493577015
2506810790 -23.0122829 -43.4577208 3797946648
2060681547 -23.0122466 -43.4575752 2650821036 2506810790
2650821036 -23.0122067 -43.4576151 3797946644
2667889934 -23.0121821 -43.4507754 493576879 2667889933
3797946644 -23.012171 -43.4576421 2060681541
2841031408 -23.0121642 -43.4562007 3635193830
493577049 -23.0121567 -43.4506266 2667889934 493576882
2841031407 -23.0121405 -43.4560876 493577085
2662160735 -23.0121384 -43.4596443 2662160734
3635193830 -23.0121324 -43.4562211 3635193827
2060681541 -23.012117 -43.4576663 3797946643
493577009 -23.0121166 -43.453547 2060687180 2667889931 493577015
3635193831 -23.0121132 -43.4505848 493577049
3635193827 -23.01211 -43.4562512 1769660087
2667889933 -23.0121055 -43.4507829 3635193826
3635193828 -23.0120941 -43.4560871 2841031407
1769660087 -23.0120856 -43.4563003 2060681550
3643515728 -23.0120816 -43.4502135 493576842
3635193829 -23.0120787 -43.450534 3635193831
3635193826 -23.0120652 -43.4507925 3635193823
3797946643 -23.0120562 -43.4576756 2650821034
3635193824 -23.0120546 -43.4504765 3635193829
3635193822 -23.0120425 -43.4560673 3635193828
493576842 -23.0120422 -43.4504148 3635193818 3635193824
3635193823 -23.0120269 -43.4508181 3635193820
1769660097 -23.0120171 -43.4560404 1769660087 3635193822
2650821034 -23.0119983 -43.4576681 2060681549
3635193820 -23.0119959 -43.4508566 2667889932
2506810792 -23.0119882 -43.4578059 2060681549
3635193818 -23.0119708 -43.4507957 2667889932
2667889932 -23.011955 -43.4509661 2664120863
2060681549 -23.0119517 -43.4576519 2060681552 3797946642
2060681880 -23.0119442 -43.455759 1769660097
1759975669 -23.0119341 -43.4583113 2506810761
2662160734 -23.0119295 -43.4599501 2662160737 2662160735 2662160727
2593909406 -23.0119203 -43.4588901 2662160732
2664120863 -23.0118961 -43.4513188 2664120862 3635193814
3797946642 -23.0118954 -43.4574434 2060682189
2667889931 -23.0118841 -43.4524985 3635193811
3635193814 -23.011872 -43.4513561 3635193812
2060681552 -23.0118634 -43.4575852 2060681546
3635193811 -23.0118575 -43.4524694 2667889930
2664120862 -23.0118464 -43.4515912 493576841
3635193813 -23.0118374 -43.4515473 2664120862
3635193812 -23.0118348 -43.4513774 2664120861
2506810761 -23.0118244 -43.4578636 3797946641
2667889930 -23.0118242 -43.4524501 3635193809
2664120860 -23.0118124 -43.4515114 3635193813
3797946641 -23.0118104 -43.457809 2060681540
2662160733 -23.0117979 -43.4582618 2662160732
2664120861 -23.0117929 -43.4513778 3635193808
2060681546 -23.0117923 -43.4574903 2060681540
3635193809 -23.0117872 -43.4524423 3635193804
3635193810 -23.011776 -43.45149 2664120860
493576841 -23.0117643 -43.4520388 3643515712 2667889931
3635193808 -23.0117553 -43.4513574 3635193806
2664059530 -23.0117547 -43.4511397 493576850
3635193804 -23.0117497 -43.4524466 3635193802
3643515712 -23.0117426 -43.4521443 2667889929
3635193807 -23.0117347 -43.4514869 3635193810
3635193806 -23.0117305 -43.4513206 2664120859
2664120859 -23.0117285 -43.4512705 2664059530
3635193805 -23.0117228 -43.4511897 2664059530
3635193802 -23.011715 -43.4524627 3635193800
3635193803 -23.0116959 -43.4515027 3635193807
3635193800 -23.0116861 -43.4524892 2667889929
2060681540 -23.0116826 -43.4573088 2060682187
3635193801 -23.01168 -43.4512209 3635193805
2664120858 -23.0116667 -43.4515345 2664120859 3635193803
2667889929 -23.0116658 -43.4525237 3643515707
2060687180 -23.0116623 -43.4536694 2060687171 493577009
493576851 -23.0116381 -43.4516308 2664059524 2664120858
2664059527 -23.0116292 -43.4512304 3635193801
2060687147 -23.0116128 -43.4536655 2060687180
3643515707 -23.0116119 -43.4527724 3796793651
3643515708 -23.0115989 -43.4519279 493576851
2060681879 -23.0115988 -43.4550486 2060681880 2060681547
2593909405 -23.0115926 -43.4574776 2650849189
2060687171 -23.0115815 -43.453706 3643515704
3635193799 -23.0115792 -43.4512165 2664059527
2662160732 -23.0115776 -43.4585716 2662160731 2593909406 2662160733
3643515706 -23.0115687 -43.4521345 3643515708
2060687184 -23.0115666 -43.4536456 2060687147
3796793651 -23.0115637 -43.4530406 2060687134 3796793650
3643515704 -23.0115486 -43.4537409 2060687166
3796793650 -23.0115424 -43.4530667 3796793649
3635193798 -23.0115389 -43.4511816 3635193799
3643515702 -23.011528 -43.4536116 2060687184
2060687166 -23.0115179 -43.4538285 2060687139
2664059524 -23.0115152 -43.4511319 3816512452 3635193798
3796793649 -23.011513 -43.4530984 3796793648
3643515700 -23.0115006 -43.4535666 3643515702
2060687139 -23.0114889 -43.4539972 2060681880
2060687161 -23.0114869 -43.4535147 3643515700
2060687134 -23.0114821 -43.4534488 3635193797 2060687161
3796793648 -23.0114766 -43.4531068 3796793647
2060687172 -23.011476 -43.4528165 3643515706
2650849193 -23.0114458 -43.4568898 2650849191
2060687168 -23.0114411 -43.4528939 2060687172
3635193797 -23.01144 -43.4536314 493641070
3796793647 -23.011435 -43.453102 3796793646
493641070 -23.0114336 -43.4537554 2060687139
2060687150 -23.0114051 -43.4529281 2060687168
3796793646 -23.0114014 -43.4530829 3796793645
3816512452 -23.0113964 -43.4505901 2664044056 2664059524
3796793645 -23.0113798 -43.4530521 3796793643
3796793644 -23.0113754 -43.45297 2060687150
3796793643 -23.011371 -43.4530109 3796793644
2060687152 -23.0113651 -43.4529487 2060687150
3643515693 -23.0113579 -43.4536231 493641070
2060687167 -23.0113339 -43.4529555 2060687152
2810154078 -23.0113208 -43.4532985 493641070
2506810788 -23.0113084 -43.4532481 2810154078
3643514591 -23.0112949 -43.4535234 3643515693
2060687154 -23.0112912 -43.4529484 2060687167
2650849191 -23.0112861 -43.4571021 2650849189 2650849193
2060682187 -23.0112602 -43.4556623 2060682189 2060687182
3643514590 -23.0112496 -43.452921 2060687154
2593909404 -23.0112479 -43.4561139 493581799
2060687163 -23.0112421 -43.4534603 3643514591
2060682189 -23.0112382 -43.4548689 2060687159
493641088 -23.0112367 -43.4536255 2060681879
2060687145 -23.0112181 -43.452881 3643514590 2506810788
2060687157 -23.0112138 -43.453427 2060687163
2650849189 -23.0111915 -43.4571473 493581830 2593909405 2650849191
2650821032 -23.0111768 -43.4533991 2060687157 493641088
2506810795 -23.0111431 -43.4532573 2650821032
2060687141 -23.0111285 -43.4533832 2650821032
2650821031 -23.0110679 -43.4533717 2060687141
2593909403 -23.0110594 -43.455522 493581799
2060687143 -23.0110204 -43.4533753 2650821031
2060687137 -23.010982 -43.4533849 2060687143
3643514589 -23.0109437 -43.4518353 2060687145
2650821030 -23.0109415 -43.4534015 2060687137
2506805993 -23.0109307 -43.4517834 3643514589
2593909402 -23.0109151 -43.4547609 493581805
2060687149 -23.0109089 -43.4534205 2650821030
2060687159 -23.0108736 -43.4534514 2060687149 2506810791
493581799 -23.0108472 -43.4558203 2593909404 2593909403 493581798
2506810791 -23.010844 -43.4533438 2810154080
2060687169 -23.0108357 -43.4534984 2060687159
2810154080 -23.0108325 -43.4532956 2506805995
3654650757 -23.010809 -43.4535599 2060687169
3654650756 -23.0108013 -43.4519004 2506810795
2060687182 -23.010794 -43.4538757 2506810773 3654650755
2060687170 -23.010789 -43.4536393 3654650757
2506805989 -23.0107878 -43.4518467 3654650756
3654650755 -23.0107833 -43.4537501 2060687170
2649845200 -23.0107365 -43.4541435 2060687182
2506810773 -23.0106809 -43.4534769 2810154075
2810154075 -23.0106684 -43.4534308 493640874
493640874 -23.0106363 -43.4533117 493640871 493581866
2649845199 -23.0106146 -43.4542915 2649845200
2060690947 -23.0105983 -43.4510906 2506805989
3797946634 -23.0105646 -43.4503387 2060690947 2506805993
2649845197 -23.0105457 -43.4543076 2649845199
493640871 -23.0104985 -43.453251 3654650749
2506805995 -23.0104847 -43.4519412 3654650751
2664044038 -23.0104808 -43.4500314 3797946634
493581866 -23.0104799 -43.4527346 2650821027 493640881
3654650751 -23.0104756 -43.4518902 2060690941
2649845192 -23.0104618 -43.4543076 2649845197
493640881 -23.0104019 -43.4524344 2506806001
2662160731 -23.0103977 -43.457638 2662160729 2662160732
3654650749 -23.0103833 -43.4532246 3654650748
3654650748 -23.0103194 -43.4532302 493640868
2662160730 -23.0102981 -43.4574301 2662160731
2506806001 -23.0102914 -43.451992 3654650747
3654650747 -23.0102804 -43.4519475 493640806
493640868 -23.0102532 -43.4532372 493640865
493640806 -23.0102404 -43.4517877 2060690945 493640808
2650821027 -23.0101809 -43.4530266 493640865
2662160729 -23.0101772 -43.4575818 2662160728
3654650746 -23.0101692 -43.4529816 2650821027
2650821025 -23.0101462 -43.4529501 3654650746
3654650745 -23.0101127 -43.4529337 2650821025
2650821023 -23.0100426 -43.4529262 493640881 3654650745
2662160728 -23.0100124 -43.4573216 2662160730 1772987632
493640865 -23.0099869 -43.4533361 2650821022
2663196916 -23.0099727 -43.4530278 2650821023
2662160727 -23.0099696 -43.4583411 2662160734 2662160724
2650821022 -23.0099382 -43.4533924 493581807 2650821020
493581805 -23.0098752 -43.4539133 2593909402 493581804
2649845186 -23.0098593 -43.4538003 2649845192
493581807 -23.0098444 -43.4535336 493581806 493581829
2650821020 -23.0098422 -43.4533593 2650821018
493581806 -23.0098258 -43.4536923 2649845186
2650821018 -23.0098068 -43.4532417 2663196916
2662160725 -23.0097909 -43.4580987 2662160727
493581829 -23.0097422 -43.4536713 493581828 2663196884
2662160724 -23.0097069 -43.4582807 2662160723
2663196884 -23.0096516 -43.4538089 493581803
493581804 -23.0096461 -43.4539562 493581803
493581828 -23.0096382 -43.4536301 493581823
493581823 -23.0095987 -43.4535614 2650821018
2662160723 -23.0095432 -43.4580438 493581820 2662160725
2663196880 -23.0095154 -43.4536709 493581823
493581814 -23.009496 -43.4591404 493581813 493581815
2662186204 -23.0094232 -43.4592311 493581838
493581803 -23.0094014 -43.4541359 2650821016 493581798
493641113 -23.0093301 -43.4539219 2663196880
2650821016 -23.0092795 -43.4539485 493641113
493581798 -23.0091818 -43.4544384 2650821014 493581799
2650821014 -23.0089695 -43.4547467 493641116 493581830
493581838 -23.0089569 -43.4599441 3733842389 2662186204
493581815 -23.0089509 -43.4586855 2593909400 493581816 493581814
493640824 -23.0088403 -43.4541794 2650821016 493640822
493641116 -23.0088245 -43.4546858 493640824
493640808 -23.0088245 -43.4521967 493640806 2663196736 493640812
2663196736 -23.0087343 -43.4518175 2663196727 493640808
493581830 -23.0087198 -43.4551091 2650849189 493640960
2663196727 -23.0086438 -43.4514371 2593378013 2663196736
2593378013 -23.008593 -43.4512234 2663196727 493640999
493640822 -23.0085665 -43.4538827 493640820 493640824
493641012 -23.0085571 -43.4550613 493641116 2662097957
2593909400 -23.0085461 -43.4592765 493581815
493640960 -23.0084321 -43.4555269 493640957 1772987632
493640820 -23.0083189 -43.4535357 2662160705 493640822
493640957 -23.008311 -43.4554154 493641012
493581816 -23.0083031 -43.4581362 493581815
2662097957 -23.0082159 -43.4547489 493641012 493641016
1772987632 -23.0082055 -43.4558559 493640972 2662160728
2662160705 -23.0081895 -43.4533102 493640818 493640820
3733842373 -23.0080637 -43.4591818 493581838
493640818 -23.0080602 -43.4530328 2593378012 2662160705
493640852 -23.0080564 -43.4557657 493640849 493640957
493640972 -23.007955 -43.4562196 493640968 493581819
3733842377 -23.0079544 -43.4594322 3733842376 3733842372
3733842374 -23.0079536 -43.4591626 3733842373
2593378012 -23.0079184 -43.4527074 493640818
493641016 -23.0079153 -43.4544243 2662097957 2662097956
493581820 -23.0079002 -43.4566857 2662160723 493581819
3733842375 -23.0078872 -43.4592145 3733842374
3733842376 -23.0078768 -43.4592936 3733842375
493640968 -23.007837 -43.4560677 493640852
493581819 -23.0078291 -43.4564024 493581820 493640972
3733842372 -23.007756 -43.4592681 3733842371
2662097956 -23.0076977 -43.4541253 493641016 493641022
493640849 -23.0075999 -43.4553553 493640852
3733842371 -23.0075936 -43.4590607 3733842370
3733842370 -23.007545 -43.4588242 3733842369
493641022 -23.0075209 -43.4538447 493641026 2662097956
3733842369 -23.0074424 -43.4586515 3733842373 493581845
493641026 -23.0073234 -43.4534155 493641022 493641039
493641030 -23.0072839 -43.4531408 493641026
493641039 -23.007118 -43.4532267 493641034
493641034 -23.0070985 -43.4528957 493641030
493640830 -23.0070232 -43.4532868 2662160687 2662160685
2662160687 -23.0069685 -43.4529996 493640830 493640812 2662160684
2662160685 -23.0069237 -43.4533424 493640830 2662160665 2662160684
493640812 -23.0069166 -43.4527851 2662160683 2662160687 493640808
2662160684 -23.0068417 -43.4530406 2662160687 2662160685 2662160679
2662160683 -23.0068384 -43.4524368 2662160681 493640812 2662160679
2662160681 -23.0068314 -43.4522065 493640828 2662160683
493640828 -23.0067973 -43.4519784 2972900631 2662160681
2662160680 -23.0067255 -43.4523254 2662160678 2662160679
2662160679 -23.0067224 -43.452468 2662160680 2662160683 2662160684
2662160678 -23.0067106 -43.4521041 2662160680 2662160675
2662160675 -23.0066946 -43.4520005 2662160678
2972900631 -23.0065061 -43.4509525 493640828
493581845 -23.0058382 -43.457398 3733842369 2663086458
2662160665 -23.0056114 -43.4537506 2662160685 2662160664
2662160664 -23.0055618 -43.4539032 2662160665 2662160653
2662978047 -23.0043068 -43.4503708 2662978039 2662978045
2663086458 -23.0040034 -43.4559284 2663086456 493581845
2662160653 -23.0038567 -43.4543991 2662160664
583093564 -23.0038414 -43.4500771 583093555 583093563 2662978045
2663086456 -23.0036303 -43.4556287 2663086458 583093483
583093568 -23.003537 -43.4528093 2663002321
2662978039 -23.003517 -43.4505983 2662978047 583093563
583093563 -23.0034191 -43.4502003 583093550 583093564 2662978039
2663002321 -23.0032826 -43.4512421 583093568 583093548
583093483 -23.0024857 -43.4547263 2663127321 2663086456
2663127321 -23.0012911 -43.4537453 2663127318 583093483
2663127318 -23.0011621 -43.4536433 2663127321 583093158
583093158 -23.0005501 -43.4531551 2663127318 583093191
