511973350 -23014695 -43310048 511973346
349341413 -23014353 -43311679 511973350 814301177
349341069 -23014076 -43313111 349341413
349340984 -23014031 -43313664 349341069 3504127338 3504127337
349340983 -23014017 -43313793 349340984
3504127338 -23014014 -43313598 3504127336
3504127337 -23014011 -43313621 3504127335
3504127336 -23013988 -43313536 349341045
1757646253 -23013986 -43313379 349341069
3504127335 -23013979 -43313592 1757646251
1757646251 -23013943 -43313585 814301175
349341045 -23013939 -43313454 1757646253 349341046
1757646271 -23013899 -43313478 349341045
814301175 -23013888 -43313596 1757646273
349341002 -23013875 -43313889 349341003
3504127334 -23013867 -43313483 1757646271
3504127333 -23013863 -43313821 349341002
349341003 -23013850 -43314069 511973267
1757646273 -23013848 -43313626 1757646252
3504127332 -23013843 -43313827 349341002
1757646252 -23013831 -43313653 814301176
814301176 -23013825 -43313695 3504127333
349341266 -23013813 -43313479 3504127334
349340982 -23013811 -43314643 349340983
511973411 -23013799 -43313774 3504127332
349341046 -23013798 -43313347 1757646263
349341001 -23013784 -43313584 814301176
511973267 -23013737 -43314578 874316719
1757646263 -23013732 -43313273 349341048
3504127331 -23013727 -43313702 511973411
349341119 -23013713 -43313429 349341266 349341001
511973406 -23013694 -43313389 349341119 511973407
511973407 -23013688 -43313452 3504127330
3504127330 -23013673 -43313499 3504127329
3504127329 -23013645 -43313535 511973408
376080371 -23013642 -43310610 376080370
511973408 -23013602 -43313568 3504127328
3504127328 -23013546 -43313589 511973409
376080370 -23013508 -43310944 376080369
511973409 -23013490 -43313599 3504127327 3504127331
349340981 -23013439 -43316340 349340982
376080369 -23013398 -43311133 376080368
349341048 -23013383 -43312727 376080366
874316719 -23013370 -43316189 511973231 376073604
814301177 -23013267 -43311411 349341413 376080368
376080368 -23013184 -43311339 376080366 814301177
511973288 -23013172 -43312643 511973406
511973231 -23013145 -43317075 511973233 2793202157
2793202157 -23013073 -43317350 400665638
511973282 -23013060 -43312469 511973288 874316257
349340980 -23013058 -43317934 349340981
3213561424 -23012989 -43318435 349340980
376073603 -23012953 -43314370 376073604 511973267
400665638 -23012925 -43317903 2793202146
349340979 -23012922 -43318856 3213561424
511973316 -23012866 -43310304 511973315
349341000 -23012791 -43312048 511973282
2793202146 -23012788 -43318476 329669547
329669547 -23012738 -43318684 339015678
376080366 -23012718 -43311691 376080365 349341049
349340978 -23012684 -43319851 2989652501 349340979
2989652501 -23012680 -43319746 2989652500
2989652500 -23012661 -43319692 2989652497
511973317 -23012637 -43310648 511973316
2989652497 -23012626 -43319671 2989652498
376080365 -23012617 -43311767 349341000
2793202142 -23012610 -43318648 329669547
2989652498 -23012586 -43319673 2989652499
339015678 -23012538 -43319538 2989652496
376073604 -23012532 -43315962 874316719 376073279 376073603
2989652499 -23012527 -43319715 2989652496
2989652496 -23012481 -43319787 511973438
349341049 -23012412 -43311216 511973318
349340999 -23012301 -43311259 376080365
511973318 -23012245 -43310928 511973317 349341477
511973233 -23012241 -43316768 511973234
376073279 -23012161 -43315860 376073604 376073280
511973415 -23012158 -43316703 511973414 511973416
511973414 -23012154 -43316744 511973415 511973429
511973416 -23012148 -43316672 511973415 511973234
511973429 -23012141 -43316773 511973414 511973428
511973234 -23012130 -43316647 511973416 376073280 511973417
511973428 -23012119 -43316794 511973427 511973429
511973417 -23012105 -43316630 511973234 511973418
511973427 -23012091 -43316807 511973426 511973428
511973418 -23012076 -43316623 511973419 511973417
511973426 -23012062 -43316808 511973427 511973425
511973419 -23012059 -43316625 511973418 511973420
376073280 -23012035 -43315929 511973268 376073279
511973425 -23012033 -43316798 814301136 511973424 511973426
511973420 -23012031 -43316636 511973419 511973229
511973412 -23012028 -43316527 511973229
511973229 -23012008 -43316656 511973421 511973420
511973424 -23012008 -43316775 511973423 511973425
511973421 -23011993 -43316684 511973229 511973422
511973423 -23011993 -43316747 511973424 511973422
511973422 -23011988 -43316715 511973421 511973423 511973230
2727943407 -23011935 -43317630 511973429
814301136 -23011846 -43317632 2792878310 2727943407
3504127327 -23011755 -43313101 511973409 511973395
814301139 -23011738 -43318400 2793202142
511973268 -23011728 -43314016 376073603 511973390
2792878310 -23011684 -43318326 814301139 511973431
511973431 -23011661 -43318427 814301139 511973502 511973430
511973269 -23011649 -43314035 511973268 511973412
511973393 -23011636 -43313043 511973392 511973394
511973392 -23011634 -43313074 511973391 511973393
511973394 -23011628 -43313013 511973393 511973395
511973391 -23011622 -43313102 511973392 511973390
511973395 -23011612 -43312988 511973394 511973396
511973390 -23011602 -43313124 3504127327 511973391 511973405
511973396 -23011591 -43312971 511973289 511973395
511973405 -23011588 -43313133 511973404 511973390
511973289 -23011563 -43312962 511973397 511973287 511973396
511973404 -23011560 -43313141 511973403 511973405
511973397 -23011535 -43312964 511973289 511973295
511973403 -23011532 -43313137 511973404 511973269 511973402
511973402 -23011514 -43313130 511973401 511973403
511973295 -23011512 -43312975 511973397 511973370 511973398
511973401 -23011492 -43313110 511973278 511973402
511973398 -23011490 -43312995 511973399 511973295
511973278 -23011477 -43313083 511973400 511973401
511973399 -23011476 -43313022 511973400 511973398
511973400 -23011472 -43313053 511973399 511973278
511973287 -23011457 -43312152 511973288 874316257
874316257 -23011433 -43312022 511973283 511973291
511973286 -23011378 -43312129 511973287 511973295
511973283 -23011350 -43311999 511973284 511973286
2888500994 -23011220 -43311170 511973283 2888500988
2888500991 -23011161 -43310794 2888500994 2888500987
2888500988 -23011048 -43311193 2888500994 2888500879
2888500987 -23011002 -43310817 2888500991 2888500878
2888500879 -23010962 -43311144 2888500988 2888500875
511973270 -23010956 -43313846 511973227 511973269
2888500878 -23010952 -43310829 2888500987 2888500876
2888500876 -23010930 -43310855 2888500878 2888500875
2888500875 -23010925 -43310941 2888500876 2888500879
511973227 -23010907 -43314672 511973270 511973228 511973222
511973228 -23010877 -43315509 511973223 511973227 511973230
511973230 -23010838 -43316368 511973228 511973422 814301152
511973502 -23010798 -43318202 511973432 814301150
511973432 -23010650 -43318923 511973433 400657930 511973502
400657930 -23010448 -43319780 511973507 400657932 511973432 511973430
511973277 -23010433 -43312836 511973271 511973278
511973271 -23010227 -43313600 511973270 511973277
814301152 -23009821 -43316099 2792880774 511973230 511973225
511973284 -23009765 -43311564 376072377
511973285 -23009717 -43311654 511973286 511973284
2792880774 -23009641 -43316865 511973240 814301145 814301152
814301145 -23009621 -43316939 814301136 2792880774 814301150
511973221 -23009592 -43313411 511973271 511973222
511973370 -23009516 -43312390 511973371
511973371 -23009477 -43312304 511973372
511973372 -23009449 -43312164 511973285
814301150 -23009401 -43317777 400657934 814301145
511973383 -23009346 -43312407 511973384 511973382
511973382 -23009345 -43312431 511973383 511973381
511973381 -23009337 -43312454 511973380 511973382
511973384 -23009336 -43312377 511973383 511973372 511973385
511973222 -23009334 -43314184 511973223 511973227 511973221
511973380 -23009322 -43312472 511973276 511973381
511973385 -23009321 -43312359 511973384 511973386
511973276 -23009302 -43312483 511973277 511973379 511973380
511973386 -23009301 -43312348 511973387 511973385
511973379 -23009279 -43312487 511973378 511973276
511973387 -23009278 -43312345 511973386 511973388
511973388 -23009256 -43312351 511973387 1607109869 511973389
511973378 -23009247 -43312476 511973377 511973379
511973389 -23009237 -43312364 511973388 511973374
511973377 -23009230 -43312459 511973378 511973376
511973374 -23009221 -43312389 511973375 511973389
511973376 -23009220 -43312438 511973273 511973375 511973377
511973375 -23009217 -43312413 511973374 511973376
511973223 -23009051 -43314936 511973228 511973222 511973225
511973272 -23008934 -43313216 511973276 511973221
511973273 -23008842 -43313191 511973235 511973272
400657932 -23008774 -43319265 511973433 400657930
511973225 -23008742 -43315755 511973223 511973226 814301152
678834011 -23008664 -43310361 2988671166 376074717
511973433 -23008547 -43318329 400657932 511973439 511973432
400657934 -23008507 -43317505 511973439 814301148
511973439 -23008418 -43317797 511973433 400657934
511973235 -23008081 -43314709 511973236 511973250
511973226 -23007810 -43315459 511973272 511973225
2988671166 -23007557 -43310065 678834012
511973240 -23007512 -43316204 511973238 511973242
511973242 -23007507 -43316168 511973240 511973244
511973238 -23007505 -43316240 511973261 511973240
511973244 -23007491 -43316136 511973226 511973247 511973242
511973261 -23007479 -43316280 511973260 511973238
511973247 -23007466 -43316111 511973249 511973244
511973236 -23007462 -43314536 511973237 511973235 511973279
511973260 -23007450 -43316299 814301148 511973261 814301145 511973259
511973249 -23007438 -43316099 511973247 511973250
511973259 -23007417 -43316307 511973258 511973260
511973250 -23007405 -43316096 511973249 511973251
511973258 -23007384 -43316301 511973257 511973259
511973251 -23007372 -43316106 511973250 511973252
511973257 -23007354 -43316284 511973258 511973256
511973252 -23007345 -43316128 511973253 511973251
511973256 -23007332 -43316256 511973255 511973257
511973253 -23007326 -43316158 511973262 511973254 511973252
376202028 -23007325 -43318753 376202026 376202030
511973255 -23007321 -43316230 511973254 511973256
511973254 -23007318 -43316194 511973253 511973255
511973265 -23007288 -43316338 511973257
511973279 -23007288 -43315051 511973236
814301148 -23007250 -43317101 511973260 3267605961 400657934
1607109869 -23007222 -43311719 1607109871
376202026 -23007213 -43318374 376202023 376202028
376074799 -23007203 -43311468 1607086919
1712173304 -23007199 -43311870 511973376
376074717 -23007180 -43311331 376078590
1607109871 -23007152 -43311661 1712173318
511973274 -23007130 -43312682 511973273
376078590 -23007109 -43311331 376078526
1712173318 -23007102 -43311581 1607102727
1607102727 -23007081 -43311535 376074799 376078526
1712173430 -23007079 -43311893 1712173304
2332478370 -23007061 -43310225 678834012
2332478376 -23007053 -43310343 2332478370
511973275 -23007051 -43312682 511973274
2332478379 -23007045 -43310466 2332478376
1712173428 -23007024 -43311974 1712173430
511973264 -23007020 -43312742 376078520 511973275
2995972088 -23007018 -43311583 1607102727
376078526 -23006989 -43311306 2332478379
376074794 -23006978 -43311646 376078526 2995972088
1607109859 -23006947 -43312122 376074794 1712173428
376078520 -23006945 -43312323 1607109859
511973237 -23006901 -43314364 511973264 511973236
1729255654 -23006868 -43313024 376078520
3267605961 -23006846 -43316900 329669514 814301148
376202023 -23006784 -43317640 1586177623 376202026
511973262 -23006775 -43316012 511973237
511973266 -23006704 -43316544 511973265
376078683 -23006703 -43314095 1729255654
376202021 -23006703 -43317581 376202023
511973263 -23006683 -43316478 511973262
1586177623 -23006644 -43317429 1586177625
678834026 -23006617 -43311318 146447033
146452663 -23006608 -43314796 376078683
2332478377 -23006601 -43310177 2332478371
2332478371 -23006599 -43310300 2332478382
2332478382 -23006597 -43310423 1759173191
1759173191 -23006593 -43310702 1712173380
1712173380 -23006585 -43311035 329669395 678834026
146447033 -23006584 -43311806 1729255712
376202019 -23006574 -43317519 376202021
329669395 -23006529 -43311269 329669408
1729255749 -23006529 -43315400 146452663
1586177625 -23006514 -43317243 1586177586
329669408 -23006499 -43311609 2370326386
1729255673 -23006491 -43314225 1729255753
329669514 -23006481 -43316555 3267605961 511973263 511973266
146447034 -23006478 -43313969 1729255673
1729255665 -23006468 -43315761 1729255749
1729255753 -23006468 -43314532 146447036
1729255712 -23006458 -43312710 1712173298
1712173413 -23006449 -43313450 146447034
2370326386 -23006432 -43312089 2888500847
1712173298 -23006429 -43313038 1712173413
376202017 -23006427 -43317489 376202019
146447036 -23006421 -43314928 1729255662
146452661 -23006391 -43316105 1729255665
2793180689 -23006388 -43316489 329669514
2888500847 -23006377 -43312474 2888500845 1712173298 2888500844
171606002 -23006359 -43317265 171600802
171600802 -23006358 -43317128 1586177586
171606001 -23006336 -43317385 171606002
1729255662 -23006323 -43315688 146447038
2888500846 -23006321 -43312057 2888500842
2888500845 -23006310 -43313222 329669449 2888500841
376202013 -23006294 -43317548 376202017
2888500844 -23006279 -43312436 2888500847 2888500842
1586177586 -23006279 -43317005 1586177547
146447038 -23006252 -43316074 146447040
376202012 -23006224 -43317640 171606001 376202013
329669449 -23006218 -43314280 2888500843
2888500843 -23006126 -43314933 3298599568 329669462
329669503 -23006125 -43316298 2793180689
171606000 -23006114 -43317891 376202012
1586177547 -23006105 -43316893 171600804
146452660 -23006091 -43317245 146452661
329669462 -23006084 -43315250 329669480
2888500842 -23006020 -43312237 2888500846 3298607372 2888500844
329669492 -23006004 -43316142 329669503
171600804 -23005978 -43316851 376201646
146447040 -23005970 -43317123 171623707
329669480 -23005970 -43315822 2265242736
2265242736 -23005968 -43315999 2265242674 329669492
376201646 -23005882 -43316873 171600805
2265242674 -23005805 -43315930 2265242688 2265242736
171600805 -23005758 -43316990 1759173221 376145251
376145251 -23005703 -43316988 376145247
376145247 -23005616 -43316979 376145245
1759173221 -23005600 -43317422 376145204
1759173169 -23005587 -43317247 1759173221
1759173219 -23005558 -43317102 1759173169
2888500841 -23005555 -43313064 2888500845 2888500840
171623707 -23005525 -43318159 171624832 146447044
376145245 -23005504 -43316945 376145244 1759173219
3298607372 -23005330 -43312700 2888500842 2888500838
376145204 -23005310 -43318217 171624832
3298599568 -23005305 -43314694 2888500843 2888500836
2888500840 -23005210 -43312942 2888500839 2888500841
2888500839 -23005149 -43312898 2888500840 2888500838
2265242688 -23005140 -43315115 2265242674 2888500835
2888500838 -23005125 -43312838 2888500839 3298607372 2265242698
146452658 -23005119 -43319792 146452660
2888500837 -23005102 -43313003 2265242698 2888500836
2265242698 -23005087 -43312873 2888500837 2888500834 2888500838
2888500836 -23005069 -43314625 2888500837 3298599568 2888500835
2888500835 -23005063 -43314917 2265242688 2888500836
171624832 -23004724 -43319659 376145812
2888500834 -23004230 -43313444 2265242698 2888500833
376145244 -23004185 -43314579 376145243 376145245
2888500833 -23004119 -43313427 2888500834 3298598746
376145243 -23004068 -43314405 376145244 376145242
3298598746 -23004020 -43313227 2888500833 2888500832
2888500832 -23003949 -43313082 3298598746
376145242 -23003902 -43314327 376145240 376145243
376145240 -23003720 -43314336 376145239 376145242
376145239 -23003570 -43314422 376145237 376145240
376145237 -23002211 -43315709 376145239 376145236
376145236 -23001863 -43316190 376181002 376145237
376181002 -23001682 -43316353 376181000
376181061 -23001639 -43316573 1759173185 376145236
1759173202 -23001631 -43316641 376181061
1759173185 -23001618 -43316512 1759173177
376180991 -23001608 -43316680 1759173202
1759173177 -23001587 -43316479 1759173213
1759173210 -23001572 -43316710 376180991
1759173213 -23001545 -43316459 376181000
376180992 -23001531 -43316723 1759173210
376181000 -23001499 -43316457 1759173163
376180995 -23001489 -43316720 376180992
1759173163 -23001458 -43316471 1759173232
376180997 -23001436 -43316691 376180995
1759173232 -23001425 -43316500 376180999
1759173179 -23001416 -43316667 376180997
376180999 -23001406 -43316529 1759173178
376180998 -23001397 -43316625 1759173179
1759173178 -23001394 -43316574 376180998
