3660812880 -23.0010174 -43.6511888 3660812879
3660812879 -23.0008756 -43.6506845 3660812880 3660812878
3660812878 -23.0008627 -43.6504136 3660812877 3660812879
3660812877 -23.0008326 -43.6502221 3660812876 3660812878
3660812876 -23.0007638 -43.6501708 3660812875 3660812877
3660812897 -23.0007036 -43.6519967 3660812896
3660812875 -23.0004887 -43.6500213 3660812883 3660812876
3660812864 -23.0003081 -43.6525478 3660812863
3660812896 -23.0002694 -43.6512122 3660812895 3660812897
3660812895 -23.0001405 -43.651016 3660812894 3660812896
