3659479776 -22.9999769 -43.6251882 3659479775 3659479777 1542870507 3659479773
3659479778 -22.999956 -43.6270706 3659479763 3659479775 3659479779
3659479774 -22.999785 -43.6239243 3659479773
3082554069 -22.9996645 -43.6272664 3082554094 3082553931
3659479768 -22.9994569 -43.6217005 1542870470
3659479773 -22.9993804 -43.6249047 3659479772 3659479774 3659479776 3659479770
3659479775 -22.9992762 -43.6269469 3659479776 3659479778 3659479772
3082554034 -22.9992277 -43.6292829 1542870440 3082553924 3659479826 3659479827
1542870470 -22.9991652 -43.6225041 1542870496 3659479767 3659479768
3082553931 -22.9991598 -43.6271672 3082553913 3082553879 3082554069
3659479771 -22.9991183 -43.6243091 3659479770
3082553924 -22.9991037 -43.6285702 3082554092 3082553914 3082554034
3082553914 -22.9989992 -43.6278162 3082553913 3082553924 3082554093
3082553913 -22.9989951 -43.6276655 3082553931 3082553914
3659479770 -22.9989651 -43.6247073 3659479771 3659479773 1542870536 3659479769
3659479772 -22.9986149 -43.6268265 3659479775 3659479773 3659479769
1542870440 -22.9985948 -43.6294343 3659479828 1542870544 3082554034
3082553879 -22.9985135 -43.6270403 1542870544 3082553846 3082553931
1542870536 -22.9984368 -43.6244562 3659479767 3659479770
3659479767 -22.998391 -43.6244344 3659479764 3659479766 1542870470 1542870536
3659479765 -22.9983266 -43.62277 3659479764
1542870496 -22.9982728 -43.6221258 1542870470 3659479745
3659479769 -22.9982062 -43.6267521 3659479762 3659479772 3659479770
3659479746 -22.998186 -43.6212365 3659479745
3659479745 -22.9979303 -43.6220018 1542870496 1542870625 3659479755 3659479746
1542870544 -22.9978927 -43.6286631 1542870440 1875633483 3082553847 3082553879
3659479764 -22.9978047 -43.6241557 3659479767 3659479741 3659479761 3659479765
1542870625 -22.9976862 -43.6219134 3659479745 3659479758
3659479762 -22.9976859 -43.6266574 3659479766 3659479769
3659479738 -22.9976657 -43.6294153 3659479829 3659479737
3659479755 -22.9976632 -43.622704 3659479754 3659479750 3659479745
3082553847 -22.9976017 -43.6293229 3659479738 1542870544
3659479759 -22.9975661 -43.6210385 3659479758
3659479737 -22.9975463 -43.6296045 3659479736 3659479738 1875633463
3082553846 -22.997534 -43.6268363 3082553837 3082553879
3659479766 -22.9975094 -43.6266433 3659479762 3659479761 3659479767
3659479750 -22.9974276 -43.6233235 3659479755 3659479749 3659479744
3659479741 -22.9974099 -43.6240318 3659479764 3659479744
1875633463 -22.9973945 -43.6293865 3659479735
3659479754 -22.9973786 -43.6226342 3659479755 3659479753
1875633460 -22.9973708 -43.6289896 3082553847 3659479735
3659479758 -22.9973208 -43.6218638 1542870625 3659479759 1542870438
3659479735 -22.9972362 -43.629126 3659479734 1875633488 1875633460
1542870438 -22.9972121 -43.621849 3659479757 3659479758 1542870416
3659479744 -22.9971787 -43.6239779 3659479741 1542870582 3659479743 3659479750
1875633478 -22.9971528 -43.628635 1875633460
1542870582 -22.9971134 -43.6239626 1542870562 3659479744
1875633483 -22.997057 -43.62759 1542870544 1875633507
1875633488 -22.9970562 -43.6288297 3659479733
3082553837 -22.9970483 -43.6267875 3082553846 3082553729
3659479753 -22.9970088 -43.6226002 3659479752 3659479754
1875633446 -22.9969955 -43.6282761 1875633478
3659479757 -22.9969932 -43.6207726 1542870438
3659479749 -22.9969827 -43.6232679 3659479748 3659479750
1875633507 -22.9969096 -43.6274854 1875633483 1875633474
1875633473 -22.9969017 -43.6279435 1875633446
3659479733 -22.9968561 -43.6283899 1875633472 3659479729
3659479761 -22.9968369 -43.6265895 3659479766 3659479760 3659479764
1875633472 -22.9968029 -43.6282729 1875633438
1875633474 -22.9967634 -43.6274231 1875633473 1875633507
3659479748 -22.9967588 -43.6232793 3659479747 3659479749
3082553729 -22.9966691 -43.6268475 1875633474 3082553837 3659476420
3659479752 -22.9966285 -43.6225833 3659479751 3659479753
3659479760 -22.9966277 -43.6265949 3659479761 3082553729 3659476400
3659479743 -22.9966129 -43.6253672 3659479742 3659479744
1875633438 -22.996599 -43.6275218 3659479726
1875633459 -22.9965955 -43.6263985 3659479760
3659479726 -22.9965605 -43.6272826 3659479731 3659476420
1542870416 -22.9965406 -43.6218812 1542870438 3082553703 3659479756
1875633462 -22.9965264 -43.6260981 1875633459
1542870562 -22.996501 -43.6240055 1542870582 3082553719
3659476420 -22.9964987 -43.6268977 3659476400 3659476419 3082553729
3082553727 -22.9964918 -43.6260062 1875633462 3659479742
3659476400 -22.9964616 -43.6266668 3659479760 1875633466 3659476401
3659479729 -22.9964564 -43.6293702 3659479733 3659479728 3659479732
1875633434 -22.9964516 -43.6258991 3082553727
3659479742 -22.9964441 -43.6254575 3659479743 3082553727 3082553725
1875633466 -22.9964419 -43.6265445 1875633432
3082553725 -22.9964391 -43.6253994 3659479742 3082553719
1875633458 -22.9963874 -43.625765 1875633434
3659479756 -22.9963264 -43.620931 1542870416
3659479731 -22.9963117 -43.6279083 3659479728 3659479726 3659479730
1875633432 -22.9962697 -43.6254714 1875633435
3659476401 -22.9962691 -43.6267536 3659476421 3659476400
1875633435 -22.9962666 -43.6254523 3659476399 1875633458
3659476419 -22.9962535 -43.6269912 3659479730 3659476420
3082553719 -22.996221 -43.6240449 3659479747 1542870562 3082553725 1542870422
1542870599 -22.9962048 -43.6264303 1542870553
3659476399 -22.9961379 -43.6247597 3659476398 1542870422 1875633435
3659479747 -22.9960984 -43.6233524 3082553719 3659479751 3659479748
1542870422 -22.9960105 -43.6240745 3659476396 1542870460 3659476399 3082553719
3659479728 -22.9959984 -43.6286962 3659479731 3659479727 3659479729 1542870492
3659479751 -22.9959763 -43.6226627 3659479747 3659479752 3082553703
3659476398 -22.9959514 -43.6248297 3659476397 3659476399
3659476396 -22.9958903 -43.6233889 3659476382 3659476395 1542870422
3659479730 -22.9958892 -43.6271956 3659479727 3659479731 3659476419
3082553703 -22.9958565 -43.621986 1542870608 3659479751 3660809576 1542870416
3659476421 -22.995772 -43.627036 3659476422 3659476401 1542870583
3659476382 -22.9957634 -43.622665 1542870608 3659476396 3659476383
1542870492 -22.9957228 -43.6293892 3659476418 1542870447 3659479728
1542870608 -22.9956499 -43.6220177 3659469175 3659476382 1542870526 3082553703
3659476395 -22.9956076 -43.6234264 3659476394 3659476396
3659476397 -22.9955868 -43.6249712 3659476398 1542870553
1542870460 -22.9955529 -43.6242416 1542870482 1542870422
3659469175 -22.9954358 -43.6207965 1542870608 3659469176 1542870421
1542870553 -22.9954048 -43.6250784 3659476397 1542870482 1542870583 1542870599
3659476394 -22.9953472 -43.6235113 3659476393 3659476395
3659479727 -22.9953137 -43.6275185 3659476418 3659479730 3659479728
1542870421 -22.9953038 -43.6200437 3659476380 3659469175 1542870522
3659469176 -22.995243 -43.6208744 3659469175 3659469177
3659476422 -22.9951875 -43.627368 3659476421 3659476402 3659476423
3659476383 -22.9951753 -43.6228209 3659476382 3659476384
3659469177 -22.9951232 -43.6209819 3659469176 3659469178
1542870482 -22.9950789 -43.62455 1542870460 1542870553 1542870538 1542870436
3659476393 -22.9950346 -43.6236471 3659476394 3659476392
3659469178 -22.9949565 -43.621129 3659469177 3659469179
1542870526 -22.9949544 -43.622201 1542870608 3659476381
3659476384 -22.9948732 -43.6229341 3659476383 3659476385
1542870583 -22.9948616 -43.6254861 1542870553 3659476421 3659476423
3659476418 -22.9947524 -43.6278334 3659476402 3659479727 1542870492 3659476417
1542870436 -22.9947036 -43.6239412 1542870482 3659476392
3659476392 -22.9946764 -43.6238971 3659476386 3659476391 3659476393 1542870436
3659476402 -22.9946519 -43.6276723 1542870563 3659476418 3659476422 3659476403
3659476381 -22.9946231 -43.622323 1542870526 1542870469
3659476385 -22.9946127 -43.6230869 3659476384 3659476386
1542870469 -22.9943731 -43.6224305 3659476381 1542870626
3659476386 -22.9943115 -43.6233051 1542870626 3659476387 3659476392 3659476385
3659476423 -22.9942851 -43.6259175 1542870563 3659476422 1542870583
3659479725 -22.9942681 -43.6296504 1542870540 1542870447 3659476424
3659476417 -22.9941427 -43.6281521 3659476403 1542870447 3659476418 3659476424
3659476403 -22.9940545 -43.6280125 3659476402 3659476413 1542870585 3659476417
1542870626 -22.9939586 -43.6227327 1542870469 1542870425 3659476386 3659469179
1542870563 -22.9937888 -43.6262888 3659476402 3659476423 1542870585 1542870538
3659469179 -22.9935823 -43.6221223 1542870626 3659469178 1542870522 3659469180
3659476424 -22.9935612 -43.6285058 3659476416 3659479725 3659476417
3659476413 -22.9934725 -43.6283543 3659476403 3659476404 3659476414
1542870538 -22.9934107 -43.6256828 1542870482 1542870521 3659476391 1542870563
1542870522 -22.9932419 -43.6215701 1542870441 1542870421 1542870594 3659469179
3659476416 -22.9932324 -43.6287058 3659476415 3659476424
1542870585 -22.9932272 -43.62668 1542870563 3659476414 3659476403
1542870540 -22.9931628 -43.6291554 3659476415 3659479725
3659476391 -22.9930396 -43.625088 3659476387 1542870538 3659476390 3659476392
3659476415 -22.9929978 -43.6288869 3659476404 1542870540 3659476416
3659476404 -22.992883 -43.6287003 1542870556 3659476415 3659476413 3659476405
1542870441 -22.9928505 -43.6209708 1542870457 3659476380 1542870522
3659476405 -22.9927323 -43.6288699 3659476404 3659476406
3659476414 -22.9926736 -43.6270707 1542870556 3659476413 1542870585
3659476387 -22.9926684 -43.624493 1542870425 3659476391 3659476386 3659476388
3659476406 -22.9925292 -43.6291245 3659476405 3659476407
3659476407 -22.9924354 -43.6292037 3659476406 3659476408
1542870425 -22.9923365 -43.623961 1542870626 3659476387 1542870627 3659469180
3659476408 -22.9922687 -43.6292263 3659476409 3659476407
1542870556 -22.992121 -43.6274608 1542870521 3659476404 3659476414
3659469180 -22.991926 -43.6233031 1542870425 3659469181 1542870594 3659469179
1542870521 -22.991765 -43.6268818 3659476412 1542870556 1542870538 3659476390
1542870594 -22.9915865 -43.6227589 1542870457 3659469180 1542870522 1542870580
3659476390 -22.9913969 -43.6262816 3659476388 1542870521 3659476389 3659476391
3659476412 -22.991279 -43.6272063 1542870521
1542870457 -22.991205 -43.6221657 1542870441 1542870594 1542870417
3659476389 -22.9910915 -43.6264989 3659476390
3659476388 -22.9910116 -43.6256533 3659476387 1542870627 3659476390
1542870627 -22.99068 -43.6251126 1542870425 3659469181 3659476388 3659476378
3659476409 -22.9903101 -43.6293225 3659476408 3659476410
3659469181 -22.9902873 -43.6244784 1542870580 1542870627 3659469180
1542870580 -22.9899606 -43.6239471 3659469181 1542870417 1542870594
3659476378 -22.9897111 -43.6257803 1542870627
3659476410 -22.9896642 -43.6293112 3659476409 3659476411
1542870417 -22.9895875 -43.6233404 3659476379 1542870457 1542870580
2469161933 -22.9890887 -43.6299869 3660812853 2469161837 2812215384
2812215384 -22.9890027 -43.6297324 2812215385 2469161933
2812215385 -22.9887878 -43.6294242 3659476411 2812215384
3659476379 -22.9887318 -43.623947 1542870417 3660812858
3660812857 -22.9887113 -43.6249103 3660812856 3660812858
3659476411 -22.9886852 -43.6292645 2812215385 2812215386 3659476410
3660812856 -22.9886683 -43.6250597 3660812859 3660812857
3660812858 -22.9884175 -43.6243212 3659476379 3660812823 3660812857
3660812823 -22.9883071 -43.6244526 3660812860 3660812858
3660812859 -22.988075 -43.6254219 2812215389 3660812856 3660812860
2812215386 -22.9880526 -43.6282801 3659476411 2812215387
2812215387 -22.9877818 -43.6279298 2812215386 3660812852
3660812860 -22.9877749 -43.6247879 3660812859 3660812822 3660812823
3660812852 -22.9877506 -43.6278962 2812215387 2812215388 3660812854
3660812854 -22.9872766 -43.6283782 3660812851 3660812855 3660812852 3660812853
3660812851 -22.9867809 -43.6288824 3660812855 3660812850 2469161964 3660812854
2812215388 -22.9867156 -43.6267787 3660812852 2812215389
2469161768 -22.9866748 -43.629116 2812216811 2812216813 2469161889
2812215389 -22.9864684 -43.6264027 2812215390 3660812859 2812215388
2812216811 -22.9864464 -43.6284232 2812216814 2812216817 2469161894 2469161768
3660812822 -22.9864241 -43.6256388 2812215391 3660812860
2812216813 -22.9863815 -43.6294185 2812216814 2469161788 2469161768
2812215390 -22.9862814 -43.6259988 2812215389 2812215391
3660812855 -22.9862448 -43.627283 3660812851 3660812819 3660812854
2812215391 -22.9861739 -43.6258844 2812215390 2469161909 3660812821 3660812822
3660812821 -22.9860802 -43.6260871 3660812820 2812215391
2469161909 -22.9860277 -43.6257676 2812215391 2812216807 2812215398
2812216817 -22.986005 -43.6279197 2812216811 2812216819 2812216816
3660812820 -22.9860028 -43.6263206 3660812819 3660812821
3660812819 -22.9859942 -43.6265354 3660812855 3660812820
2812215398 -22.985989 -43.6260034 2812215396 2469161909
2812216814 -22.9859588 -43.6289287 2812216812 2812216811 2812216813
2812215396 -22.985873 -43.6262183 2469161894 2812215397 2812215398
2469161894 -22.9858257 -43.6265405 2812216811 2812215396
2812216807 -22.9855822 -43.6254219 2812216802 2469161909 2812216810
2812216819 -22.985573 -43.6274269 2812216817 2812216818 2812215395
2812215397 -22.9855656 -43.6264634 2812215395 2812215396
2812216810 -22.9852345 -43.6258353 2812216808 2812216807
2812215395 -22.9851378 -43.6269304 2812216819 2812215394 2812215397
2812216802 -22.9850846 -43.6250359 2812216801 2812216807 2812215392
2812216812 -22.9850561 -43.6298538 2469161797 2812216814 2812216816
2812216808 -22.9848669 -43.6261832 2812216809 2812216810
2812215394 -22.9847294 -43.6273554 2812215393 2812215395
2812215393 -22.9846305 -43.6273998 2812216803 2812215394 2812216805
2812216816 -22.9846154 -43.6293658 2812216812 2812216818 2812216817
2812216809 -22.9845166 -43.6265382 2812216805 2812216808
2812215392 -22.984508 -43.6245884 2812216802 2812216820 2812215399
2812216820 -22.9843102 -43.6243713 2812216821 2812215392
2812216805 -22.9841984 -43.6269047 2812216806 2812215393 2812216809
2812216818 -22.9841725 -43.6288755 2812216819 2812216816 2812216815
2812216803 -22.9841697 -43.6278939 2812216815 2812215393 2812216804
2812216821 -22.9841081 -43.6239743 2812216820 2812216822
2812216822 -22.9838738 -43.6234653 2812216821 2812216823
2812216806 -22.9838609 -43.6265498 2812216801 2812216805
2469161958 -22.9838493 -43.6295625 2469161833 2469161797
2812216815 -22.9837208 -43.6283754 2469161833 2812216818 3660812861 2812216803
2812216801 -22.9835277 -43.6261786 2812216802 2812216806 2812216804 2812215399
2812216823 -22.9835234 -43.6228092 2812216824 2812216822
2812216824 -22.983403 -43.622648 2812216823 2812216825
2469161833 -22.9832741 -43.6288545 2469161897 2469161958 2812216815
2812215399 -22.983072 -43.6256625 2812216801 2469161971 2812215392
2812216804 -22.9830074 -43.6265688 3660812861 2812216801 2812216803
2469161897 -22.9829604 -43.628511 2469161833 2469161892
2469161892 -22.9827925 -43.6283608 2469161938 2469161897
2812216825 -22.982784 -43.6220736 2812216824 2812216826
2469161938 -22.9826542 -43.6282965 2469161921 2469161892
2469161921 -22.9825456 -43.6281784 2469161918 2469161938
3660812861 -22.9824619 -43.626978 2469161967 2812216804 2812216815
2812216826 -22.9824336 -43.621658 2812216827 2812216825
2469161918 -22.9824102 -43.627959 2469161921 2469161967
2469161967 -22.9819263 -43.6273797 2469161918 3660812861 2469161971 2812215400
2812216827 -22.9816575 -43.620654 2812216828 2812216826
2812216828 -22.9815737 -43.6204765 2812216827 2812216829
2812216829 -22.9815371 -43.6203154 2812216828 2812216830
2812216830 -22.9815135 -43.6200188 2812216829 2812216831
2469161971 -22.9814404 -43.6268651 2469161969 2469161967 2812215399
2469161969 -22.9812615 -43.6266657 2469161971
2812215400 -22.9804989 -43.6283968 2469161967
