349325265 -23.0544091 -43.5809298 349325266
349325266 -23.0533103 -43.5801337 349325265 349324379 337659662 349324573
349324379 -23.0530665 -43.5801574 349325266 349325267 349324377
349324377 -23.0529322 -43.5803719 349324376 349324379
349324376 -23.0527111 -43.5807153 349324373 349324377
349324373 -23.0525926 -43.580844 349324371 349324376
349324371 -23.0524821 -43.5808955 349324369 349324373
349324362 -23.0524426 -43.5801488 349324361 349324363
349324369 -23.0523478 -43.5808526 349324371 349324367
337659662 -23.052333 -43.5817255 349325266 337659666
349324363 -23.0522688 -43.5804234 349324365 349324362
349324367 -23.0522293 -43.5807324 349324365 349324369
349324365 -23.0522293 -43.5805522 349324363 349324367
337659666 -23.0518039 -43.5826439 337659662 337659671
337659671 -23.051567 -43.5831674 337659666 349325571
349325571 -23.0500619 -43.5888853 337659671 349325588
349325588 -23.0499094 -43.5894645 349325571 337659673
349325709 -23.0469694 -43.5881654 349325708 349325710
349325708 -23.0469536 -43.5882941 349325706 349325709
349325710 -23.046843 -43.588071 349325711 349325709
349325706 -23.0467245 -43.5886374 349325708 349325705
349325711 -23.0466614 -43.588071 349325710
349325705 -23.046614 -43.5888863 349325706 349325704
