1578769654 -22.9999394 -43.2695679 1578769651 1757402214
1757402214 -22.999835 -43.2696139 1757402225
400705885 -22.9997561 -43.2673339 1578769657
2164853565 -22.9997561 -43.2673044 400705885
1578769653 -22.9997487 -43.2672668 2164853565
1578769651 -22.9997067 -43.2684336 3648017604
1578769652 -22.9997043 -43.2669718 1578769653 3648017598
3648017606 -22.9997018 -43.2671998 1578769653
3648017609 -22.9996895 -43.2670496 1578769652
3648017607 -22.9996672 -43.2671595 3648017606
3648017608 -22.9996623 -43.2670978 3648017609
3648017598 -22.9996401 -43.2663951 1578769652 2971845739 3648017599
1578769650 -22.9996104 -43.2671434 3648017608 3648017607
3648017605 -22.9995709 -43.2671917 1578769650
3648017604 -22.999566 -43.2675029 1578769648
1578769648 -22.9995487 -43.2672641 3648017605
2971845739 -22.9994771 -43.2650379 400705887 3648017598 2370308193
1757402225 -22.9993762 -43.2696088 2370308201
2370308201 -22.9993412 -43.2696152 1578769643
1578769643 -22.9993073 -43.2696214 1757402252
1757402252 -22.9992418 -43.2696488 1757402277
1757402277 -22.9991847 -43.2696896 1757402263
1757402257 -22.9991583 -43.2691208 146420076
1757402231 -22.9991533 -43.2690099 1757402257
146420076 -22.9991491 -43.2692365 1757402233
715685399 -22.9991267 -43.2688771 1757402231
1757402263 -22.9991224 -43.2697637 146420075
1757402233 -22.9991075 -43.269403 1757402246
1757402246 -22.9990766 -43.2695836 1757402209
1757402209 -22.9990608 -43.269738 146420075
146420075 -22.9990565 -43.2698788 146420074
1757402235 -22.9990562 -43.2686803 715685399
1584076002 -22.9989481 -43.2698988 2370308197 715685429
715685312 -22.9989446 -43.268469 1757402235
2370308197 -22.9989199 -43.2697845 1584075997
715685429 -22.9988904 -43.2693709 1757402236
1584075997 -22.9988664 -43.2695682 1757402282 1757402224
1757402236 -22.9988487 -43.2690468 715685300
146420078 -22.998824 -43.268226 715685312
1757402224 -22.9988191 -43.2694956 1584075983
1757402282 -22.9988144 -43.2693618 1584075993
715685300 -22.9987758 -43.2686324 146418147
1757402220 -22.9987712 -43.268091 146420078
1584075983 -22.9987677 -43.2694455 1584075979
1584075993 -22.9987587 -43.269188 1584075968
1584075981 -22.9987328 -43.2693702 1584075979
1757402267 -22.9987266 -43.2693364 1584075981
1584075979 -22.998725 -43.2694123 1757402278
146418147 -22.9987192 -43.2683874 1757402206
1584075977 -22.998715 -43.2693135 1757402267
1757402278 -22.9987092 -43.2694387 1584075975
1757402234 -22.9987042 -43.2678814 1757402220
1757402262 -22.9986921 -43.2692898 1584075977
1584075975 -22.9986842 -43.2694598 1757402230
1584075965 -22.9986766 -43.2692808 1757402262
1584075973 -22.9986763 -43.2687338 1584075970
1584075968 -22.9986714 -43.268954 1584075973
1584075970 -22.9986686 -43.2685664 1584075963 1584075923
1584075959 -22.9986539 -43.2690445 1584075968
1757402206 -22.998651 -43.2681796 1584075951
1757402230 -22.9986493 -43.2694709 1584075945 1584075942
1584075963 -22.9986474 -43.2684183 1584075951
1757402274 -22.9986457 -43.2692733 1584075965
1584075945 -22.9986416 -43.2697728 1584075944 1584075948
1584075948 -22.9986387 -43.2699403 1584075945 1584075943
1584075953 -22.9986328 -43.2691267 1584075959
1584075942 -22.9986178 -43.2694678 541230303
1757402249 -22.9986144 -43.2692778 1757402274
1584075941 -22.9986095 -43.2692005 1584075953
1584075944 -22.9985996 -43.2695956 1584075938
1584075940 -22.9985942 -43.2692877 1757402249
1584075951 -22.9985819 -43.2680061 400705890
541230303 -22.9985808 -43.2694459 1757402273
3648017600 -22.9985723 -43.2674019 1757402234
1584075936 -22.9985697 -43.2693115 1584075940 1584075941
1584075938 -22.9985684 -43.2694956 1757402273
1757402273 -22.9985609 -43.2694182 1584075926 3389900486
1757402276 -22.9985549 -43.2693419 1584075936
1584075926 -22.9985513 -43.2693854 1757402276
400705890 -22.9984963 -43.2677456 146418146 400705891
3648017599 -22.9984154 -43.2668316 3648017600 3648017598
1584075923 -22.998339 -43.2685554 1584075920 1584075970
1578769638 -22.9983271 -43.2665105 3648017599
146418146 -22.9983111 -43.2672708 1578769634
1578769637 -22.9982445 -43.2664367 3648017600
3648017601 -22.998205 -43.2664018 1578769637
1584075920 -22.9981689 -43.2685615 1584075923 1584075916
3648017602 -22.9981556 -43.2664045 3648017601
1578769634 -22.9981383 -43.2667773 1578769633 146418145
1578769636 -22.998121 -43.266434 3648017602
2370308193 -22.9981184 -43.2655763 2971845738 2971845739
1578769633 -22.9981013 -43.2664769 1578769636
2370308199 -22.9980796 -43.2656186 1578769638
2971845738 -22.9980723 -43.2655923 2370308199 2370308193
1584075916 -22.9980518 -43.2686009 1584075920 1584075897
146418145 -22.9980507 -43.266493 3648017603 1891357020
146420079 -22.9980239 -43.2654177 2971845738
400705891 -22.9979383 -43.2677644 400705890
3648017603 -22.9979383 -43.2656722 146418144
1584075897 -22.9979013 -43.2687069 1584075874 1584075916
146418144 -22.9977869 -43.2650228 146418142
400705915 -22.9977709 -43.2645757 146420079
1584075874 -22.997734 -43.2688371 1584075869 1584075897
2368139915 -22.9977137 -43.2643768 400705915
3389900486 -22.9976773 -43.2698862 541230286 1757402273
541230286 -22.9976164 -43.2699203 3389900486 3389900485
1584075869 -22.9975946 -43.2689219 1584075874 1584075864
3389900485 -22.9975357 -43.2699559 541230286 541230287
1578749440 -22.9974788 -43.2603964 349343705 1578749436
1891357020 -22.9974378 -43.2641916 2370308202
541230287 -22.9974299 -43.2699741 3389900484 3389900485
2370308202 -22.9974292 -43.2641616 1578769632
1584075864 -22.9974134 -43.2689764 1584075869 1584075849
1578769632 -22.9974058 -43.2640802 1578769631
1578749436 -22.9973818 -43.2602308 1578749409
1578749432 -22.9973543 -43.2603862 1578749436
3389900484 -22.9973146 -43.2699775 1584075844 541230287
1584075849 -22.9972517 -43.2689613 1584075864 1584075830
1578749430 -22.9972491 -43.2605548 1578749432
1584075844 -22.9972086 -43.2699833 3389900484 1584075824
1578769631 -22.9971946 -43.2633142 1578769630
1584075830 -22.9971346 -43.2689249 1584075827 1584075849
1578749423 -22.9970859 -43.2606577 1578749430
349343705 -22.9970605 -43.2607814 349343733
1584075827 -22.9970227 -43.2688922 1584075793 1584075823 1584075830
1584075824 -22.9969822 -43.2699831 1584075844 3389900483
1584075823 -22.9969478 -43.2688704 1584075827 1584075814
349343733 -22.9968551 -43.2609702 146420081
1578749414 -22.9968544 -43.2606492 1578749423
146420081 -22.9967914 -43.261169 2368139915
1578749412 -22.9967654 -43.2609877 146420081
349343754 -22.9967445 -43.2608415 1578749412
1578749413 -22.9967355 -43.2606079 1578749414 1578749412
1584075814 -22.9967053 -43.2687614 1584075823 1584075806
349343737 -22.996626 -43.2605668 349343754
2093302487 -22.9965976 -43.2603816 1578749413
1584075806 -22.9965798 -43.2687311 1584075814 1584075799
146418142 -22.9965781 -43.2609459 400705811
1578769630 -22.9965094 -43.2610287 1578769629
1578749411 -22.996451 -43.2601412 2093302487
1584075799 -22.9964488 -43.2687493 1584075806 1584075797
400705811 -22.9964129 -43.2606571 400705874
1578769629 -22.9963593 -43.2607524 400705875 401621558
1584075797 -22.996262 -43.268931 1584075799 1584075789
401621558 -22.9962049 -43.260984 1578769629 400705812
1584075793 -22.9961211 -43.269759 1584075827
400705812 -22.9961007 -43.2611559 401621558 400705813
1584075789 -22.9959386 -43.269255 1584075797 1584075778
1584075778 -22.9956982 -43.2695557 1584075789 1584075776
1584075776 -22.9956194 -43.2696949 1584075778 3428640564
3389900476 -22.995572 -43.2699751 1584075774 541230292
3428640564 -22.9955617 -43.2698216 1584075775 1584075776
400705813 -22.9955451 -43.2618574 400705814 400705812
1584075775 -22.9955287 -43.2698941 1584075774 3428640564
1584075774 -22.9955104 -43.2699307 1584075775 3389900476 3389900475
3389900475 -22.9953973 -43.2699174 1584075774 3389900470
3389900470 -22.9953329 -43.2699112 3389900475 541230293
541230293 -22.9952629 -43.2699171 3389900470 3428651310
400705814 -22.9951812 -43.2621768 400705813 400705815
3428651310 -22.9951355 -43.2699634 541230293 3389900462
2816048963 -22.9950505 -43.2604218 400705906 2816048964
400705906 -22.995048 -43.2604904 400705899 2816048963
2816048964 -22.9950328 -43.2603558 2816048965 2816048963
400705899 -22.9950257 -43.2605546 400705900 400705906
2816048965 -22.9949969 -43.2602993 2816048964 2816048966
400705900 -22.9949857 -43.2606079 400705901 400705899
2816048966 -22.9949463 -43.2602581 2816048965 2816048967
400705901 -22.9949324 -43.2606447 400705902 400705900
2816048967 -22.9948863 -43.2602364 2816048968 2816048966
400705902 -22.994871 -43.2606612 2816048962 400705901
2816048968 -22.9948231 -43.2602365 2816048967 400705880
2816048962 -22.9948041 -43.2606547 2816048961 400705902
400705880 -22.9947631 -43.2602583 2816048968 400705912 400705905
2816048961 -22.9947431 -43.2606242 2816048960 2816048962
400705905 -22.9947099 -43.2603027 400705880 400705904
2816048960 -22.994695 -43.2605732 2816048959 2816048961
400705912 -22.9946908 -43.260084 400705879 400705880
400705904 -22.9946734 -43.2603641 400705903 400705905
2816048959 -22.9946656 -43.2605076 400705903 2816048960
400705903 -22.9946581 -43.2604351 2816048959 400705904
400705815 -22.9945019 -43.262415 400705814 400705816
400705816 -22.994289 -43.262339 400705817 400705815
400705817 -22.9940761 -43.2620703 400705816 400705818
400705818 -22.9938987 -43.2619335 400705817 400705819
400705819 -22.9937416 -43.2618828 400705820 400705818
400705820 -22.9935084 -43.2616648 400705819 400705821
400705821 -22.9930978 -43.2615026 400705820 400705822
400705822 -22.9927379 -43.261239 400705823 400705821
400705823 -22.9925098 -43.2611528 400705822 400705824
400705830 -22.9924439 -43.2603215 400705831 400705829
400705829 -22.9922767 -43.2604736 400705828 400705830
400705824 -22.9921601 -43.2609501 400705823 401621552
400705828 -22.9920739 -43.2604837 400705827 400705829
401621552 -22.9919239 -43.2608967 400705824 400705825
400705827 -22.9918052 -43.2605446 400705828 400705826
400705825 -22.9916633 -43.2608386 401621552 400705826
400705826 -22.9916481 -43.2607828 400705825 400705827
1835008443 -22.9889295 -43.2694463 1835008444 1160450563
1835008444 -22.9889269 -43.2694943 1835008436 1835008443
1160450563 -22.9889226 -43.2693821 1835008443 1835008438
1835008436 -22.9889132 -43.2695531 1160450462 1835008444
1835008438 -22.9889069 -43.2693317 1160450563 1835008435
1160450462 -22.9888967 -43.2695964 1835008441 1835008436
1835008435 -22.9888823 -43.2692879 1160450403 1835008438
1835008441 -22.9888658 -43.2696445 1835008434 1160450462
1160450403 -22.9888488 -43.2692378 1835008435 1835008440
1835008434 -22.9888258 -43.269689 1160450416 1835008441
1835008440 -22.988802 -43.2692014 1160450403 1835008442
1160450416 -22.988749 -43.2697658 1835008434 1160450548
1835008442 -22.9887451 -43.2691695 1160450461 1835008440
1160450461 -22.9886835 -43.2691487 1835008442 1835008437
1835008437 -22.9886196 -43.2691388 1160450461 1160450457
1160450457 -22.9885655 -43.2691497 1835008437 1835008439
1160450548 -22.9885367 -43.2699453 1160450455 1160450416
1835008439 -22.9885078 -43.2691827 1160450457 1160450465
1160450465 -22.9884678 -43.2692418 1835008439 3389900434
3389900434 -22.9884463 -43.2693224 1160450465 1160450477
1160450477 -22.9884202 -43.2694797 3404813552 3389900434
3404813552 -22.9883914 -43.2695814 3389900432 1160450477
3389900432 -22.988379 -43.2696252 3404813552 1160450404
1160450404 -22.9883223 -43.2697575 3389900432 3389900431
3389900431 -22.9882584 -43.269883 1160450456 1160450404
