1767949071 -22.9999907 -43.3665429 3028287576
3028287576 -22.9999644 -43.3642162 678833963
171554593 -22.9999622 -43.3690779 171554592
678833963 -22.9999485 -43.3631021 1767949076
1767949076 -22.9999428 -43.3628234 678833964
678833964 -22.9999104 -43.3620693 2841028607
166247693 -22.9999069 -43.3629324 1767949074
2841028607 -22.9998484 -43.3612291 3028280093
171558452 -22.999811 -43.3697626 171558451
3028280073 -22.9998095 -43.3629521 166247693
1782180679 -22.9998044 -43.3604385 171609852
3028280093 -22.9997998 -43.3607707 1782180679
171554592 -22.9997903 -43.3690172 171554591
3897803287 -22.9997686 -43.3611172 3028280093
2631320125 -22.9997274 -43.361337 3897803287
3028280074 -22.9997039 -43.3629937 3028280073
171558451 -22.9996912 -43.3693723 2053905325
171554591 -22.999616 -43.3688856 171558925
2053905325 -22.9995378 -43.3690633 2053905321
2613859179 -22.9994776 -43.3612495 171544639
171544641 -22.9994766 -43.3619345 2613859179
171544639 -22.9994718 -43.360963 1782180674
1782180674 -22.9994697 -43.3607791 1782180681
1782180681 -22.9994687 -43.3604765 1782180673
166247694 -22.9994644 -43.3631612 3028280074
2913170712 -22.9994602 -43.3623218 2631320125 171544641
3897803286 -22.9994266 -43.3625773 2913170712
171558925 -22.9994222 -43.3687007 2053905344 1897542174
2053905321 -22.9993769 -43.3688153 2053905350
2913170709 -22.9993315 -43.362891 3897803286
3315702284 -22.9991577 -43.3632291 2913170709
2053905350 -22.9990999 -43.3685104 2053905322
3315702283 -22.9990989 -43.3635511 166247694
3315702282 -22.9989608 -43.3634967 3315702284
2053905322 -22.9989353 -43.3683478 2053905333 2053905346
2053905344 -22.9988615 -43.3681492 2053905346
1897542174 -22.9986221 -43.367765 171540684
2053905333 -22.9984047 -43.3677926 2053905323
2053905346 -22.9981481 -43.3674142 1897542179
3315702285 -22.9981426 -43.3645268 3315702282 3315702283
2053905323 -22.9977608 -43.3670254 2053905326
2631320121 -22.997658 -43.3652425 3315702283
1897542179 -22.9976456 -43.3668156 2624965380
2913170704 -22.9975692 -43.3651512 3315702285
2624965381 -22.9975658 -43.3650033 3315702282
3859915814 -22.9975606 -43.365372 2631320121
171540684 -22.9975485 -43.366513 2053905337
2053905326 -22.9975142 -43.3667436 2053905329
2624965380 -22.997499 -43.3666368 2624965315
2624965313 -22.9974989 -43.3654771 3859915814
3859915813 -22.9974923 -43.3651435 2624965381
3859915812 -22.9974497 -43.3655807 2624965313
2624965345 -22.997437 -43.3653035 3859915813
2624965315 -22.9974292 -43.3665083 2624965307
3859915810 -22.9974012 -43.3653012 2913170704
3859915811 -22.9974002 -43.3657384 3859915812
2624965308 -22.9973999 -43.3654699 2624965345
2624965307 -22.9973975 -43.3663998 2624965272
3859915809 -22.9973817 -43.3656624 2624965308
2624965248 -22.9973708 -43.3658689 3859915811 3859915809
2624965272 -22.9973702 -43.3661364 2997030121
3897788208 -22.9973688 -43.3652577 2913170704
2997030121 -22.9973625 -43.3659884 2624965248
2053905337 -22.9973237 -43.3663005 1897542150
3315702280 -22.997234 -43.3652964 3897788208
3315702279 -22.9972214 -43.36544 3859915810
2053905329 -22.9972185 -43.3664569 1897542177
2624965091 -22.9971566 -43.3658965 2624965120
2624965120 -22.9971448 -43.3659914 2624965066
2624965067 -22.9971374 -43.3657717 2624965091
2624965064 -22.9970941 -43.365626 2624965067
2624965066 -22.9970744 -43.3661487 2624965062
171550506 -22.997051 -43.3655386 3315702279
2624965059 -22.9970195 -43.3655192 2624965064
2624965062 -22.997007 -43.3662255 2624965057
3315702278 -22.9970056 -43.3653448 3315702280
1897542150 -22.9969579 -43.3661285 3315702288
2624965057 -22.9969567 -43.3662706 2624965056
2624965055 -22.9968984 -43.3654728 2624965059
1897542177 -22.9968957 -43.3662549 3315702289
3859915804 -22.9968879 -43.3656227 171550506
2624965056 -22.9968335 -43.3662964 2624965045
2624964966 -22.9967388 -43.3654553 2624965055
2639081655 -22.9967273 -43.3654075 3315702278
2624965045 -22.996698 -43.3662979 2624964716
171550505 -22.996667 -43.365685 3859915804
3315702288 -22.9966294 -43.3660296 3315702290
3315702289 -22.9965869 -43.3661344 3315702290
2639081654 -22.9965823 -43.3654426 2639081655
3315702277 -22.9963941 -43.3654625 2639081654
3859915801 -22.9963486 -43.3657071 171550505
2639081652 -22.9962667 -43.3655644 2624964966
2378588726 -22.9962417 -43.3654685 3315702277
2624964716 -22.9962399 -43.3662083 3315702287
2093127796 -22.9960758 -43.3657059 3859915801
3315702290 -22.9960653 -43.3660286 2093127762 3315702287
2093127810 -22.9956987 -43.3656982 2093127796
2378588744 -22.9955666 -43.3654963 2378588726
3859915795 -22.995531 -43.3654777 2378588744
2639081647 -22.9955165 -43.3655431 2639081652
2639081650 -22.9955104 -43.3654469 3859915795
3859915794 -22.9954885 -43.3655214 2639081647
3315702286 -22.9954728 -43.3654864 3859915794
2454328176 -22.9954716 -43.3653824 3315702286 2639081650
3627615888 -22.9954688 -43.365262 2454328176
3627615887 -22.9954684 -43.3652307 3627615888
3316834673 -22.9954643 -43.3646796 3316834682
1179233625 -22.9954385 -43.361513 2639081649
3627616995 -22.9954292 -43.3612464 1179233625
3627616994 -22.9954275 -43.3611982 3627616995
3316834682 -22.9954257 -43.3650523 3627615887
376208165 -22.9954256 -43.3609571 3627616994 376217903
2639081649 -22.9954218 -43.3634785 2639081648
2639081648 -22.9954185 -43.3644778 3316834673
2989548793 -22.995414 -43.3605976 376208165
1179232368 -22.9954032 -43.3614123 1179233625
376219011 -22.9953921 -43.3604524 2989548793
3438511062 -22.9953822 -43.3604031 376219011
3862338297 -22.9953665 -43.3613765 1179232368
376227330 -22.995339 -43.360187 3438511062
376217903 -22.9953306 -43.3611263 376217901
1179232727 -22.9952931 -43.3613552 3862338297
376217901 -22.9952466 -43.3611923 376217900
376217900 -22.9951306 -43.3612127 376206648
3315702287 -22.9950857 -43.3661855 3105816594
3105816594 -22.9949448 -43.366188 2938140691
2938140691 -22.9948947 -43.366189 2938140665
3315702276 -22.9948622 -43.3655134 2093127810 2639081647
1179233342 -22.9945866 -43.3613976 1179232727
376218226 -22.9945253 -43.3602264 376218225
1179232506 -22.9945188 -43.3614326 1179233342
376206650 -22.9945016 -43.3617456 1179232292 3316840720
1179232292 -22.9944886 -43.3615087 1179232506 376206648
171563205 -22.9944709 -43.3655281 3627619660 3315702276
2093127738 -22.9944636 -43.3645979 376206650
376206829 -22.9944571 -43.3656545 2093127810
3627619661 -22.9944517 -43.3653546 2093127738
3627619660 -22.9944512 -43.3654056 3627619661
3316840720 -22.9944015 -43.3615233 3316840721
376206648 -22.9943943 -43.3612592 3627616997 3859915790
3627616997 -22.9943504 -43.3611712 3627616996
3859915790 -22.9943413 -43.3612614 376217894
376218225 -22.9943199 -43.3606126 376206645
3627616996 -22.9943189 -43.3611228 376206646
376206641 -22.9942882 -43.3602739 376206639
3316840721 -22.9942712 -43.3614047 376217894
376206646 -22.9942464 -43.3610029 3859915788
3859915788 -22.9942137 -43.3609277 3859915787
376206643 -22.9941966 -43.3605236 376206641
3859915787 -22.9941936 -43.360857 376206645
376206645 -22.9941801 -43.3607744 3627616998 3627616999
3627616999 -22.9941781 -43.3606618 376206643
3627616998 -22.9941375 -43.3608103 376218221
376209611 -22.9941303 -43.3604495 376206641
376217894 -22.9940672 -43.3612665 376213878
2093127854 -22.9940616 -43.3654997 171563205
376218221 -22.9940587 -43.360867 3859915784
2938140665 -22.993972 -43.3661791 1772771959
3859915784 -22.9939446 -43.3609258 376218217
376209614 -22.993909 -43.3606212 376209611
376218217 -22.9938458 -43.3609732 3859915781
376209616 -22.9937273 -43.3606984 376209614
1772771959 -22.9936816 -43.3661757 2938205860
3859915781 -22.9936583 -43.3610425 3859915780
2938205860 -22.9935624 -43.3661743 1772771932 2938205859
2938205859 -22.9935286 -43.3673872 2938205858 1772771930
2841023401 -22.993518 -43.3607361 376209616
3859831665 -22.9934952 -43.36549 2093127854
3859915780 -22.9934578 -43.3610943 376213878
1772771932 -22.9934414 -43.3661729 1772771921
1772771930 -22.9934116 -43.3673855 1772771932 2938140660 2938205859
1772771926 -22.9933676 -43.3688442 1772771930
1772771924 -22.9933161 -43.3692629 1772771926
1772771919 -22.9933 -43.3672559 1772771921 2938140660 1772771693
2938140660 -22.993296 -43.3673821 1772771919 1772771916 1772771930
1772771921 -22.9932931 -43.3661712 2093127744 1772771919
1772771916 -22.9932885 -43.3679851 2938140660 1772771914
1772771914 -22.9932877 -43.368041 1772771916 1772771912 1772771692
1772771912 -22.9932845 -43.3682575 1772771873 1772771914
1772771873 -22.9930338 -43.3685861 2938183024 1772771912
376213878 -22.9926793 -43.3612065 376213876
2938183033 -22.9925728 -43.3666115 2938183020
2093127744 -22.9925168 -43.3661633 1772771668 2093127762
2938183024 -22.9922151 -43.3685645 1772771873 1772771694 2938183023
2938183023 -22.9922047 -43.3691483 2938183024
3315702275 -22.9922017 -43.3654679 3859831665
1772771693 -22.9920069 -43.3672457 1772771919 2938183020 1772771692
1772771692 -22.9920029 -43.368011 1772771914 1772771693
1772771694 -22.9919825 -43.3685582 2938183024 2938183019
2938183020 -22.9919793 -43.366597 1772771668 2938183033 1772771693
2938183019 -22.991972 -43.3691292 1772771694
1772771668 -22.9919699 -43.3661524 2938185126 2938183020
376213876 -22.9919524 -43.3612152 2653958203 376213873
376209621 -22.9919163 -43.3607859 2841023401
2653958203 -22.9918688 -43.3611966 376209729
376209729 -22.9918023 -43.3611719 2653958202
376209725 -22.9917795 -43.360884 376209621
2093127762 -22.9917628 -43.3660081 2093132828
2653958202 -22.9917453 -43.3611471 376209728
3859915779 -22.9917415 -43.3609139 376209725
376209728 -22.9917164 -43.3611259 3859915778
376209726 -22.9917136 -43.3609546 3859915779
3859915778 -22.9916977 -43.3610812 376209727
3859915777 -22.9916971 -43.3609952 376209726
376209727 -22.991694 -43.3610348 3859915777
3315702274 -22.9916425 -43.3656308 3315702275 376206829
376210584 -22.991641 -43.3607292 376209621
2653958201 -22.9915705 -43.3610383 2653958200
2653958200 -22.9915589 -43.3611351 2653958198
3862338296 -22.9915177 -43.3606718 376210584
2653958199 -22.9915152 -43.3609207 2653958201
2653958198 -22.9914577 -43.3612062 376213873
2653958197 -22.9914502 -43.3608387 2653958199
376210585 -22.9914052 -43.3605599 3862338296
376210586 -22.9913417 -43.3604806 376210585
376209798 -22.9913268 -43.3607824 2653958197 376209621
376213873 -22.9912243 -43.361229 2650861103
3466090866 -22.9912058 -43.3607824 376209798
2650861116 -22.991128 -43.3604123 2650861115
2650861115 -22.9911009 -43.3606242 2650861113
2650861114 -22.9910947 -43.3602125 2650861116
2650861113 -22.9910392 -43.3607811 3466090867 3466090866
3466090867 -22.9910058 -43.3608656 2650861111
2650861111 -22.9909503 -43.3609474 2650861106
3626008344 -22.9908786 -43.3607802 2650861113
2650861108 -22.9907774 -43.360997 2650861106
1772753416 -22.9907675 -43.3601642 3466090864
2650861106 -22.9907441 -43.3611057 3626008343
1772753417 -22.9907428 -43.3603935 1772753416
2650861104 -22.9907367 -43.3608938 2650861108
3466090864 -22.9907293 -43.3600046 1772753414
2996077288 -22.9907159 -43.3679867 2996077293
3626008347 -22.990712 -43.3604833 1772753417
3466090865 -22.9906675 -43.3608441 2650861104
3626008343 -22.9906651 -43.3611552 2650861103
3626008346 -22.9906601 -43.3605665 3626008347
3316908854 -22.9906497 -43.3654693 3315702275
1772753415 -22.9905749 -43.360651 3626008346
2650861103 -22.9905049 -43.3612087 376213869
376211329 -22.9904851 -43.3607841 3466090865 3626008344
3626008345 -22.9904144 -43.3607435 1772753415
1772753413 -22.990318 -43.360781 3626008345 376211329
3316908859 -22.9903139 -43.3654696 3316908854
2996077293 -22.9901171 -43.3663248 2938185126 2996077288
2093132845 -22.9901056 -43.3655978 3315702274
2938185126 -22.9900538 -43.3661145 1772771457 2996077293
1772771457 -22.989998 -43.3661127 3105816581
3105816586 -22.9894511 -43.3654704 3316908859
3105816581 -22.9894172 -43.366094 2581087807
376213869 -22.9892544 -43.3612049 376209892 2841021205
376209801 -22.9892468 -43.3607673 1772753413
2581087807 -22.9892282 -43.3660853 2093132829
376209892 -22.9891214 -43.3611512 376209890
376209881 -22.9890758 -43.3608189 376209801
3626008309 -22.9890587 -43.3607529 376209801
376209890 -22.9890351 -43.3610962 376209888
376209882 -22.9890141 -43.3608561 376209881
376209888 -22.9889944 -43.3610372 376209887
376209884 -22.9889771 -43.3609259 376209882
3454366705 -22.9889771 -43.3607489 3626008309
376209887 -22.9889758 -43.3609849 376209884
2841021205 -22.9889302 -43.3611954 376213868
3454366700 -22.9888832 -43.3607435 3454366705
2581087803 -22.988819 -43.3609044 2581087805
2581087805 -22.9888178 -43.3609621 2581087806
2581087806 -22.988803 -43.3610037 2581087804
3626008302 -22.9887981 -43.3608427 2581087803
3626008306 -22.9887734 -43.3607368 3454366700
2581087804 -22.9887499 -43.3610613 2581087801
2581087802 -22.9887471 -43.3607941 3626008302
2093132829 -22.9887204 -43.3660813 2093127856 2093132828
2581087801 -22.9886863 -43.3610934 376213866
376213868 -22.9886647 -43.3611539 376213866
2093132832 -22.988644 -43.3654308 3105816586
2581087800 -22.9885989 -43.3607364 2581087802 3626008306
376213866 -22.9885457 -43.3611244 3862338288
3862338288 -22.9881903 -43.3610253 2841021002
3862338295 -22.9881656 -43.3606455 2581087800
2093132843 -22.9880343 -43.3655622 2093132832 2093132845
2093132828 -22.9878928 -43.3659425 2093127791
3862338294 -22.987645 -43.3604742 3862338295
2093127856 -22.987165 -43.3660776 1772771446
376210324 -22.9870993 -43.3602114 3862338294
1772771446 -22.9868839 -43.3660695 1772771441
2841021002 -22.9866285 -43.3603174 376213861
2093143170 -22.9865271 -43.3655377 2093132843
2093127791 -22.9865197 -43.3659197 2795495225 2093127811
1772771441 -22.9865108 -43.3660556 2093127811
376213861 -22.9862561 -43.3602162 3862338289
3862338289 -22.9859882 -43.3601626 376213860
2093143138 -22.9859868 -43.3653954 2093132832 2093143170
2581087797 -22.9859407 -43.3600078 2581087796
2581087796 -22.9858552 -43.36008 376213860
2093127811 -22.9857434 -43.3660526 3105816599
376213860 -22.9857278 -43.3601275 1179232980
1179232612 -22.9853499 -43.365372 2093143138
1179232980 -22.9851274 -43.3601316 376212875 1179232294
1179232294 -22.9849887 -43.3601935 1179232815
1179232815 -22.9849013 -43.3602555 1179232394
1179233491 -22.9848961 -43.3652799 1179232612
1179232394 -22.9848576 -43.3603091 1179232250
1179232250 -22.9848196 -43.3603875 1179232343
1179232343 -22.9848025 -43.3604969 1179232269
1179232269 -22.9847955 -43.361073 1179232892
3316908860 -22.9847889 -43.3651935 1179233491
376212875 -22.984774 -43.3601213 376213460 376212871
1179233353 -22.9847575 -43.3609826 1179232269
1179232892 -22.9847514 -43.3645116 1179233553 2972094427
2972094427 -22.9847381 -43.3650891 3316908860
1179233553 -22.98472 -43.3646387 1179233589
1179233175 -22.9847131 -43.3608861 1179233353
376213460 -22.9847094 -43.3600965 376213459
1179233589 -22.9846877 -43.3647174 1179233228
376213459 -22.9846733 -43.3600676 376213456
1179233228 -22.9846407 -43.3647854 1179233195
376213456 -22.9846296 -43.3600078 376213453
1179233565 -22.9846219 -43.3608063 1179233175
1179233195 -22.9845551 -43.3648405 1179233026
1179233563 -22.9845074 -43.3607737 1179233565
1179233026 -22.984476 -43.3648609 1179233590
1179233590 -22.984402 -43.3648672 1179232341
1179233392 -22.9843706 -43.3607876 1179233563
376213179 -22.9843351 -43.3600594 376213177
1179232341 -22.9843081 -43.3648555 1179232640
376212871 -22.98428 -43.3601708 376213179 376212941
1179232812 -22.984275 -43.3608482 1179233392
376213182 -22.9842337 -43.360318 376212871
1179232640 -22.9842242 -43.3648072 1179233552
3870651895 -22.9841931 -43.3605513 376213182
3870651894 -22.9841834 -43.3606353 3870651895
3105816599 -22.9841746 -43.3660123 2795495226
376212389 -22.984172 -43.3608015 2653958188 3870651894
1179233407 -22.9841588 -43.360998 1179232812 376212389
1179233552 -22.984155 -43.364716 1179233378
3316914464 -22.9841349 -43.3619405 1179233407
1179233378 -22.9841345 -43.3646464 1179233441
3859831009 -22.9841223 -43.3628535 3316914464
3316914461 -22.9841212 -43.363962 3859831009
2653958188 -22.9841177 -43.3606374 376212387
1179233441 -22.9841122 -43.3645009 3316914461
1179232432 -22.9841007 -43.3650218 1179233441
376212941 -22.9840938 -43.3602183 376212111
376212387 -22.9840772 -43.3605697 376212385
1179233423 -22.984076 -43.3651291 1179232432
1179233587 -22.9840118 -43.3652203 1179233423
376212385 -22.9839961 -43.3604644 376212383
1179232379 -22.9839279 -43.36529 1179233587
1179232842 -22.9838895 -43.3653635 1179232612
376212383 -22.9838801 -43.3603945 376212111
376212111 -22.983745 -43.3603768 3316914475
1179233376 -22.9837312 -43.3653642 1179232842 1179232379
2795495226 -22.9829194 -43.3660032 799921901 2795495225
3316914475 -22.982757 -43.3607516 3316914472
3316914472 -22.9826676 -43.3607855 3859830974
2795495225 -22.9822685 -43.3658509 2788344280
3075803641 -22.9821005 -43.3654792 2093143170
3828303355 -22.9819644 -43.3653485 1179233376
3859830974 -22.9819026 -43.3610757 376212108
3315552616 -22.9809714 -43.3653453 3828303355 3075803641
2972094423 -22.9809672 -43.3654738 3075803641
376212108 -22.9806045 -43.3615697 2666292658
2788344280 -22.980528 -43.3658155 2788344274 171554585
3315539643 -22.9804401 -43.3653468 3315552616
2788344286 -22.9802698 -43.3654485 2972094423
