1875633482 -22999999 -43634484 3659479896 3659479845
3660812748 -22999962 -43639495 3660812749 3660812750
3660812750 -22999954 -43639559 3659479961 3660812751 3660812748
3659479829 -22999942 -43632701 3659479738 3659479828
1875633480 -22999916 -43634379 1875633482
3659479897 -22999871 -43635996 3659479896
1875633440 -22999847 -43634182 1875633480
3660812746 -22999807 -43638911 3660812749
3660812796 -22999797 -43638352 3660812754 3660812755
3659479840 -22999740 -43632795 3659479841
3660812755 -22999730 -43638355 3660812796 3660812756
3659479841 -22999653 -43632765 3659479842
1875633439 -22999651 -43633450 1875633440
3659479842 -22999594 -43632778 3659479843
3659479843 -22999552 -43632834 3659479844
3660812781 -22999523 -43637221 3660812780 3660812782
3660812776 -22999510 -43637865 3660812775 3660812777
3659479844 -22999502 -43632907 1875633439
3660812756 -22999480 -43638402 3660812755 3660812757
3659479845 -22999435 -43634488 1875633482 3659479890
1875633502 -22999350 -43632356 3659479844
3659479890 -22999330 -43634499 3659479846 3659479845 3659479891
3660812775 -22999300 -43637865 3660812776 3660812774
1542870502 -22999236 -43632030 3659479739 1875633502
3660812782 -22999197 -43637333 3660812781 3660812783
3659479846 -22999124 -43634520 3659479871 3659479890
3660812757 -22999089 -43638505 3660812758 3660812756
3660812758 -22999063 -43638547 3660812759 3660812757
3659479891 -22999060 -43633488 3659479892 3659479890
3660812759 -22999050 -43638608 3660812758 3660812760
3659479899 -22999028 -43635986 3659479898 3659479901
3660812760 -22999020 -43638636 3660812759 3660812761
3659479871 -22998983 -43634561 3659479846 3659479847 3659479872
3659479892 -22998960 -43633193 3659479891 3659479893
3660812761 -22998943 -43638673 3660812760 3660812791
3659479847 -22998831 -43634605 3659479871 3659479898
3659479893 -22998797 -43632942 3659479892 3659479894
3659479872 -22998705 -43633779 3659479871 3659479873
3660812783 -22998681 -43637510 3660812784 3660812782
3659479898 -22998667 -43634658 3659479847 3659479899 3659479848
3659479894 -22998638 -43632749 3659479895 3659479893
3660812791 -22998615 -43638696 3660812761 3660812762 3660812790
3660812733 -22998552 -43639836 3660812792 3660812790
3660812762 -22998547 -43638701 3660812763 3660812791
3659479873 -22998526 -43633474 3659479872 3659479874
3660812784 -22998504 -43637552 3660812785 3660812783
3659479901 -22998370 -43636188 3659479899 3659479900 3659479902
3660812790 -22998357 -43639693 3660812733 3660812787 3660812791
3659479874 -22998346 -43633318 3659479873 3659479875
3660812787 -22998298 -43639649 3660812788 3660812790
3660812785 -22998247 -43637618 3660812784 3660812786
3659479848 -22998232 -43634800 3659479898 3659479902
3660812763 -22998186 -43638696 3660812762 3660812764
3660812788 -22998087 -43639415 3660812789 3660812787
3659479902 -22998055 -43634834 3659479849 3659479848 3659479901
3660812804 -22998014 -43639925 3660812803 3660812805
3659479740 -22998005 -43630263 1542870502 3659479739
3659479849 -22997999 -43634845 3659479902 3659479850
3660812764 -22997864 -43638645 3660812763 3660812765
3659479850 -22997856 -43634826 3659479849 3659479851
3660812774 -22997821 -43638257 3660812775
3660812789 -22997787 -43639019 3660812788
3660812786 -22997709 -43637790 3660812785
3660812805 -22997692 -43639635 3660812804
3659479900 -22997663 -43636405 3659479901
3660812765 -22997658 -43638622 3660812764 3660812766
3659479895 -22997645 -43632129 3659479894
3659479851 -22997640 -43634715 3659479850 3659479852
3659479739 -22997582 -43631223 3659479740 3659479736 1542870502
3660812766 -22997494 -43638659 3660812767 3660812765
3659479852 -22997072 -43634442 3659479851 3659479853
3660812767 -22997021 -43638836 3660812768 3660812766
3659479736 -22997007 -43630942 3659479734 3659479739 3659479737
3660812768 -22996854 -43639014 3660812767 3660812769
3659479853 -22996814 -43634397 3659479854 3659479852
3660812769 -22996781 -43639159 3660812768 3660812770
3660812771 -22996733 -43639738 3660812772 3660812770
3660812770 -22996733 -43639392 3660812771 3660812769
3659479734 -22996580 -43630733 3659479736 3659479735 3659479732
3659479854 -22996545 -43634429 3659479853 3659479855
3659479855 -22996306 -43634553 3659479854 3659479856
3660823477 -22996264 -43638381 3660823476
3659479875 -22996090 -43631283 3659479874 3659479876
3659479856 -22996072 -43634735 3659479855 3660823482
3659479732 -22996014 -43630457 1542870447 3659479734 3659479729
3660823482 -22995997 -43634790 3659479856 3659479857 3660823483
3659479876 -22995959 -43631238 3659479877 3659479875
3659479877 -22995779 -43631257 3659479881 3659479876
3659479881 -22995645 -43631306 3659479877 3659479882 3659479878
3660823483 -22995600 -43634556 3660823484 3660823482
3659479878 -22995582 -43631329 3659479881 3659479879
3659479882 -22995480 -43630945 3659479881 3659479884
3660823484 -22995436 -43634507 3660823483 3660823485
3659479884 -22995434 -43630924 3659479882 3659479886 3659479885
1542870447 -22995415 -43630164 3659479725 3659479732 3659476417 1542870492
3659479857 -22995372 -43635255 3659479858 3660823482
3659479858 -22995121 -43635495 3659479857 3659479859
3660823485 -22995056 -43634433 3660823484 3660823486
3660823476 -22995050 -43638812 3660823471 3660823477 3660823478
3660823478 -22995005 -43639379 3660823476 3660823479
3660823479 -22994954 -43639632 3660823480 3660823478
3660823486 -22994925 -43634390 3660823487 3660823485
3659479886 -22994921 -43630690 3659479884 3659479888 3659479887
3659479859 -22994882 -43635898 3659479858 3659479860
3660823487 -22994846 -43634328 3660823486 3660823488
3659479879 -22994750 -43631816 3659479880 3659479878
3659479860 -22994648 -43636503 3659479861 3659479859
3659479885 -22994630 -43631400 3659479884
3660823471 -22994545 -43638467 3660823476 3660823474 3660823472
3660823488 -22994506 -43633774 3660823487 3660823489
3660823474 -22994501 -43639621 3660823481 3660823471 3660823475
3660823472 -22994438 -43637297 3660823471 3660823473
3659479861 -22994367 -43636795 3659479860 3660823473
3659479888 -22994363 -43630436 3659479886 3659479883 3659479889
3659479887 -22994349 -43631010 3659479886
3660823473 -22994232 -43636869 3659479861 3659479862 3660823472
3660823489 -22994194 -43632942 3660823488 3660823490
3659479862 -22994164 -43636906 3660823473 3659479863
3659479889 -22994026 -43630646 3659479888
3659479863 -22993984 -43636951 3659479862 3659479864
3660823490 -22993984 -43632369 3660823489 3659479880
3659479880 -22993978 -43632291 3659479879 3660823490
3659479864 -22993799 -43636925 3659479865 3659479863
3659479883 -22993697 -43630133 3659479888
3659479865 -22993547 -43636828 3659479866 3659479864
3660823475 -22993456 -43639503 3660823474
3659479866 -22993350 -43636802 3659479865 3659479867
3659479867 -22993093 -43636802 3659479866 3659479868
3659479868 -22992662 -43636841 3659479867 3659479869
3659479869 -22992470 -43636834 3659479868 3659479870
3659479870 -22992135 -43636756 3659479869 2812215381
2812215381 -22991843 -43636675 3659479870 3660812829 2812215382
3660812829 -22991240 -43636726 3660812830 2812215381
2812215382 -22990938 -43636322 2812215381 2812215383
3660812830 -22990913 -43636838 3660812829 3660812831
2812215383 -22990789 -43636231 2812215382 2469161948
2469161948 -22990697 -43636126 2469161808 2812215383 2469161777
3660812831 -22990509 -43637118 3660812830 3660812848
2469161777 -22990465 -43635498 2469161948 2469161952 2469161841
3660812848 -22990454 -43637201 3660812849 3660812831 3660812832
3660812832 -22990320 -43637408 3660812833 3660812848
2469161952 -22990261 -43634812 2469161931 2469161777 2469161860
3660812833 -22990208 -43637800 3660812832 3660812834
3660812834 -22990156 -43638295 3660812833 3660812841
2469161931 -22990123 -43634130 2469161962 2469161952 2469161802
2469161802 -22989940 -43633413 2469161931 2469161865 2469161977
2469161865 -22989809 -43632722 2469161959 2469161802 2469161974
2469161974 -22989672 -43632019 2469161865 2469161793 2469161980
2469161793 -22989502 -43631360 2469161974 2469161837 3660812818
3660812842 -22989376 -43639763 3660812841 3660812845 3660812825
2469161837 -22989291 -43630667 2469161793 2469161933 2469161943
3660812825 -22988901 -43637688 3660812849 3660812842
3660812849 -22988901 -43637604 3660812824 3660812825 3660812848
3660812824 -22988901 -43637174 3660812849 2469161808
2469161808 -22988788 -43636687 2469161791 3660812824 2469161948 2469161841
2469161791 -22988672 -43636727 2469161808 3660812827 2469161925
2469161841 -22988630 -43635989 2469161808 2469161925 2469161777 2469161860
2469161925 -22988522 -43636032 2469161791 2469161904 2469161852 2469161841
2469161860 -22988462 -43635335 2469161962 2469161852 2469161952 2469161841
3660812853 -22988457 -43630155 3660812850 2469161933 3660812854
2469161852 -22988354 -43635367 2469161863 2469161928 2469161860 2469161925
2469161962 -22988294 -43634605 2469161928 2469161931 2469161977 2469161860
2469161928 -22988156 -43634659 2469161962 2469161827 2469161819 2469161852
2469161977 -22988146 -43633940 2469161827 2469161962 2469161959 2469161802
2469161827 -22988011 -43634000 2469161928 2469161977 2469161868 2469161955
3660812827 -22988004 -43636918 2469161791 3660812847 2469161849
2469161959 -22987991 -43633238 2469161865 2469161977 2469161980 2469161868
2469161980 -22987813 -43632541 2469161959 2469161974 3660812818
2469161868 -22987810 -43633264 2469161827 2469161959 2469161946 2469161825
3660812850 -22987726 -43630349 3660812851 3660812853 2469161964
2469161825 -22987645 -43632584 2469161882 2469161906 2469161868
3660812818 -22987623 -43631870 2469161793 2469161980 2469161906 2469161943
2469161943 -22987497 -43631189 2469161940 2469161837 3660812818 2469161964
2469161906 -22987487 -43631897 2469161940 3660812818 2469161898 2469161825
2469161940 -22987317 -43631247 2469161889 2469161906 2469161943 2469161805
2469161964 -22987310 -43630459 3660812850 3660812851 2469161889 2469161943
2469161889 -22987127 -43630520 2469161940 2469161830 2469161768 2469161964
2469161830 -22987083 -43630534 2469161816 2469161889
2469161849 -22986902 -43637234 2469161904 3660812827
2469161904 -22986714 -43636558 2469161863 2469161925 2469161849
2469161863 -22986586 -43635861 2469161904 2469161852 2469161819
2469161819 -22986388 -43635174 2469161928 2469161863 2469161886 2469161955
2469161955 -22986251 -43634464 2469161827 2469161946 2469161819
2469161946 -22986033 -43633786 2469161882 2469161868 2469161955
2469161882 -22985846 -43633100 2469161946 2469161871 2469161898 2469161825
2469161886 -22985776 -43635356 2469161871 2469161819
2469161898 -22985673 -43632420 2469161882 2469161906 2469161805
2469161805 -22985521 -43631748 2469161816 2469161940 2469161898
2469161816 -22985262 -43631097 2469161830 2469161788 2469161805
2469161871 -22985203 -43633275 2469161843 2469161882 2469161886
2469161788 -22985015 -43630829 2469161797 2469161816 2812216813
2469161843 -22984749 -43631140 2469161871
2469161797 -22984561 -43630368 2812216812 2469161958 2469161788
3818203132 -22983133 -43639632 3818203133 3818203131
3818203133 -22983005 -43639493 3818203132 3818203134
3818203134 -22982916 -43639485 3818203133 3818203135
3818203135 -22982788 -43639567 3818203134 3818203136
3818203136 -22982684 -43639737 3818203137 3818203135
3818203137 -22982661 -43639965 3818203138 3818203136
