583093351 -22.9935097 -43.4780624 583093352
583093387 -22.9920781 -43.479442 1773038275
1773038275 -22.9918857 -43.4794952 1773038270 1773038272 583093387
1773038272 -22.9917221 -43.4795398 1773038267 1773038287 1773038275
1773038270 -22.9916287 -43.4783359 1773038275
1773038265 -22.9914419 -43.4774744 1773038256
1773038267 -22.9914148 -43.4796231 1773038272 1773038260 583093332
583093352 -22.9913123 -43.4769541 583093351 3788430209
2693566406 -22.9912428 -43.4771649 2693566390
3788430209 -22.9911915 -43.4768591 583093352 3788430208
3788430208 -22.991055 -43.4767168 3788430209 583093353
1773038260 -22.9909812 -43.4778491 1773038267
2693566398 -22.9909344 -43.4768679 2693566388
583093353 -22.9908598 -43.4764653 3788430208 583093354
1773038256 -22.9907289 -43.4776658 2693566390 1773038265 1773038255
2693566390 -22.9906525 -43.4773169 2693566406 2693566388 1773038256
583093354 -22.9906429 -43.4759671 583093353 2693566389
2693566389 -22.9905805 -43.4759262 583093357 583093354 1773038254
2693566388 -22.9905707 -43.4769649 2693566382 2693566390 2693566398 1773038254
1773038255 -22.9903999 -43.4777587 2693566382 1773038256
1773038254 -22.9903549 -43.4760001 2693566388 1773038253 2693566389
583093357 -22.9902961 -43.4749743 2693566389 583093359
2693566382 -22.9902442 -43.4770483 2693566388 1773038253 1773038255
1773038253 -22.9900212 -43.4760867 2693566382 1773038250 1773038254
1773038252 -22.9899872 -43.4778868 1773038250
583093359 -22.989912 -43.4741619 583093357 583093361
583093361 -22.9897217 -43.4737466 583093362 583093359
583093331 -22.9896221 -43.4783909 583093332
1773038250 -22.9896072 -43.4761678 1773038252 1773038241 1773038253
1773038243 -22.9895308 -43.4780625 1773038239
583093362 -22.9895011 -43.4731319 583093361 583093363
583093363 -22.9892936 -43.4726733 583093362 583093364
3788430207 -22.9892781 -43.4712201 583093364 583093365
583093365 -22.9892507 -43.4707721 3788430207
583093364 -22.9892438 -43.4723811 583093363 3788430207
1773038241 -22.9892102 -43.4762631 1773038239 1773038236 1773038250
1773038239 -22.9891386 -43.4762806 1773038238 1773038241 1773038243
1773038238 -22.988766 -43.476374 1773038232 1773038234 1773038239
1773038236 -22.9886873 -43.4740155 1773038241
1773038234 -22.9883235 -43.4764959 1773038230 583093391 1773038238
1773038232 -22.9882318 -43.4743313 1773038238
1773038230 -22.9878151 -43.4744998 1773038234
583093390 -22.9870293 -43.4774178 583093391 2693566362
583093391 -22.9868713 -43.4768707 583093390 1773038234 583093392
2693566359 -22.986591 -43.478171 2693566361
583093392 -22.9864861 -43.4759909 583093391 583093393
583093393 -22.986012 -43.4752077 583093392 583093394
583093394 -22.9853403 -43.4743816 583093395 583093393
583093395 -22.9851033 -43.473888 1772996330 583093394
1772996350 -22.9849671 -43.4703037 1772996345
1773038153 -22.9827949 -43.4732603 1773038129
1773038129 -22.98237 -43.4726722 1773038094 1773038153
1773038126 -22.9822433 -43.4712912 1773038135 1773038122 1773038110
1773038122 -22.9822385 -43.4716018 1773038126 1773038113
1773038113 -22.9821318 -43.471786 1773038122 1773038100
1773038110 -22.982085 -43.4712612 1773038074 1773038126
1773038100 -22.9819359 -43.4718997 1773038091 1773038098 1773038113
1773038098 -22.9819108 -43.4720692 1773038094 1773038100
1773038094 -22.9818853 -43.4721385 1773038129 1773038098 1773038088
1773038091 -22.9818508 -43.4719492 1773038100 1773038034
1773038088 -22.9818012 -43.472367 1773038094 1773038060
1773038074 -22.9817167 -43.4711611 1773038110 1773038067
1773038067 -22.9813726 -43.470919 1773038056 1773038074
1773038060 -22.9813146 -43.4727094 1773038088
1773038056 -22.9812345 -43.4708087 1773038049 1773038067 1773038053
1773038053 -22.9811255 -43.4711401 1773038056 1773038051
1773038051 -22.9810673 -43.4713296 1773038042 1773038053
1773038049 -22.9810431 -43.4706558 1773038056 1773038036
1773038042 -22.9809462 -43.4715401 1773038030 1773038051
1773038036 -22.9808929 -43.4702874 1773038003 1773038049
1773038034 -22.9808331 -43.4723861 1773038091 1773037988
1773038030 -22.9807814 -43.471698 1773038000 1773038042
1773038000 -22.9805391 -43.4718191 1773037986 1773038030
1773037988 -22.9803986 -43.4723718 1773038034 1773037978
1773037986 -22.9803986 -43.4718454 1773037980 1773038000
1773037980 -22.9801224 -43.4716401 1773037986 1773037969
