146447065 -22.9999675 -43.351935 171616274
1796640991 -22.9999464 -43.355145 1796640997
2791913535 -22.9999392 -43.3530509 146447065
2104881954 -22.9999361 -43.3531723 171616159 2791913535
2631394809 -22.9999341 -43.3535586 2104881954
2370326392 -22.9999335 -43.3536614 2631394809
2841029001 -22.999933 -43.3537649 2370326392 2791913526
2631394808 -22.9999199 -43.3545368 2841029001
3616070697 -22.9999133 -43.3547544 2631394808 1796640993
678834361 -22.9999078 -43.3549544 3616070697
1796640994 -22.9999014 -43.3551517 678834361 1796640991
171616159 -22.9998574 -43.3531456 2791913533
171609852 -22.9998207 -43.3587835 171609850 1796640994
2841027303 -22.9998188 -43.353855 2841029001
2791913533 -22.9998163 -43.3531041 2791913534
1796640993 -22.9998042 -43.3547491 3152839303
2791913534 -22.9997943 -43.3530722 171616157
171616894 -22.9997849 -43.350153 171616274 678833984
1772683302 -22.9997735 -43.3507688 171616894
2104881953 -22.9997718 -43.3508133 1772683302
2454348783 -22.9997704 -43.351572 2104881953
171616157 -22.9997672 -43.3529434 2454348783
1796640990 -22.9997569 -43.3551958 1796640994
171609850 -22.9997557 -43.3576492 171609848
2841028504 -22.9997554 -43.3539219 2841027303
171614885 -22.9997145 -43.3528319 1782179364
1782179364 -22.9997139 -43.3523246 2104881952 2454348783
1782179367 -22.9997115 -43.3530582 171614885
1780589809 -22.9996946 -43.3536632 1782179367
2791913525 -22.9996924 -43.3538167 1780589809
376205049 -22.9996886 -43.354059 2791913525 2841028504
2104881952 -22.9996871 -43.3521561 1780589804
1796640998 -22.9996814 -43.3545641 376205049
3152839303 -22.999669 -43.3547456 1796640998 1796640992
171609848 -22.9996671 -43.3568836 171661246
171661246 -22.9996671 -43.3564717 1796640986
376206606 -22.9996609 -43.3541066 376205049
1796641003 -22.999656 -43.3550853 1796641000 3152839303
1796640986 -22.9996529 -43.3559401 171609131
2323324017 -22.9996528 -43.3551942 1796641003
171608834 -22.9996294 -43.3554067 1796640990 2323324017
1780589804 -22.9996193 -43.3520853 1780589785
171609131 -22.9996178 -43.355565 171608834
171610590 -22.9996114 -43.3586113 171609848
1796641000 -22.9995973 -43.3549155 1796641002
376206608 -22.9995819 -43.354244 376206606
1780589785 -22.9995477 -43.3520673 1780589737
1796640989 -22.9995321 -43.3561997 171609131
1796640992 -22.9995289 -43.3547403 376220584
376223527 -22.9995209 -43.3564406 1796640989
2989548981 -22.9995203 -43.3566696 376223527
1796641002 -22.9995191 -43.3548288 376220584
2989548986 -22.9994984 -43.3584661 2989548981
376224831 -22.9994937 -43.3591077 376224364
376224364 -22.9994929 -43.3587138 2989548986
171611962 -22.9994914 -43.3596472 171610590 376224831
1782180673 -22.9994779 -43.3599679 171611962
376206610 -22.9994428 -43.3543799 376206608
376220584 -22.9993628 -43.3547243 376220582
376206611 -22.9992725 -43.3544653 376206610
376220582 -22.9988392 -43.3547074 376220581
1780589739 -22.9986688 -43.3544927 376206611
1780589737 -22.9985999 -43.3520389 1780589714
376206612 -22.9985952 -43.354496 1780589739
1780589714 -22.9984666 -43.3520349 1794468243
376220581 -22.9984126 -43.3547418 376220580
376206615 -22.9983468 -43.3545312 376206612
1780589694 -22.9982034 -43.3545799 376206615
376220580 -22.9978674 -43.3549478 376220579
1794468243 -22.9977712 -43.3520106 1780589673
376206616 -22.9977632 -43.3547504 1780589694
1780589673 -22.997727 -43.3520091 1794468209
1794468209 -22.9976131 -43.3520081 1794468201
1780589660 -22.9975331 -43.3547599 376206616
1794468201 -22.9975237 -43.3520073 1794468185
2104881944 -22.9974265 -43.3549798 376206616
376220579 -22.9973934 -43.3551709 376220574
2841024913 -22.9973754 -43.3547448 1780589660
1794468185 -22.9973655 -43.3519992 1794468201 1780589636
1781036364 -22.99736 -43.3548423 1781036361
1781036361 -22.9973422 -43.3549871 2841024912
2841024912 -22.9973231 -43.3550522 2104881942
1781036355 -22.997322 -43.355051 2104881944
1781036358 -22.9973078 -43.3547422 1781036364
1780589641 -22.9972995 -43.3547096 2841024913
2370326875 -22.997266 -43.3550935 1781036355
1780589636 -22.997262 -43.3519948 1780589622 1794468185
1781036351 -22.9972585 -43.3546797 1780589641 1780589634 1781036358
376206617 -22.9972556 -43.3551014 2370326875
2104881942 -22.9972306 -43.3551623 2104881941
1780589634 -22.9971518 -43.3546019 1781036351 2841025404
1794476019 -22.9971278 -43.3551792 376206617
2104881941 -22.9971062 -43.3553073 2104881940
2841025404 -22.9970209 -43.354432 1780589634 1780589623
376220574 -22.9969983 -43.3555314 2104881939
2104881940 -22.9969636 -43.3555001 2104881939
376206620 -22.996961 -43.3552353 1794476019
2104881939 -22.9968923 -43.3556418 376219394
2104881937 -22.9968402 -43.3505375 2104881935 2104881938
1794476018 -22.9968193 -43.3552893 376206620
376219471 -22.9968087 -43.3556687 376219394
376219472 -22.9968087 -43.3555658 376219471
376219394 -22.9967929 -43.3557889 376219393
2104881935 -22.9967737 -43.35112 1780589622 2104881937
376219477 -22.9967613 -43.3554885 376219472
1780589623 -22.9967177 -43.3539746 2841025404 1780589612
376219478 -22.9966902 -43.3554542 376219477
376206621 -22.9966492 -43.3553775 1794476018
1780589622 -22.9966229 -43.351978 2104881935 1780589636 1780589615
376219479 -22.9966112 -43.3554799 376219478
376219393 -22.9966033 -43.3561837 376219824
1780589615 -22.9966026 -43.3521613 1780589622 1780589609
1780589612 -22.9965568 -43.3537041 1780589623 2104881929
1780589609 -22.9965544 -43.3524444 1794468147 1780589615
376219824 -22.9965248 -43.3564357 2989547787 376219822
1794468147 -22.9965229 -43.352737 1794468146 1780589609
1794468146 -22.9965089 -43.352908 1780589606 1794468147
376206622 -22.9964927 -43.35554 376219479 376206621
2104881929 -22.996483 -43.3535242 1780589612 1780589599
1780589606 -22.9964761 -43.3532084 1780589599 1794468146
1780589599 -22.9964674 -43.3533314 2104881929 1780589606
2989547787 -22.9964603 -43.3565857 376220055
376219822 -22.9964532 -43.3564927 376219820
376220055 -22.9964065 -43.3567662 376219387 376220053
376219820 -22.9963979 -43.3565099 376219818
376220053 -22.9963663 -43.3567159 376220052
376219818 -22.9963505 -43.3565099 376219816
376220052 -22.9963189 -43.3566129 376219816
376206624 -22.9963031 -43.3558576 376206622
376219387 -22.9962876 -43.3571236 376219384
376219816 -22.9962873 -43.3564584 376206625
376206625 -22.9962398 -43.3562095 376206624
376206627 -22.9962319 -43.3567159 376206626
376206626 -22.996224 -43.356467 376206625
376206631 -22.9962161 -43.356982 376206627
376219384 -22.9961687 -43.3574369 376219383
376206632 -22.9961371 -43.3572652 376206631
376219383 -22.9960028 -43.3577287 2989548811
376206633 -22.9960028 -43.3575399 376206632
376206634 -22.995829 -43.3577544 376206633
2989548811 -22.9956868 -43.3581255 376226899
2989500483 -22.9956835 -43.3579063 376206634
376226899 -22.9955918 -43.3582449 1179232683
376206636 -22.995426 -43.358175 2989500483
1179232683 -22.9952573 -43.3587232 376218230 376218422 2989499986
2989499986 -22.9952218 -43.3590698 1179232797
376218260 -22.99522 -43.3584559 376206636
376218422 -22.9952127 -43.35869 376218420
376219013 -22.9952119 -43.3595305 376227330
1179232797 -22.9951977 -43.3592624 376219013
376218420 -22.9951811 -43.3586127 376218260
2989548808 -22.9950956 -43.359304 376219013
376219014 -22.9950233 -43.3592347 2989548808
376206637 -22.9950231 -43.3587243 376218260
376218230 -22.9949836 -43.3591363 376218944
376218944 -22.9949483 -43.3592192 376219014 376218228
376219015 -22.9948651 -43.3592307 376218944
376219018 -22.994794 -43.3592651 376219015
376218228 -22.9947624 -43.3596084 376218226
376206638 -22.9947308 -43.3592565 376206637
376218986 -22.9946921 -43.3593473 376219018 376206638
376206639 -22.9944858 -43.3598315 376218986
1772753424 -22.9940952 -43.3513147 2989500435
2989500435 -22.9938304 -43.3508785 1772753424 2989500446
2989500444 -22.993827 -43.3508628 2989500435
2989500446 -22.9938269 -43.3509115 2989500443
2989500437 -22.9938152 -43.3508326 2989500444
2989500443 -22.993814 -43.3509366 2989500442
2989500442 -22.993793 -43.3509526 2989500434
2989500434 -22.9937708 -43.3509581 1772753423
2989500445 -22.9937441 -43.3507122 2989500437
1772753423 -22.9937374 -43.3509608 2989500426 2989500447
2989500426 -22.9937187 -43.3509537 2989500433
2989500441 -22.9937083 -43.3506936 2989500445
2989500433 -22.9936975 -43.3509396 2989500425
2989500440 -22.9936806 -43.3506918 2989500441
2989500425 -22.993678 -43.3509174 2989500429
2989500438 -22.9936578 -43.3506945 2989500440
2989500439 -22.9936325 -43.3507051 2989500438
2989500427 -22.9936226 -43.350667 2989500423
2989500428 -22.993621 -43.3507024 2989500427
2989500429 -22.9936151 -43.3508014 2989500436
2989500393 -22.9936136 -43.3507272 2989500428 2989500439
2989500423 -22.9936118 -43.3506115 2989500424
2989500436 -22.9936087 -43.3507752 2989500430
2989500430 -22.993608 -43.3507529 2989500393
2989500432 -22.9935916 -43.3507511 2989500393
2989500431 -22.9935688 -43.3507617 2989500432
2989500424 -22.9934439 -43.350228 2989500445 1772753422
2989500448 -22.9918281 -43.3506609 2989500431 2989500447
2989500447 -22.9918262 -43.3508043 1772753418 2989500448
1772753418 -22.9915032 -43.3507778 2989500420
2989500392 -22.9914859 -43.350641 2989500448
2989500420 -22.9914044 -43.3507832 2989500419
2989500422 -22.9913748 -43.3506383 2989500392
2989500419 -22.9913007 -43.3508154 2989500449
2989500421 -22.9912834 -43.3506732 2989500422
2989500450 -22.9912246 -43.3520836 2989500449
2650861112 -22.9909577 -43.359841 376210586 2650861114
2650861109 -22.9908465 -43.3598351 3626008348
2650861110 -22.9908428 -43.359735 2650861109
2989500451 -22.9908354 -43.3535106 2989500006
2650861107 -22.9907957 -43.3595752 2650861110 2650861112
3626008348 -22.9907947 -43.3598597 2650861105
2650861105 -22.9907433 -43.3598586 2650861102
2989500449 -22.9907095 -43.3512135 2989500008 2989500450
1772753414 -22.9906675 -43.3598637 2650861102
2650861101 -22.9905922 -43.3591986 2650861107
2650861102 -22.9905836 -43.3597082 1772753412
1772753412 -22.9904021 -43.3594279 3474145288
3474145288 -22.9902522 -43.3591691 2650861096
2650861100 -22.9901435 -43.3584148 2650861101
2989500417 -22.9901361 -43.3514839 2989500421
2989500006 -22.9900642 -43.3535079 2989500005 2989500451
2650861097 -22.9900444 -43.3583476 2650861100
2989500414 -22.9900405 -43.3504665 1772753410 1772753409
2989500007 -22.9900386 -43.3533323 2989500006
1772753410 -22.9900384 -43.3503497 1772753402 2989500414
2989500005 -22.9900245 -43.3536897 2989500004
1772753409 -22.9899997 -43.3505599 2989500414 2989500418
376210589 -22.989992 -43.3582275 2650861100
2650861096 -22.9899712 -43.3586836 2650861093 2650861094
3466090863 -22.9899712 -43.3583403 2650861097
1772753411 -22.9899479 -43.3535264 1772753408
2989500004 -22.9899394 -43.3538561 2989500003
1772753408 -22.9899224 -43.3533631 2989500452
2650861095 -22.989912 -43.3583765 3466090863
2650861094 -22.9898947 -43.3584918 3466090862
1772753406 -22.989894 -43.3536897 1772753411
3466090862 -22.9898898 -43.3584208 2650861095
2650861093 -22.9898675 -43.3585294 1772753407
376210591 -22.9898004 -43.3580291 376210589
1772753407 -22.9897848 -43.3583913 1772753405
2989500418 -22.9897182 -43.3507525 2989500417 1772753409 2989500415
3626008314 -22.989703 -43.3579232 376210591
1772753405 -22.9896688 -43.3582665 1772753404
2989500416 -22.9896237 -43.351823 2989500417 2989500415
1772753404 -22.9895465 -43.3581995 3466090861
376210593 -22.9895289 -43.3578829 3626008314
3466090861 -22.9894502 -43.3581901 1772753401
2989500453 -22.9894066 -43.3522376 2989500007
2989500472 -22.9893555 -43.3522132 2989500453
1772753401 -22.989349 -43.3581914 1772753399
2989500465 -22.9893226 -43.3521551 2989500457 2989500454
2989500454 -22.9893209 -43.3521345 2989500465 2989500464
2989500457 -22.9893181 -43.3521753 2989500465 2989500466
2989500464 -22.9893133 -43.3521156 2989500454 2989500458
2989500466 -22.9893079 -43.3521927 2989500008 2989500457
2989500458 -22.9893005 -43.3521002 2989500464 2989500463
2989500008 -22.989293 -43.3522057 2989500472 2989500471 1772753392 2989500466
2989500463 -22.9892838 -43.3520902 2989500458 2989500469
2989500452 -22.9892812 -43.352321 2989500473
376210594 -22.9892771 -43.3579164 376210593
2989500473 -22.9892759 -43.352266 2989500008
2989500471 -22.9892746 -43.3522131 2989500008 2989500467
2989500469 -22.9892651 -43.3520865 2989500463 2989500470
2989500467 -22.9892549 -43.3522133 2989500471 2989500460
2989500470 -22.9892462 -43.3520894 2989500469 2989500455
2989500460 -22.9892363 -43.3522065 2989500461 2989500467
2989500455 -22.9892292 -43.3520988 2989500468 2989500416 2989500470
2989500461 -22.9892207 -43.3521935 2989500456 2989500460
2989500468 -22.9892155 -43.3521142 2989500459 2989500455
2989500456 -22.98921 -43.3521755 2989500462 2989500461
2989500459 -22.9892073 -43.3521335 2989500468 2989500462
2989500462 -22.9892054 -43.3521548 2989500459 2989500456
2989500415 -22.98919 -43.3511137 2989500418 2989500412
2989500003 -22.9891036 -43.3546979 2989500009
1772753399 -22.9890827 -43.3583044 2650861092
2989500001 -22.9890734 -43.3579808 376210594
3626108871 -22.9890607 -43.3574887 2989500001
2989500025 -22.9890508 -43.3571054 3626108871 2989500340 2989500337
2989500337 -22.9890473 -43.3570736 2989500025 2989500336
2989500340 -22.9890448 -43.3571354 2989500339 2989500025
2989500009 -22.9890384 -43.3548011 2989500002
2989500336 -22.9890343 -43.3570448 2989500338 2989500337
2989500339 -22.9890303 -43.3571617 2989500029 2989500340
2989500015 -22.98903 -43.3558548 2989500025
2989500346 -22.9890281 -43.3557042 2989500015
2989500010 -22.989027 -43.355613 2989500346 2989500014
2989500338 -22.9890133 -43.3570224 2989500336 2989500026
2989500002 -22.9890129 -43.3549382 2989500010
2989500029 -22.9890089 -43.3571817 2989500339 2989500028
2989500018 -22.9890051 -43.355794 2989500015
2989500014 -22.9890022 -43.3556445 2989500023
2989500026 -22.9889866 -43.3570088 2989500338 2989500335
2989500028 -22.9889827 -43.3571932 2989500030 2989500029
2989500023 -22.9889767 -43.35566 2989500012
2989500020 -22.9889724 -43.355767 2989500018
2989500412 -22.9889722 -43.3512627 2989500413 2989500415
2989500335 -22.9889573 -43.3570056 2989500026 2989500333
2989500030 -22.9889546 -43.3571951 2989500024 2989500028
1772753397 -22.9889523 -43.3546233 1772753406
2989500012 -22.988942 -43.3556669 2989500022
2989500017 -22.9889391 -43.3557609 2989500020
2989500333 -22.9889287 -43.3570131 2989500335 2989500334
2989500024 -22.9889273 -43.3571872 2989500031 2989500030
2989500021 -22.9889086 -43.3557693 2989500017
2989500022 -22.9889044 -43.3556553 2989500013
2989500334 -22.9889039 -43.3570306 2989500333 2989500341
2989500031 -22.9889038 -43.3571702 2989500027 2989500024
2989500027 -22.9888865 -43.357146 2989500032 2989500031
2989500341 -22.988886 -43.357056 2883460437 2989500334
2989500019 -22.9888803 -43.3557932 2989500021
2989500000 -22.9888786 -43.3547681 1772753397
2989500032 -22.9888771 -43.3571171 2989500027 2883460437
2883460437 -22.9888767 -43.3570864 2989500032 2989500016 2989500341 2883460438
2989500013 -22.9888753 -43.3556353 2989500011
3626108870 -22.9888724 -43.3574861 2883460437
1772753398 -22.988866 -43.3580814 3626108870 2989500001
2989500016 -22.9888501 -43.3558534 2989500019 3676906725
3676906725 -22.9888499 -43.3558249 2989500011
2989500011 -22.9888484 -43.3555991 1772753395
1772753395 -22.9888417 -43.3549499 2989500000
2989500413 -22.9888325 -43.3512767 2989500412 1772753396
1772753396 -22.9887056 -43.351237 2989500413 2989500408
2650861091 -22.9883647 -43.3582718 1772753398
2989500408 -22.9880694 -43.3505622 1772753394 2989500411 1772753396
2989500411 -22.9879339 -43.3505202 2989500409
2989500397 -22.9879058 -43.3530304 2989500455
2989500409 -22.9878523 -43.3505202 2989500410
2989500399 -22.987848 -43.3530257 2989500397
2650861092 -22.9878348 -43.3587206 2650861077 2650861089
1772753394 -22.9878329 -43.3503264 2989500408 2989500407 2653958195
2989500400 -22.987777 -43.353007 2989500399
2989500410 -22.9877749 -43.3505365 2989500407
2650861088 -22.987761 -43.3585335 2650861091
2650861089 -22.9877289 -43.3587184 2650861086
2989500398 -22.9877104 -43.3529696 2989500400
2650861087 -22.9876931 -43.358595 2650861088
2989500404 -22.9876803 -43.3523508 2989500403 1772753386
2650861086 -22.9876795 -43.3587023 3626008313
2989500403 -22.987676 -43.3524816 1772753389 2989500404
2989500401 -22.9876717 -43.3529182 2989500398
2989500407 -22.9876663 -43.3506156 1772753390 1772753394
3626008313 -22.9876659 -43.3586755 2650861084
2650861084 -22.9876659 -43.3586393 2650861087
2989500402 -22.9876502 -43.3528575 2989500401
1772753392 -22.9876352 -43.3533829 2653958192
1772753389 -22.9876309 -43.3527128 2989500402 2989500403
1772753390 -22.9875535 -43.3508261 2989500407 2989500406
2653958192 -22.9875513 -43.3534693 1772753387
2650861082 -22.9875449 -43.358764 2650861079
2650861080 -22.9875412 -43.3587251 2650861082
2989500391 -22.9875406 -43.3532872 2989500397
2989500406 -22.9875277 -43.3509685 2989500405 1772753390
2650861079 -22.987519 -43.3588056 2650861077
1772753386 -22.9875148 -43.3513118 2989500405 2989500404
2989500405 -22.9875148 -43.3511413 1772753386 2989500406
1772753387 -22.9875083 -43.353565 2653958191
2650861078 -22.9875042 -43.3586889 2650861080
2650861077 -22.9874592 -43.3588721 3454366618
1772753388 -22.9874524 -43.3533642 1772753389 2989500391
2650861076 -22.9874034 -43.3586832 2650861088 2650861078
1772753385 -22.9873493 -43.3536923 1772753388
2653958191 -22.9872804 -43.3543798 2989500390 3626119670
3626119670 -22.9872599 -43.3544601 2989500383
2989500383 -22.987245 -43.3545184 1772753384
2989500390 -22.987245 -43.3544014 2989500388
2989500387 -22.987228 -43.354483 2989500383
2989500388 -22.9872109 -43.3544029 2989500389
2989500385 -22.9871996 -43.3544599 2989500387
2989500389 -22.9871854 -43.3543829 1772753383
1772753383 -22.9871684 -43.3543474 1772753385
2989500386 -22.9871656 -43.3544645 2989500385
1772753384 -22.9871409 -43.3549438 2653958190
2989500384 -22.9871329 -43.3544923 1772753383 2989500386
1772753382 -22.9869661 -43.355193 2989500384
1772753380 -22.9869072 -43.3588645 2650861076
2653958190 -22.986866 -43.3560309 1772753377
2650321315 -22.9868548 -43.3587466 1772753380
1772753379 -22.9868338 -43.3557372 1772753382
2883460438 -22.9868336 -43.3570866 1772753378 2883460437 2989500380 2989500375
3626120407 -22.9868328 -43.3568987 2883460438
2989500375 -22.9868318 -43.3570604 2989500374 2883460438
1772753377 -22.9868304 -43.3563398 3626120407
2989500380 -22.9868271 -43.3571134 2989500372 2883460438
2989500374 -22.9868224 -43.3570362 2989500376 2989500375
1772753378 -22.9868197 -43.3573817 2989500362 2989500357 2650321315
2989500362 -22.9868156 -43.3574095 2989500354 1772753378
2989500357 -22.9868156 -43.3573563 2989500356 1772753378
2989500372 -22.9868128 -43.3571363 2989500371 2989500380
2989500376 -22.9868065 -43.3570164 2989500374 2989500367
2989500356 -22.9868044 -43.3573335 2989500357 2989500358
2989500354 -22.986803 -43.3574342 2989500353 2989500362
2989500371 -22.9867923 -43.3571527 2989500373 2989500372
2989500358 -22.9867873 -43.3573157 2989500356 2989500349
2989500367 -22.9867856 -43.3570032 2989500376 2989500379
2989500353 -22.9867835 -43.3574528 2989500354 2989500355
2989500373 -22.9867679 -43.3571608 2989500371 2989500366
2989500349 -22.9867659 -43.3573045 2989500360 2989500358
2989500379 -22.9867619 -43.3569978 2989500367 2989500377
2989500355 -22.9867593 -43.3574631 2989500353 2989500348
2989500360 -22.9867424 -43.3573011 2989500349 2989500359
2989500366 -22.9867424 -43.3571595 2989500370 2989500373
2989500377 -22.9867379 -43.3570008 2989500379 2989500378
2989500348 -22.9867333 -43.3574639 2989500352 2989500355
2989500359 -22.9867191 -43.3573059 2989500360 2989500361
2989500370 -22.9867188 -43.3571491 2989500368 2989500366
2989500378 -22.986716 -43.357012 2989500377 2989500381
2989500352 -22.9867087 -43.357455 2989500350 2989500348
1772753376 -22.9867076 -43.3564723 1772753379
2989500368 -22.9866997 -43.3571308 2989500370 2989500369
2989500381 -22.9866985 -43.3570301 2989500382 2989500378
2989500361 -22.9866983 -43.3573182 2989500359 2989500363
2989500350 -22.9866883 -43.3574375 2989500351 2989500352
2989500369 -22.9866873 -43.3571065 2989500368 2989500365
2989500382 -22.9866871 -43.3570533 2989500381 2989500365
1772753372 -22.9866863 -43.3589539 1772754122 1772753380
2989500365 -22.9866831 -43.3570792 2989500382 1772753376 2989500369
2989500363 -22.9866821 -43.357337 2989500364 2989500361
2989500351 -22.9866745 -43.3574135 1772754122 2989500350
2989500364 -22.986672 -43.3573603 2989500363 1772754122
1772754122 -22.9866691 -43.3573859 2989500351 2989500365 1772754111 2989500364
3454366618 -22.9865788 -43.3592174 3626008312
376210878 -22.9865772 -43.3599025 376210324
3626008312 -22.9865103 -43.3592629 1772753370
3626008310 -22.9864575 -43.3597622 376210878
376210597 -22.9864562 -43.3590393 1772753372
1772753370 -22.9864517 -43.3593271 3626008311
1772753369 -22.9864116 -43.3596773 3626008310
3626008311 -22.9864079 -43.3594104 1772753367
1772753368 -22.9863943 -43.3596022 1772753369
1772753367 -22.9863893 -43.3595083 1772753368
376210326 -22.9862155 -43.3596669 376210878
2581087798 -22.9860395 -43.3597374 3862338290
3862338290 -22.9860376 -43.3598282 2581087799
2841021101 -22.9860233 -43.3595518 376210326
3862338291 -22.986011 -43.3596301 2581087798
2581087799 -22.9860053 -43.3599273 2581087797
376210328 -22.9859426 -43.3595207 3862338291 2841021101
3862338292 -22.9858457 -43.3594815 376210328
3862338293 -22.9857259 -43.3594567 3862338292
376210329 -22.9855997 -43.3594484 3862338293
1772754120 -22.9855701 -43.3586474 1772754116
2989500474 -22.9855487 -43.3593806 376210597
376210331 -22.985404 -43.3594607 376210329 2989500474
1772754118 -22.984699 -43.3531427 1772754101
376213175 -22.9846676 -43.3597353 1772754099 376210331
376213452 -22.9846182 -43.359855 376213175
376213453 -22.9846125 -43.3599355 376213452
376213176 -22.9845004 -43.359855 376213175
376213177 -22.9844073 -43.3599541 376213176
1772754116 -22.9843839 -43.3586993 1772754120 1772754114 1772754113
1772754114 -22.9843043 -43.3585523 1772754105 1772754116 1772754109
1772754113 -22.9843003 -43.3588852 1772754116 1772754107
1772754111 -22.9842924 -43.3574912 1772754122 1772754103 1772754110
1772754110 -22.9842486 -43.3576314 1772754111 1772754108
1772754109 -22.9842167 -43.3583578 1772754114 1772754108
1772754108 -22.9842008 -43.3579643 1772754110 1772754109
1772754099 -22.9841835 -43.3598932 376213175 1772754100
1772754107 -22.9841809 -43.3590668 1772754106 1772754113
1772754106 -22.9841212 -43.3591836 1772754100 1772754107
1772754105 -22.9841192 -43.3584723 1772754114 1772754098
1772754103 -22.9841023 -43.3574729 1772754102 1772754111
1772754102 -22.9841023 -43.3571539 1772754101 1772754103 1772754094
1772754101 -22.9841023 -43.3545613 1772754118 1772754102
1772754100 -22.9840798 -43.3593429 1772754097 1772754106 1772754099
1772754098 -22.9839839 -43.3584053 1772754105 1772754096
1772754097 -22.9839109 -43.3590555 1772754095 1772754100
1772754096 -22.9838851 -43.3584015 1772754098 1772754093 1772754095
1772754095 -22.9838547 -43.3587437 1772754097 1772754096
1772754094 -22.9837984 -43.3573006 1772754102 1772754092
1772754093 -22.9834944 -43.358438 1772754092 1772754096
1772754092 -22.9833818 -43.3574718 1772754094 1772754090 1772754093
1772754090 -22.9807923 -43.3575085 1772754092
