847943405 -23.0305057 -43.5805817 847943298 847943406
847943406 -23.0304925 -43.5807105 847943405 847943408
847943298 -23.0304831 -43.5804544 847943405 847943403
847943408 -23.0304448 -43.5808293 847943406 847943410
847943403 -23.0304388 -43.5803584 847943298 847943400
847943400 -23.0303741 -43.5802772 847943268 847943403
847943410 -23.0303668 -43.5809274 847943408 847943291
847943268 -23.030293 -43.5802159 3013649718 847943400
847943291 -23.0302656 -43.580996 847943410 847943257
3013649718 -23.0302009 -43.5801783 847943398 847943268
847943257 -23.030189 -43.5810223 847943291 847943415
847943398 -23.0301032 -43.5801663 3013649718 847943280
847943415 -23.0300968 -43.5810312 847943418 847943257
847943280 -23.0300057 -43.5801808 847943394 847943398
847943418 -23.0300052 -43.5810167 847943415 3013649711
3013649711 -23.0299191 -43.5809796 847943418 847943421
847943394 -23.0299029 -43.5802281 847943392 847943280
847943421 -23.0298432 -43.5809219 847943386 3013649711
847943392 -23.0298162 -43.5803045 847943394 3013649706
847943386 -23.0297817 -43.5808468 847943262 847943421
3013649706 -23.0297525 -43.5804041 847943392 847943389
847943262 -23.0297378 -43.5807582 847943386 847943388
847943389 -23.0297167 -43.580519 847943388 3013649706
847943388 -23.0297117 -43.5806402 847943262 847943389
