3082554342 -23004772 -43601441 3082554340 3082554341
3082554341 -23004752 -43601149 3082554342 3082554339
3082554340 -23004723 -43601638 3082554338 3082554342
3082554339 -23004680 -43601039 3082554341 3082554333
3082554338 -23004668 -43601723 3082554335 3082554340
3082554335 -23004567 -43601770 3082554125 3082554338
3082554333 -23004544 -43600989 3082554124 3082554339
3082554125 -23004397 -43601779 3082554123 3082554335
3082554124 -23004374 -43601002 3082554333 3082554118
3082554123 -23004261 -43601798 3082554125 3082554111
3082554118 -23004238 -43601099 3082554124 3082554113
3082554113 -23004129 -43601227 3082554118 3082554112
3082554112 -23004077 -43601428 3082554113 3082554111
3082554111 -23004054 -43601876 3082554123 3082554105 3082554112
3082554105 -23002475 -43602735 3082553926 3082554111
