3218207409 -23019976 -43511184 3218207408
3327380908 -23019884 -43516677 3327380905 3327380909
3327380909 -23019306 -43516750 3327380908 3327380906
3327380906 -23018958 -43516785 3327380907 3327380909
3327380907 -23018907 -43516748 3327380902 3327380906
3327380902 -23018862 -43516707 3327380899 3327380907
3327380899 -23018751 -43516667 3327380901 3327380902
3327380901 -23018680 -43516664 3327380904 3327380899
1540741890 -23018109 -43519786 1540741870 1540741893
3327380904 -23018102 -43516750 3327380915 3327380901
2272195890 -23018097 -43510480 2272195889
2272195889 -23018077 -43510618 2272195888
2272195888 -23018027 -43510718 2272195885
1540741893 -23017957 -43519758 1540741890 2841030602
2272195885 -23017947 -43510783 3467950503
3467950503 -23017847 -43510820 158774144 2272195884
2272195884 -23017837 -43510823 2272195883
3327380915 -23017789 -43516804 3327380895 3327380904
2272195883 -23017787 -43510832 2272195882
2272195882 -23017731 -43510832 2272195881
3327380895 -23017710 -43516847 3327380919 3327380915
2272195881 -23017687 -43510823 2272195880
2272195880 -23017654 -43510803 2272195879
2272195879 -23017622 -43510787 2272195878
3327380919 -23017583 -43516956 3327380897 3327380895
2272195878 -23017583 -43510761 2272195887 2272195877
2272195877 -23017528 -43510689 2272195876
2272195876 -23017493 -43510614 2272195874
2272195875 -23017475 -43510408 2272195887
2272195874 -23017466 -43510500 2272195875
2062622071 -23017314 -43513358 2062622082
2062622075 -23017301 -43513288 2062622071
2062622082 -23017300 -43513510 2062622054
158774144 -23017269 -43512834 2062622077
2062622098 -23017246 -43513220 2062622075
1759975604 -23017225 -43512079 2272195878
3327380897 -23017223 -43517002 3327380900 3327380919
2062622054 -23017210 -43513751 2062622076
2062622077 -23017186 -43513148 2062622057 2062622098
2062625034 -23017142 -43513128 2062622077
2062622076 -23017072 -43514089 2062622069
2062622078 -23017063 -43513100 2062625034
1540752482 -23017050 -43515226 2841030406 3948056496 1540752478
2062625047 -23017002 -43513093 2062622078
2062622069 -23016978 -43514271 2062622057
3467950497 -23016969 -43513105 1759975604 2062625047
3327380900 -23016954 -43517039 2841030406 3327380897
2062622079 -23016936 -43513118 3467950497
2062622091 -23016881 -43513153 2062622079
2062622057 -23016836 -43514585 1540752478
2062622092 -23016822 -43513217 2062622091
2841030407 -23016795 -43513803 3467950497
2062622089 -23016783 -43513309 2062622092
2062622059 -23016764 -43513415 2062622089
2062622083 -23016747 -43513567 2062622059
2062622094 -23016686 -43513903 2062622083
1540752478 -23016663 -43515161 2841029014 1540752482
2841030406 -23016640 -43517066 3327380900 2062625056 1540752482
2062622088 -23016556 -43514494 2062622094 2841030407
2841030602 -23016430 -43519930 1540741893 2062622063
2841029014 -23016425 -43516048 1738180122
1738180122 -23016260 -43516774 2062625014
2062625051 -23016174 -43519050 2062625056
2062625056 -23016168 -43519266 2841030406 2062622063
1759975605 -23016148 -43516056 2062622088
2062625014 -23016133 -43517662 2062625013 2062622062
2062625013 -23016124 -43518138 2062625051
2062622063 -23016019 -43519974 2841027616 2841030602
1759975608 -23015928 -43517068 1759975605
2062622062 -23015854 -43519765 2062622080
1759975646 -23015689 -43517749 1759975608
1759975652 -23015594 -43518098 1759975646
1738180070 -23015557 -43519759 1759975608
158773100 -23015469 -43518714 1759975652
2841027616 -23015267 -43519959 2841027216 2841030404
158773101 -23015183 -43519245 158773100
2841030404 -23015177 -43519921 2983242034
3793971282 -23015144 -43519407 158773101
2983242034 -23015131 -43519874 2841027217
2841027217 -23015111 -43519815 3793971282
3793971281 -23015069 -43519432 158773101
2062622060 -23014960 -43519563 3793971281
2983241533 -23014856 -43519677 2062622060
158773102 -23014726 -43519767 2983241533
2062622068 -23014590 -43519831 158773102
2841027216 -23014475 -43519929 158773103
158773103 -23014300 -43519900 2985995405 2062622068
2985995405 -23013721 -43519874 158773103 2985995406
2985995406 -23013003 -43519838 2985995405 158775258
158775258 -23012824 -43519818 2985995406 158775259
1540944726 -23012619 -43511208 1540944718 1540944719
158775259 -23012614 -43519768 158775258 2841030703
1540944719 -23012406 -43511728 1540944721 1540944726
1540944721 -23012199 -43512373 1540944720 1540944719
1540944720 -23012057 -43512738 1540944721 1540944723
1194568866 -23011960 -43514726 1194568868 2693566498
2693566498 -23011946 -43514072 1194568866 1194568614
1540944723 -23011932 -43513075 1540944720 1540944725
1194568614 -23011907 -43513736 2693566487 2693566498
1194568868 -23011896 -43515156 1194568742 1194568866
2693566487 -23011850 -43513409 1194568614 1540944725
1540944725 -23011817 -43513318 2693566487 1540944723 1194568553
1194568553 -23011677 -43513128 1540944725 2693566479
2841030703 -23011551 -43519170 158775259 158775260
2693566479 -23011490 -43512987 1194568840 1194568553
158775260 -23011409 -43519074 2841030703 2985995407
1194568742 -23011197 -43517458 1194568874 1194568868
3361699110 -23011163 -43518872 158775260
1194568840 -23011151 -43512769 2693566479 1194568878
1759975704 -23011070 -43518769 3361699110
2985995407 -23011024 -43518874 158775261
3361699111 -23011016 -43518803 3361699110
1194568623 -23011014 -43518680 1759975704
3763195454 -23010979 -43518591 1194568623
3361699106 -23010955 -43518469 3763195454
1194568874 -23010952 -43518306 3361699106 1194568742
3793971280 -23010940 -43518774 3361699111
158775261 -23010938 -43518851 2985995408 3763195453
3763195453 -23010885 -43518799 3361699109
158775262 -23010872 -43518427 1194568874
3361699109 -23010851 -43518752 3793971278 3793971280
3793971279 -23010845 -43518511 158775262
3793971278 -23010838 -43518688 3361699108
3361699108 -23010835 -43518592 3793971279
2985995408 -23010749 -43518828 3361699107
3793984878 -23010735 -43518612 158775262
3361699112 -23010721 -43518739 3361699109
3793984877 -23010649 -43518692 3793984878
3793971277 -23010603 -43518752 3361699112
3361699107 -23010543 -43518830 2841026924
3793984876 -23010533 -43518767 3793971277 3793984877
1194568878 -23010521 -43512464 1194568840 1194568688
3361699113 -23010484 -43518790 3793984876
2841026924 -23010365 -43518848 158775264 3361699113
1194568688 -23010123 -43512210 1194568878 2693566464
2693566464 -23009999 -43512056 1194568688 1194568771
158775280 -23009899 -43514180 158775279 2985995416
158775279 -23009885 -43514414 158775280 2985995415
2985995416 -23009873 -43513986 158775280 158775281
2985995415 -23009821 -43514638 158775278 158775279
158775264 -23009807 -43519046 2841026924 2841024815
158775281 -23009797 -43513766 2985995416 2841021141
158775278 -23009732 -43514808 2985995414 2985995415
2841021141 -23009650 -43513544 158775282 158775281
2985995414 -23009639 -43514928 158775277 158775278
2841024815 -23009625 -43519071 158775264 158775265
1194568771 -23009592 -43511742 1194568650 2693566464
158775277 -23009527 -43515026 2985995414 2985995413
158775282 -23009454 -43513372 158775283 2841021141
158775265 -23009435 -43519065 2841024815 158775266
2985995413 -23009374 -43515130 158775276 158775277
158775283 -23009292 -43513285 158775282 158775284
158775284 -23009190 -43513250 158775283 158775286
158775266 -23009122 -43518981 158775265 2985995409
1194568650 -23009102 -43511446 1194568771 2693566452
2985995409 -23009026 -43518928 158775267 158775266
158775286 -23008979 -43513207 158775284 2985995417
158775267 -23008853 -43518786 2985995409 158775268
158775276 -23008797 -43515447 2841029903 2985995413
158775268 -23008734 -43518639 158775267 158775271
158775271 -23008664 -43518502 2985995410 158775268
2985995417 -23008656 -43513187 158775286 2985995418
2841029903 -23008623 -43515583 158775276 158775275
2693566452 -23008584 -43511152 1194568650 1194568710
158775275 -23008557 -43515675 2985995412 2841029903
2985995410 -23008497 -43517902 158775271 158775272
2985995412 -23008492 -43515815 1759975660 158775275
1759975660 -23008292 -43516445 2985995412 2985995411
158775272 -23008276 -43516911 2985995410 2985995411
2985995411 -23008260 -43516677 158775272 1759975660
2985995418 -23008187 -43513187 2985995417 158775287
1194568710 -23008052 -43510958 2693566452 1194568545
158775287 -23007936 -43513207 2841021137 2985995418
2841021137 -23007831 -43513234 158775287 158775288
158775288 -23007634 -43513327 2841021137 158775289
1194568545 -23007562 -43510838 1194568710 2693566445
158775289 -23007520 -43513422 158775288 158775290
158775294 -23007432 -43514923 2985995420 158775293
158775290 -23007430 -43513545 158775289 2985995419
158775293 -23007420 -43514649 158775292 158775294
2985995420 -23007389 -43515193 2985995421 158775294
2985995419 -23007356 -43513723 158775291 158775290
158775291 -23007324 -43513876 2985995419 158775292
158775292 -23007322 -43514110 158775291 158775293
158775298 -23007244 -43517701 2841027211 158775300
158775300 -23007243 -43517975 158775298 158775302
2985995421 -23007231 -43515714 2985995420 158775297
158775302 -23007195 -43518363 158775300 158775303
158775297 -23007164 -43516019 2985995421 2841027211
2841027211 -23007154 -43516489 158775297 158775298
158775303 -23007015 -43519123 158775302 2985995422
158775304 -23007003 -43519474 2985995423 2985995422
2985995422 -23007000 -43519278 158775304 158775303
2693566445 -23006123 -43510830 2693566440 1194568545
3361708038 -23005783 -43512928 3361708037
3361708037 -23005778 -43513040 3361708036 3361708038
3361708036 -23005758 -43513228 3361708037 3361708035
3361708035 -23005664 -43513528 3361708036 3361708034
2693566440 -23005525 -43510801 2693566445 3361708052 2693750081
2693750081 -23005406 -43511509 2693566440 2693750079
2693750079 -23005387 -43512276 2693750081 3361708039
3361708039 -23005368 -43512514 2693750079 3361708034
3361708034 -23005363 -43512568 3361708039 3361708035
3361708053 -23005200 -43510524 3361708052 3361708054
3361708052 -23005162 -43510746 2693566440 2693750069 3361708053
2693750069 -23004844 -43510697 3361708052 1194568899 2693750068
2693750068 -23004811 -43510544 2693750069 2693750072
2693750064 -23003924 -43514042 2693750061 2693750063
2693750063 -23003907 -43514130 2693750064 2693750062
2693750062 -23003842 -43514176 2693750063 2693750057
2693750061 -23003830 -43513138 2693750060 2693750064 2693750055
2693750060 -23003775 -43512471 2693750061 2693750059 2693750056
2693750059 -23003726 -43511818 2693750060 2693750058
2693750058 -23003659 -43511750 1194568899 2693750043 2693750059
1194568899 -23003582 -43510499 2693750069 1194568718 2693750058
2693750057 -23003539 -43514176 2693750062 2693750053
2693750056 -23003417 -43512494 2693750060
2693750055 -23003388 -43513173 2693750061 2693750054
2693750054 -23003329 -43513207 2693750055 2693750052
2693750053 -23003297 -43514371 2693750057
2693750052 -23003256 -43513295 2693750054 2693750050
2693750050 -23002971 -43513944 2693750052
2693750047 -23002478 -43514446 2693750026
1194568718 -23002443 -43510309 1194568899 2693750038
2693750044 -23002424 -43511060 2693750037 2693750042
2693750043 -23002417 -43511860 2693750040 2693750058
2693750042 -23002403 -43510733 2693750044 2693750038
2693750040 -23002367 -43511895 2693750043 2693750039
2693750039 -23002318 -43511994 2693750040 2693750035
2693750038 -23002286 -43510243 2692045946 2693750042 1194568718
2693750037 -23002271 -43511608 2693750031 2693750044
2693750036 -23002234 -43513306 2693750033
2693750035 -23002234 -43512459 2693750033 2693750039
2693750033 -23002207 -43513005 2693750036 2693750035
2692045946 -23002160 -43510191 2693749996 2693750038 1194568768
2693750031 -23002125 -43512355 2693750037 2693750025
2693750026 -23002029 -43514203 2693750047 2693750025
2693750025 -23002023 -43513577 2693750026 2693750031
2693749996 -23001073 -43511969 2692045946
