2687808310 -23.0199718 -43.4830982 2060582266 2687819669
929694476 -23.0199695 -43.4892745 2060560187 158422654
3300263953 -23.019938 -43.4852158 3300263957
3287542984 -23.0199135 -43.4807212 492467454 3287542982
146452551 -23.0199113 -43.4877029 3250898191
3287542982 -23.0199052 -43.4807236 3287542984 3467950518
492467745 -23.0198674 -43.4830188 3190530681 2687808310 3467950521
3293515820 -23.0198646 -43.485205 3300263953
3467950521 -23.0198597 -43.4829895 492467739 492467745
158422654 -23.0198516 -43.4887894 3756696772
3218864564 -23.0198514 -43.4853593 2060574413
2060560187 -23.0198345 -43.4889537 2060560193
2060536549 -23.0198123 -43.4896455 2663683630
2687819665 -23.0198089 -43.4851968 3293515820 2060574413
2060574413 -23.0197744 -43.4853502 2060574404
3756696772 -23.0197589 -43.4884207 929694460
2663683630 -23.0197091 -43.489283 2841032003 2663683601
2060574404 -23.0196642 -43.4853495 2060574412
3219704855 -23.0196341 -43.4859537 2664002490
2060560193 -23.019625 -43.4885453 3756696775
2060574412 -23.0195955 -43.4853919 3467950520
3467950520 -23.0195676 -43.4854446 3218864569
3218864569 -23.0195643 -43.4854509 2687819664
2060574409 -23.0195606 -43.4856587 3219704855 2060574405
2060574405 -23.019556 -43.4857851 2060574415
2687819664 -23.0195514 -43.4854753 2060574409
3756696775 -23.019543 -43.4883906 1759975675
2841032003 -23.0195262 -43.4884836 3756696776
2060574415 -23.019525 -43.4858817 2912791014
2841032403 -23.0195071 -43.4851638 2687819665
3756696776 -23.0195053 -43.4884062 1759975675
3467950519 -23.0194933 -43.4851569 2841032403
929694460 -23.0194907 -43.4873538 2060574402
3219704858 -23.0194869 -43.4860656 146452551
3218864570 -23.0194751 -43.4851479 3467950519
2912791014 -23.0194681 -43.4859745 2650821098 3219704858
2841029517 -23.0194594 -43.48514 3218864570
1759975675 -23.0194575 -43.4882294 2663683617
2841029516 -23.0194435 -43.4858908 2912791014
1769660089 -23.0194168 -43.4851421 2841029517 2060574409
2650821098 -23.0193996 -43.4860494 2060574407
3467950518 -23.0193356 -43.4808926 492467739 3287542982
492467279 -23.0193218 -43.4854282 2841029516
2060574407 -23.0193171 -43.486085 2650821096
492467739 -23.0193113 -43.4808998 3467950509 3467950516 3467950521 3467950518
3467950516 -23.0193056 -43.480878 492467428 492467739
2650821096 -23.0192048 -43.4860794 2060574402
2060582266 -23.0191614 -43.483338 2841029515
2060574402 -23.019153 -43.4860567 2060574398 2055468951
2060582305 -23.0191453 -43.4832318 492467745
2841029515 -23.0191007 -43.4833764 2060582274
2663683617 -23.0190927 -43.4867087 3302775812 2663683580
2841029910 -23.0190894 -43.4832305 2060582305
2060582274 -23.0190565 -43.4834229 3467950515
2060574398 -23.019056 -43.485989 2060574401
3302775812 -23.0190506 -43.4864833 3302775813 2060574410
3467950515 -23.0190502 -43.4834427 2060582301
2060582270 -23.0190473 -43.4837574 1769660089
1769660085 -23.0190378 -43.4836943 2060582270
2841029909 -23.0190374 -43.4832236 2841029910
2060582281 -23.0190212 -43.4832162 2841029909
2060582301 -23.0190173 -43.4835468 1769660085
2060574401 -23.0189955 -43.4859045 2060574410
3467950513 -23.0189878 -43.483201 2060582281
2060582288 -23.0189733 -43.483634 2060582270
3302775813 -23.018968 -43.4865688 3302775812 3302775814
2060582293 -23.0189552 -43.4831862 3467950513
2506811464 -23.0189418 -43.4833215 1769660085
2060574410 -23.0189263 -43.4858173 2663683585
2650821092 -23.0188918 -43.4836823 492467279
2663683601 -23.0188855 -43.4893141 2663683630
2060582286 -23.01886 -43.4830037 2060582293 2506811464
2060582295 -23.0188544 -43.4835312 2060582288 2650821092
3302775814 -23.0188322 -43.4865822 3302775813 3302775815
146452553 -23.0188146 -43.4833472 2060582295
2060582279 -23.0187881 -43.483508 2060582295
2055468951 -23.0187519 -43.4845163 2060582294
2060582292 -23.0187313 -43.4834965 2060582279
2060582283 -23.018677 -43.4834999 2060582292
2060582278 -23.018639 -43.4835077 2060582283
2060582287 -23.0185898 -43.4835306 2060582278
2663683585 -23.0185758 -43.4843949 2060582282 2663683570
2060582276 -23.0185559 -43.4835507 2060582287
2060582294 -23.0185452 -43.4836771 2060582296
2060582296 -23.0185243 -43.4835929 2060582276 2506811463
2506811463 -23.0184995 -43.4834928 146447129
2060582297 -23.0184895 -43.4836629 2060582296
3800126790 -23.018472 -43.4815061 3800126789 2060582286
2060582299 -23.0184691 -43.4837555 2060582297
2060582282 -23.0184647 -43.4839966 2506811465 2060582299
3467950509 -23.0184592 -43.4811556 492467739 1769660090
2060582290 -23.0184465 -43.4814076 3800126790
146447129 -23.0184257 -43.4831918 2055468949
1769660090 -23.0183927 -43.4811756 3467950509 2060582290
3800126789 -23.0183766 -43.4816875 146452553 3800126788
2506811465 -23.0183696 -43.4836331 2663992463
2663992463 -23.0183536 -43.4835433 2663756533 3311177778
2650821084 -23.0183339 -43.4815258 3800126789
2060615730 -23.0183292 -43.4809119 1769660090
2663683580 -23.0183258 -43.4867096 2663683617 3302775817
3800126788 -23.0183075 -43.4817875 3800126787
2055468949 -23.0182993 -43.4826967 3800126784
2663756533 -23.0182894 -43.4835567 2663683556 2663992463
3800126787 -23.0182827 -43.481817 3800126786
3800126786 -23.0182186 -43.4818653 3800126785
3311177778 -23.018172 -43.483001 3311177775
3800126785 -23.0181436 -43.4818682 3800126784
3311177775 -23.0181084 -43.4827216 2663595952
3800126784 -23.0180872 -43.4818372 2650821081 3800126783
2060615670 -23.0180747 -43.4805119 2060615730 2650821084
2663595952 -23.0180614 -43.4825154 2663595943 2663969404
2650821081 -23.0180573 -43.4817161 492467904
2663683570 -23.0180531 -43.4844742 2663683585 2663683562
3302775815 -23.0180275 -43.4866198 3302775814 3302775816
3302775816 -23.0179682 -43.4866278 3302775815 3302775817
3800126783 -23.0179569 -43.4817553 3800126782
2663969404 -23.0179348 -43.4819942 2663969400
492467904 -23.0179073 -43.4811056 2055469001
2663969400 -23.0178793 -43.481766 3800126782
3800126782 -23.0178471 -43.4816376 2060615698
3302775817 -23.0178303 -43.4867225 2663683580 3302775816 2663683542
2663683562 -23.017828 -43.4845238 2663683570 2663683551
2663683556 -23.0177617 -43.4836452 2663683545 2663756533
2055469001 -23.017742 -43.4804668 2060615703
2663683551 -23.0176212 -43.4839329 2663683562 2663683545
2663683545 -23.0175472 -43.4837775 2663683556 2663683551
2663683542 -23.0175125 -43.4867308 2663683505 2663683540 3302775817
2663683540 -23.0173489 -43.4859979 2663683542 2663683536
2663683536 -23.0172509 -43.4858155 2663683514 2663683540
2663683514 -23.0170189 -43.4856127 3225996592 2663683536
3225996592 -23.0168534 -43.4850113 2663683514 2663683502
2663683505 -23.0168476 -43.4867821 2663683542 2663683481
2663683502 -23.01684 -43.4849625 3225996592 2663683487
2663595948 -23.0167561 -43.4835968 2663595945
2663595945 -23.0166817 -43.4833183 2663595948 2663595943
2663595943 -23.0165977 -43.4829559 2663595952 2663595945 2663595942
2663595942 -23.0165234 -43.4827042 2663595943 2663595940
2663595940 -23.0164528 -43.482399 2663595934 2663595942
2663595934 -23.016325 -43.4818611 2663595940 2663595930
2663683487 -23.0163002 -43.4851525 2663683502
2663683481 -23.0160847 -43.486763 2663683505 2663683461
2663595930 -23.016077 -43.480999 2663595934 2663595927 1540959984
2663683461 -23.0157795 -43.4867096 2663683481 1540959990
1540959990 -23.0155125 -43.4866943 2663683450 2663683453 2663683461
2663683453 -23.0151802 -43.4853381 1540959962 1540959990
2663683450 -23.0150547 -43.486702 1540959990 2663683439
1540959962 -23.0148402 -43.4839654 1540959988 2663683453
1540959988 -23.0147902 -43.48378 1540959962 1540959956
1540959956 -23.014731 -43.4834045 1540959979 1540959988
1540959979 -23.0147112 -43.4829109 1540959992 1540959956
1540959992 -23.0146619 -43.4827071 1540959979 1540959982
2663683439 -23.0146068 -43.4866959 2663683450 2663683408
1540959982 -23.014481 -43.4818824 2663595889 1540959992
2663595889 -23.0143783 -43.4818137 1540959984 1540959982
1540959984 -23.0142743 -43.4815204 2663595889 2663595930 2663595877
2663595877 -23.0140915 -43.4807625 2663595873 2663595875 1540959984
2663683408 -23.0140874 -43.4867249 2663683439 2663683397
2663595873 -23.0136757 -43.4808388 2663595877 2663595857
2663683397 -23.0135297 -43.4843649 2663683387 2663683408
2663683387 -23.0128898 -43.4845395 2663683397
2663595857 -23.0101776 -43.4817009 2663595873
2617911172 -23.0090308 -43.4887112 2617911175 349335301
2617911175 -23.0089926 -43.4886372 2617911174 2617911172
2617911174 -23.0089277 -43.488605 2617911175 2617911173
2617911173 -23.0072094 -43.4886211 2617911174
2663942795 -23.0068537 -43.4854877 2663942791
2663942791 -23.0067817 -43.4852009 2663942788 2663942795 2663942790
2476053776 -23.0067635 -43.4855066 2663942790
2663942790 -23.0067 -43.4852268 2663942782 2663942791 2476053776
2663942788 -23.0066417 -43.4845412 2663942787 2663942791 2663942782
2663942787 -23.0066162 -43.4844349 2663942788 2663942784
2663942784 -23.0065577 -43.4841521 2663942787 2663942774
2663942782 -23.0065512 -43.4845657 2663942788 2663942790 2663942774
2663942774 -23.0064617 -43.4841782 2663942782 2663942772 2663942784
2663942772 -23.0057947 -43.4810823 2663942774 2476053372
3229033455 -23.0057095 -43.4892099 3229033454 3229033456
3229033456 -23.0056971 -43.4892689 3229033455 3229033449
3229033454 -23.0056922 -43.4891616 3229033453 3229033455
3229033449 -23.0056675 -43.4892957 3229033456 3229033448 3229033450
3229033453 -23.005665 -43.4891482 3229033454 3229033457 3229033452
3229033452 -23.0056428 -43.4891697 3229033453 3229033451
3229033450 -23.0056354 -43.4892662 3229033449 3229033451
3229033451 -23.0056231 -43.4892153 3229033450 3229033452
3229033457 -23.0056107 -43.4874397 3229033453
2617911168 -23.0052083 -43.4893199 2617911169 2617911164
2617911169 -23.0052034 -43.489167 2617911168 2617911165
2617911164 -23.0051571 -43.489387 2617911168 3229033566 2617911166
2617911165 -23.0051466 -43.4890946 2617911169 2617911167 2617911163
2617911166 -23.0050969 -43.4893263 2617911164 2617911167
2617911167 -23.0050926 -43.4891908 2617911165 2617911166
2617911163 -23.0050797 -43.4872766 2617911165
2663942729 -23.0039735 -43.4871953 2663942720
2663942720 -23.0038801 -43.4871547 2663086455 2663942729
2663086455 -23.0038395 -43.4870787 2663942720 2663942719
2663942719 -23.0038058 -43.4869236 2663086455 2663942705
2663942705 -23.003603 -43.4859905 2663942719 2663942697
2663942697 -23.0034342 -43.4852137 2663942705 2663942695
2663942695 -23.0034049 -43.4850789 2663942697 2663942688
2663942692 -23.0033888 -43.4800749 2476053374 2663942713
2663942688 -23.0028568 -43.4825569 2476053374 2663942695
2476053374 -23.0023823 -43.4803734 2663942692 2663942688
