1661220692 -22.9896271 -43.6891854 1661220686 1661220689
1661220689 -22.9894504 -43.689062 1661220682 1661220692
1661220682 -22.9888035 -43.6891057 3017375541 1661220689 1661220680
1661220680 -22.9886979 -43.6893125 1661220682 1661220667 1661220663
3017375541 -22.9884544 -43.6891204 1661220682 1661220667
1661220667 -22.988173 -43.6890481 3017375541 1661220661 1661220655 1661220680
1661220661 -22.9876113 -43.6887156 1661220630 1661220631 1661220667
1661220631 -22.9870654 -43.6883523 1661220661 1661220625 1661220626
1661220630 -22.9868737 -43.6898628 1661220661 1661220625 1661220655
1661220626 -22.9865116 -43.6879975 1661220607 1661220621 1661220631
1661220625 -22.9863466 -43.6894681 1661220607 1661220630 1661220631
1661220621 -22.9861601 -43.6877527 1661220620 1661220626
1661220620 -22.9858642 -43.6874351 3017375535 1661220621
1661220607 -22.9857606 -43.6892017 1661220592 1661220625 1661220596 1661220626
1661220619 -22.9857406 -43.6879839 1661220592
3017375535 -22.985471 -43.6869091 1661220576 1661220620
1661220592 -22.9852175 -43.6888538 1661220607 1661220539 1661220543 1661220619
1661220576 -22.985081 -43.6862841 1661220562 3017375535 1661220537
1661220573 -22.9849532 -43.6878553 1661220543
1661220572 -22.9848837 -43.6871045 1661220537 1661220531
1661220562 -22.984699 -43.6855334 1661220576 1661220529
1661220543 -22.9846275 -43.6884918 1661220592 1661220573 1661220463 3017375531
1661220537 -22.9846155 -43.6868371 1661220576 1661220534 1661220572 1661220509
1661220539 -22.9846099 -43.6899019 1661220592 1661220596 3017375531
1661220534 -22.9845618 -43.6867857 1661220537 1661220496
1661220531 -22.9844987 -43.6875673 1661220509 1661220572
1661220529 -22.9844628 -43.6847251 1661220562 1661220496 1661220522
1661220522 -22.9844261 -43.6840054 1661220513 1661220529
1661220513 -22.984221 -43.6836694 1661220522
1661220509 -22.9841644 -43.6874184 1661220468 1661220537 1661220531 1661220388 1661220463
1661220503 -22.9840063 -43.6852087 1661220468 1661220496
3017375531 -22.9839919 -43.6898039 1661220539 1661220495 1661220543
1661220496 -22.9839823 -43.6849217 1661220462 1661220503 1661220529 1661220534
1661220495 -22.9839467 -43.6898039 1661220493 3017375531 3017375526
1661220482 -22.9837706 -43.6887662 1661220447
1661220468 -22.9837602 -43.6859698 1661220503 1661220509
1661220463 -22.9837234 -43.6879845 1661220447 1661220380 1661220543 1661220509
1661220462 -22.9836846 -43.6850423 1661220434 1661220496 1661220426 1661220443
1661220455 -22.9834596 -43.6894263 3017375527 1661220448
3017375527 -22.9834306 -43.6893552 1661220424 1661220455
3017375526 -22.9834116 -43.6897184 1661220448 1661220438 1661220495
1661220448 -22.983364 -43.6897081 3017375526 3017375522 1661220455
1661220443 -22.9833432 -43.6864294 1661220462
1661220447 -22.9833396 -43.6885197 1661220442 1661220482 1661220463
1661220442 -22.9832926 -43.6884826 1661220424 3017375521 1661220447
1661220434 -22.9831165 -43.6853577 1661220462 1661220402
1661220426 -22.9830374 -43.6833971 1661220462
1661220424 -22.9829916 -43.6889703 1661220442 3017375527
3017375522 -22.9827536 -43.6896261 1661220448 1661220403
3017375521 -22.9827335 -43.6881713 1661220442
1661220403 -22.9826414 -43.6896405 3017375522 3017375519 1661220406
1661220402 -22.9826341 -43.6854043 1661220400 1661220434 1661220399
1661220401 -22.9825933 -43.6859639 1661220400 1661220388
1661220400 -22.982534 -43.6854139 1661220401 1660968189 1661220402
1661220399 -22.9825018 -43.6848661 1661220214 1661220402 1661220384
1661220388 -22.9823947 -43.6864905 1661220401 1661220380 1661220509
3017375520 -22.9823819 -43.688112 1661220233
1661220384 -22.9822809 -43.6828614 1661220399
3017375519 -22.9822643 -43.6897628 1661220383 1661220403
2981571009 -22.9822019 -43.6819612 2981571008
1661220380 -22.9821445 -43.6871541 1660968184 1661220463 1661220388
1661220383 -22.9821377 -43.6898464 3017375519 1661220239
1661220379 -22.9821091 -43.6838213 1661220205
1661220235 -22.9818262 -43.6894151 2981571024 1661220239 1661220229
1661220233 -22.9817784 -43.6877026 1660968180 3017375520
2981571011 -22.9816382 -43.6824408 2981571010
1661220229 -22.9816331 -43.6886165 1661220235 1660968157
1661220214 -22.9816025 -43.6847304 1661220399 1660968190
1660968190 -22.9814425 -43.6847833 1661220214 1661220205 1660968189 1660968162
2981571008 -22.981402 -43.6812162 2981571010 2981571009
2981571024 -22.98131 -43.6897822 3017375516 1661220235
1660968189 -22.9813011 -43.6855205 1661220400 1660968190 1660968184 1660968182
1661220205 -22.9812344 -43.6843812 1660968187 1660968190 1661220379
2981571026 -22.9812342 -43.6894144 2981571025
3017375516 -22.9812262 -43.6898196 2981571024 1661220193
1661220204 -22.9811724 -43.6890601 1660968150
1661220193 -22.9811091 -43.6898333 3017375516 2981571025 2981571027
2981571025 -22.9810784 -43.6898281 3017375515 2981571026 1661220193
2981571010 -22.9809909 -43.6817019 2981571007 2981571008 2981571011
1660968187 -22.9809617 -43.6838541 1660968154 1661220205
1660968184 -22.9809193 -43.6864678 1660968180 1660968189 1660968134 1660968182 1661220380
3017375515 -22.9808557 -43.6897628 2981571025 1661220160
2981571007 -22.9807519 -43.6819842 2981571006 2981571010 2981571012
1660968182 -22.9807355 -43.6856126 1660968125 1660968189 1660968184 1660968162
1661220160 -22.9806925 -43.6897484 3017375515 3017375514 2981571023
1660968180 -22.9806059 -43.6871641 1660968184 1660968157 1661220233
1660968162 -22.9805729 -43.6848984 1660968120 1660968190 1660968182 1660968159
2981571019 -22.9805486 -43.6891462 2981571018
3017375514 -22.9804898 -43.6896467 1661220160
1660968159 -22.9804598 -43.6842918 1660968097 1660968162
1660968157 -22.9803891 -43.6876553 1660968180 1660968150 1661220229 1660968146
1660968154 -22.9803886 -43.6827717 2981571006 1660968187 1660968078
2981571018 -22.9803173 -43.6895143 2981571017 2981571019
2981571012 -22.9802844 -43.6815065 2981571007
2981571006 -22.9802615 -43.6825383 2981571007 1660968124 1660968154
2981571017 -22.9802554 -43.6895249 2981571016 2981571018
1660968150 -22.9800992 -43.688285 1660968131 1660968129 1660968157 1661220204
