1729255658 -23005616 -43279942 1729255646
1729255754 -23005608 -43279945 146431133
1729255646 -23005542 -43279732 1729255678
146431132 -23005534 -43279736 1729255754
1729255678 -23005453 -43279547 1729255708
1729255649 -23005445 -43279552 146431132
1729255708 -23005348 -43279335 1729255694
1729255690 -23005340 -43279340 1729255649
1729255694 -23005231 -43279122 1729255686
1729255640 -23005224 -43279127 1729255690
1729255686 -23005156 -43279005 1729255737
1729255650 -23005149 -43279011 1729255640
1729255737 -23005057 -43278872 1729255742
146431131 -23005050 -43278878 1729255650
1729255742 -23004902 -43278666 1729255745
1729255688 -23004895 -43278672 146431131
1729255745 -23004615 -43278296 1729255664
1768803324 -23004605 -43277298 1768803330
146431130 -23004591 -43278303 1729255688
1768803330 -23004580 -43277255 1768803329 1768803324
1768803329 -23004521 -43277207 1768803321 1768803330
1768803321 -23004450 -43277188 1768803322 1768803329
1768803322 -23004333 -43277175 1768803313 1768803321
1768803313 -23004125 -43277186 1768803318 1768803322
1729255664 -23004047 -43277592 146420067
146421052 -23004033 -43277608 146431130
1768803318 -23003992 -43277219 1768803317 1768803313
1768803317 -23003869 -43277262 1768803318 1768803319
1768803319 -23003759 -43277319 1768803314 1768803317
1768803314 -23003667 -43277358 1768803327 1768803319
1768803327 -23003574 -43277381 1768803325 1768803314
326239732 -23003570 -43279814 1160445803 1768802177
1160445803 -23003516 -43279737 1768802174 326239732
1768803325 -23003468 -43277387 1768803331 1768803327
1768802174 -23003436 -43279521 1160445803 1768802099
1768802099 -23003368 -43279228 344377870 1768802174
1768803331 -23003345 -43277380 1768803325 1768803320
1768803320 -23003199 -43277357 1768803316 1768803331
344377870 -23003095 -43278614 326239731 1768802099
326239730 -23003077 -43278171 326239731 1768802185
326239731 -23003068 -43278434 326239730 344377870
1768802185 -23003066 -43278017 344377701 326239730
344377701 -23003042 -43277935 3696058441 1768802185
1768803316 -23003025 -43277330 1768803323 1768803320
1768803323 -23002965 -43277332 1768803328 1768803316
3696058441 -23002931 -43277694 344377701 344377700
1768803328 -23002900 -43277346 1768803323 1768803326
3696058443 -23002858 -43276092 146421052
1768803326 -23002831 -43277367 1768803315 1768803328
344377700 -23002800 -43277470 1768803315 3696058441
1768803315 -23002754 -43277404 344377699 344377700 1768803326
344377699 -23002598 -43277180 1768803315 1160445811
1729255760 -23002586 -43275761 3696058443
1160445811 -23002469 -43277032 2888529696 344377699
2888529696 -23002345 -43276936 344377698 1160445811
146418160 -23002334 -43275478 1729255760
146420067 -23002296 -43275343 146420068
1729255681 -23002093 -43275221 146418160
146420068 -23002092 -43275112 1729255668
1729255668 -23001921 -43274893 146420070
344377698 -23001822 -43276702 2888529695 2888529696
2888529695 -23001672 -43276614 344377697 344377698
344377697 -23001581 -43276509 2888529694 2888529695
2888529694 -23001532 -43276364 2888529693 344377697
2888529693 -23001487 -43276135 2888529692 2888529694
1729255714 -23001444 -43274616 1729255681
2888529692 -23001426 -43275985 326239729 2888529693
326239729 -23001121 -43275630 326239728 2888529692
146420070 -23001085 -43273954 1160445813
378703516 -23001025 -43272715 3504134188
3504134188 -23001018 -43272635 378703517
146418159 -23001008 -43274185 1729255714
378703517 -23001002 -43272584 378703509
3504134187 -23000998 -43272777 378703516
378703515 -23000951 -43272812 3504134187
326239728 -23000917 -43275090 326239727 326239729
378703514 -23000883 -43272817 378703515
378703509 -23000867 -43272384 1578769662
378703512 -23000817 -43272781 378703514
326239727 -23000808 -43274924 2888529686 326239728
378703510 -23000794 -43272539 378703511
378703511 -23000787 -43272711 378703512
1578769664 -23000785 -43272398 378703510
1160445813 -23000464 -43273172 715685338
1578769663 -23000433 -43271141 1578769664 1578769647
2888529686 -23000372 -43274341 1160445798 326239727
146418157 -23000318 -43273535 146418159
1578769662 -23000258 -43270209 1578769661
1160445798 -23000176 -43274171 1160445799 2888529686
3650432439 -23000138 -43273365 715685333 146418157
715685333 -23000125 -43272886 715685334
715685334 -23000125 -43272779 715685338
715685331 -23000075 -43272973 715685333
715685338 -23000064 -43272587 146420071
1160445799 -23000047 -43274082 344377696 1160445798
1729255682 -23000037 -43273269 3650432439
