146325054 -22998223 -43239931 146325053 1757616781
146325053 -22998092 -43239821 1757616673 146325054
1757616673 -22997950 -43239722 1757616760 146325053
1757616760 -22997860 -43239557 1757616673 3248562797
3248562797 -22997665 -43239169 1757616899 1757616760
1757616899 -22997580 -43238940 1757616686 3248562797
1757616686 -22997350 -43238034 1757616780 1757616899
1757616780 -22997265 -43237749 1757616686 146325052
146325052 -22997237 -43237657 3224701972 1757616780
3224701972 -22997193 -43237559 3224701971 146325052
3224701971 -22997170 -43237508 146325051 3224701972
146325051 -22996662 -43236377 146325050 3224701971
146325050 -22996508 -43236069 3271726673 146325051
3271726673 -22996419 -43235939 3271726671 146325050
3271726671 -22996379 -43235881 1757616733 3271726673
1757616733 -22996255 -43235753 146325049 3271726671
1584021370 -22996255 -43239851 1584021371 3201725728
3201725728 -22996243 -43239760 1584021369 1584021370
1584021369 -22996238 -43239723 3201725724 3201725728
3201725724 -22996232 -43239706 3197705425 1584021369
3197705425 -22996228 -43239692 3201725722 3201725724
3201725722 -22996213 -43239677 1584021368 3197705425
1584021368 -22996199 -43239678 3197705424 3201725722
3197705424 -22996191 -43239691 1584021363 1584021368
1584021363 -22996178 -43239723 3197705424 1584021361
1584021361 -22996173 -43239782 3197705423 1584021363
3197705423 -22996129 -43239998 3197705421 1584021361
146325049 -22996115 -43235655 1757616733 3271725823
3271725823 -22995822 -43235488 146325049 3209675931
3209675931 -22995350 -43235219 1757616591 3271725823
1584021300 -22995294 -43239901 1584021292 3197553352
1757616591 -22995244 -43235159 1757616638 3209675931
1584021292 -22995228 -43239848 1584021290 1584021300
1584021290 -22995164 -43239843 1584021292 1584021288
1584021288 -22995113 -43239852 1584021285 1584021290
1584021285 -22995045 -43239883 1584021282 1584021288
1757616638 -22995037 -43234971 146325047 1757616591
1584021282 -22994964 -43239887 1584021285 1584021279
1584021279 -22994900 -43239876 1584021275 1584021282
146325047 -22994893 -43234791 1757616638 1118775435
1584021278 -22994851 -43235537 1584021269 1584021273
1584021275 -22994843 -43239818 1584021263 1584021279
1584021273 -22994841 -43235597 1584021278 1584021266
1584021269 -22994824 -43235505 1584021242 1584021278
1584021266 -22994820 -43235627 1584021273 1584021246
1584021263 -22994817 -43239751 1584021254 1584021275
1118775435 -22994806 -43234618 1757616576 146325047 1584021213
1584021262 -22994802 -43239291 1584021259 3197703255
3197703255 -22994801 -43239252 3197553338 1584021262
1584021259 -22994800 -43239443 1584021258 1584021262
3197553338 -22994796 -43239128 3197703254 3197703255
1584021258 -22994794 -43239580 1584021259 1584021256
1584021256 -22994791 -43239631 1584021258 1584021254 1584021208
1584021254 -22994790 -43239658 1584021256 1584021263
3197703254 -22994789 -43238981 1584021252 3197553338
1584021252 -22994781 -43238793 3197703254 1584021248
1584021248 -22994762 -43238638 3201875259 1584021252
1584021246 -22994760 -43235660 1584021266 1584021240
3201875259 -22994709 -43238542 1584021244 1584021248
1584021244 -22994698 -43238523 3201875259 1584021239
1584021242 -22994698 -43235382 1584021228 1584021269
1584021240 -22994675 -43235637 1584021246 1584021226
1757616576 -22994648 -43234179 1757616588 1118775435
1584021239 -22994613 -43238359 1584021219 1584021244
1584021237 -22994606 -43236223 1584021221 3209672838
1584021236 -22994595 -43236653 1584021225 1584021229
3209672838 -22994594 -43236383 1584021237 1584021229
1584021229 -22994589 -43236454 1584021236 3209672838
1584021228 -22994587 -43235276 1584021197 1584021242
1584021226 -22994585 -43235593 1584021195 1584021240
1584021225 -22994567 -43236893 1584021236
1584021223 -22994566 -43234298 1584021218 1584021204
1584021221 -22994563 -43236040 1584021199 1584021237
1584021219 -22994562 -43238215 1584021210 1584021239
1584021216 -22994562 -43237736 3197553334 1584021214
1584021218 -22994562 -43234390 1584021223 1584021206
1757616588 -22994554 -43234043 1757616576 1757616822
1584021214 -22994551 -43237829 1584021216 1584021211 1584021178
1584021213 -22994551 -43234742 1584021202 1584021198 1118775435
1584021211 -22994545 -43237912 1584021214 1584021210
1584021210 -22994541 -43238067 1584021211 1584021219
1584021208 -22994536 -43239559 1584021183 1584021256
3197553334 -22994528 -43237561 3197553329 1584021216
1584021206 -22994521 -43234464 1584021193 1584021218
1584021204 -22994509 -43234207 1584021223 1584021187
1584021202 -22994504 -43234765 1584021213 1584021192
1584021199 -22994497 -43235982 1584021221 1584021184
1584021198 -22994492 -43234619 1584021213 1584021193
1584021197 -22994490 -43235172 1584021190 1584021228
1584021195 -22994481 -43235535 1584021186 1584021226
1584021193 -22994481 -43234554 1584021198 1584021206
1584021192 -22994466 -43234825 1584021202 1584021189
1584021190 -22994430 -43235095 1584021197 1584021188
1584021189 -22994428 -43234906 1584021192 1584021188
3197553329 -22994421 -43237202 1584021182 3197553334
1584021188 -22994407 -43234994 1584021190 1584021189
1757616822 -22994396 -43233887 1757616588 146325045
1584021187 -22994389 -43234138 1584021204 1584021173
1584021186 -22994370 -43235470 1584021195 1584021181
1584021184 -22994357 -43235920 1584021180 1584021199
1584021183 -22994351 -43239506 1584021176 1584021208
1584021182 -22994336 -43236828 1584021175 3197553329
1584021181 -22994272 -43235403 1584021186 1584021179 1584021174
146325045 -22994263 -43233798 1757616751 1757616822
1584021180 -22994263 -43235818 1584021177 1584021184
1584021179 -22994233 -43235573 1584021181 1584021177
1584021178 -22994232 -43237739 1584021214 1584021166
1584021177 -22994229 -43235716 1584021179 1584021180
1584021176 -22994219 -43239462 1584021170 1584021183
1584021175 -22994217 -43236458 1584021182 1584021168
1584021174 -22994181 -43235301 1584021181 1584021172
1584021173 -22994140 -43234101 1584021187 1584021169
1757616751 -22994137 -43233736 1757616878 146325045
1584021172 -22994091 -43235199 1584021167 1584021174
1584021170 -22994083 -43239406 1584021165 1584021176
1584021169 -22994067 -43234070 1584021173 1584021164
1584021168 -22994055 -43236125 1584021162 1584021175
1584021167 -22994040 -43235146 1584021172 1584021163
1584021166 -22994015 -43237672 1584021128 1584021178
1584021165 -22993996 -43239344 1584021170 1584021148
1584021164 -22993986 -43233968 1584021169 1584021139
1584021163 -22993985 -43235162 1584021167 1584021153
1584021162 -22993983 -43235956 1584021147 1584021168
1584021161 -22993976 -43238754 1584021160 1584021156
1584021160 -22993972 -43238641 1584021149 1584021161
1584021156 -22993942 -43238988 1584021143 1584021161
1584021153 -22993942 -43235204 1584021163 1584021150
1584021150 -22993936 -43235292 1584021153 1584021145
1584021149 -22993934 -43238453 1584021160 1584021142
1584021148 -22993925 -43239242 1584021143 1584021165
1584021147 -22993923 -43235822 1584021162 1584021146
1584021146 -22993917 -43235794 1584021144 1584021147 1584021130
1584021145 -22993917 -43235500 1584021150 1584021144
1584021144 -22993906 -43235741 1584021145 1584021146
1584021143 -22993904 -43239161 1584021156 1584021148
1584021142 -22993900 -43238261 1584021140 1584021149
1757616878 -22993871 -43233671 1757616751 146325043
1584021140 -22993866 -43238060 1584021138 1584021142
1584021139 -22993857 -43233971 1584021137 1584021164
1584021138 -22993793 -43237880 1584021132 1584021140
1584021137 -22993791 -43233965 1584021139 1584021136
146325043 -22993774 -43233664 1757616806 1757616878
1584021136 -22993748 -43234048 1584021137 1584021126
1584021135 -22993734 -43239730 1584021134 1584021133
1584021134 -22993708 -43239855 1584021131 1584021135
1584021133 -22993698 -43239612 1584021135 1584021124
1584021132 -22993689 -43237635 1584021128 1584021138
1584021131 -22993661 -43239998 1584021129 1584021134
1584021130 -22993653 -43235937 1584021122 1584021146
1584021128 -22993649 -43237468 1584021123 1584021132 1584021166 1584021105
1584021126 -22993637 -43234377 1584021125 1584021136
1584021125 -22993624 -43234432 1584021075 1584021126
1584021124 -22993623 -43239508 1584021133 1584021118
1584021123 -22993615 -43237230 1584021128 1584021121
1584021122 -22993600 -43235951 1584021113 1584021130
1584021121 -22993583 -43236962 1584021120 1584021123
1584021120 -22993555 -43236784 1584021116 1584021121
1757616806 -22993552 -43233723 146325042 146325043
1584021118 -22993536 -43239383 1584021124 1584021111
1584021116 -22993527 -43236693 1584021120 1584021101
1584021113 -22993521 -43235921 1584021122 1584021100
1584021111 -22993468 -43239272 1584021118 1584021104
1584021105 -22993463 -43237174 1584021128 1584021066
1584021104 -22993397 -43239156 1584021111 1584021103
1584021103 -22993380 -43239096 1584021104 1584021102
1584021102 -22993374 -43239022 1584021103 1584021099
1584021101 -22993374 -43236377 1584021116 1584021071
1584021100 -22993363 -43235817 1584021113 1584021070
1584021099 -22993351 -43238934 1584021102 1584021078
1584021098 -22993334 -43238530 1584021081 1584021097
1584021097 -22993334 -43238377 1584021098 1584021068
1584021081 -22993327 -43238631 1584021098 1584021073
1584021078 -22993323 -43238821 1584021099 1584021073
1584021075 -22993318 -43234636 1584021125 1584021037
1584021073 -22993314 -43238740 1584021078 1584021081
1584021071 -22993293 -43236159 1584021047 1584021101
1584021070 -22993291 -43235759 1584021100 1584021064
1584021068 -22993287 -43238245 1584021043 1584021097
1584021066 -22993278 -43237063 1584021020 1584021105
1584021064 -22993261 -43235757 1584021045 1584021070
146325042 -22993234 -43233890 1757616806 146325040
1584021047 -22993231 -43235903 1584021039 1584021071
1584021045 -22993229 -43235778 1584021064 1584021031 1584021039
1584021043 -22993221 -43238120 1584021068 1584021033
1584021039 -22993216 -43235819 1584021045 1584021047
1584021037 -22993203 -43234490 1584021075 1584021035
1584021035 -22993158 -43234363 1584021037 1584021030
1584021033 -22993142 -43237991 1584021043 1584021018
1584021031 -22993138 -43235613 1584021045 1584021010
1584021030 -22993113 -43234248 1584021012 1584021035
146325040 -22993088 -43233918 146325042 146325037
1584021020 -22993076 -43237008 1584020991 1584021066
1584021018 -22993055 -43237836 1584021033 1584020996
1584021015 -22993033 -43237255 1584021014 1584021006
1584021014 -22993031 -43237371 1584021015 1584021008
1584021012 -22993028 -43234225 1584021030 1584020993
1584021010 -22993008 -43235482 1584021031 1584020990
1584021008 -22993006 -43237464 1584020995 1584021014
1584021006 -22993004 -43237149 1584021015 1584020991
1584020996 -22993001 -43237736 1584021018 1584020995
1584020995 -22992989 -43237584 1584020996 1584021008
1584020993 -22992977 -43234197 1584021012 1584020982
1584020991 -22992955 -43236994 1584021020 1584021006 1584020984
1584020990 -22992950 -43235405 1584021010 1584020987
1584020987 -22992895 -43235243 1584020990
1584020984 -22992880 -43236823 1584020991 2015314221
1584020982 -22992847 -43234125 1584020966 1584020993
2015314221 -22992813 -43236730 1584020984 1584020968
1584020968 -22992714 -43236585 2015314221 1584020964
1584020966 -22992688 -43234097 1584020982 1584020961
146325037 -22992684 -43233913 146325036 146325040
1584020964 -22992629 -43236495 1584020968 1584020963
1584020963 -22992571 -43236400 1584020964 1584020958
1584020961 -22992549 -43234067 1584020966 1584020941
1584020958 -22992529 -43236286 1584020963 1584020952
1584020956 -22992522 -43236055 1584020954 1584020952
1584020954 -22992520 -43235956 1584020956 1584020944
1584020952 -22992510 -43236162 1584020956 1584020958
1584020944 -22992480 -43235835 1584020954 1584020942
1584020942 -22992448 -43235643 1584020939 1584020944
1584020941 -22992443 -43234070 1584020961 1584020935
1584020939 -22992429 -43235512 1584020942 1584020933
1584020935 -22992400 -43234109 1584020941
1584020933 -22992393 -43235396 1584020939 1584020929
1584020929 -22992356 -43235308 1584020933
146325036 -22992355 -43233852 3337225462 146325037
3337225462 -22992213 -43233785 1757616698 146325036
1757616698 -22992044 -43233704 146325038 3337225462
146325038 -22991839 -43233557 146325031 1757616698
146325031 -22991562 -43233294 146325038 1757616600
1757616600 -22991200 -43232896 146325029 146325031
146325029 -22991100 -43232762 1757616766 1757616600
1757616766 -22991048 -43232676 1757616843 146325029
1757616843 -22991000 -43232547 146325034 1757616766
146325034 -22990969 -43232406 146325028 1757616843
146325028 -22990865 -43231935 146325027 146325034
146325027 -22990830 -43231829 146325025 146325028
146325025 -22990620 -43231437 146325024 146325027
146325024 -22990525 -43231222 146325022 146325025
1757616592 -22990495 -43231037 146325021 146325022
146325022 -22990494 -43231113 1757616592 146325024
528902461 -22989872 -43230335 528902459 528902463
528902463 -22989798 -43230571 528902461 528902465
528902465 -22989722 -43230564 528902463 3750794847
3750794847 -22989680 -43230510 528902465 3750794846
3750794846 -22989671 -43230366 3750794847 3750794845
3750794845 -22989615 -43230072 3750794846 528902467
528902472 -22989524 -43230177 528902470 3750794831
528902510 -22989442 -43234150 528902509
3750794831 -22989397 -43230477 528902472 528902476
528902476 -22989205 -43230716 528902480 3750794831
528902509 -22989055 -43234244 528902510 528902507
528902507 -22988904 -43234253 528902505 528902509
528902480 -22988825 -43230982 528902485 528902476
528902505 -22988778 -43234210 528902501 528902507
528902501 -22988650 -43234029 3750794611 528902505
3750794611 -22988586 -43233877 528902501 528902498
528902485 -22988553 -43232154 528902480 528902488
528902498 -22988505 -43233569 3750794603 3750794611
3750794603 -22988451 -43233113 528902488 528902498
528902488 -22988446 -43232493 528902485 3750794603
1343638608 -22987571 -43230881 1343638580
1343638580 -22987524 -43231046 1343638608 1343638599
1343638599 -22987410 -43231797 252589914 1343638580
1343638590 -22987208 -43232425 1343638607
252589914 -22987143 -43231873 252589915 1343638599
252589915 -22987093 -43231515 252589917
1343638601 -22987040 -43233165 1343638583
1343638607 -22987006 -43232418 1343638590 1343638609
252589917 -22986949 -43230751 252589918
252589918 -22986886 -43230373 1906556117
1906556117 -22986815 -43230173 50930718 528902621
252590142 -22986672 -43231738 1906556151
1906556151 -22986660 -43231473 1906556128
1343638588 -22986653 -43231929 252590142 252589914 1343638609
1906556128 -22986604 -43231221 1906556152
1343638609 -22986569 -43232424 1343638607 1343638583 1343638588
1906556152 -22986561 -43231054 1906556134
1343638583 -22986487 -43233175 1343638601 1341615594 1343638609
1341615594 -22986457 -43233412 1341615586 1343638583
1906556134 -22986455 -43230887 1906556137
1906556137 -22986312 -43230725 1906556135
1341615586 -22986299 -43233798 1341615583 1341615594
1506344893 -22986296 -43238711 1506344756 1506344858
1506344756 -22986291 -43238926 1506344893 1506344792
1506344858 -22986231 -43238502 1506344511 1506344893
1506344792 -22986222 -43239130 1506344756 1506344747
1506344511 -22986200 -43238417 1506344876 1506344858
528902621 -22986190 -43230336 1906556117
1341615583 -22986167 -43234254 2333883821 1341615586
1506344747 -22986103 -43239312 1506344792 1506344617
1906556135 -22986102 -43230541 1906556138
1341615599 -22985987 -43235348 1341615585 2333883824
2333883821 -22985969 -43234525 1341615583 1341615568
1506344876 -22985899 -43238015 1506344474 1506344511
1341615585 -22985893 -43235570 1341615570 1341615599
2333883824 -22985875 -43235098 1341615599 1341615568
2333883823 -22985842 -43232043 1341615584 1341615566
1341615568 -22985829 -43234812 2333883824 2333883821
1341615584 -22985825 -43231878 2333883825 2333883823
1341615566 -22985796 -43232326 2333883823 1342585647
1506344617 -22985757 -43239570 1506344747 1506344405
1906556138 -22985740 -43230323 875746346
2333883825 -22985738 -43231736 2333883826 1341615584
1341615570 -22985734 -43235639 2333883819 1341615585
2333883826 -22985639 -43231646 2333883825 1341615590
875746346 -22985565 -43230247 1906556119 1906556124
2333883819 -22985561 -43235584 1341615581 1341615570
1506344474 -22985530 -43237697 1506344876 1506344921
1506344719 -22985514 -43238787 1506344560 1506344720
1506344720 -22985504 -43238637 1506344396 1506344719
1341615590 -22985478 -43231541 2333883816 2333883826
1506344396 -22985450 -43238481 1506344715 1506344720
1506344560 -22985440 -43238937 1506344633 1506344719
1341615581 -22985424 -43235494 2333883819 2333883827
1342585647 -22985394 -43234070 1341615566 1341615569
1506344405 -22985376 -43239790 1506344617 1506344558
1506344921 -22985371 -43237650 1506344474
1506344715 -22985361 -43238406 1506344396 1506344882
2333883816 -22985357 -43231510 1341615579 1341615590
1906556119 -22985310 -43230157 1906556129
1506344633 -22985306 -43239029 1506344560 1506344596
1341615569 -22985301 -43234510 1341615575 1342585647
2333883827 -22985295 -43235262 1341615575 1341615581
1906556124 -22985292 -43230300 1906556143 875746346
1341615575 -22985261 -43234979 1341615569 2333883827
1341615579 -22985178 -43231527 2333883816 2333883822
1506344882 -22985168 -43238417 1506344865 1506344715
1906556129 -22985111 -43230121 1906556126
1906556143 -22985045 -43230381 1906556124 1906556153
2333883822 -22985042 -43231566 2333883811 1341615579
1506344596 -22985012 -43239152 1506344633 1506344773
1506344865 -22984942 -43238432 1506344629 1506344882
2333883811 -22984893 -43231658 1341615597 2333883822
1906556126 -22984853 -43230086 1906556122
1506344773 -22984838 -43239277 1506344596 1506344740
1506344629 -22984804 -43238405 1506344681 1506344865
1906556153 -22984782 -43230510 1906556143 1906556156
1341615597 -22984753 -43231845 2333883811 1341615587
1506344681 -22984660 -43238261 1506344651 1506344629
1906556122 -22984659 -43230036 1906556145
1506344740 -22984620 -43239484 1506344773 1506344813
1506344651 -22984595 -43238084 1506344668 1506344681
1506344668 -22984595 -43237870 1506344651
1906556156 -22984536 -43230703 1906556153 1906556154
146210031 -22984516 -43238862 146212489
1506344813 -22984503 -43239704 1506344740 1506344750
146214894 -22984468 -43239188 146214893
1341615587 -22984445 -43232532 1341615597 2333883817
1506344750 -22984378 -43239935 1506344813 1506344700
1906556154 -22984348 -43230907 1906556139 1906556156
2333883817 -22984328 -43232772 1341615573 1341615587
1906556139 -22984240 -43231180 1906556154 1906556131
1341615573 -22984183 -43232954 2333883828 2333883817
1906556131 -22984145 -43231647 1906556139
2333883828 -22984056 -43233013 1341615572 1341615573
146212489 -22984028 -43238262 1729269816
146214896 -22983919 -43238422 146214894
1341615572 -22983910 -43233025 2333883818 2333883828
3200698882 -22983848 -43230404 1906556127 1906556141
1729269816 -22983813 -43238045 146227850 1729269804
1506344341 -22983812 -43239714 1506344799
1906556141 -22983744 -43230716 2333883814 3200698882
1729269804 -22983717 -43237984 1729269816 1729269806
1506344799 -22983711 -43239570 1506344509
1506344372 -22983682 -43239683 1506344945
1729269806 -22983650 -43237944 1729269821 1729269804
1729269812 -22983632 -43238132 146214896
1729269821 -22983570 -43237921 1729269806 1729269808
146227850 -22983556 -43237767 146227851
1729269807 -22983521 -43237810 1729269812
1506344957 -22983494 -43239436 1506344372
1729269808 -22983492 -43237910 1729269821 1729269818
2333883814 -22983469 -43231915 1906556141 2333883812
1729269818 -22983416 -43237906 1729269808 1729269811
1506344509 -22983397 -43239226 1506344366
2333883812 -22983396 -43232016 2333883814 2333883830
1729269811 -22983344 -43237918 1729269818 1729269809
146228486 -22983319 -43237550 1729269807
1729269809 -22983282 -43237945 1729269820 1729269811
2333883818 -22983276 -43232835 1341615582 1341615572
1556283823 -22983264 -43230383 1556283827 1556283965
1556283827 -22983214 -43230480 1556283823 1556283812
1729269820 -22983213 -43238013 1578702703 1729269809
146227851 -22983203 -43237316 1729269815
1556283812 -22983150 -43230522 1556283827 1556283796
1578702703 -22983147 -43238108 1578702701 1729269820
2333883830 -22983139 -43232214 2333883831 2333883812
1341615582 -22983103 -43232717 2333883818 2333883813
146228488 -22983089 -43237212 146228486
1506344836 -22983089 -43239007 1506344957
1506344366 -22983084 -43238884 1578702699
1729269815 -22983055 -43236978 146227852
2333883831 -22983039 -43232318 2333883830 1341615596
2333883813 -22983017 -43232572 1341615596 1341615582
1556283958 -22983012 -43231885 1556283919 1556283957
1341615596 -22982998 -43232425 2333883831 2333883813
1556283919 -22982982 -43232008 1556283875 1556283958
1578702701 -22982958 -43238484 1578702703 1578702699
146228489 -22982949 -43236841 146228488
1556283957 -22982948 -43231719 1556283955 1556283958
146227852 -22982864 -43236474 1729269814
1578702699 -22982860 -43238690 1578702701 1578702697 1506344368
1578702697 -22982822 -43238773 1506344836 1578702699
1556283955 -22982819 -43231595 1556283957 1556283912
1506344368 -22982793 -43238632 1506344357
1556283882 -22982788 -43232897 1556283883
1506344678 -22982783 -43238739 1578702697
1729269817 -22982776 -43236335 146228489
1729269814 -22982705 -43235680 146227853
1556283883 -22982686 -43232835 1556283875 1556283882
1556283875 -22982686 -43232722 1556283883 1556283919
1556283912 -22982612 -43231510 1556283955 1556283915
1729269813 -22982608 -43235798 1729269817
146227853 -22982603 -43235349 1729269819
1506344904 -22982590 -43238562 1506344678
1506344357 -22982531 -43238379 1506344417
146228490 -22982512 -43235411 1729269813
1556283793 -22982494 -43230278 1556283929
1506344652 -22982447 -43238385 1506344904
1729269819 -22982440 -43235011 2755424040
1729269805 -22982415 -43235151 146228490
1506344417 -22982403 -43238165 250736983
1506344566 -22982314 -43238208 1506344652
1506344574 -22982286 -43238137 1506344566
1556283915 -22982276 -43231531 1556283952 1556283912
2755424040 -22982266 -43234708 1729269822
1729269822 -22982201 -43234593 146225389
1729269810 -22982173 -43234706 1729269805
250736983 -22982167 -43237832 1578702682 1506344574 1506344951
1506344598 -22982152 -43239441 1506344540 1506344512
1506344540 -22982151 -43239774 1506344900 1506344598
1506344951 -22982151 -43238390 1506344801 250736983
1506344801 -22982121 -43238803 1506344512 1506344951
1506344512 -22982116 -43239109 1506344801 1506344598
1506344900 -22982082 -43239973 1506344540 1506344472
146225389 -22982004 -43234293 146225390
1578702682 -22981995 -43237477 250736983 250736984 1578702675
1556283952 -22981989 -43231622 1556283915 1556283876
146226852 -22981919 -43234353 1729269810
1578702675 -22981892 -43237655 1578702682 1578702673
1556283796 -22981886 -43230839 1556283853 1556283812
250736984 -22981798 -43237088 250736985 1578702682
1556283853 -22981797 -43230850 1556283963 1556283796
1556283929 -22981787 -43230467 1556283921 1556283856
1578702673 -22981767 -43238031 1578702675 1578702671
1578702671 -22981757 -43238407 1578702673 1578702669
1556283876 -22981752 -43231756 1556283952 1556283925
1556283963 -22981728 -43230818 1556283853 1556283856
1556283856 -22981728 -43230721 1556283929 1556283963
1578702669 -22981657 -43238592 1578702665 1578702671
1556283925 -22981570 -43231885 1556283879 1556283876
250736985 -22981505 -43236513 250736984 1578702661
1578702665 -22981481 -43238783 1578702669 1578702664
1556283879 -22981382 -43231853 1556283925 1556283846
1578702664 -22981356 -43238799 1578702665 1578702655
146225390 -22981289 -43233349 146225393
1556283846 -22981273 -43231697 1556283879 1556283842
1556283842 -22981259 -43231520 1556283846 1556283830
1556283830 -22981249 -43231354 1556283842 1556283814
1578702661 -22981223 -43236047 250736985 1578702647 250736986
1556283814 -22981204 -43231070 1556283830 1556283817
1556283817 -22981130 -43230753 1556283825 1556283814
1556283825 -22981091 -43230480 1556283817 1556283871
1556283844 -22981076 -43230088 1556283873 1556283871
250736986 -22981047 -43235757 1578702661 250736987 1578702614
1556283871 -22981046 -43230222 1556283825 1556283844 1556283918
2332528177 -22980960 -43234313 2332528176
1578702657 -22980925 -43236859 1578702647 1578702653
1578702655 -22980918 -43238283 1578702649 1578702664
1578702653 -22980910 -43236935 1578702657 1578702651
1578702651 -22980840 -43236984 1578702629 1578702653
1578702649 -22980809 -43238402 1578702655 1578702643
1578702647 -22980735 -43236455 1578702661 1578702657
146225393 -22980638 -43232437 1765145584
1578702643 -22980633 -43238565 1578702649 1578702622
1578702641 -22980603 -43238206 1578702635 1578702639
250736987 -22980590 -43235238 1578702631 250736986
1578702639 -22980568 -43237988 1578702641 1578702633
146226855 -22980536 -43232467 146226852
1765145584 -22980496 -43232211 1765145425
1578702635 -22980468 -43238402 1578702641 1578702623
1578702633 -22980443 -43237906 1578702610 1578702639
1765145619 -22980412 -43232270 146226855
1578702631 -22980399 -43235049 250736987 1578702602 2332528176
1578702629 -22980383 -43236875 1578702651 1578702614
1765145425 -22980371 -43231999 146225395
1578702623 -22980352 -43238614 1578702622 1578702635
1578702622 -22980342 -43238854 1578702643 1578702623
2332528176 -22980319 -43234970 1578702631 250736988 2332528177
1765145420 -22980304 -43232100 1765145619
1578702614 -22980203 -43236499 1578702629 250736986
3142579121 -22980044 -43231526 1765145420
250736988 -22980014 -43234668 1578702608 2332528176
