2296638095 -22986808 -43200608 1587555486
2362524103 -22986797 -43200812 2296638095
1587555466 -22986792 -43200862 2362524103
2296638099 -22986769 -43200608 2296638095
2296638097 -22986760 -43200255 2296638088
2296638101 -22986753 -43200203 2296638097
2296638088 -22986747 -43200576 2296638099
2296638100 -22986713 -43200131 2362524098 2296638101
2362524100 -22986684 -43202960 1587555466
1587555447 -22986681 -43203012 2362524100
2362524098 -22986679 -43200743 1587555445
1587555445 -22986676 -43200803 25038524
25038524 -22986671 -43200899 1587555442
1587555442 -22986663 -43201067 2362524090
1587555440 -22986649 -43203593 3738891795 1587555447
3738891795 -22986616 -43203515 1587555423
3738891794 -22986607 -43203149 1587555424
1587555423 -22986603 -43203456 3738891794
1587555424 -22986599 -43203106 1901583829
1901583829 -22986585 -43203081 25038523
2362524090 -22986572 -43202871 1587555419
1587555422 -22986571 -43205082 1587555440
2331228011 -22986568 -43205135 1587555422
1587555419 -22986567 -43202949 25038523
25038523 -22986562 -43203056 3738891792 1587555415
1587555415 -22986552 -43203221 2331227949
1901583832 -22986536 -43205721 2296638091 2331228011
2362524095 -22986533 -43200888 25038524
3738891792 -22986526 -43203033 1587555395
3738891787 -22986499 -43205286 1345380563
2296638091 -22986497 -43205658 2296638096
1587555403 -22986492 -43200885 2362524095
2296638096 -22986487 -43205594 3738891787
1345380563 -22986485 -43205232 1901583789
1901583789 -22986470 -43205204 25038522
1345381151 -22986464 -43207157 1901583832
1587555395 -22986460 -43203017 3391965237
2331227949 -22986456 -43205012 1587555398
1587555398 -22986453 -43205073 25038522
2331227868 -22986452 -43207339 1345381151
25038522 -22986447 -43205178 3738891781 1587555381
2331227955 -22986447 -43207386 2331227868
1587555381 -22986439 -43205335 2331227907
1345381153 -22986438 -43207199 1345381151
3738891781 -22986416 -43205156 3738891775
3738891778 -22986386 -43207237 1345381153
3738891775 -22986356 -43205138 1587555304
2331227907 -22986350 -43207089 25038521
2296638089 -22986348 -43209291 2331227955
25038521 -22986341 -43207251 2368304061 3738891778
2331227901 -22986339 -43209457 2296638089
2368304061 -22986336 -43207330 3738891774
2331227986 -22986336 -43209518 2331227901
3738891774 -22986334 -43207417 2331227910
2296638094 -22986297 -43209333 2296638089
3738891771 -22986268 -43207252 25038521
2331227910 -22986238 -43209179 25038604
25038604 -22986228 -43209362 2368304062 2296638094
2368304062 -22986224 -43209450 3738891768
3738891768 -22986219 -43209539 2296636199
3738891767 -22986218 -43207252 3738891771
3738891761 -22986121 -43209372 25038604
3738891755 -22986063 -43209368 3738891761
3391965237 -22985583 -43202963 1587555311
1587555313 -22985540 -43200692 25038518
1587555311 -22985538 -43202960 25038517
25038518 -22985533 -43200834 1587555403 3391965236
1587555304 -22985451 -43205073 25038516
3391965236 -22985428 -43202800 1587555306
1587555306 -22985425 -43202855 25038517
25038517 -22985419 -43202953 1587555261 1587555298
1587555301 -22985388 -43200825 25038518
1587555298 -22985322 -43204952 25038516
25038516 -22985309 -43205062 1587555254 25038515
25038515 -22985193 -43207165 25038599 3738891767
25038599 -22985078 -43209305 25038598 3738891755
1587555274 -22984582 -43200780 1587555301
1587555261 -22984491 -43202898 3391965247
1587555260 -22984466 -43200612 1587555271
25038510 -22984458 -43200772 1587555260 1587555274
1587555259 -22984450 -43200920 25038510
3391965247 -22984432 -43202894 25038509
1587555254 -22984372 -43205002 1587555241
1587555251 -22984345 -43202760 1587555259
1587555246 -22984343 -43200765 25038510
25038509 -22984338 -43202888 1587555238 1587555251
3391965251 -22984333 -43202980 25038509
3391965252 -22984332 -43203012 3391965251
1587555249 -22984279 -43203986 3391965252
1587555243 -22984231 -43204876 1587555249
1587555241 -22984225 -43204993 1587555227 1587555243
1587555238 -22984225 -43202882 1587555157
1587555231 -22984216 -43205173 1587555241
1587555228 -22984150 -43207070 25038515 1587555231
1587555227 -22984097 -43204984 1587555145
25038596 -22984002 -43209242 25038599 1587555228
1587555157 -22983415 -43202772 25038500
25038501 -22983380 -43200652 1587555153 1587555246
1587555151 -22983289 -43200639 25038501
1587555153 -22983281 -43202615 25038500
25038500 -22983273 -43202763 25038494 2683395641
1587555145 -22983270 -43204855 1587555142
2683395641 -22983206 -43204090 1587555143
1587555143 -22983172 -43204751 1587555142
1587555142 -22983167 -43204849 1587555129 1587555141
1587555141 -22983159 -43205017 1855731334
1855731334 -22983065 -43206874 1587555132
1587555129 -22983062 -43204842 25038496
1587555132 -22983058 -43207001 1587555228 25038591
1855731373 -22982955 -43206993 1587555132
25038591 -22982951 -43209120 25038596 25038589
25038496 -22982665 -43204815 1587555126
1587555128 -22982659 -43204930 25038496
25038495 -22982546 -43206969 1587555128 1855731373
25038583 -22982428 -43209085 25038591 25038495
1587555127 -22982326 -43200476 2296645254 25038491
25038491 -22982319 -43200576 1587555127 1587555151 1587555118
1587555126 -22982223 -43204785 25038493
1587555118 -22982211 -43202631 25038494
25038494 -22982207 -43202699 25038490 1587555116
1587555116 -22982102 -43204687 25038493
25038493 -22982097 -43204777 1587555112 25038492
25038492 -22981984 -43206933 25038495 25038577
25038577 -22981872 -43209047 25038583 25038576
1587555112 -22981695 -43204750 25038489
25038490 -22981666 -43202666 3163412419
1587555109 -22981662 -43202738 25038490
25038489 -22981559 -43204741 1587555109 25038484
1587555107 -22981552 -43204888 25038489
25038488 -22981449 -43206900 1587555107 25038492
25038574 -22981340 -43209012 25038577 25038488
1587555104 -22981272 -43200417 25038527 25038487
25038487 -22981268 -43200508 2296646450 1587555104 25038491
3163412419 -22981237 -43202640 3163412418
3163412418 -22981210 -43202638 25038485
2296645494 -22981198 -43201809 25038487 2296645493
25038485 -22981161 -43202635 25038502 2296645494
3163412416 -22981156 -43202718 25038485
3163412417 -22981153 -43202757 3163412416
25038484 -22981057 -43204707 3163412417 1587555097
528897321 -22980960 -43206367 25038484
25038483 -22980950 -43206859 528897321 25038488
1587555103 -22980895 -43204297 25038484
528897357 -22980806 -43207831 2296663167
2296663167 -22980801 -43207458 2370596559
1317975778 -22980794 -43208116 528897357 1317975772
2296646450 -22980794 -43200477 25038487
3358843447 -22980786 -43206539 528897321
2370596559 -22980765 -43206971 2296649753
3358843446 -22980755 -43206611 3358843447
25038631 -22980740 -43208972 25038574 1317975778
1317975763 -22980730 -43209148 25038631
3358843445 -22980730 -43206704 3358843446
2296645855 -22980715 -43201340 2296645854
2296649753 -22980713 -43206778 25038529 3358843445 25038483
25038529 -22980655 -43206563 528897326
2296663159 -22980650 -43208963 25038631
2296663162 -22980615 -43208949 2296663159
528897326 -22980615 -43206340 528897334
50935732 -22980614 -43207934 1317975772
50935730 -22980614 -43207401 50935732
1317975772 -22980607 -43208108 2296663161 1317975778
2296663163 -22980598 -43208920 2296663162
1587555101 -22980577 -43206706 2296649753
2296663161 -22980570 -43208845 2296663163 1317975780
1317975780 -22980557 -43209117 2182536301
2370596562 -22980548 -43206952 50935730
3358843444 -22980527 -43206642 1587555101
50935728 -22980452 -43206432 3358843444 2370596562
528897334 -22980431 -43205573 25038505 528897336
25038502 -22980418 -43202590 3163412422 1587555103
1587555099 -22980381 -43202436 25038502
50935727 -22980321 -43205899 50935728
1587555097 -22980260 -43204654 25038505
528897336 -22980251 -43205643 50935727
25038505 -22980181 -43204648 2296663157
2296645493 -22980178 -43201735 1587555099 2296645853
2296645853 -22980148 -43201633 2296645854 2296645493
2296645854 -22980037 -43201268 2296645855 25038503 2296645853
