3778076649 -22.9999803 -43.4489586 3778076646 3778076648 3778076652
3778076648 -22.999893 -43.4493955 3778076649 3778076645
3778076646 -22.999816 -43.4488019 583093220 3778076650 3778076649
3778076645 -22.9997823 -43.4495954 3778076644 3778076648
583093232 -22.9997574 -43.4481269 583093221
3778076644 -22.9997418 -43.4496123 3778076642 3778076645
583093218 -22.9996939 -43.4493213 583093217 583093219
583093219 -22.9996914 -43.4488227 583093218 583093220
583093220 -22.9996768 -43.4486691 3778076646 583093219 583093221
583093217 -22.9996758 -43.4493998 3778076642 583093218
3778076642 -22.9996013 -43.4495717 583093216 583093217 3778076644
583093216 -22.9995801 -43.4496206 583093215 3778076642
583093215 -22.9995172 -43.4497025 3778076638 583093216
583093221 -22.9994861 -43.4485607 583093220 3778076636 583093232
583093156 -22.9994445 -43.4478684 583093157
3778076638 -22.9993988 -43.4497597 583093215 583093214
583093214 -22.9992715 -43.4497851 583093212 3778076638
3778076636 -22.9992102 -43.448481 583093221 583093157
583093154 -22.999104 -43.4476431 583093155
583093157 -22.9990853 -43.4483912 583093155 583093156 3778076636
583093152 -22.9987796 -43.4474061 583093153
583093155 -22.998721 -43.4481852 583093222 583093154 583093157
583093222 -22.9985198 -43.4480564 583093155 583093153
583093153 -22.9984252 -43.4478746 583093152 583093222 583093223
583093200 -22.9984199 -43.4471371 583093201
583093223 -22.9983082 -43.4476453 583093153 583093201
583093212 -22.9983 -43.4498032 3778076590 583093214
3778076590 -22.9982125 -43.4497849 583093211 583093212
583093201 -22.998173 -43.4475019 583093200 583093199 583093223
583093198 -22.9981289 -43.4469107 583093199
583093211 -22.9980379 -43.4497033 3778076578 3778076590
3778076580 -22.9979349 -43.4467772 3778076572
583093199 -22.9979215 -43.4472003 583093198 3778076572 583093201
3778076578 -22.9978876 -43.4496585 3778076571 583093211
3778076572 -22.9977622 -43.4470549 583093199 583093197 3778076580
3778076571 -22.9977275 -43.449649 3778076578 583093210
583093210 -22.997611 -43.44966 3778076571 583093209
583093196 -22.9976097 -43.4465244 583093197
583093197 -22.9974516 -43.4467712 3778076572 583093195 583093196
583093194 -22.9972821 -43.4462879 583093195
583093195 -22.9971636 -43.4464917 583093194 583093197 583093224
583093209 -22.9969981 -43.449796 3778076552 583093210
3778076552 -22.9968424 -43.4498475 583093208 583093209
583093208 -22.9967965 -43.4498741 583093207 3778076552
583093207 -22.9967312 -43.4499287 583093140 583093208
583093224 -22.9965898 -43.4459716 583093195 583093225
583093225 -22.9961474 -43.4456452 583093226 583093224
583093226 -22.9959873 -43.4455746 583093225 583093227
583093227 -22.9958335 -43.445556 583093226 583093193
583093193 -22.9954353 -43.4455758 583093192 583093227 583093228
583093192 -22.9954229 -43.4449625 583093193
3778076528 -22.9952908 -43.4479458 3778076526
3778076526 -22.9951443 -43.4478154 3778076528 3778076522 3778076524
583093228 -22.9950423 -43.4456864 583093193 583093233 583093229
3778076524 -22.9950398 -43.4477121 3778076511 3778076526
583093233 -22.9950013 -43.4446734 583093228
3778076523 -22.9949669 -43.4486481 583093140 3778076520 3778076522
3778076522 -22.9949509 -43.4483624 3778076523 3778076526
3778076520 -22.9948512 -43.4485555 3778076523 3778076471
3778076514 -22.9947545 -43.4453055 3778076479
3778076512 -22.9947077 -43.445065 3778076477
3778076511 -22.9946828 -43.4473344 3778076497 3778076524
3778076497 -22.994463 -43.4470465 3778076511
583093229 -22.994419 -43.4458508 583093228 3778076486 3778076492
1773038317 -22.9943988 -43.4409819 1773038277
3778076492 -22.9943803 -43.4464148 583093229
1772996606 -22.9943382 -43.4491485 1772996599
3778076486 -22.9943195 -43.4458475 583093229 3778076473 3778076480
3778076480 -22.9942572 -43.4455849 3778076486 3778076479
3778076479 -22.9942307 -43.445363 3778076514 3778076480 3778076477
3778076477 -22.9942042 -43.4451293 3778076512 3778076479
3778076473 -22.9941636 -43.4458423 3778076468 3778076486
3778076471 -22.9941496 -43.4479966 3733808058 3778076520
3778076468 -22.9939469 -43.4458339 3778076473 583093230
583093230 -22.9938639 -43.4458152 3778076468 583093231
583093204 -22.9936898 -43.4424705 583093205
583093202 -22.9936818 -43.4427566 583093203
583093263 -22.9936752 -43.4431333 583093264
583093234 -22.99366 -43.4446176 583093235
583093254 -22.9936576 -43.4435029 583093260
583093247 -22.9936522 -43.4438748 583093249
583093239 -22.9935962 -43.4442432 583093241
583093281 -22.9935699 -43.4449966 583093278
583093231 -22.9934722 -43.4454446 3778076467 583093278 583093230
583093278 -22.9934323 -43.4450063 583093235 583093281 583093231 583093282
583093235 -22.9933869 -43.4446231 583093236 583093234 583093241 583093278
3778076467 -22.9933687 -43.4454582 1773038300 583093231
583093241 -22.9933548 -43.4442393 583093239 583093243 583093235 583093249
583093249 -22.9933127 -43.4438752 583093251 583093260 583093247 583093241
583093282 -22.9932959 -43.4450287 583093278
583093260 -22.9932773 -43.4434954 583093254 583093262 583093264 583093249
583093264 -22.9932529 -43.4431228 583093260 583093263 583093265 583093203
583093203 -22.9932154 -43.4427451 583093205 583093202 583093264
583093205 -22.9932002 -43.4426804 583093204 583093206 583093203
583093236 -22.9931111 -43.4446782 583093235
1773038300 -22.9930471 -43.4455787 1773038289 3778076467 583093280
3733808058 -22.9930372 -43.4471569 3778076464 3778076471 3733808054
583093243 -22.9930058 -43.4443205 583093241
3778076464 -22.9929414 -43.4471808 3733808057
3778076463 -22.9929315 -43.4479731 583093418
3778076462 -22.9929198 -43.4478207 3778076463
583093251 -22.9929193 -43.4439628 583093249
583093418 -22.9929116 -43.4481593 3778076461 583093419
3778076461 -22.9928956 -43.4483506 3778076460 583093418
3733808057 -22.9928802 -43.4472149 3778076459
583093419 -22.992867 -43.4478901 2693367313
3778076460 -22.9928449 -43.4485518 583093417 3778076461
3778076459 -22.9928409 -43.4472519 3733808056
2693367313 -22.9928264 -43.4477419 583093420
583093262 -22.9928248 -43.4436065 583093260
3733808056 -22.9928143 -43.4473072 3733808055
3778076458 -22.9928005 -43.4474675 3778076462
3733808055 -22.9928001 -43.4473743 3778076458
583093265 -22.992738 -43.4432465 583093264
583093417 -22.9927373 -43.4490105 3778076460 3778074655
583093206 -22.9926841 -43.4428778 583093205
583093420 -22.992681 -43.4473946 583093142
3778076457 -22.9926147 -43.4429065 1773038289
3778074656 -22.9926143 -43.4470856 3778076458
3778074655 -22.9925516 -43.4497565 583093416 583093417
3733808054 -22.9925415 -43.4469249 3778074656 3733808058 3778074654
3778074654 -22.9925072 -43.4469081 583093142
583093416 -22.9924793 -43.4499459 3778074649 3778074655
3778074653 -22.992463 -43.4466605 3733808054
3778074652 -22.9924472 -43.4463975 3778074653
3778074651 -22.9924324 -43.4463509 3778074652
583093142 -22.9924143 -43.4468166 3733808050
3733808053 -22.9924116 -43.4463237 3778074651
3778074650 -22.9923763 -43.4463026 3733808053
3778074648 -22.992331 -43.4462908 3778074650
3733808052 -22.9922969 -43.4462917 3778074648
3778074647 -22.9922939 -43.4464301 3733808054
3733808051 -22.99226 -43.4463038 3733808052
1773038289 -22.9922553 -43.443052 1773038300 1773038279 3778076457
3778074646 -22.992238 -43.4463277 3733808051 3778074647
3733808050 -22.9922284 -43.4464195 3778074644 3778074645
3778074645 -22.9922266 -43.4463695 3778074646
3778074644 -22.9921793 -43.4463006 3778074643
3778074643 -22.9921561 -43.4462474 583093280 3778074646
583093280 -22.9920509 -43.4460433 583093421 1773038300 3778074643
1773038279 -22.9919688 -43.4431725 1773038289
1773038277 -22.9918839 -43.4416978 1773038263 1773038317
1773038268 -22.9915196 -43.4430575 1773038263
583093421 -22.9913948 -43.4447271 583093280 583093422
1773038263 -22.9912125 -43.4418698 1773038268 1773038258 1773038277
1773038261 -22.9911756 -43.443226 1773038258
583093422 -22.9911479 -43.4443408 583093421 2693367294
2693367294 -22.9909582 -43.4440445 583093422 583093423
1773038258 -22.9908601 -43.4419601 1773038261 1773038263 1773038251
583093423 -22.990071 -43.443065 2693367294 583093424
583093424 -22.9896368 -43.4423453 583093423 1773038251
1773038251 -22.9896084 -43.4422809 583093425 583093424 1773038258
583093425 -22.9891726 -43.4412938 583093426 1773038251
583093426 -22.9889651 -43.4405965 583093425 583093427
