1661220686 -22.9891222 -43.6907761 1661220692 2981181970
2981181970 -22.9890315 -43.6909384 1661220686 2981181969
2981181969 -22.9888947 -43.6910729 2981181970 1661220668
1661220668 -22.9885516 -43.6913099 2981181969 1661220662 1661220663
1661220663 -22.987943 -43.6906683 3017375540 1661220668 1661220680
3017375540 -22.987924 -43.6906812 1661220655 1661220656 1661220663
1661220662 -22.9879136 -43.6917267 1661220668 1661220656 1099090142
1661220656 -22.9874803 -43.6911909 1661220651 3017375540 1661220662
1099090142 -22.9874109 -43.6920695 1099090144 1661220628 1661220662
1661220655 -22.9873981 -43.690261 1661220630 3017375540 1661220667
1661220651 -22.9871309 -43.6909003 1661220656 3017375539 3017375538
3017375539 -22.9870221 -43.6908259 1661220651 1661220623
1099090144 -22.9868527 -43.6924948 1099090145 1661220622 1099090142
3017375538 -22.9866549 -43.6912797 1661220628 1661220651 1661220605
1661220628 -22.9866216 -43.6913106 1661220622 1099090142 3017375538
1099090145 -22.9863924 -43.6929664 1099090144 1661220601 2981181967
1661220623 -22.9862543 -43.6903647 1661220603 3017375539 1661220605
1661220622 -22.9861142 -43.6917169 1099090144 1661220628 3017375537
3017375537 -22.9860738 -43.6917531 1661220601 1661220622 1661220594
2981181967 -22.9859245 -43.6936382 1099090145 2981181966 2981181968
2981181972 -22.9858692 -43.6998901 1099090169 1099090171
1099090169 -22.9858469 -43.6997194 1099090164 2981181972
1099090171 -22.9858424 -43.6999778 2981181973 2981181972
1661220603 -22.9858001 -43.6901 1661220623 1661220596
1661220605 -22.9857496 -43.6907518 1661220493 1661220623 3017375538 1661220594
1661220601 -22.9856331 -43.6921858 1099090145 3017375536 3017375537
3017375536 -22.9855998 -43.6922116 1661220564 1661220590 1661220601
1099090164 -22.9855756 -43.6990076 1099090169 1661220600 1661220545
1661220600 -22.9854731 -43.6982348 1099090164 1099090161 1661220574
2981181966 -22.9854584 -43.6943417 1099090067 2981181967
1099090067 -22.9852776 -43.6945365 1661220566 1099090152 2981181966
1661220596 -22.9852775 -43.6900013 1661220603 1661220539 1661220607
1099090161 -22.9852667 -43.6976247 1661220600 1661220568
1661220594 -22.985265 -43.6911843 3017375534 1661220605 3017375537
1661220590 -22.9851364 -43.6927014 3017375536 1661220571
3017375534 -22.9851348 -43.6913055 1661220564 3017375528 1661220594
1661220577 -22.985132 -43.6998186 1661220545
2981181968 -22.9850931 -43.6929851 2981181967
1661220574 -22.9849832 -43.6982839 1661220541 1661220600 1661220460
1661220571 -22.9848719 -43.6925867 1661220516 1661220590 1099090072
1661220568 -22.9848379 -43.6967729 1099090158 1099090161 3017375530
1661220566 -22.9847574 -43.6940575 1099090072 1099090067 3017375532
1661220564 -22.9847247 -43.6916875 3017375534 3017375533 3017375536
1661220545 -22.9846915 -43.6989867 1099090164 1661220577 1661220510
1661220541 -22.9846559 -43.6973229 1661220484 1661220574
1099090158 -22.9846292 -43.6963324 1661220568 1099090157
1099090152 -22.9846171 -43.6952111 2981181971 1099090067
2981181971 -22.9845391 -43.6953226 1099090154 1099090152
1099090154 -22.9844848 -43.6954246 1099090155 1661220467 2981181971
1099090157 -22.984467 -43.695921 1099090158 1099090155
1099090155 -22.9844265 -43.6957147 1099090154 1661220504 1099090157
1661220516 -22.9843824 -43.6921607 3017375533 1661220571 1099090074
3017375533 -22.984323 -43.6920936 1661220516 1661220564 1661220492
1661220515 -22.9843063 -43.6995519 1661220510 1661220535
3017375532 -22.9842306 -43.6945723 3017375525 1661220467 1661220566
1661220510 -22.9841947 -43.6989459 1661220515 1661220545 1661220494
1099090072 -22.9841479 -43.6935773 1661220566 1099090074 1661220571
1661220507 -22.9841054 -43.699741 1661220519 1661220494
1661220504 -22.9840206 -43.695814 1661220458 1099090155
3017375530 -22.983944 -43.6967021 1661220568 1661220456
1661220494 -22.9839269 -43.6989507 1661220507 1661220510 1661220418
1661220492 -22.9839204 -43.6917712 3017375533 1099090077 1661220487
1661220493 -22.983912 -43.6904198 1661220491 1661220605 1661220495
1661220491 -22.9838956 -43.690893 1661220438 3017375528 1661220493
3017375528 -22.9838836 -43.6911018 3017375534 1661220491 1661220487
1661220489 -22.9838689 -43.6970502 1661220484
1661220487 -22.9838606 -43.6915035 1661220439 3017375528 1661220492
1661220484 -22.9838267 -43.6972563 1661220489 1661220541 1661220464
1661220464 -22.983726 -43.6976369 1661220407 1661220484 1661220460
1661220467 -22.9836877 -43.6951029 1099090154 1661220429 3017375532
1661220460 -22.9836141 -43.6981932 1099090114 1661220464 1661220574
1099090074 -22.9836061 -43.6931411 1099090072 2981181963 1661220516
1661220458 -22.9835797 -43.6957347 1661220504 1661220456 1661220428
1661220456 -22.9835231 -43.6966515 1661220458 1661220420 3017375530
2981181963 -22.983351 -43.6929563 1099090077 1099090074 2981181964
3017375525 -22.9832643 -43.6937751 3017375532
1661220439 -22.9832277 -43.6917861 1661220423 2981181962 1661220487
1661220429 -22.9831561 -43.6949361 1661220467 1661220428 1099090105
1661220438 -22.9831193 -43.6909841 1661220423 1661220491 3017375526
1099090077 -22.9830908 -43.6927576 2981181963 1099090080 1661220492
1661220428 -22.9830363 -43.695629 1661220420 1661220458 1661220429 1661220397
1661220423 -22.9829934 -43.6910072 1661220438 1661220439 1661220406
1661220420 -22.9829785 -43.6965886 3017375523 1661220428 1661220456
2981181962 -22.9829348 -43.6919342 1661220405 1661220439
3017375523 -22.9829262 -43.6965886 1661220389 1661220420 1661220413
1661220418 -22.9829209 -43.6988748 1099090115 1661220416 1661220494
1661220415 -22.9829137 -43.6942868 1661220381
1661220406 -22.9829033 -43.6906388 1661220240 1661220423 1661220403
1661220413 -22.9828919 -43.6972141 1099090111 1661220407 3017375523
1661220407 -22.982884 -43.6976563 1099090113 1661220464 1661220413
1661220405 -22.9828436 -43.6920198 1099090082 2981181962
1099090080 -22.9828396 -43.6925511 1099090077 1099090082 2981770016
1099090082 -22.9826736 -43.6923879 1099090080 1661220405 1099090083
2981181964 -22.9825821 -43.6937742 2981181963 2981181965
1661220397 -22.9824915 -43.6955128 1661220389 1099090107 1661220428
1661220389 -22.9824156 -43.6965295 1099090110 3017375523 1661220397
1661220373 -22.9822774 -43.6906372 3017375518
1099089813 -22.9821898 -43.6992205 1099089815 1099090115 1099090116
1661220381 -22.9821862 -43.694248 1661220415 2981181965
1099090116 -22.9821765 -43.6995745 1099089813 1661220416 1661220157 1099090118
1099090083 -22.9821754 -43.6920138 1099090082 1661220240 2981770013
2981181965 -22.9821397 -43.6940356 1661220381 1661220241 2981181964
1099090115 -22.982126 -43.6987216 1099090114 1099089813 3017375517 1661220418
3017375518 -22.9821218 -43.6906401 2981770018 1661220373
2981770016 -22.9820898 -43.693303 1099090080 1661220238 2981770017
1099090114 -22.9820774 -43.6983622 3017375517 1099090113 1099090115 1661220460
2981770018 -22.9820691 -43.6906798 1661220216 3017375518 1661220208
1661220241 -22.9820523 -43.6936371 1661220238 2981181965
1099090113 -22.9820415 -43.6976632 1661220407 1099090112 1099090114
1661220240 -22.9820249 -43.6918768 1099090086 1099090083 1661220406
1661220239 -22.9820243 -43.6901122 1661220383 1661220216 1661220235
1099090112 -22.9820155 -43.6973005 1099090111 1099090113 1661220164
1099090111 -22.9820057 -43.6971341 1099090110 1099090112 1661220413
1099090110 -22.9819761 -43.6964858 1661220389 1099090108 1099090111
1661220238 -22.9819094 -43.6934092 1099090101 2981770016 1661220241
1099090108 -22.9818933 -43.6959343 1661220167 1099090107 1099090110
2981770017 -22.9817852 -43.6926777 2981770016
1099090107 -22.9817711 -43.6953804 1661220232 1099090108 1661220397
3017375517 -22.9817248 -43.6984858 1099090114 1661220122 1099090115
1661220232 -22.9817068 -43.6951192 1099090107 1661220173 1099090105
1099090105 -22.9816499 -43.6948534 1661220232 1661220429 1661220212
1099090086 -22.9816132 -43.6915421 1661220240 2981181961 1661220208
1661220216 -22.9815928 -43.6906176 1661220239 1661220169 2981770018
1661220212 -22.9815919 -43.6946054 1661220170 1099090102 1099090105
2981770012 -22.9815684 -43.6931573 2981770014
2981770014 -22.9814949 -43.6929853 2981770012 2981770013 2981770015
1099090102 -22.9814493 -43.694019 1099090101 1661220212
1661220208 -22.9814354 -43.6914059 1099090086 1099090088 2981770018
1661220207 -22.9813505 -43.6997115 1661220189 1099090118 1661220127
1099090101 -22.9812937 -43.6937825 1661220238 1099090099 1099090102
2981770015 -22.9812865 -43.6930731 2981770014
2981770013 -22.9812688 -43.6924728 2981181960 1099090083 2981770014
2981571027 -22.9810172 -43.6901072 1661220169 1661220193
1661220173 -22.9810168 -43.6952952 1661220232 1661220170
1661220170 -22.9809107 -43.694786 1661220173 1661220212 1661220124
1099090099 -22.9808979 -43.6932923 1661220112 2981181960 1099090101
1661220169 -22.9808243 -43.6905155 1661220216 2981571023 2981571027
1099089815 -22.9808173 -43.6985061 1099089813 2981742524 1661220157
1661220167 -22.9808025 -43.6957994 1661220107 1099090108 1661220164
1661220164 -22.9807881 -43.6967554 1099090112 1661220167
1661220163 -22.9807528 -43.6974236 1661220119
1661220157 -22.9806695 -43.6987276 1099089815 1661220127 1099090116
2981181960 -22.980536 -43.6928315 2981770013 1099090098 1099090099
1099090098 -22.9804527 -43.6927464 2981181961 2981181960 1099089794
1661220127 -22.9804262 -43.6990918 1099089750 1661220157 1661220207
1661220122 -22.9804042 -43.6977096 1661220103 3017375517 1661220119
1661220124 -22.9803874 -43.6949316 1661220112 1661220170
1661220119 -22.980383 -43.6972601 1661220122 1661220163 1661220115
1661220115 -22.9803324 -43.6963166 1661220107 1099089796 1661220119
1661220112 -22.9803249 -43.6946213 1661220124 1099090099
2981571023 -22.9803215 -43.6904366 1099090088 1661220169 1661220160
1661220107 -22.9803071 -43.6956006 1660968093 1661220167 1661220115
1099089750 -22.9802875 -43.6993107 1099089753 1661220105 1661220127
1099090088 -22.9802736 -43.6905054 2981571023 1661220208 2981571021
1661220105 -22.9801641 -43.6994903 1099089750 1099089818 1661220189
2981742524 -22.9801539 -43.6981614 1099089753 1099089815 2981742529
1099090091 -22.9801083 -43.6909476 3017375512 1660968148
2981181961 -22.9800981 -43.6923366 1099090086 3017375513 1099090098 1660968148
3017375513 -22.9800849 -43.6925835 2981181961 1660968149
1660968148 -22.9800792 -43.691599 1660968069 1099090091 2981181961
2981571021 -22.9800613 -43.6903386 1099090088 2981571020 1099090089
3017375512 -22.9800575 -43.690733 2981571020 1099090091
1660968149 -22.9800355 -43.6928036 1660968137 1660968051 3017375513
