3905487635 -23.0118544 -43.379914 349338450 3905487634
3905487634 -23.0118503 -43.3798706 3905487635 3905487633
3905487633 -23.0118459 -43.3798246 3905487626 3905487634
3905487626 -23.0115562 -43.3771344 3905487625 3905487633
3905487625 -23.0115522 -43.3770894 3905487626 3905487624
3905487624 -23.0115484 -43.3770466 3905487625 2795484152
2795484152 -23.0115167 -43.3766541 3905487624 2776432561
2776432561 -23.0114783 -43.376265 2795484152 3438495488
3438495488 -23.0113207 -43.3743169 2776432561 2841031205
2841031205 -23.0113163 -43.3742652 3438495487 3438495488
3438495487 -23.0113125 -43.3742258 348155334 2841031205
348155334 -23.0112894 -43.3738709 3438495487 3905487607
3905487620 -23.011254 -43.373243 348155334 2795484156
2795484156 -23.0112336 -43.3733055 3905487611
3905487611 -23.0111972 -43.3733308 2795484155
2795484155 -23.0111569 -43.3733363 2795484154
2795511267 -23.0111562 -43.3722136 3905487620
348155601 -23.0111355 -43.3716685 2795511267
2795484154 -23.0111165 -43.3733208 3905487607
3905487608 -23.0111007 -43.3707985 348155601
3905487607 -23.0110877 -43.3732982 348155333
348155833 -23.0110797 -43.3702723 3905487608 3905487605
3905487606 -23.0110692 -43.3707333 3905487608
3905487605 -23.0110554 -43.3704455 2795484158
2795484158 -23.0110248 -43.3705223 2795511672
3905487603 -23.0110122 -43.3706982 3905487606
2795511672 -23.0109917 -43.3705645 348155832
348155333 -23.0109769 -43.3721356 2841031204
3905487602 -23.010963 -43.3706915 3905487603
348155832 -23.0109489 -43.3705779 2795511671
2841031204 -23.0109215 -43.3718004 2795484153
3905487601 -23.0109198 -43.3707032 3905487602
2795511671 -23.0109022 -43.3705652 2795484157
2795484153 -23.0109002 -43.3715761 2939024587
2795484157 -23.0108781 -43.3705306 2888526963
3905487600 -23.0108721 -43.3707517 3905487601
2939024587 -23.0108716 -43.3711728 2939024586
2939024586 -23.0108661 -43.3710953 3905487599
3905487599 -23.0108475 -43.3708322 348155332 3905487600
348155332 -23.0108317 -43.3706098 2939024585
2939024585 -23.0108309 -43.3705726 2939024584
2939024584 -23.0108273 -43.370476 2888526963
2888526963 -23.0108247 -43.3702875 2888526960 2888526962
2888526960 -23.0105344 -43.3702809 2888526956
2888526956 -23.0104251 -43.3702646 2888526952
2938965554 -23.00989 -43.370613 2938965543
2938965543 -23.009463 -43.37019 2938965554 2938965538 2938965542
2938965542 -23.009443 -43.370049 2938965538 2938965543 2888526942
2938965538 -23.009329 -43.3701832 2938965533 2938965543 2938965542
2938965533 -23.009274 -43.370248 2938965538 2938965524 2938965519
2938965532 -23.009269 -43.370703 2938965531 2938965517
2938965531 -23.009252 -43.370796 2938965532 2938965523
2938965524 -23.0091595 -43.3703799 2938965533 2938965517 2938965519
2938965523 -23.009153 -43.370829 2938965531 2938965510
2938965519 -23.009102 -43.370209 2938965533 2938965524 2938965505
2938965517 -23.009063 -43.370491 2938965532 2938965524 2938965509
2938965510 -23.009003 -43.370686 2938965523 2938965509
2938965509 -23.008992 -43.370573 2938965510 2938965517
859541418 -23.0059162 -43.3733958 859541745 2776432530
859541745 -23.0058771 -43.3728118 859541418 2028822663
2776432530 -23.0058731 -43.3737904 859541418 859541936
859541936 -23.0058314 -43.3741719 2776432530 1772704746
2028822663 -23.0057854 -43.3723486 2028822662 859541745 2028822617
1772704746 -23.0057585 -43.3745851 1772704743 859541936 2776432523
2028822617 -23.0057316 -43.3721553 859541830 1772704606 2028822663
859541830 -23.0056834 -43.3719819 1772704729 2028822617
2776432523 -23.0056746 -43.3751266 1772704741 1772704746
2028822662 -23.0056134 -43.3724155 2776432471 2028822663
1772704743 -23.0055189 -43.3743449 1772704718 1772704746
1772704741 -23.0054714 -43.3763788 2776432523 859541409 1772704714
1772704729 -23.0054683 -43.3714742 1772704588 859541830 859541784
859541409 -23.0053802 -43.3769783 1772704741 2707876062
2707876062 -23.0053211 -43.3773732 859541409 859541921 1772704700
859541784 -23.0053042 -43.3707716 859541505 1772704729
2776432519 -23.005243 -43.373503 2776432513 2776432517
1772704731 -23.0052213 -43.3709593 1772704726 1772704730
2776432517 -23.005213 -43.373633 2776432506 2776432519
2708072582 -23.0052069 -43.3775447 1772704691
1772704730 -23.0051995 -43.3711901 1772704731 1772704728
1772704728 -23.0051653 -43.3713205 1772704727 1772704730
2776432513 -23.005138 -43.373421 2776432496 2776432519
859541921 -23.0051161 -43.3784637 2707876062 859541588
2776432506 -23.005105 -43.373688 2776432501 2776432517
1772704727 -23.0051045 -43.3713461 1772704728 2780646315
1772704726 -23.005096 -43.3706279 1772704723 1772704731
859541588 -23.0050746 -43.3794711 859541921 859541497
2776432501 -23.004978 -43.373576 2776432492 2776432506
2776432496 -23.004967 -43.373476 2776432513 2776432493
1772704723 -23.0049598 -43.3702492 1772704726 2780646313
2780646315 -23.004874 -43.3713465 1772704727 1772796374 2780646313
2776432493 -23.004844 -43.373371 2776432496 2776432490
2776432492 -23.0047867 -43.3736058 2776432501 2776432491 2776432487
1772704718 -23.0047671 -43.3746632 1772704743 1772704684 1772704714
2776432491 -23.004746 -43.373865 2776432492
2776432490 -23.004736 -43.373407 2776432485 2776432493
2776432487 -23.004693 -43.373531 2776432492 2776432485
2776432485 -23.004678 -43.373472 2776432490 2776432465 2776432487
1772704714 -23.0046053 -43.3756591 1772704741 1772704681 1772704718
1772796374 -23.004447 -43.371353 1772796339 2780646315
1772704700 -23.0044158 -43.3776892 2707876062 1772704669 1772704643
1772704691 -23.0043763 -43.377866 1772704655 2708072572 2708072582
2776432476 -23.004346 -43.374998 2776432470
2708072572 -23.0043221 -43.3784356 2708072570 1772704691
2708072570 -23.0043148 -43.3789959 1772704694 2708072572
2776432471 -23.0042037 -43.3729673 2028822662 1772704637 2776432465
2776432470 -23.00413 -43.375069 2776432466 2776432459 2776432476
2776432466 -23.004105 -43.375187 2776432454 2776432470
2776432465 -23.004088 -43.373655 2776432471 1772704684 2776432485
2776432461 -23.004023 -43.37476 2776432459 2776432457
1772704684 -23.0040199 -43.3740105 1772704718 1772704659 2776432465
2776432459 -23.004003 -43.374958 2776432470 2776432461
1772796339 -23.0039993 -43.3713577 1772796374 1772796317
2776432457 -23.003928 -43.374669 2776432453 2776432461
2776432455 -23.003917 -43.374979 2776432451 2776432454
1772704681 -23.0038898 -43.3759842 1772704669 1772704714 2776432437
2776432454 -23.003848 -43.375267 2776432466 2776432455 2776432437
2776432453 -23.003815 -43.374712 2776432457 2776432451
2776432451 -23.00379 -43.374864 2776432453 2776432455
1772704669 -23.0036174 -43.3769825 1772704681 1772704700 1772704648
1772704659 -23.0033528 -43.3743004 1772704653 1772704684 1772704651
2776432437 -23.0032713 -43.3754378 1772704681 1772704653 2776432454
1772796317 -23.003217 -43.3713659 1772796339 1772704630
1772704655 -23.003201 -43.3783347 1772704656 1772704645 1772704691
1772704653 -23.0031217 -43.3753096 2776432408 2776432437 1772704659
1772704651 -23.0030918 -43.3740649 1772704637 1772704659 1772704640
1772704648 -23.0029363 -43.3772386 1772704643 1772704669 2776432388
1772704645 -23.0028501 -43.3784556 1772704622 1772704655
1772704643 -23.0027387 -43.3783397 1772704648 1772704618 1772704700
1772704637 -23.0025317 -43.3736141 1772704628 2776432471 1772704651
1772704640 -23.002528 -43.37429 2776432398 2776432413 1772704651
2776432413 -23.002526 -43.374484 2776432402 1772704640
2776432408 -23.0023901 -43.3755566 2776432391 1772704653 1772704635
2776432402 -23.002364 -43.374553 2776432396 2776432413
2776432398 -23.002321 -43.374344 2776432394 1772704640
2776432396 -23.002312 -43.37475 2776432402 2776432387
2776432394 -23.002291 -43.374503 2776432398 2776432382
1772704635 -23.0022755 -43.3756043 2776432408 1772704590
2776432391 -23.0022353 -43.3764438 2776432388
2776432388 -23.0022052 -43.3766165 1772704633 2776432366 1772704648
2780646162 -23.0022007 -43.3704294 1772704629
2776432387 -23.002199 -43.37479 2776432396 2776432379
1772704628 -23.0021879 -43.3737478 2028822632 1772704637
1772704630 -23.0021775 -43.371389 1772796317 1772704584 1772704629
1772704629 -23.0021642 -43.3705094 2780646162 1772704630
2776432382 -23.002129 -43.374569 2776432394 2776432379
1772704633 -23.0021175 -43.3765173 1772704635 2776432388
2776432379 -23.002104 -43.374703 2776432382 2776432387
1772704622 -23.0020777 -43.3787459 1772704604 1772704624 1772704645
1772704618 -23.0019934 -43.3786066 1772704603 1772704643
2028822632 -23.0016886 -43.373942 1772704614 1772704628
1772704606 -23.0016505 -43.3737237 2028822619 2028822617 2028822625
1772704604 -23.0015862 -43.3789306 2708072544 1772704622 1772704608
1772704603 -23.0015846 -43.378753 2708072546 1772704618
2028822619 -23.0015836 -43.3736431 1772704598 1772704606
2776432366 -23.001556 -43.3768422 1772704603 1772704582
1772704601 -23.0015521 -43.3767141 1772704633 2776432366
1772704614 -23.0015417 -43.3741448 1772704602 2028822632 2028822665
1772704602 -23.0015057 -43.3742155 2028822661
1772704598 -23.0015008 -43.3735396 2028822660 2028822619
2028822665 -23.0014999 -43.3741932 2028822654 1772704614
1772704590 -23.0014983 -43.3749174 1772704580 1772704601
2776432365 -23.0014943 -43.3747583 2776432408 1772704590
2028822661 -23.0014864 -43.3742935 1772704600
2708072546 -23.0014853 -43.3787919 1772704603 2708072542
1772704600 -23.0014824 -43.3743586 2776432365
2028822660 -23.0014717 -43.3734512 1772704593 1772704598
2708072544 -23.00147 -43.3790077 1772704604 2708072543
1772704593 -23.0014591 -43.3732835 2778610309 2028822660
2778610309 -23.0014495 -43.3722609 1772704593
2778610308 -23.0014479 -43.3721114 1772704588
1772704587 -23.0014476 -43.379854 2708072543
1772704588 -23.0014459 -43.3715864 1772704577 1772704729 2778610308
1772704584 -23.0014312 -43.3713845 1772704630 2780646152
2708072543 -23.0014287 -43.3790995 2708072544
2028822654 -23.0014287 -43.3742257 2028822623 2028822665
2708072542 -23.0014187 -43.378705 1772704583
1772704583 -23.0014164 -43.3775354 1772704582
2708072541 -23.0014089 -43.3789281 1772704586 1772704585
1772704582 -23.001401 -43.3768408 1772704581 2776432352
1772704581 -23.0013982 -43.3767102 1772704580 1772704601
2028822623 -23.0013735 -43.3742399 2028822654 2028822656
1772704580 -23.0013586 -43.3747598 2028822648 2776432365
2028822656 -23.0013536 -43.3742468 2028822621 2028822623
2028822648 -23.0013506 -43.3743438 2028822656
1772704586 -23.0013456 -43.3790517 1772704561 2708072541
1772704585 -23.0013435 -43.378837 1772704562 2708072541
2028822625 -23.0013338 -43.3738468 1772704577 1772704606 2028822636
1772704577 -23.001307 -43.3715866 1772704588 2780646141 2028822625
2780646152 -23.0012961 -43.3713826 2780646150 1772704584 2780646139
2028822621 -23.0012741 -43.3741993 1772704578 2028822656
1772704578 -23.0012184 -43.3741358 2776432358 2028822621
2776432358 -23.001172 -43.3741513 1772704578
2028822636 -23.0011544 -43.3739158 2028822664 2028822625
2028822638 -23.0011057 -43.374184 2776432354
2780646141 -23.0009401 -43.3715979 1772704577 2780646139 1772704554
2780646139 -23.0009384 -43.3713879 2780646152 2780646141
2776432354 -23.0007107 -43.3743216 1772704556 2028822638
171773740 -23.0006791 -43.378733 1772704562
171772837 -23.0006783 -43.3780015 2103323131 2053896198
2103323116 -23.0006773 -43.3784337 171773740
2103323131 -23.0006773 -43.3783476 2103323116
1772704562 -23.0006699 -43.3790561 1772704561 1772704585
1772704561 -23.0006676 -43.3793243 171660349 1772704586 171775194
171660350 -23.0006626 -43.3770624 171772837
2776432352 -23.0006555 -43.3768696 171660350
1772704560 -23.00065 -43.3767224 1772704581 2776432352
2053896198 -23.0006497 -43.3781532 171772836
171773742 -23.0006379 -43.3785384 171773740
2834315941 -23.0006076 -43.375357 1772704560
171772836 -23.000603 -43.3782578 171772835
2776432351 -23.0006016 -43.3750995 2834315941
2891981783 -23.0005949 -43.3784822 171773742
1772704556 -23.0005798 -43.3743672 2776432351 2776432354
2028822664 -23.0005738 -43.3741457 1772704556 2028822636
166251412 -23.0005639 -43.3739459 2028822664
171773744 -23.0005375 -43.3784548 2891981783
171772835 -23.0005296 -43.3782865 2699064162
1772704554 -23.000501 -43.3716115 166251412
1772704553 -23.0004977 -43.3713943 2780646139 1772704554
166251413 -23.00048 -43.3702394 1772704553
2103323113 -23.000475 -43.3783674 3313311965
2699064162 -23.0004739 -43.3783034 3467949954 2103323113
3313311965 -23.0004737 -43.378455 171773744 2103323101
2103323101 -23.0004725 -43.3786442 2938910422
2938910422 -23.0004709 -43.3787861 146452626
171660351 -23.0004493 -43.3731571 166251412
3467949954 -23.000405 -43.3783099 2103323125
3467949952 -23.0004038 -43.3784553 3313311965
2841029605 -23.0003867 -43.3752436 2699064162
2103323125 -23.0003677 -43.3783134 2053896196
171660309 -23.0003387 -43.3724276 171660351 2841029605
146452629 -23.0003037 -43.3711439 171660309
2053896196 -23.0002719 -43.3783206 3467949949
2103323128 -23.0002716 -43.3784558 3467949952
3467949950 -23.0002575 -43.3784569 2103323128
3467949949 -23.0002552 -43.3783207 3313311964
2699064156 -23.0001994 -43.3784613 3467949950 2103323136
3313311964 -23.0001994 -43.3783209 171772831 2103323134
2103323136 -23.0001987 -43.3783808 3313311964
2103323134 -23.0001958 -43.378197 2938910420
2938910420 -23.0001903 -43.3779566 171771653
171771653 -23.000158 -43.375711 171770827
171770827 -23.0001421 -43.3741231 171770826 146447070
171772084 -23.0001263 -43.3759427 171771653
171772831 -23.0001238 -43.3783182 171772830
171773745 -23.0001025 -43.3784822 2699064156
146447070 -23.0000869 -43.3711394 1767949079
171774603 -23.000071 -43.3798566 2938856811
171770826 -23.0000631 -43.3735223 171770825
2938856811 -23.000051 -43.3792295 171774602
171772830 -23.0000398 -43.3782735 171772167
171772085 -23.0000236 -43.3762431 171772084
2938856810 -23.0000107 -43.379399 2938856809
2938856809 -23.0000094 -43.3793166 171774602
171774602 -23.0000056 -43.3790659 2841028904
