2841029002 -22.9999961 -43.3819304 2841029201
2841028802 -22.9999747 -43.3821119 2841027305
2841027503 -22.99997 -43.3806939 2841027505
2841028903 -22.9999699 -43.3861554 2841027506 2841028606
1769640481 -22.9999617 -43.3885232 3313310324
2841027604 -22.9999523 -43.3819678 2841029002
2841027305 -22.9999293 -43.3821017 2841026013
2841019413 -22.9999257 -43.3807564 2841027503
2841027204 -22.9999195 -43.3819848 2841027604
1769640548 -22.9998894 -43.3881769 2841028801
1769640568 -22.9998836 -43.3868848 1769640548
1769640542 -22.9998713 -43.3865897 1769640568
2841028801 -22.9998691 -43.3883215 1769640484
2841028509 -22.9998549 -43.3807948 2841019413
1769640575 -22.9998417 -43.3864315 1769640542
2841028606 -22.9998279 -43.3862431 1769640561 2841028903
1769640484 -22.9998225 -43.3884431 1769640528 2841024813 1769640481
2841021715 -22.9998139 -43.3880479 2921212969
2921212969 -22.9998058 -43.3875707 2921212968
1769640561 -22.9998049 -43.3863392 2841028606 1769640575
2921212968 -22.9998021 -43.3873553 2841021713
2841021713 -22.9997896 -43.3866202 2841028501
2841028603 -22.9997852 -43.3881681 2841021715
1769640528 -22.9997656 -43.3885297 2841025511
2841028501 -22.9997476 -43.3864976 2841021125
2841026918 -22.9997276 -43.3882642 2841028603
2841026917 -22.9997239 -43.3863642 1769640561
2841026018 -22.9996998 -43.3863766 2841026917
2841024813 -22.999676 -43.388337 2841026918 1769640484
1769640556 -22.9996715 -43.386197 1769640561
2841021125 -22.9996638 -43.3863767 2841027103 2841026018
2841026013 -22.9996107 -43.382108 1772719978 1772719973
1772719978 -22.999606 -43.3819857 1772719935 2841027204 2841026013
2841025511 -22.999599 -43.3886299 2917973833 2917965464 2841022910
1772719973 -22.9995965 -43.3825413 1772719969 2841026013
2841026703 -22.9995961 -43.3808068 2841028509
2841022911 -22.999554 -43.380778 2841026703
2841023008 -22.9995433 -43.3861198 2841027103 1769640556
1772719969 -22.999527 -43.3833239 1772719973 2921212912
2841019721 -22.9995054 -43.3807059 2841022911
2841022910 -22.999502 -43.3884467 2841024813 2921212909 2841025511
2841027103 -22.9994781 -43.3862395 2841026403 2841023008
2921212912 -22.9994263 -43.3840895 1772719969 1772719918
1772719935 -22.9994069 -43.380794 1772719898 1772719978
2921212909 -22.9993932 -43.3885179 2841022910 2921212776
2917973833 -22.999385 -43.3888111 2917973832
2917965464 -22.9993261 -43.3887919 1772719869 2841025511
2921212788 -22.9992935 -43.3892078 2917973834
1772719918 -22.9992266 -43.3847983 2921212912 2921212729
2921212776 -22.9992246 -43.3886336 2921212909 2921212730
1772719898 -22.9992226 -43.3800973 1772719935 2921240474
1772719899 -22.9992208 -43.3894278 1772719958 1772719869
2917973832 -22.9991905 -43.3890735 2921212788
2841025720 -22.9991368 -43.3858571 2841023008
2921212730 -22.9989823 -43.388787 2921212776 1772719829
2921212729 -22.9989742 -43.385427 1772719918 2921240469
2921212727 -22.998962 -43.3857633 2841025720
2841026403 -22.9988895 -43.3858959 2841019408
1772719869 -22.9988749 -43.3890973 1772719899 2841026008 2917965464
1772719855 -22.9987788 -43.3825287 2841026801
2841026801 -22.9987687 -43.3829259 1772719855 1772719851
1772719854 -22.9987678 -43.3821964 2841026308
2921240469 -22.9987612 -43.3854698 2921212729 2921240461
2841026308 -22.9987609 -43.3818697 1772719846 1772719854
1772719851 -22.9987067 -43.3835535 2921212450 2841026801
1772719829 -22.9986666 -43.3889937 1769640535 2921212730
1772719846 -22.9986594 -43.3813166 2841025507 2841026308
2841026008 -22.9986386 -43.389242 1769640535 1772719811 1772719869
2921240461 -22.9985601 -43.3854397 2921212265 2921240469
1769640535 -22.9985529 -43.3890279 2841026008 2841025903 1772719829
2841024310 -22.9985373 -43.3855301 2921212727 2841019408
2841025507 -22.9985308 -43.380692 1772719812 1772719846
2921212450 -22.99853 -43.3842615 1772719816 1772719851
2841019408 -22.9984979 -43.385681 2921212403 2841024310
1772719822 -22.9984578 -43.3897275 1772719811 1772719848
2921212437 -22.9984431 -43.3855091 2841024310
2841025903 -22.9983507 -43.3890054 1769640535 1769640537
1772719816 -22.9983258 -43.384901 2921212450 2921212265
1772719812 -22.9983127 -43.3801868 1772719797 2841025507
2921212403 -22.9982987 -43.3857137 2841022129
1772719811 -22.9982985 -43.3894558 1772719822 2841018613 2841026008
1769640537 -22.9982171 -43.388993 2841025903 1769640526
2841022129 -22.9981715 -43.3857358 1772719787
2921212265 -22.9981587 -43.3852203 1772719816 1772719740 2921240461
1769640526 -22.9980936 -43.3890064 1769640524 2841018611 1769640537
2841018613 -22.9980725 -43.3895993 1772719757 1772719811 1769640487
1769640524 -22.9980287 -43.3891131 1769640526 1769640495
1772719793 -22.9979887 -43.3825111 1772719792
1769640495 -22.9979837 -43.3892573 1769640524 1769640487
1772719795 -22.9979703 -43.3821762 2834976008
1772719787 -22.9979662 -43.3857253 2841026401 1772719766
1769640487 -22.9979655 -43.3894586 2841018613 1769640495 1769640558
1772719792 -22.9979639 -43.3830878 1772719793 1772719780
2841018611 -22.9979458 -43.3886661 1772719768 1769640526
1769640521 -22.9979234 -43.3852394 2921212437
2834976008 -22.9979001 -43.3815729 1772719795 1772719767
2841026401 -22.9978732 -43.3854545 1769640530
1772719780 -22.9978582 -43.3837685 1772719760 1772719792
1769640530 -22.9978541 -43.3852968 1769640521 1769640577
1772719768 -22.9977806 -43.3881284 2921211989 2841018611
2921211989 -22.9977627 -43.3879522 1772719768 1772719761
1772719766 -22.9977188 -43.3866325 1772719787 2921211986
2921211986 -22.9977104 -43.3869758 1772719766 1772719761
1772719761 -22.9977012 -43.3873487 2921211986 2921211989
1772719760 -22.9976995 -43.3842858 1772719780 1772719740
1772719767 -22.9976965 -43.380873 2834976008 1772719731
1772719757 -22.9975802 -43.3899026 1772719777 2841022304 2841018613
1769640558 -22.9975062 -43.3897429 1772719728 1769640487 2841022608
1772719740 -22.9974544 -43.3848496 1772719760 2921212265 2841025010
1772719731 -22.9973279 -43.3800134 1772719797 1772719687 1772719767
1772719728 -22.9972909 -43.3893181 2921211976 1769640558
1769640577 -22.9972887 -43.3850179 1772719711 2841022305 1769640530
2841025010 -22.9971935 -43.384717 2841022606 1772719740
2841025008 -22.9971654 -43.3825754 1772719718
2834973498 -22.9971542 -43.3822727 1772719716
1772719718 -22.9971457 -43.3828746 2841025008 2867857714
1772719716 -22.9971264 -43.3819693 2834973498 2867857713
2867857714 -22.9971115 -43.3831714 1772719718 2841019717
2841025405 -22.9971102 -43.3847631 2841025010
2921211976 -22.9971 -43.388733 1772719705 1772719728
2841022305 -22.9970876 -43.3849142 2841019718 1769640577 2841022909
2841025306 -22.9970687 -43.3847972 2841025405
2841019717 -22.9970662 -43.3834213 2867857714 1772719704
2841019718 -22.997065 -43.3848517 2841025306
2867857713 -22.9970416 -43.3815367 1772719701 1772719716
1772719711 -22.9970289 -43.3858117 1769640577 1772719698
2841020005 -22.9970248 -43.3847113 2841024304
2841024304 -22.9970198 -43.3847781 2841019716
1772719705 -22.9969827 -43.388272 2921211976 1772719699
2841019716 -22.9969822 -43.3848176 2841022909
1772719704 -22.9969801 -43.3838355 2841019717 1772719695
2841022606 -22.9969741 -43.3845819 2841020005 1772719695 2841025010
1772719701 -22.996916 -43.3810898 1772719687 2867857713
2841022909 -22.996909 -43.3848102 1769640582 2841022305
1772719698 -22.9968998 -43.3867717 1772719711 2834973493
1772719699 -22.996882 -43.3875422 1772719705
2834973493 -22.9968694 -43.3873345 1772719698
1772719695 -22.9967395 -43.3844274 1772719704 2841022606 2921240420
1772719687 -22.996646 -43.3804347 1772719701 1772719647 1772719731
1769640582 -22.9965828 -43.3846065 1772719662 1769640586 2841022909
1772719685 -22.9965723 -43.3802397 1772719644 1772719656 1772719729
1772719670 -22.9964122 -43.3893667 1769640507 1772719654
1772719664 -22.9963352 -43.3824355 1772719663 1772719665
1772719665 -22.9963031 -43.3829475 1772719664 1772719657
1772719662 -22.9962966 -43.3855423 1769640582 1772719652
1772719663 -22.9962871 -43.3818879 1772719664 1772719655
1772719657 -22.9962101 -43.3834966 1772719648 1772719665
1772719655 -22.9961502 -43.3813782 1772719663 1772719647
1772719654 -22.9961426 -43.388396 1772719670 1772719651
1772719652 -22.9960964 -43.3866637 1772719662 2834973484
2921240420 -22.9960807 -43.3840672 2921240418 1772719695
1772719651 -22.9960724 -43.3875901 1772719654
2834973484 -22.9960607 -43.3872878 1772719652
1772719648 -22.996046 -43.3839134 2921240418 1772719657
2921240418 -22.9960411 -43.3839992 1772719648 2921240420
1769640586 -22.995968 -43.3842712 1769640582 1769640517 2841020708
1772719647 -22.9959474 -43.3808994 2841019908 1772719687 1772719655
2921240413 -22.9959151 -43.3839366 2841019907
1769640517 -22.9959086 -43.3843098 1769640586 1769640515
1769640515 -22.9958347 -43.3844885 1769640517 1769640564
1772719644 -22.9958245 -43.3807627 2867857712 1772719685 2841023804
2867857712 -22.9956556 -43.3803672 1772719644 1772719628
1769640564 -22.995652 -43.3850222 1769640515 1769640562
1769640555 -22.9956371 -43.3896222 1769640563 1769640520
1769640563 -22.9955309 -43.3893417 1769640555 2841024704 1769640519
1769640562 -22.995521 -43.3854954 1769640560 1769640564
2841024704 -22.9954779 -43.3893365 1769640563 2841024007
1769640519 -22.9954372 -43.3889061 1769640500 1769640563
1769640560 -22.9954123 -43.3859379 1769640518 1769640562
2841024007 -22.9954012 -43.3893362 2841024704 2841020211
1769640500 -22.995368 -43.3885225 1769640573 1769640519
2841023804 -22.9953607 -43.381104 1772719644 2841022402
2841020708 -22.9953592 -43.3839281 2841020307 1769640586
1769640518 -22.9953284 -43.3862893 1769640560 1769640584
2841020211 -22.9953271 -43.389335 2841019706 2841024007
1769640573 -22.995321 -43.3880193 1769640483 1769640500
2841019908 -22.9953014 -43.3813057 2841018513 1772719647
1769640483 -22.9952925 -43.3876335 1769640546 1769640573
1769640584 -22.9952894 -43.3867974 1769640518 1769640546
2841020307 -22.9952759 -43.3839331 2841020708
1769640546 -22.9952742 -43.3872887 1769640483 1769640584
2841019706 -22.9952507 -43.3893567 2841020211 2841023104
2841022402 -22.9952412 -43.3811208 2841023804 2841024103
2841019907 -22.9951801 -43.3835509 1772719621 2921240413
1766660408 -22.9951774 -43.3850093 1766660402 1772719621
2841023104 -22.9951722 -43.3894156 2841019706
1766660402 -22.9951675 -43.3866723 2841018708 1766660408
2841024103 -22.9951375 -43.3810804 2841022402
2841018513 -22.99513 -43.381409 1772719619 2841019908
1772719621 -22.9951044 -43.3834507 1766660408 1766660392 2841019907
2841018708 -22.9950889 -43.3894354 1772719613 1766660402
1766660392 -22.9950786 -43.3829816 1772719621 1772719619
1772719619 -22.9950554 -43.3814515 1766660392 1772719616 2841018513
1772719616 -22.9950165 -43.3809606 1766660404 1772719619
1766660404 -22.9949009 -43.380257 1772719616 2932903902
2932903902 -22.9948658 -43.3800661 1766660404 1766660394
1772726784 -22.9943006 -43.3822051 1772726783
2892268523 -22.9942845 -43.3836639 2933650314
2933650314 -22.9941649 -43.3835438 2892268523 1772726777
1772726780 -22.9940162 -43.3829824 1772726769 1772726783
1772726783 -22.9940037 -43.3822207 1772726774 1772726780 1772726784
1772726769 -22.993829 -43.3831038 1772726770 1772726780 1772726777
1772726777 -22.9938014 -43.3835499 1772726769 2933650314 1772726761
1772726774 -22.9937269 -43.3822101 1772726767 1772726770 1772726783
1772726770 -22.9936346 -43.3829966 1772726774 1772726769
1772726768 -22.9934776 -43.3847067 1772726762
1772726767 -22.9934249 -43.3821722 1772726774
1772726764 -22.9931879 -43.3839802 1772726760 1772726762
1772726763 -22.9931652 -43.3823668 1772726756
1772726762 -22.9931632 -43.3846674 1772726768 1772726752 1772726764
1772726761 -22.9931233 -43.3835155 1772726760 1772726748 1772726777
1772726760 -22.9930778 -43.3838825 1772726761 1772726759 1772726764
1772726759 -22.9929477 -43.3839464 1772726760 1772726752
1772726756 -22.9928674 -43.3823049 1772726753 1772726763 1772726750
1772726752 -22.9927809 -43.3846143 1772726744 1772726762 1772726759
1772726753 -22.9927785 -43.382633 1772726756 1772726751
1772726751 -22.9927185 -43.3829585 1772726753 1772726749
1772726750 -22.9926804 -43.3822662 1772726747 1772726756
1772726749 -22.9926368 -43.3829822 1772726746 1772726751
1772726748 -22.9925917 -43.3833882 1772726761 1772726742
1772726747 -22.9925821 -43.3822378 1772726741 1772726745 1772726750
1772726746 -22.9924952 -43.3829881 1772726749 1772726743 1772726742
1772726745 -22.9924789 -43.3825561 1772726743 1772726747
1772726744 -22.9924705 -43.3845505 1772726752
1772726742 -22.9924177 -43.383343 1772726746 1772726748 1772726738
1772726743 -22.9923971 -43.3828638 1772726746 1772726745
1772726741 -22.9922501 -43.3821419 1772726747
1772726740 -22.992202 -43.384504 1772726732
1772726739 -22.9920837 -43.3817926 1772726730
1772726738 -22.9920771 -43.3832451 1772726719 1772726733 1772726742
1772726736 -22.9920392 -43.3837467 1772726732 1772726733
1772726733 -22.991954 -43.3836156 1772726731 1772726738 1772726736
1772726732 -22.9919079 -43.384398 1772726718 1772726740 1772726736
1772726731 -22.9918206 -43.3836498 1772726718 1772726733
1772726730 -22.991815 -43.381644 1772726739 1772726722 1772726716
2933650302 -22.9917068 -43.3802835 1772726721
1772726722 -22.991595 -43.381529 1772726730 1772726711 1772726707
1772726721 -22.9915755 -43.380246 1772726710 2933650302
1772726718 -22.9915387 -43.3842555 1772726708 1772726732 1772726731
1772726716 -22.9915009 -43.3823812 1772726730 1772726712
1772726719 -22.9914934 -43.3829976 1772726701 1772726705 1772726738
1772726711 -22.991349 -43.3813309 1772726722
1772726710 -22.9913059 -43.3803908 1772726721 2841020302 1772726703
1772726712 -22.9912993 -43.3823539 1772726705 1772726716 1772726707
1772726708 -22.991248 -43.3841417 1772726718
1772726707 -22.991173 -43.382171 1772726712 1772726722
1772726705 -22.9910556 -43.3827422 1772726719 2892268522 1772726712
1772726703 -22.9910055 -43.3807262 1772726698 1772726710
1772726701 -22.9909287 -43.3843072 1772726719 2933647795
2933647795 -22.9907989 -43.3844016 1772726701
1772726698 -22.9907008 -43.3811583 1772726684 1772726703
2892268522 -22.9905812 -43.3823885 1772726705 1772726684
1772726696 -22.9905593 -43.380907 1772726693
1772726694 -22.9904412 -43.383158 1772726687
1772726693 -22.9903581 -43.3806853 1772726696 1772726686 1772726675
1772726687 -22.9901923 -43.3833977 1772726694 1772726680 1772726672
1772726686 -22.9901608 -43.3804277 1772726666 1772726693 1772726677
1772726684 -22.9901258 -43.381984 2892268522 1772726698 1772726645
1772726675 -22.9900156 -43.3810048 1772726693 1772726670
1772726677 -22.9899774 -43.3801563 1772726686
1772726676 -22.9899254 -43.3821522 1772726643 1772726647
1772726680 -22.9898537 -43.3828679 1772726671 1772726687
1772726672 -22.9898465 -43.3836213 1772726658 1772726687 1772726654
1772726670 -22.9898341 -43.3809033 1772726666 1772726645 1772726675
1772726671 -22.9898057 -43.3828466 1772726665 1772726680
1772726666 -22.9897942 -43.3807107 1772726670 1772726686
1772726665 -22.9897316 -43.3828537 1772726662 1772726671
1772726662 -22.9896988 -43.3828696 1772726643 1772726661 1772726665
1772726661 -22.9896528 -43.3828945 1772726659 1772726662
1772726659 -22.9896092 -43.3829448 1772726657 1772726661
1772726658 -22.989601 -43.3830484 1772726657 1772726672
1772726657 -22.9895956 -43.3829922 1772726658 1772726659
1772726654 -22.9895664 -43.3837556 1772726672
1772726643 -22.9895006 -43.3824844 1772726676 1772726633 1772726662
1772726647 -22.9894787 -43.3815309 1772726638 1772726676
1772726645 -22.9894752 -43.3812142 1772726670 1772726684 1772726635
1772726639 -22.9893499 -43.3838382 1772726634
1772726638 -22.9893438 -43.3813343 1772726632 1772726647 1772726637
1772726637 -22.9892735 -43.381446 1772726638 1772726592
1772726635 -22.9891067 -43.3806278 1772726629 1772726645
1772726634 -22.9890726 -43.3839512 1772726639 1772726631
1772726632 -22.989032 -43.3808799 1772726638 1772726621
1772726633 -22.9890211 -43.3827685 1772726643 1772726595
1772726631 -22.9890133 -43.3839729 1772726609 1772726625 1772726634
1772726625 -22.9887786 -43.3834213 1772726631 1772726623
1772726623 -22.9887051 -43.3833828 1772726608 1772726625
1772726621 -22.9886616 -43.3801699 1772726632 1772726587
1772726609 -22.9886373 -43.3841102 1772726631 1772726590 1772726596
1772726608 -22.9886343 -43.3833828 1772726595 1772726606 1772726623
1772726606 -22.9886043 -43.3834005 1772726608 1772726602
1772726602 -22.9885689 -43.3834361 1772726606 1772726598
1772726598 -22.9885498 -43.3834834 1772726596 1772726602
1772726596 -22.9885335 -43.3835544 1772726609 1772726598
1772726595 -22.9885109 -43.3829903 1772726633 1772726589 1772726608
1772726592 -22.9884492 -43.381672 1772726585 1772726637
1772726590 -22.9883522 -43.3842148 1772726609
1772726588 -22.9882007 -43.3805008 1772726563
1772726589 -22.9881754 -43.3830928 1772726595 1772726545
1772726585 -22.9881513 -43.3818098 1772726592 1772726550 1772726569
1772726583 -22.9881053 -43.384346 1772726557
1772726572 -22.9880536 -43.3811902 1772726571 1772726563
1772726571 -22.98804 -43.3812879 1772726569 1772726572
1772726569 -22.9879828 -43.3814032 1772726585 1772726571 1772726565
1772726565 -22.9879174 -43.3814032 1772726569 1772726561
1772726563 -22.9878691 -43.3806463 1772726588 1772726546 1772726572
1772726561 -22.9878166 -43.3813618 1772726565 1772726546
1772726557 -22.9877827 -43.3844274 1772726583 1772726551 1772726548
1772726551 -22.9876585 -43.3838429 1772726557 1772726549
1772726550 -22.9876172 -43.3820569 1772726585 1772726519
1772726549 -22.9876149 -43.3837748 1772726547 1772726551
1772726545 -22.9875935 -43.3832207 1772726589 1772726527
1772726548 -22.9875403 -43.3845051 1772726521 1772726557 1772726525
1772726547 -22.9875223 -43.3837334 1772726537 1772726549
1772726546 -22.9875087 -43.3808177 1772726523 1772726561 1772726563
1772726537 -22.987446 -43.3837571 1772726533 1772726547 1772726527
1772726533 -22.9873779 -43.3837866 1772726529 1772726537
1772726529 -22.9873344 -43.3838399 1772726533 1772726525
1772726527 -22.9873241 -43.3833099 1772726545 1772726537 1772726514
1772726525 -22.9873153 -43.3839168 1772726529 1772726548
1772726523 -22.9872365 -43.3809506 1772726546
1772726521 -22.9872337 -43.3846182 1772726548
1772726519 -22.9870393 -43.3823338 1772726550 1772726506 1772726508
1772726518 -22.9870013 -43.3847332 1772726499
1772726516 -22.9869947 -43.3810249 1772726497
1772726514 -22.9869908 -43.3834269 1772726466 1772726527
1772726512 -22.9869715 -43.3817381 1772726510 1772726509
1772726510 -22.9869561 -43.3816293 1772726497 1772726512
1772726509 -22.9869214 -43.3818343 1772726512 1772726508
1772726508 -22.9868675 -43.3818887 1772726519 1772726509 1772726505
1772726506 -22.9868314 -43.3824335 1772726519 1772726470
1772726505 -22.9867943 -43.3818971 1772726501 1772726508
1772726501 -22.9867404 -43.3818845 1772726505 1772726495
1772726499 -22.9867294 -43.3848693 1772726518 1772726481 1772726483
1772726497 -22.986702 -43.3811772 1772726516 1772726510 1772726475
1772726495 -22.9866787 -43.3818636 1772726501 1772726489
1772726489 -22.9866133 -43.3818008 1772726495 1772726475
1772726483 -22.9865423 -43.3849831 1772726462 1772726499 1772726455
1772726481 -22.9865314 -43.3843692 1772726477 1772726499
1772726477 -22.9864774 -43.3842855 1772726481 1772726471
1772726475 -22.9864592 -43.3812712 1772726457 1772726497 1772726489
1772726471 -22.9863734 -43.384252 1772726477 1772726468
1772726470 -22.9863293 -43.382615 1772726506 1772726437
1772726468 -22.9862974 -43.3842919 1772726453 1772726471 1772726461
1772726466 -22.9862974 -43.3837365 1772726453 1772726514
1772726462 -22.9862425 -43.3851851 1772726483
1772726461 -22.9862155 -43.384344 1772726468 1772726459
1772726459 -22.9861693 -43.3844026 1772726461 1772726455
1772726457 -22.9861639 -43.3813606 1772726475
1772726455 -22.9861577 -43.3844821 1772726459 1772726483
1772726453 -22.9860634 -43.3838363 1772726466 1772726403 1772726468
1772726451 -22.9859235 -43.3814094 1772726421
1772726447 -22.9858071 -43.3855348 1772726403
1772726443 -22.9857925 -43.3820538 1772726421 1772726445
1772726445 -22.9857713 -43.3821695 1772726443 1772726434
1772726437 -22.985701 -43.3827515 1772726414 1772726424 1772726470
1772726434 -22.9856846 -43.3822295 1772726445 1772726424
1772726421 -22.9856375 -43.3815211 1772726443 1772726410 1772726451
1772726424 -22.9856211 -43.3822588 1772726434 1772726415 1772726437
1772726415 -22.9854959 -43.3822462 1772726424 1772726412
1772726412 -22.9854381 -43.3821751 1772726415 1772726410
1772726410 -22.9853627 -43.3816038 1772726421 1772726412 1772726399
1772726414 -22.9851436 -43.3828206 1772726437 1772726375
1772726403 -22.9851406 -43.384493 1772726453 1772726396 1772726447
1772726399 -22.9850645 -43.3816395 1772726410
1772726396 -22.9848931 -43.3846595 1772726403 1772726393 2933647760
2933647760 -22.9848889 -43.3847304 1772726396 1772726390
1772726390 -22.9848602 -43.3847773 2933647760
2841020501 -22.9847841 -43.3801622 2841020201 2938054999 2841019603
1772726393 -22.9847679 -43.384599 1772726396 1772726381
2933647755 -22.9847664 -43.3848101 1772726387
1772726387 -22.984703 -43.3847809 1772726378 2933647755
1772726381 -22.9846869 -43.3844562 1772726393 1772726372
1772726378 -22.9846268 -43.3845915 1772726366 1772726387
1772726375 -22.9845684 -43.3828354 1772726414 1772726369 1772726350
1772726372 -22.9845233 -43.3840353 1772726381 1772726354
1772726369 -22.9845202 -43.3811368 1772726375
1772726366 -22.9844089 -43.383985 1772726349 1772726378
1772726354 -22.9843789 -43.3835796 1772726372 1772726353
1772726353 -22.9843081 -43.3832275 1772726352 1772726354
1772726352 -22.9842972 -43.383053 1772726351 1772726353
1772726351 -22.984289 -43.3829376 1772726352 1772726350
1772726350 -22.9842764 -43.3828257 1772726351 2933647747 1772726375
1772726349 -22.9842345 -43.3834672 1772726338 1772726366
2933647747 -22.9842207 -43.3827496 1772726350 2841020102
1772726348 -22.9842016 -43.3826842 2933647747
1772726347 -22.9841926 -43.3807023 1766647527 1772726587 1772726343
1772726343 -22.9841573 -43.3808787 1772726335
1772726340 -22.9841496 -43.3825733 1772726348
1772726338 -22.9841038 -43.3830648 2841020102 1772726349
1772726335 -22.9840957 -43.3814394 1772726332
1766647527 -22.9840875 -43.3807428 1772726287 1772726347
1772726332 -22.9840687 -43.3819331 1772726329
1772726329 -22.9840648 -43.3822344 1772726340
1772726326 -22.9840567 -43.3809134 1766647527
2841020102 -22.9840439 -43.3827955 1772726320 2933647747 1772726338
1772726320 -22.9839842 -43.3825274 1772726312
1772726316 -22.9839765 -43.3816906 1772726326
1772726312 -22.9839533 -43.3819626 1772726316
1772726287 -22.9836891 -43.3809113 1766647527
2938054949 -22.9820392 -43.3803566 2938054944 2841019901
2841019603 -22.981832 -43.3813081 2841020501 2938054940
2938054944 -22.9818045 -43.3807969 2938054941 2938054949
2938054941 -22.9816883 -43.3810734 2938054944 2938054940
2938054940 -22.9816586 -43.3812613 2938054941 2841019603
