146325018 -22.990732 -43.22953 1757616841 146325021
146325021 -22.990719 -43.229967 146325018 1757616592
1757616841 -22.990713 -43.229398 146325018 1757616593
1757616593 -22.9906849 -43.2293213 1757616800 1757616841
1757616800 -22.990668 -43.229275 3337225415 1757616593
3337225415 -22.9906284 -43.2291988 3337225409 1757616800
3337225409 -22.9905285 -43.2290069 1757616884 3337225415
1757616884 -22.990282 -43.228533 146325017 3337225409
146325017 -22.99022 -43.228304 1757616884 146407800
146407800 -22.9902117 -43.2281512 146325017 1757616620
1757616676 -22.990182 -43.2279602 146407800
1757616782 -22.990141 -43.2278279 1757616676
146407798 -22.9900938 -43.2277055 1757616782 146408098
1757616620 -22.9900821 -43.2279331 146407298
146408098 -22.9900554 -43.2277444 146408097
1757616651 -22.9900157 -43.2276249 146407798
146408097 -22.9900043 -43.2277723 146407298
146407298 -22.9899712 -43.2277815 1757616810
528902455 -22.989944 -43.2295841 528902452 528902459
528902459 -22.9899413 -43.2298156 528902455 528902461
1757616870 -22.9899347 -43.2275812 1757616651
146407797 -22.98984 -43.2275431 1757616870
1757616810 -22.9897464 -43.2276396 146407296
1757616692 -22.9897272 -43.2275301 146407797
528902467 -22.9896408 -43.2297993 528902469 3750794845
146407296 -22.9896378 -43.2276106 1757616867
528902469 -22.9896165 -43.2297833 528902467 528902470
1757616813 -22.9896154 -43.2275351 1757616692
528902452 -22.9896112 -43.2288734 528902450 528902455
528902470 -22.9895729 -43.2299893 528902469 528902472
1757616867 -22.9895326 -43.2275979 1757616828
1757616828 -22.989462 -43.2276026 1757616707
1757616707 -22.9893862 -43.2276288 1757616645
528902450 -22.9893761 -43.2286865 528902735 528902452
146407796 -22.9893716 -43.2275833 1757616813
146407794 -22.9892972 -43.2276311 146407796
1757616645 -22.9892387 -43.22774 1757616837
528902735 -22.9892189 -43.2288515 3759550374 528902450
1757616837 -22.9891132 -43.2279267 1757616881
528902712 -22.9891027 -43.2294182 3759550373 528902725
3759550373 -22.9890867 -43.2296686 528902705 528902712
3759550374 -22.9890849 -43.2290397 528902735 528902725
3738891880 -22.9890848 -43.2278786 146407794
528902725 -22.9890724 -43.2292416 3759550374 528902712
1757616881 -22.9890478 -43.2280068 146407292
146407792 -22.9890171 -43.2279111 3738891880
528902705 -22.9890146 -43.2298147 528902700 3759550373
146407292 -22.9889571 -43.2280707 2332558277 3738891875
528902681 -22.9889491 -43.2294862 528902676 528902685
528902685 -22.9889473 -43.2295793 528902681 528902693
1757616840 -22.9889194 -43.2279247 146407792
528902662 -22.9888776 -43.2292261 528902659 528902664
528902676 -22.9888687 -43.2294629 528902672 528902681
528902664 -22.9888651 -43.2293192 528902662 528902667
528902700 -22.9888597 -43.2298375 528902696 528902705
3738891875 -22.9888416 -43.2280805 3738891872
1757616647 -22.9888397 -43.2279145 1757616840
528902635 -22.988799 -43.228931 528902638 528902631
1757616649 -22.9887689 -43.2278877 1757616647
528902659 -22.988765 -43.2291814 528902662 528902654
2332558277 -22.9887639 -43.2281873 3738891844
528902693 -22.9887597 -43.2296822 528902696 528902685
528902696 -22.9887454 -43.2297851 528902693 528902700
3738891872 -22.9887312 -43.2280596 400705917
528902638 -22.9887204 -43.2290611 528902642 528902635
3738891871 -22.9887148 -43.2278528 1757616649
400705917 -22.9886458 -43.228028 146407291
146407789 -22.9886359 -43.2277665 3738891870 3738891871
3738891870 -22.9886283 -43.2278329 3738891869
3738891869 -22.988611 -43.2279019 146407291
528902672 -22.9885953 -43.229591 528902670 528902676
528902631 -22.9885938 -43.2289426 528902628 528902635
528902667 -22.9885881 -43.2294745 528902664 528902670
146407291 -22.9885737 -43.227973 3738891864 3738891867
528902654 -22.9885524 -43.2293154 528902644 528902659
1345379501 -22.9885385 -43.2275705 146407789 1901583754
528902670 -22.988531 -43.2295308 528902667 528902672
3738891867 -22.9885171 -43.2278787 248183174
528902642 -22.9885042 -43.229195 528902638 528902644
2368313681 -22.9884973 -43.2274833 1345379501
3738891866 -22.9884882 -43.2280285 3738891864
3738891865 -22.9884827 -43.2279842 3738891866
528902644 -22.9884738 -43.229261 528902642 528902654
3738891864 -22.9884725 -43.2281018 3738891862
248183174 -22.9884696 -43.2277716 1901583754
3738891863 -22.9884653 -43.2279435 3738891865
3738891862 -22.9884447 -43.2281251 3738891859
3738891861 -22.9884295 -43.2279032 3738891863
1901583754 -22.9884186 -43.227641 3738891846 2368313687
3738891859 -22.9884178 -43.2281476 3738891844
3738891857 -22.9883884 -43.2278902 3738891861
2368313687 -22.9883803 -43.227543 3738891856
3738891856 -22.9883638 -43.2274975 1906556133
3200698938 -22.9883326 -43.2278896 248183174 3738891857
3738891855 -22.988222 -43.2279289 3738891853
3738891854 -22.9882172 -43.2279644 3738891855
3738891853 -22.9882124 -43.2278892 3738891851
3738891852 -22.9882026 -43.2279972 3200698938 3738891854
3738891851 -22.9881912 -43.2278515 3738891849
3738891849 -22.9881653 -43.2278265 3738891847
1906556133 -22.9881396 -43.2269664 1906556148
528902628 -22.9881312 -43.2292719 2368318462 528902631
3738891847 -22.988122 -43.2278129 3738891846
3738891846 -22.9880907 -43.2278097 1906556155
248182940 -22.988012 -43.226357 2368313681
1906556148 -22.9878651 -43.2263053 2362506898 476464601
3738891844 -22.987859 -43.2286147 2368318462
2362506898 -22.9877922 -43.2263394 252589142
2368318462 -22.9877577 -43.2286995 149347205
248182941 -22.9877195 -43.225576 248182940
3738891841 -22.9876228 -43.2252599 248182941
476464601 -22.9876161 -43.225638 3738891838
2368318463 -22.9875864 -43.2285076 3738891852
248182942 -22.9875593 -43.2249636 3738891841
3738891840 -22.9875539 -43.2256639 476464601
3738891838 -22.9874895 -43.2252599 2012650243
3738891835 -22.9874637 -43.2243898 248182942
2368313688 -22.9874505 -43.2243068 3738891835
2012650243 -22.9874223 -43.2249319 2012650248 3738891830
248182943 -22.98741 -43.2240797 2368313688 3738891832
528902625 -22.987394 -43.2298657 528902628
50930706 -22.9873807 -43.2286779 2368318463 1906556155
3738891832 -22.9873757 -43.2241389 248183339
3738891830 -22.9873469 -43.2244145 2368313689
2368313689 -22.9873334 -43.2243295 248183339
248183339 -22.9873107 -43.2241955 3738891814 3738891822
3738891822 -22.9872804 -43.2240154 3738891820
3738891820 -22.9872713 -43.2239617 248183328
1345379625 -22.987236 -43.2230309 248182943
3738891814 -22.9872147 -43.2242466 3738891811
1906556155 -22.9872047 -43.2282791 252588995
3738891812 -22.9871884 -43.2229864 1345379625
3738891811 -22.9871664 -43.2242641 50930712
248183328 -22.9871634 -43.2233217 3738891807
3738891810 -22.9871576 -43.2229269 3738891812
3738891809 -22.9871322 -43.2224188 1345379625
2368313690 -22.987117 -43.2223278 3738891809
3738891808 -22.9870855 -43.2225058 3738891810
3738891807 -22.9870648 -43.2227365 198101111
1345379626 -22.9870633 -43.2224679 3738891808
198101111 -22.987021 -43.2224766 1345379626 2368313682
2368313682 -22.9870002 -43.222345 3738891804
3738891804 -22.9869829 -43.2222396 299617420
3200698932 -22.9869083 -43.2225028 198101111
299617420 -22.9868975 -43.2217189 198107512 3738891800
3200698933 -22.9868957 -43.2290758 50930706
252588995 -22.986895 -43.2275735 1906556133 252589142
3738891801 -22.9868938 -43.2209737 2368313690
149347205 -22.9868858 -43.2293791 50930718
3738891800 -22.9868391 -43.2217334 50930715
248182945 -22.9867941 -43.2201355 3738891801
2368313684 -22.98679 -43.2200859 248182945
198107512 -22.9867804 -43.2210166 476462090 2332558308
149349645 -22.9867295 -43.2291783 3200698933
2332558308 -22.9867213 -43.2210275 50930716
476462090 -22.9866978 -43.2203168 2368313686
2368313686 -22.986673 -43.2201004 3738891798
3738891798 -22.9866673 -43.2200513 198109454
252589142 -22.9866109 -43.2268916 449288464 50930724
50930718 -22.9865748 -43.2295447 1906556117 149347204
50930720 -22.9864781 -43.2292903 149349645
449288464 -22.9863347 -43.226171 2012650248 3738891840
149350142 -22.9862546 -43.2287793 1906556120 1906556155
149347204 -22.9862377 -43.2296361 3200698930
2012650248 -22.9860948 -43.2254539 476463037 50930712
149349646 -22.9860785 -43.2293988 50930720
449289065 -22.9859354 -43.2280838 252588995 149350142
50930712 -22.985873 -43.2247209 50930731 913917478
3200698930 -22.9858431 -43.2296976 149347202
3738891745 -22.9858146 -43.2294249 149349646
913917478 -22.9856246 -43.2237995 913928149 248183328 913917487
50930724 -22.9856222 -43.2273296 1906556123 449289065
3200698929 -22.9855861 -43.2294207 3738891745
1906556120 -22.9854686 -43.2283213 1341652833
913928149 -22.9854503 -43.2230011 50930714
50930714 -22.9854283 -43.2229035 50930715 3200698932
449289063 -22.9853505 -43.2265864 449288464 50930724
149349648 -22.985332 -43.2293777 3200698929
1341652833 -22.9852884 -43.2282029 1341652827 1906556123
149347202 -22.9852751 -43.2296417 3200698901
50930715 -22.9852721 -43.2221231 50930716 50930738
50930716 -22.9851285 -43.221362 50930717 198107510
3200698896 -22.9851193 -43.2293162 149349648
476463037 -22.9850806 -43.2258403 198112519 449289063
50930717 -22.9850065 -43.2205588 50930719 476462090
3200698901 -22.9849846 -43.2295386 149347200
1341652827 -22.9848362 -43.2291677 3200698889 3200698896
50930731 -22.9848346 -43.225082 2693303582 476463037
3200698889 -22.9848106 -43.2292197 3200698886
3200698886 -22.9847365 -43.2293714 149347200
149347200 -22.9847159 -43.229416 875746414
1906556123 -22.9846414 -43.2277344 1906556121
149349650 -22.9845961 -43.2289919 1341652827
913917487 -22.9845695 -43.2241143 913917478 1345315339
1906556145 -22.9844747 -43.2299341 1906556122
875746414 -22.9844372 -43.22927 149347197
1906556121 -22.9844325 -43.2275791 449291010
50930736 -22.9843627 -43.2231865 50930731 50930714
149349651 -22.9842174 -43.2286898 149349650
1906556127 -22.9842088 -43.2297534 1906556145 875746414 3200698882
50930738 -22.9841973 -43.2223489 50930736 198103976
2693303582 -22.9841679 -43.2253173 1345315351
149347197 -22.9841616 -43.2290647 1343650170
198107510 -22.9840594 -43.2215627 198107509 50930738
50930742 -22.9839348 -43.2207682 50930717 198107510
1345315339 -22.9839089 -43.2243191 2693303582 913917487
449291010 -22.983904 -43.2271961 198112519 449289063
3200698881 -22.9837025 -43.223431 1345315339
1345315341 -22.9836873 -43.2233455 50930736 3200698881
1345315351 -22.9835704 -43.2255364 1345315350 1345315356
1556283965 -22.9835447 -43.2295296 1556283823 1556283927
1556283927 -22.9835447 -43.2294277 1556283965 1556283934
1556283934 -22.9835161 -43.2293427 1556283927 1343650174
1345329375 -22.9833865 -43.2279259 149349651 449291010
3200698876 -22.9833412 -43.2279853 1345329375
1345315356 -22.9833048 -43.2244994 3200698871 1345315339
3200698874 -22.9832645 -43.2280858 3200698876
198112519 -22.9832604 -43.2265559 1341652830 1345394821
1343650170 -22.9832264 -43.2281356 149347193 3200698874
2865668963 -22.9831126 -43.2276211 1345329375
3200698871 -22.9830793 -43.2235997 1345315353
1345315353 -22.9830605 -43.2235119 1345315341
1345315350 -22.982961 -43.2257244 1341652830 198112519
1343650174 -22.9829075 -43.2287709 1343650170 1556283934
1341652830 -22.9827141 -43.2258214 1345394819 1341652829
1345394821 -22.9826973 -43.2272821 2865668963
198112516 -22.9826738 -43.2246704 1345315350 1345315356
2333883810 -22.982577 -43.2299739 1343650174
3200698867 -22.9824575 -43.223767 198112516
198112515 -22.9824352 -43.2236822 3200698867 1345315353
1556283921 -22.9823488 -43.2282864 1556283929 1343650174
198103976 -22.9822639 -43.2227881 198112515 198103975
1345394819 -22.9822338 -43.2259889 1345394825
1341652829 -22.9821925 -43.2247409 198112516 2467012854
198107509 -22.9821071 -43.2219424 3677076369 198103976
149347193 -22.9820515 -43.2270588 149347190
149349659 -22.9820049 -43.2266642 1345394821
198108969 -22.981967 -43.2210172 50930742 198107509
1345401122 -22.9819304 -43.2207708 198108969
2467012873 -22.9818429 -43.2236651 3738891720
3738891720 -22.9818303 -43.2236011 1906559435
874313749 -22.9818284 -43.2238185 198112515 2467012873
198109453 -22.9818266 -43.2201797 50930745 1345401122
1345394825 -22.9818195 -43.2262284 1345394831
2467012854 -22.9818078 -43.2240839 3738891719
1906559435 -22.981807 -43.2235489 198103975
3738891719 -22.9817866 -43.2240185 299617438
299617438 -22.9817807 -43.2239563 874313749
1345394831 -22.9817766 -43.2262231 1345394830
1345394828 -22.9817474 -43.2265305 149349659 1345394831
1556283872 -22.9817223 -43.2284246 1556283869 1556283858
1556283869 -22.9816927 -43.2286016 1556283872 1556283798
1556283858 -22.981673 -43.2281295 1556283872 1556283834
149347190 -22.9815357 -43.2267936 1343650171 149347188
1556283834 -22.9815297 -43.2278345 1556283802 1556283858
1343650171 -22.9815178 -43.2275865 1556283921 1556283802
1556283802 -22.9815112 -43.2277055 1556283834 1343650171
1556283798 -22.9814606 -43.2292882 1556283930 1556283869
1345394830 -22.9814324 -43.2261724 1818399905 1818399908
198116089 -22.9814052 -43.2211298 198108969
1818399908 -22.981397 -43.2255856 1818399902
1818399905 -22.9813948 -43.2264643 1345394828
198101110 -22.9813797 -43.2239276 874313749
3738891709 -22.9813482 -43.2211466 198116089
1556283930 -22.9813421 -43.2295672 1556283932 1556283798
1818399902 -22.9812955 -43.225093 3200698863 1341652829
1556283932 -22.9812729 -43.2297174 1556283873 1556283930
198103975 -22.9812721 -43.2229961 198107508
1345401123 -22.9812292 -43.2212573 3738891709
3676902652 -22.9811874 -43.2238988 198101110
1345401120 -22.9811786 -43.2211966 1345401123
1556283873 -22.9811643 -43.2298622 1556283844 1556283932
1345401119 -22.9810956 -43.2208882 1345401120 1345401122
3200698863 -22.9810646 -43.2240689 1818399904
1818399904 -22.9810594 -43.2240326 198101110
3676902650 -22.9808447 -43.2240943 1818399904
3676902649 -22.9808024 -43.224106 3676902650
1556283918 -22.9807642 -43.2297496 1556283871 1556283923
3676902648 -22.9807477 -43.223806 3676902652
3677076369 -22.9807237 -43.2221925 198107508
1345334711 -22.9806947 -43.2257226 1345334707
1818405447 -22.9806854 -43.2241384 3676902646 3676902649
3676902647 -22.9806796 -43.2237972 3676902648
1556283821 -22.9806507 -43.2276467 1556283802
1345334707 -22.9806443 -43.2264146 1818399905
3676902646 -22.9806436 -43.2240227 3676902645
3676902645 -22.9806271 -43.223977 1818405446
1818399897 -22.9805834 -43.225297 1345334711 1818399902
1556283923 -22.9805716 -43.2293258 1556283978 1556283918
1818405446 -22.9805572 -43.2237835 3676902647 1818405444
1556283978 -22.9804926 -43.229256 1556283923 1556283975
198107508 -22.9804532 -43.2221903 1818405444 1345401123
1556283931 -22.9804334 -43.2276253 1556283821
1556283975 -22.9804136 -43.2293097 1556283978 1556283888
1345401121 -22.9804105 -43.2210057 1345401119 2333865950
3200698859 -22.9803431 -43.2242689 1818399897
1345334708 -22.9803318 -43.2242222 3200698859 1818405447
2333865950 -22.9802812 -43.2201235 1345401121
1556283888 -22.9802753 -43.2289825 1556283975 1556283870
1556283886 -22.9802656 -43.2281175 1556283850 1556283809
1556283837 -22.9802161 -43.2276145 1556283931
1556283870 -22.9801123 -43.2287142 1556283888 1556283809
1818405444 -22.980087 -43.2225989 198114253
1556283961 -22.9800827 -43.2276574 1556283837
