1955045739 -23.0393001 -43.4999955 1955045783 349336576
1955045783 -23.0392007 -43.4999916 349336577 1955045739
349336581 -23.0383259 -43.4998681 349336579 3238598945
3238598945 -23.0380901 -43.4997551 349336581 3013651379
3013651379 -23.0378919 -43.4996602 3238598945 1955045778
1955045778 -23.0374781 -43.4994391 3013651379 1955045955
1955045955 -23.0371732 -43.4992674 1955045823 1955045778
1955045823 -23.0370207 -43.4991252 1955045955 1955045897
1955045897 -23.0368089 -43.4988757 1955045823 349336584
349336584 -23.0366455 -43.4986083 1955045897 349336585
349336585 -23.0361067 -43.4975236 349336584 349336586
349336586 -23.0353869 -43.4960184 1955045832 349336585
1955045967 -23.035305 -43.4951079 349336588 349336590
349336588 -23.0352865 -43.4952969 1955045978 1955045967
1955045832 -23.0352831 -43.4957827 349336587 349336586
349336590 -23.0352663 -43.4948864 1955045859 1955045967
349336587 -23.0352501 -43.495646 1955045832 1955045978
1955045978 -23.0352494 -43.4955252 349336587 349336588
1955045859 -23.0351618 -43.4946205 349336590 3011402462
3011402462 -23.035026 -43.4943508 1955045859 1955045818
2689123168 -23.034456 -43.4921635 2620988438
3011833764 -23.0344532 -43.4922059 2689123168
1955045818 -23.0344525 -43.4934754 3011402462 1955045716
2689123166 -23.0344286 -43.4922344 3011833764
3011833763 -23.0343924 -43.4922473 2689123166
349335564 -23.0343513 -43.4922469 3011833763
1955045716 -23.0343467 -43.4933708 1955045818 349336592
2620988438 -23.0342885 -43.4912038 3011833762
3011833762 -23.0342725 -43.4911713 2689123163
3011833761 -23.0342522 -43.4909475 349335753 349335422
349335753 -23.0342455 -43.4908386 3011833761 349335752
2689123163 -23.0342428 -43.4911506 3011833760
349335422 -23.0342373 -43.4910263 3011833761 349335562
3011833760 -23.034204 -43.491157 349335562
349335562 -23.0341585 -43.4911875 349335424 349335422
349336592 -23.0339712 -43.4931316 1955045884 1955045716
1955045884 -23.0338145 -43.4930317 349336593 349336592
2689123161 -23.0337685 -43.4920359 349335564
3011833759 -23.033734 -43.4919978 2689123161
2689154302 -23.033723 -43.491265 2689154301 2689154299
3011833758 -23.0337163 -43.4919482 3011833759
3011833757 -23.0337163 -43.4919054 3011833758
2689154301 -23.033709 -43.491184 2689154302 2689154267 2689154296
3011833756 -23.0337049 -43.4918696 3011833757
349336593 -23.0336882 -43.4929905 1955045884 2841027323
2689154299 -23.033688 -43.491379 2689154302 2689154270
2689154296 -23.0336695 -43.4909621 2689154264 2689154290 2689154301
349335424 -23.0336606 -43.4918111 349335562 3011833750 3011833756
2689154290 -23.0336318 -43.4907484 2689154286 2689154263 2689154296
2689154286 -23.0335953 -43.4905419 2689154281 2689154290 2689154261
2689154281 -23.0335463 -43.490264 2689154259 2689154286 2689154280
2841027323 -23.0335319 -43.4930112 3011833754
2689154280 -23.0335107 -43.4900623 2689154258 2689154277 2689154281
3011833752 -23.0335087 -43.4929074 349336593
3011833753 -23.0335058 -43.4929627 2689123159
3011833751 -23.0335021 -43.4929157 3011833753
3011833754 -23.033498 -43.4930176 349336614
3011833750 -23.0334924 -43.4920433 2689123156
2689123159 -23.0334893 -43.4930062 349336614
3011833745 -23.033481 -43.4919527 349335424
3011833747 -23.0334798 -43.492051 2689123156
349335409 -23.0334792 -43.4928758 3011833751 3011833752
2689123156 -23.033476 -43.492075 3011833749 3011833748
2689123153 -23.0334756 -43.4920271 3011833747
3011833748 -23.0334659 -43.4920947 2689123148
3011833746 -23.0334639 -43.4920063 2689123153
349336614 -23.0334563 -43.4930367 3011833740 3011833739
2689123148 -23.0334505 -43.4921098 3011833742
3011833744 -23.0334498 -43.4928548 349335409
2689123151 -23.0334464 -43.4919912 3011833746
3011833741 -23.0334455 -43.4919703 3011833745
3011833749 -23.0334445 -43.4921486 349335407
3011833742 -23.0334314 -43.4921186 2689123145
3011833736 -23.0334251 -43.4919837 2689123151
3011833740 -23.03342 -43.4930473 3011833735
349335407 -23.0334157 -43.4922367 3011833733 3011833737
3011833734 -23.0334153 -43.4928472 3011833744
3011833738 -23.0334125 -43.4928041 349335409
2689123145 -23.0334107 -43.4921202 3011833731
3011833739 -23.0334092 -43.4930587 349335410
3011833737 -23.0334062 -43.4921687 3011833732
349335565 -23.0334027 -43.4919847 3011833741 3011833736
3011833732 -23.033396 -43.4921301 2689123143
3011833733 -23.0333911 -43.4927583 349335407 3011833738
3011833731 -23.0333906 -43.4921145 2689123143
3011833735 -23.0333828 -43.4930413 2689123135
3011833730 -23.0333817 -43.4919943 349335565
3011833727 -23.0333807 -43.4928543 3011833734
3011833728 -23.0333776 -43.4928078 3011833733
2689154270 -23.0333759 -43.4914612 2689154267 2689154299 2689154253
2689123143 -23.0333733 -43.492102 3011833726 3011833722
2689123140 -23.0333653 -43.4920114 3011833730
3011833726 -23.0333597 -43.4920821 2689123137
3011833725 -23.0333555 -43.4920337 2689123140
2689123137 -23.0333535 -43.4920584 3011833725
3011833729 -23.0333511 -43.4928749 3011833727
2689123135 -23.0333509 -43.4930197 3011833724
3011833722 -23.033344 -43.4920805 3011833721
2689154267 -23.0333388 -43.491263 2689154252 2689154264 2689154301 2689154270
2689123133 -23.0333307 -43.4929061 3011833729 3011833728
3011833724 -23.0333297 -43.492986 3011833723
3011833723 -23.0333225 -43.4929459 2689123133
3011833721 -23.0333111 -43.492064 2689123131
2689154264 -23.0332987 -43.4910491 2689154251 2689154263 2689154267 2689154296
2689154263 -23.0332595 -43.4908405 2689154249 2689154264 2689154290 2689154261
2690561319 -23.0332575 -43.493113 2689123133
3763189359 -23.0332221 -43.4930985 2690561319
2689154261 -23.0332207 -43.4906334 2689154248 2689154286 2689154263 2689154260
349335410 -23.0332136 -43.4932108 2690561319 2690561318
3763189358 -23.033192 -43.4930915 3763189359
2689154260 -23.033182 -43.490427 2689154259 2689154247 2689154261
2689154259 -23.033168 -43.4903512 2689154260 2689154258 2689154281
3763189357 -23.0331666 -43.4930921 3763189358
2689123131 -23.0331637 -43.4920578 2841027624 349335565
2690561318 -23.0331305 -43.4933354 349335410 349335411 3763179850
2689154258 -23.0331283 -43.4901353 2689154259 2689154257 2689154280
2690561316 -23.0330561 -43.4931155 3763189357
2690561312 -23.0329984 -43.4931238 2690561316
349335411 -23.0329447 -43.4936064 2690561318 349335412
3763179850 -23.032943 -43.4932263 2690561313
2689154253 -23.032936 -43.491577 2689154252 2689154270
3011833716 -23.0329154 -43.4931209 2690561312
2689154252 -23.032888 -43.4913593 2689154251 2689154267 2689154253
2690561313 -23.0328539 -43.493192 2690561309
3763179847 -23.032853 -43.4931098 3011833716
2689154251 -23.0328432 -43.4911561 2689154252 2689154249 2689154264
2689154249 -23.0327987 -43.4909545 2689154251 2689154248 2689154263
2689154248 -23.0327531 -43.4907476 2689154249 2689154247 2689154261
2690561310 -23.0327425 -43.4930722 3763179847
2690561309 -23.0327236 -43.4931569 2690561307
2689154247 -23.032704 -43.490525 2689154248 2689154260
2841027624 -23.0325646 -43.4922173 158420403 2689123131
2690561307 -23.0325184 -43.4930836 2690561310 2690561304
349335412 -23.0323257 -43.4943524 349335816 349335411
158420403 -23.0320524 -43.4922696 2841027624 3218835330
2690561304 -23.0313424 -43.4931471 927330130 2690561307
2690603305 -23.031276 -43.495131 927330032
349335816 -23.0311724 -43.4958115 349335412 349335817
3218835330 -23.0309466 -43.4923024 158420401 158420403
927330032 -23.0307088 -43.4959324 2690603305 927330018 927330122 927330096
927330096 -23.0305747 -43.4949901 927330020 927330032 927330040
927330122 -23.0304714 -43.4962459 927330000 927330032
927330040 -23.0304431 -43.4940445 927330130 927330023 927330096
349335817 -23.0304019 -43.4968454 349335816 3763179837
927330130 -23.0303116 -43.4931659 927330026 2690561304 927330040
3763179837 -23.0301828 -43.4973558 349335817 349335818
349335818 -23.0299933 -43.4977131 3763179837 349335819
927330000 -23.0298737 -43.4970293 927329998 927330119 927330122
349335819 -23.0297707 -43.4980501 349335820 349335818
2690561303 -23.029524 -43.499903 2690561298
2690561301 -23.029417 -43.499536 2690561300
927330119 -23.0293161 -43.4976928 927330016 927330000
2690561300 -23.029312 -43.499408 2690561301 2690561297
349335820 -23.0292947 -43.4985184 349335819 349335821
2690561298 -23.029116 -43.499726 2690561293 2690561303
2690561297 -23.029098 -43.499246 2690561295 2690561300
2690561295 -23.029008 -43.499261 2690561292 2690561297
2690561293 -23.029003 -43.499657 2690561298 2690561292
927330016 -23.0289731 -43.4980534 927330119 927329998 2690603299
2690603299 -23.028879 -43.4981523 2690603293 2690603296 927330016
927329998 -23.0288457 -43.497214 927330000 927330016 927330018 927329996
2690561292 -23.0288231 -43.4994081 2690561293 2690561295 2690561290
927330018 -23.0287041 -43.4962945 927329998 927330020 927330031 927330032
349335821 -23.0286843 -43.499024 349335820 2690561290
2690603297 -23.028651 -43.498326 2690603295 2690603296
2690603296 -23.0286388 -43.4984007 927330116 2690603299 2690603297
2690603295 -23.028633 -43.498256 2690603293 2690603297
927330020 -23.0285589 -43.4953619 927330018 927330023 927330079 927330096
927330116 -23.0285469 -43.4984903 2690603296 927330082
2690603293 -23.028541 -43.4982133 2690603295 2690603285 2690603299
2690561290 -23.028492 -43.4992399 2690561292 349335821 349335822
927330023 -23.0284185 -43.4944183 927330020 2690603289 927330037 927330040
349335822 -23.028318 -43.4993915 349335823 2690561290
2690603289 -23.0282766 -43.4935013 927330026 2690603281 927330023
927330026 -23.0282352 -43.4932241 927330130 927330077 2690603289
349335823 -23.0281722 -43.499606 349335824 349335822
349335824 -23.0281169 -43.4998136 349335823 349335825
1789433106 -23.0280551 -43.4915603 2689162329 1789433063
2689162329 -23.0279162 -43.4916131 1789433106
1789433063 -23.0276773 -43.4900866 1789433106 1789433117 1789433098
158420401 -23.0272721 -43.4925001 158420400 2689162318 3218835330
2689162318 -23.0272576 -43.492161 2689162314 158420401
2689162314 -23.02707 -43.4914057 1789433117 2689162318 2689162313
927330082 -23.0269847 -43.4993937 2690603283 927330116 2690603285
2690603285 -23.0268398 -43.4985207 2690603293 927330073 927330082
1789433117 -23.0268052 -43.4903549 1789433077 2689162314 1789433063
927330073 -23.0267534 -43.4979612 2690603278 927329996 2690603285
927329996 -23.0266995 -43.4976003 927329998 927330031 927330073
2689162313 -23.0266741 -43.4915213 2689162314 2689162305 2689162307
927330031 -23.0265581 -43.4966803 927330018 927330079 927329996
2689162307 -23.026456 -43.491585 2689162313
927330079 -23.0264168 -43.4957471 927330031 927330020 927330037 2690603273
2689162305 -23.026404 -43.490418 2689162313 2689162303
2689162303 -23.026314 -43.490456 2689162305
927330037 -23.0262732 -43.4948183 927330023 2690603281 927330079
2690603283 -23.0261806 -43.4998735 927329986 927330082
2690603281 -23.0261343 -43.4939031 927330077 2690603289 927330037
2690603280 -23.0260907 -43.4992777 2690603283 2690603279
927329986 -23.0260739 -43.4999396 2690603279 2690603270 2690603283
927330077 -23.0260417 -43.4932992 927330026 2690603267 2690603281
2690603279 -23.0259768 -43.4993001 927329988 2690603280
2690603278 -23.0259117 -43.4981172 927329988 927330073 2690603280
927329988 -23.0257947 -43.4981367 927330071 2690603278 2690603274
1789433093 -23.0257525 -43.4914149 2689162289 2689162292
2690603277 -23.0257425 -43.4970206 2690603278 2690603274
2689162293 -23.0257017 -43.4901039 2689162302 1789433138
2689162292 -23.025698 -43.4914426 1789433093
2690603274 -23.0256272 -43.4970391 927329989 2690603277
1789433138 -23.0256228 -43.4902051 2689162293 1789433119 2689162286
2690603273 -23.0255702 -43.4959034 2690603277 927329989 927330079
2689162289 -23.0255344 -43.4905275 1789433119 1789433093
927329989 -23.0254537 -43.4959237 927330085 2690603268 2690603273
2689162286 -23.0254401 -43.4900527 1789433138 1789433129
1789433119 -23.0254373 -43.4904382 1789433138 1789433032 2689162289
2690603269 -23.0253721 -43.4946192 2690603273 2690603268
2690603268 -23.0252565 -43.4946415 927329991 2690603269
2690603267 -23.0251746 -43.4933295 927330077 927329991 2690603269
927329991 -23.0250531 -43.4933334 2690603267 927330087
927330071 -23.0249149 -43.4982977 927330070 927329988 927330084 927330085
2689162281 -23.024903 -43.491589 2689162279
2689162279 -23.024835 -43.491603 2689162277 2689162281
1789433032 -23.024763 -43.490644 1789433119 1789433066 2689162275
2689162277 -23.0247271 -43.4912273 3286241883 2689162275 2689162279
2689162275 -23.024681 -43.491067 1789433032 2689162277
927330085 -23.0245736 -43.4960861 927330071 927330086 927329989 927330094
1789433066 -23.024552 -43.490385 1789433032 2689162272 1789433144
2689162272 -23.0245514 -43.4900169 1789433066 2689162270
1789433144 -23.0244258 -43.4903683 1789433066 1789433094
1789433094 -23.0243002 -43.4904095 1789433067 1789433144
927330086 -23.0242462 -43.4940183 927330085 927330100 927330087
158420400 -23.0242277 -43.4926293 158420401 349333352
927330087 -23.0241501 -43.4933641 927329991 927330086 927330109
927330070 -23.0240297 -43.498448 927330071 927330066 927330069 927330094
1789433067 -23.0238023 -43.4905549 1789433005 1789433094
927330094 -23.0236818 -43.4962469 927330092 927330085 927330070 927330100
1789433005 -23.0236763 -43.4905114 1789433067 1789433071
3286241883 -23.0236259 -43.4915797 2689162262 2689162277
2689162262 -23.0235846 -43.4915929 3286241883 3286241887
3286241887 -23.0235648 -43.4916004 2689162260 2689162262 3286241888
3286241888 -23.0235117 -43.4913777 3286241887
2689162260 -23.0234488 -43.4916439 3286241881 3286241887
927330100 -23.0233749 -43.4941871 927330086 927330107 927330094
1789433071 -23.0233435 -43.4902217 1789433028 1789433005 1789433065
927330069 -23.023189 -43.498607 927330070 927330092 2690603256
3286241881 -23.02316 -43.4917458 3286241882 2689162260
349333352 -23.0231505 -43.4926646 3286241882 3287031495 158420400
3286241882 -23.0229408 -43.4918458 349333352 2689151729 3286241881
927330092 -23.0228453 -43.4963989 927330107 927330094 927330069
1789433065 -23.02284 -43.4910253 2689151730 1789433071
2689151729 -23.0227992 -43.4913861 3011833653 3286241882
3011833652 -23.0227905 -43.491217 2689151729
2689151730 -23.0227895 -43.4911369 2689151727
2689151724 -23.0227815 -43.4911812 2689151727
2689151727 -23.0227809 -43.4911999 3229038277 3011833652
3011833651 -23.0227763 -43.4911633 2689151724
3229038277 -23.0227756 -43.4912157 3229038276
3229038276 -23.0227661 -43.4912291 2689151726
3011833649 -23.0227659 -43.4911483 3011833651
3011833653 -23.0227619 -43.491316 2689151723
2689151725 -23.022761 -43.4910978 1789433065
2689151726 -23.0227534 -43.4912387 3011833650
3229038278 -23.0227515 -43.4911379 3011833649
3011833650 -23.0227386 -43.4912438 3011833648
3229038279 -23.0227347 -43.4911333 3229038278
2689151723 -23.022728 -43.4912571 2689151721
3011833648 -23.022723 -43.4912438 3229038275
3229038280 -23.0227175 -43.491135 3229038279
3229038275 -23.0227107 -43.49124 2689151721
2689151722 -23.0227018 -43.4911429 2689151725 3229038280
1540922505 -23.0226997 -43.4980814 1540928356
2689151721 -23.0226996 -43.4912329 3011833646 3229038274
3011833647 -23.0226902 -43.4911548 2689151722
3229038274 -23.0226885 -43.4912203 3229038273
2689151719 -23.0226825 -43.4911701 3011833647
3229038273 -23.0226816 -43.4912045 2689151720
2689151720 -23.0226796 -43.4911873 2689151719
2689151718 -23.0226585 -43.4911206 2689151722
1540928356 -23.0226566 -43.4978285 1540922505 1540922515 1540928343
3011833646 -23.0226388 -43.4911796 2689151717
1540922515 -23.02256 -43.4972975 1540922511 1540928356 1540926500
349333400 -23.0225465 -43.4910213 2689151718
927330107 -23.0225378 -43.4943296 927330100 927330092 927330110
2689151717 -23.0225212 -43.4910522 2689151714
927330109 -23.0225057 -43.4934312 2690603251 927330087
2690603251 -23.022448 -43.4935146 927330109 927330110
1540922511 -23.0224424 -43.4964221 1540922515 1540922506 1540923830
927330110 -23.0224324 -43.4935848 2690603251 927330107
2689151716 -23.0223949 -43.4909105 349333400
349333444 -23.0223803 -43.4906233 2689151715 492467396
2689151714 -23.0223773 -43.4909381 2689151708
3011833645 -23.0223144 -43.4908184 2689151716
2689151715 -23.0223037 -43.490754 2689151713
2689151713 -23.0222979 -43.4907863 3011833645 3011833644
3011833644 -23.0222941 -43.490808 2689151711
3011833643 -23.0222938 -43.490766 2689151713
1540922506 -23.0222914 -43.4954759 1540922511 1540922513
2689151712 -23.0222829 -43.490749 3011833643
2689151711 -23.0222826 -43.4908263 3011833642
2689151710 -23.0222684 -43.4907194 349333444
3011833641 -23.022267 -43.4907376 2689151712
3011833642 -23.0222653 -43.490838 3011833640
3011833639 -23.0222483 -43.4907337 3011833641
3011833640 -23.0222451 -43.4908411 2689151708
2689151709 -23.0222296 -43.4907378 2689151710 3011833639
2689151708 -23.0222255 -43.4908351 349333401 3011833638
3011833637 -23.0222114 -43.4907518 2689151709
3011833638 -23.0222086 -43.4908194 3011833636
2689151705 -23.0222016 -43.490748 2689151709
2689151707 -23.0222008 -43.490773 3011833637
3011833636 -23.0221998 -43.4907972 2689151707
2689151704 -23.0221614 -43.4907592 2689151705
1540922513 -23.022127 -43.4943906 1540922506 1540922481
349333401 -23.022063 -43.4907619 2689151704 3011833635
2690608668 -23.022001 -43.4976813 1540928343
1540922481 -23.0219871 -43.4935526 1540922509 1540922513
3011833635 -23.0219633 -43.4907176 3011833634 349333401
3287031495 -23.0219526 -43.4927297 158420397 349333352
1540928343 -23.0219499 -43.4978495 1540928361 2690608668 1540928356
1540928361 -23.0219411 -43.4979242 1540928343
1540922509 -23.021915 -43.4934684 1540922508 1540922481
158420397 -23.0219053 -43.4927323 3287031495 3289791251
1540922508 -23.0217956 -43.4934429 1540922509 1540922483
3289791251 -23.0216953 -43.4927308 158420397 3218372511
3218372511 -23.0214796 -43.4927292 2060536541 3289791251
2060536541 -23.0213897 -43.4927286 2060536527 3218372511
1540935349 -23.0213821 -43.4956558 1540923830
1540935346 -23.0213731 -43.4949126 1540935349
1540923830 -23.0213562 -43.4961447 1540922511 1540926500
2060536593 -23.0213189 -43.4938522 1540935346
2060536587 -23.0212922 -43.4937444 2060536593
2841029523 -23.0212592 -43.4925872 2060536541
1540926500 -23.0212533 -43.4969367 2060536552 1540922515
2060536539 -23.021252 -43.4924281 2060536538
2841031106 -23.0212507 -43.4923125 2060536539
2060536556 -23.0212383 -43.4922232 2841031106
2060536601 -23.0212248 -43.4936044 2060536587
2060536538 -23.0212139 -43.492556 3467950542
2060536552 -23.0212136 -43.497108 2060536585
3467950542 -23.0212091 -43.4925667 2060536527 2841029523
1540932701 -23.021189 -43.4956931 158772510
2841029522 -23.0211848 -43.4925568 3467950542
158772510 -23.0211743 -43.4963063 2060536540
158421174 -23.0211637 -43.4949525 1540932701
2060536585 -23.0211597 -43.4973136 2060536540
2060536596 -23.0211583 -43.4935529 2060536601
2060536527 -23.0211268 -43.49275 2060536548
2060536540 -23.0211173 -43.4974397 2841029521
3011833634 -23.0210879 -43.4902738 349333402 3011833635
2060536564 -23.0210698 -43.4914956 2060536556
2841029521 -23.0210543 -43.4982346 2690561103
158421175 -23.0210542 -43.4937444 158421174
349333402 -23.0209811 -43.4901903 3011833634 2689162254
1540922483 -23.0209404 -43.4935202 2060536596 1540922508
2690561103 -23.0209333 -43.4990113 158772507
2689162254 -23.0209087 -43.4901007 349333402 349333403
1759975627 -23.020895 -43.4957014 1759975622
158417697 -23.0208949 -43.4923566 158421175
1759975622 -23.020893 -43.4952228 1759975610
1759975599 -23.0208869 -43.4960954 1759975627
1759975610 -23.0208745 -43.4948133 1759975678
1759975602 -23.0208673 -43.4965884 1759975599
2841031104 -23.0208663 -43.4935358 1540922483
158772507 -23.020831 -43.4997018 158772506
2060536597 -23.020825 -43.497284 1759975602 2060536598
2060536553 -23.020806 -43.4926021 2841029522
2060536544 -23.0208005 -43.4917403 158417697
2060536568 -23.0207953 -43.4935435 2841031104
1759975678 -23.0207706 -43.4937997 1759975626
2060536598 -23.0207469 -43.495954 2060536590
158415716 -23.0207178 -43.4912628 2060536544
1759975623 -23.0206968 -43.4986778 2060536597
2060536592 -23.0206867 -43.4936208 2060536568
2060536590 -23.0206803 -43.4949664 2060536595
2060536575 -23.0206576 -43.4926155 2060536553
2060536588 -23.0206126 -43.493742 2060536592
1759975621 -23.0206045 -43.4994917 1759975623
1759975626 -23.0205941 -43.4923883 1759975624
2060536561 -23.0205699 -43.4938812 2060536588
2060536548 -23.0205613 -43.4928129 158420395 2060536559
2060536595 -23.0205524 -43.4941808 2060536560
2060536560 -23.0205462 -43.4940065 2060536561
2690561095 -23.0205307 -43.4999767 1759975621 2690561089
2060536571 -23.0205221 -43.4926313 2060536575
2060536557 -23.0205017 -43.490317 158415716
2060536559 -23.0204983 -43.4927659 2060536594
2060536594 -23.0204602 -43.4927162 2060536535
1759975624 -23.0204485 -43.4915038 1759975635
2060536535 -23.0204272 -43.4926359 2060536571 2060536582
158420395 -23.0204161 -43.4928264 2060536583
2060536582 -23.0204131 -43.4925661 2060536532
2060536529 -23.0204131 -43.4925661 2060536582 2060536533
2841029518 -23.0203797 -43.4926637 2060536529
2663086626 -23.0203242 -43.4927534 2060536535 2841029518
1759975635 -23.0202905 -43.4906133 929694476
2663086625 -23.0202694 -43.4927994 2663086626
2060536532 -23.020246 -43.491622 2060536528
2060536583 -23.0201842 -43.4928546 2663086625 2663086624
2060536533 -23.0201219 -43.4926709 2060536573 2060536529
2060536528 -23.020089 -43.4908452 929694466
