349337718 -23047723 -43515296 349337717 1955045809
1955045809 -23047712 -43514731 349337718 349337719
349337719 -23047681 -43514459 349337720 1955045809
349337717 -23047681 -43516950 349337715 349337718
349337715 -23047601 -43518167 349337714 349337717
1955045922 -23047600 -43519488 1955045723 349337714
349337714 -23047594 -43518637 349337715 1955045922
1955045723 -23047585 -43519630 349337713 1955045922
349337720 -23047581 -43513878 1955045860 349337719
349337713 -23047542 -43519744 1955045748 1955045723
1955045748 -23047489 -43519827 349337713 349337712
1955045860 -23047451 -43513201 349337720 349337721
349337712 -23047436 -43519879 1955045748 1955045836
1955045836 -23047381 -43519917 349337711 349337712
349337721 -23047308 -43512581 1955045860 1955045765
349337711 -23047304 -43519954 3016760402 1955045836
1955045935 -23047246 -43510718 1955045919 349336539
1955045919 -23047240 -43510915 349336537 1955045935
3016760402 -23047198 -43519991 349337711 349337710
1955045765 -23047197 -43511978 349337721 349337722
349336537 -23047163 -43511418 349337722 1955045919
349337722 -23047156 -43511690 1955045765 349336537
