1772733490 -22.9999959 -43.4159566 1772733496
1772733492 -22.9999956 -43.4179908 2836351789
2836466414 -22.999993 -43.4143772 2836466410
1772733494 -22.9999881 -43.4163019 2836407141
1772733491 -22.999969 -43.4182486 1772733488
2836351786 -22.9999616 -43.4154766 1772733493
2836407141 -22.9999479 -43.4161804 1772733489
2836466410 -22.9999238 -43.4139454 171647037
146447093 -22.9999161 -43.4127323 2054853458
1772733489 -22.9998886 -43.41609 1772733485
171647037 -22.9998726 -43.4136263 171647036
1772733488 -22.9998662 -43.4183375 1772733482
2836351785 -22.9998296 -43.4158033 1772733490
2054853458 -22.9997983 -43.4112702 171794291
171794291 -22.9997607 -43.4105872 146447091 171795644
1772733485 -22.999759 -43.4159613 2836362371
171647036 -22.9997304 -43.4123131 171794329
171795644 -22.9997234 -43.4101892 171795643
1772733487 -22.9997213 -43.4187893 1772733504 2836351784
1772733486 -22.99972 -43.4155545 2836351786
2836362371 -22.9996947 -43.4159174 2836351782
1772733483 -22.9996871 -43.415715 2836351785
2836351784 -22.9996767 -43.4186162 1772733482 1772733487
1772733482 -22.9996196 -43.4185231 2836351780 1772733467 2836351784
2922719137 -22.9996174 -43.4183181 1772733492
1772733484 -22.9996145 -43.4188301 1772733480 1772733499
2836351782 -22.9995704 -43.4158325 2836351779
2836351781 -22.999568 -43.4155855 1772733486
2836351780 -22.9995366 -43.4183867 1772733482 2922719137
1772733476 -22.9994857 -43.4156403 2836351781 1772733483 2836351779 2841025719
2922719136 -22.9994662 -43.4184448 2836351780
2836351779 -22.9994405 -43.4157911 2836381895 1772733476
2836594153 -22.9994373 -43.4100838 2836594154
1772733479 -22.9994201 -43.4184842 2922719136
1772733480 -22.99941 -43.4188373 1772733467 1772733484
1772733475 -22.9993531 -43.4123966 2834976023 2834976022
2834976023 -22.9992795 -43.4132845 1772733475 1772733466
1772733471 -22.9992636 -43.4198309 1772733458
1772733467 -22.9992567 -43.4188157 1772733480 1772733469 1772733458
2834976022 -22.9992299 -43.4112357 1772733475
2834976021 -22.9991932 -43.4110498 1772733465
1772733466 -22.9991803 -43.4141531 2834976023 1772733462
2836594146 -22.999157 -43.4101067 2836594153
1772733469 -22.9991333 -43.4187196 1772733461 1772733467 1772733479
2841025719 -22.9991306 -43.4155192 2836351776 1772733476
2836594145 -22.9990597 -43.4100037 2836594146
1772733465 -22.9990546 -43.4103241 2836594143 2834976021
2836351776 -22.9990417 -43.4154804 2836464369 2841025719
2836464371 -22.9989613 -43.415334 2836351776
2836464370 -22.9989441 -43.4152996 2836464371
2836381895 -22.9989311 -43.4156433 2836351779 1772733455
1772733462 -22.9989098 -43.4152149 2836464370 1772733466
2836464369 -22.9989001 -43.4154377 2836351772
1772733461 -22.9988509 -43.4187949 1772733469 1772733457
1772733458 -22.9988117 -43.4191734 1772733471 1772733456 1772733467
2836351775 -22.998727 -43.41522 1772733462
1772733455 -22.9986429 -43.4155531 2836381895
1772733457 -22.9986052 -43.4188146 1772733454 1772733461 1772733450
1772733456 -22.9985908 -43.4193559 1772733458
2836351772 -22.9985452 -43.4153316 2836351771 2836351775
1772733454 -22.998484 -43.4191179 1772733457
2836351771 -22.9984549 -43.4155253 1772733448
1772733450 -22.9984119 -43.4185196 1772733444 1772733457
2854159094 -22.9983779 -43.412904 1772733449 1772733447
1772733447 -22.998375 -43.4133617 2854159094 1772733441
1772733449 -22.9983561 -43.4120981 2854159094 2834976015
2834976015 -22.9983079 -43.4113692 1772733449
1772733448 -22.9983049 -43.4155907 1772733443
2834976014 -22.9982816 -43.4112133 1772733446
1772733446 -22.9982446 -43.4109653 2834976014 2834976013
1772733443 -22.9981521 -43.4156416 1772733440
1772733444 -22.9981497 -43.4178791 1772733427 1772733450
2834976013 -22.9981439 -43.4104114 2834976010 1772733446
1772733438 -22.9981053 -43.4177277 1772733434
1772733441 -22.9980704 -43.4152211 2836351772 1772733447
1772733440 -22.9980629 -43.4156641 1772733436
1772733436 -22.9980066 -43.415658 1772733435 1772733433
1772733437 -22.9980024 -43.4195902 1772733427 2836295334
1772733434 -22.9979913 -43.4171542 2836407106 1772733438
2836295334 -22.9979708 -43.4196685 1772733437
2836407106 -22.9979578 -43.4165876 1772733435 1772733434
1772733435 -22.9979559 -43.4160187 1772733436 2836407106
1772733433 -22.9978265 -43.4154562 1772733429
1772733431 -22.9977126 -43.4151123 1772733441 1772733429
1772733429 -22.997631 -43.4152629 1772733410 1772733431
1772733427 -22.9975497 -43.4179801 2854184058 1772733444 1772733437
2834976003 -22.9975113 -43.4130578 1772733423 1772733420
1772733423 -22.9975104 -43.4124827 1772733422 2834976003
1772733420 -22.9974661 -43.4137778 2834976003 1772733415
1772733422 -22.9974566 -43.4119943 1772733419 1772733423
1772733412 -22.9974252 -43.4178387 1772733408
1772733419 -22.9974209 -43.4115169 1772733422
2834976002 -22.9973982 -43.4113347 1772733404
1772733415 -22.9973372 -43.4147961 1772733420 1772733409
1772733404 -22.9973124 -43.4107559 2836594113 2834976002
1772733408 -22.9972995 -43.4173321 1772733412 1772733402
1772733410 -22.997277 -43.4151529 1772733401 1772733389
1772733409 -22.9972743 -43.4149688 1772733415 1772733431
1772733401 -22.9972083 -43.4158608 1772733410 1772733402
2854184058 -22.997201 -43.4180406 1772733427 1772733396
1772733402 -22.9971937 -43.4165799 1772733401 1772733408
1772733396 -22.9968328 -43.4181165 1772733380 2854184058 1772733424
1772733393 -22.9965861 -43.4136719 1772733391 1772733388
1772733391 -22.9965635 -43.4123267 2834973491 1772733393
2834973491 -22.9965453 -43.4116605 1772733391
1772733388 -22.9965378 -43.4147163 1772733409 1772733393
1772733390 -22.9965314 -43.4179116 1772733387
2834973490 -22.9965142 -43.4114692 1772733381
1772733387 -22.9964926 -43.4176434 1772733390 1772733385
1772733389 -22.9964853 -43.4149067 1772733384 2836351769
1772733385 -22.996441 -43.4171591 1772733382 1772733387
1772733384 -22.9964402 -43.4155797 1772733389 1772733382
1772733381 -22.9964033 -43.4107695 1772733369 2834973490
1772733382 -22.9964017 -43.4163734 1772733384 1772733385
1772733380 -22.9963957 -43.4181706 2834973496 2854184059 1772733396
2854184059 -22.9963582 -43.4181752 1772733380 1772733378
1772733378 -22.9962832 -43.4181879 1772733399 1772733364 2854184059
2836351770 -22.9961547 -43.4145959 1772733388 1772733357 2836351769
2836351769 -22.996127 -43.4147953 2836351770 1772733359
1772733364 -22.995864 -43.4183471 2854184060 2988331077 1772733378
2854184060 -22.9958319 -43.4181704 1772733362 1772733364
1772733362 -22.9957893 -43.4179399 1772733361 2854184060
1772733361 -22.9957253 -43.4176128 1772733358 1772733362
1772733360 -22.9957249 -43.4138309 1772733356 1772733357
1772733359 -22.9956835 -43.4146575 2873679404 1772733340 2836351769
1772733358 -22.9956814 -43.4171948 1772733361 1772733355
1772733357 -22.9956813 -43.4144472 2836351770 1772733360 1772733342
1772733356 -22.9956798 -43.4123389 2834973479 1772733360
2834973479 -22.9956491 -43.4118304 1772733356
1772733355 -22.9956308 -43.4165825 1772733353 1772733358
2873679404 -22.9956242 -43.4151702 1772733353 1772733359
2834973478 -22.9956242 -43.4115807 1772733352 2836593855
1772733353 -22.9956232 -43.4157957 2873679404 1772733355
1772733352 -22.9955684 -43.4113001 2836593861 2834973478
2836593861 -22.9954734 -43.4108162 1772733346 1772733352
1772733346 -22.9953327 -43.4103435 1772733334 1772733369 2836593861
2836593855 -22.9953022 -43.4121475 2834973478
1772733342 -22.9952529 -43.4143101 1772733357
1772733345 -22.9952429 -43.410189 2873679403 1772733333 1772733367
1772733340 -22.9952245 -43.414511 1772733359
1772733334 -22.9945333 -43.4107408 1772733346
1772733333 -22.9945134 -43.4105635 1772733345
3815434472 -22.9903353 -43.4191312 3815434471
2988537691 -22.9902778 -43.4184319 2988537690 583011660
3815434471 -22.9901334 -43.4190463 3815434468
2988537690 -22.9900944 -43.4186006 2988537654
3815434468 -22.9900302 -43.4190579 3815434461
3815434466 -22.9899632 -43.4185945
3815434465 -22.9899513 -43.4187799 3815434466
3815434464 -22.9899293 -43.4188936 3815434465
3815434463 -22.9898824 -43.418942 3815434464
3815434461 -22.9896395 -43.4193799 3815434460
3815434460 -22.9895473 -43.4194842 3815434433
3815434459 -22.98942 -43.4193826 3815434463
2988537653 -22.9893608 -43.4171756 2988537691
3815434458 -22.9893084 -43.4195066 3815434459 3815434426
2870630896 -22.9891308 -43.4168301 2988537653
2988537654 -22.9890988 -43.4172569 347301434
347301434 -22.9888911 -43.4169581 1759975612
1759975612 -22.9887283 -43.4166939 1759975598
583011661 -22.9887178 -43.416292 2870630896
1759975598 -22.9885431 -43.4163137 1759975659
2988537664 -22.9885212 -43.4159996 583011661
583011662 -22.9883875 -43.4157593 2988537664
3014510456 -22.9881988 -43.4153868 583011662
1759975659 -22.9881445 -43.4154437 1759975653
3815434426 -22.9881299 -43.4177275 3815434415 3815434458
583011663 -22.988056 -43.4151655 3014510456
1759975653 -22.9880303 -43.4152577 1759975645
3815434415 -22.9880094 -43.4175844 3815434407 3815434426
3014510455 -22.9879181 -43.4150087 583011663
1759975645 -22.9879075 -43.4151181 347301433
3815434407 -22.9878799 -43.4175316 3815434348 3815434415
347301433 -22.9875635 -43.4148393 3383494693
3014510454 -22.9875222 -43.4146974 3014510455
3383494693 -22.987482 -43.4147752 3383494692
3383494691 -22.9870223 -43.4142972 3014510454
3383494692 -22.9869781 -43.4143791 1773068598
1773068598 -22.9867111 -43.4141692 2218745199
3815434348 -22.9864942 -43.4173323 3815434329 3815434407
3014510452 -22.9863181 -43.4137484 3383494691
3815434329 -22.9862518 -43.417282 3815434314 3815434348
3014510453 -22.9861702 -43.4136 3014510452
3815434314 -22.9860654 -43.4171797 3815434310 3815434329
583011664 -22.9860261 -43.4134252 3014510453
3815434310 -22.9859277 -43.4170533 3815434306 3815434314
3815434306 -22.9858004 -43.4168739 3815434291 3815434310
583011665 -22.9855752 -43.4128195 583011664
3815434291 -22.9854096 -43.4156545 3815434306 3815434262
3014510451 -22.9850568 -43.412543 3014510450
3014510450 -22.9850531 -43.412606 2218744023
2218744014 -22.9850437 -43.4124881 3014510451
2218744023 -22.9850231 -43.4126508 2218744017
2218744029 -22.9850063 -43.4124312 2218744014
2218744017 -22.9849763 -43.4126792 2218744032
3815434271 -22.9849605 -43.4198347 3815434279
3815434269 -22.9849467 -43.4199758 3815434260
2218744032 -22.9849258 -43.4126874 2218744011
2218744020 -22.9848959 -43.4123011 2218744029 583011665
2218744011 -22.9848435 -43.412665 2218745199
3815434262 -22.9848087 -43.4136728 3815434291 3815434253
3815434260 -22.9847808 -43.4198017 3815434248
3815434257 -22.9847743 -43.419622 3815434271
2218745199 -22.9847349 -43.4126142 2218734875
3815434253 -22.984693 -43.4134221 3815434239 3815434262
3815434248 -22.9846222 -43.4196091 3815434232
3815434242 -22.9846016 -43.4193931 3815434257
3815434239 -22.9845718 -43.4132459 3815434223 3815434253
3815434232 -22.984477 -43.4194092 3815434220
3815434231 -22.9844652 -43.4191696 3815434242
3815434223 -22.9844182 -43.4131265 3815434154 3815434239
3815434220 -22.9843813 -43.4192423 3815434212
3815434216 -22.9843477 -43.4189053 3815434231
3815434212 -22.9842994 -43.4190388 3815434204
3815434211 -22.9842818 -43.4187009 3815434216
3815434204 -22.9842053 -43.4188135 3815434155
3815434161 -22.9835565 -43.4163064 3815434211 3815434155
3815434155 -22.9834519 -43.416341 3815434126 3815434130 3815434161
3815434154 -22.9834494 -43.4125153 3815434149 3815434223
3815434149 -22.9833805 -43.4124912 3815434154 3815434144
3815434144 -22.9833099 -43.412486 3815434128 3815434149
2218734875 -22.9829627 -43.4112665 347301428 2218734881
1773038156 -22.9828483 -43.4188678 1773038120
2218734881 -22.9827756 -43.4112116 2218734863
3815434132 -22.9827727 -43.4137357 3815434161
1773038133 -22.9827007 -43.4183822 1773038104
2218734863 -22.9826745 -43.4112136 2218734887
2218734887 -22.9825885 -43.411236 2218734898
347301428 -22.9825735 -43.4109636 2218712886
3815434130 -22.9825397 -43.4166423 3815433926 3815434155
2218734898 -22.9825024 -43.4112929 3815434121
3815434128 -22.9824848 -43.4127887 3815434126 3815434132 3815434144
1794721944 -22.982456 -43.410435 2218744020
3014510446 -22.98242 -43.4110469 2218712878
2218712876 -22.9824107 -43.4111465 3014510446
2218712878 -22.9824013 -43.4109555 2218712884
3815434126 -22.9823811 -43.4128267 3815434120 3815434128
2218712888 -22.982377 -43.4112258 2218712876
2218712884 -22.9823602 -43.4108802 2218712886
1773038120 -22.9822099 -43.4191398 1773038104 1773038156 1773037976
2218712886 -22.9822067 -43.410681 1794721889
3815434121 -22.982161 -43.4117101 2218734894 3815434128
3815434120 -22.9821344 -43.4120172 3815434118
2218734894 -22.9821131 -43.4117686 3815434113
1794721915 -22.982103 -43.4101635 1794721944
3815434118 -22.9820798 -43.4119791 3815434116
3815434116 -22.9820349 -43.4119637 3815434113
1773038104 -22.9820331 -43.4186761 1773038120 1773038133 3760881745
2218712880 -22.9819952 -43.4117279 2218712888
3815434113 -22.9819499 -43.41198 2218734872
3361765561 -22.9817572 -43.4120252 2218712880
3760881745 -22.981483 -43.4189358 1773038104 1773037938
2218712882 -22.9811474 -43.4127867 3361765561
2218734872 -22.9807807 -43.4134944 3662049043 3760881715
3662049043 -22.9806772 -43.4133976 2218712882 2218734872
1773068555 -22.9803871 -43.4137744 3662049043
