2841028904 -22.9999995 -43.378908 2841028507 3313311963
2103323137 -22.9999971 -43.3783763 2103323143
2103323143 -22.9999971 -43.3782835 171772167
3313311963 -22.9999965 -43.3785483 171773745 2103323137
171772167 -22.999988 -43.3780946 1772720020
1772720020 -22.9999834 -43.3780298 171772086
171770825 -22.9999762 -43.3730502 171770824
171772086 -22.9999683 -43.3766036 171772085 171647022
171647022 -22.9999516 -43.3748738 2841023009
171770824 -22.9999446 -43.3725352 171769888
2841023009 -22.9999403 -43.3744535 1766647501 2841028510
1766647501 -22.9999273 -43.3737339 171769888
171769888 -22.9998893 -43.3719001 2938108039
2938108039 -22.9998855 -43.37152 171558454 2938108037
1772719997 -22.9998789 -43.3785641 3313311963
171558454 -22.9998634 -43.3702952 171558452
2841028510 -22.999856 -43.3743143 2841028506
2841028507 -22.9998394 -43.3787281 2841026915
2841028506 -22.9998074 -43.374259 2841028502
2841021714 -22.999807 -43.3785547 1772719997
2841028502 -22.9997543 -43.3742398 2841028103
2938108037 -22.9997448 -43.3715286 2938108032 2938108039
2841026919 -22.9997288 -43.3782858 2841022132
2841026915 -22.9997177 -43.3786608 2841027701
2841022132 -22.9997111 -43.3784637 2841021712
2841021712 -22.9996978 -43.3785178 2841021714 2841021123
1766647482 -22.9996928 -43.3739662 1766647501
2841028103 -22.9996923 -43.3742301 2841026704
2841026706 -22.9996757 -43.3755819 2841026919
2841021123 -22.999658 -43.3785935 2841027701
2841026705 -22.9996425 -43.3752622 2841026706
2938108032 -22.9996281 -43.3715477 2938108037 2938108030
2841021121 -22.999625 -43.3783423 2932904662
2841026704 -22.9996215 -43.3742398 2841019411
2938108030 -22.9996204 -43.3719368 2938108032 2938108020
2841025512 -22.9996127 -43.3785156 2841021712
2932904662 -22.9996095 -43.3777075 2932904661
2932904661 -22.9996066 -43.377589 2932904660
2841025510 -22.9995972 -43.3784411 2841021121
2841025509 -22.9995894 -43.3750098 2841026705
2932904660 -22.9995808 -43.3765544 2932904659
2932904659 -22.9995787 -43.3764558 2841026509
2841027701 -22.9995761 -43.378668 2841025724
2841026509 -22.9995596 -43.3756602 2841027301
2841019411 -22.9995596 -43.3742662 2841019722
2841027301 -22.9995242 -43.3754728 2841026913
2841019722 -22.9995087 -43.3743263 2841022308
1766647518 -22.9995083 -43.3750589 1766647531
3918350821 -22.9995074 -43.3750319 1766647518
1766647506 -22.9995034 -43.374914 3918350821 2841025509
2841022308 -22.9994777 -43.3744152 2841019720
2841019720 -22.9994666 -43.374533 1766647532
1766647531 -22.9994639 -43.3751608 1766647510
1772719943 -22.9994633 -43.3785693 2841025512 2841025510
1766647532 -22.999454 -43.3747531 1766647506
2841026913 -22.9994489 -43.3753334 1766647458
2938108020 -22.999445 -43.372097 2938108030
2841025724 -22.9994145 -43.3787656 1772719896 2841027018
1766647520 -22.9993896 -43.3745841 1766647532
1766647510 -22.999375 -43.375193 1766647458
2841027018 -22.9993691 -43.3787517 2841027016
2841027016 -22.9993389 -43.3787079 2841025723
2841025723 -22.9993389 -43.3786543 1772719943
1766647486 -22.999296 -43.3744956 1766647520
2841027011 -22.9992642 -43.3799199 2841019721
1766647458 -22.9992614 -43.3752091 1766647524
1766647462 -22.9992054 -43.3744162 1766647482
1766647480 -22.9991923 -43.3744742 1766647486
1772719896 -22.9991831 -43.3788877 2841026405
1766647479 -22.999093 -43.3745086 1766647480 1766647462
1766647524 -22.9990047 -43.3751501 1766647463
2841026405 -22.9989891 -43.3790194 1772719831 2841027001
1766647502 -22.9989623 -43.374616 1766647479
2841022031 -22.9989509 -43.3792581 2841027011
2841027001 -22.9989443 -43.3791355 2841022031
1772719861 -22.9989149 -43.378873 2841025723
1772719831 -22.9988623 -43.3790378 2932904252
2921240474 -22.9988532 -43.3792811 2841019719 1772719898
1766647463 -22.9988071 -43.3751394 2841024920 1766647467
2932904252 -22.9987759 -43.3790793 2841026505
1766647504 -22.9986979 -43.3747322 1766647502
2841024920 -22.9986635 -43.3751459 2841021114
2841019719 -22.9986404 -43.3792476 1772719797 2921240474
2841026006 -22.9986137 -43.3747692 1766647504
1766647467 -22.9986047 -43.3751823 1772719821
2841021114 -22.9985949 -43.3751218 2841024918
2841026305 -22.9985573 -43.3748527 2841026006
2841024918 -22.9985463 -43.3750858 2841021113
2841026004 -22.9985375 -43.3791022 1772719861
2841021113 -22.9985197 -43.3750353 2841025311
2841026303 -22.9985197 -43.3749175 2841026305
2841025311 -22.9985109 -43.3749824 2841026303
1772719821 -22.9984532 -43.3752417 1766647496
2841026505 -22.9984189 -43.3792504 2841025710 2841025406
2841025406 -22.998397 -43.3791761 2841026004 2841026505
1766647499 -22.9983828 -43.3748707 2841026006
2841026502 -22.9982885 -43.3791965 2841025406
2841025717 -22.9981491 -43.3791965 2841026502
1772719797 -22.9980458 -43.3795746 2841019719 1772719812 1772719731
1766647496 -22.9979479 -43.3754398 1772719755
2891992384 -22.9979378 -43.3792498 2841025717 1772719772
2841025710 -22.9978749 -43.3795545 2932904200
2841018724 -22.9978438 -43.3792926 2891992384
2932904200 -22.9978158 -43.3795695 2841022124
2841022025 -22.9977841 -43.3793888 2841018724
1766647491 -22.9977813 -43.3751238 1766647499
1772719772 -22.9977716 -43.3789886 2932904181 2891992384
2841022124 -22.9977587 -43.3795519 2841018722 2932904190
2841018722 -22.9977514 -43.3794572 2841022025
2932904190 -22.9976544 -43.3795857 2841022124 1772719729
1772719755 -22.9975765 -43.3755289 1772719689 1772719735
2932904181 -22.9975415 -43.3783501 1772719745 1772719772
1772719745 -22.9974502 -43.3780892 1772719733 2932904181
1772719735 -22.9974124 -43.3761816 1772719755 2932904167
1772719733 -22.9973654 -43.3775672 1772719745 1772719730
2932904167 -22.9973522 -43.376665 1772719735 2932904165
2932904165 -22.9973344 -43.3771667 2932904167 1772719730
1772719730 -22.9973316 -43.377245 1772719733 2932904165
1772719729 -22.9972948 -43.3798082 1772719702 2932904190 1772719685
1772719702 -22.996949 -43.3791011 1772719693 1772719729
1766647456 -22.9969018 -43.3754789 1766647491
1772719693 -22.9967148 -43.3783732 1772719681 1772719702
1772719689 -22.9966445 -43.3758672 1766647503
2841022121 -22.9966207 -43.3761126 2841023812 2932904145
1772719681 -22.9965803 -43.3775312 2891992383 1772719693
2841023812 -22.9965782 -43.3765262 2841022121 2891992383
2932904145 -22.996578 -43.3760319 2841022121 2932904142
2891992383 -22.9965563 -43.377004 2841023812 1772719681
2932904142 -22.9964873 -43.3760253 2841022010 2932904145
1766647515 -22.9963907 -43.3756892 1766647456
1766647503 -22.9963383 -43.375998 2841019710 1772719635
2841019710 -22.9962088 -43.375994 2841025301
2841025302 -22.9961579 -43.3757835 1766647515
1772719656 -22.9961571 -43.3793556 1772719646 1772719685
2841025301 -22.9961491 -43.3759743 2841022017
2841022604 -22.996118 -43.3758436 2841025302
2841022017 -22.9961177 -43.3759107 2841022604
1772719646 -22.9959801 -43.3786882 2841024106 1772719656
2841024106 -22.9958348 -43.3780212 1772719638 1772719646
1772719635 -22.9957543 -43.3762131 1766647494
2841022010 -22.9957467 -43.3763242 1772719638 2932903950 2932904142
1772719638 -22.9957411 -43.3770877 2841022010 2841024106
1772719628 -22.9954572 -43.3797887 2867857711 2867857712
2867857711 -22.9952984 -43.3792397 2932903965 2932903948 1772719628
1766647494 -22.9951948 -43.3764254 1766647522
2932903965 -22.9951629 -43.3790777 2867857711 2932903917
2932903950 -22.9951089 -43.3765672 2932903926 2841022010
2932903948 -22.995103 -43.3783841 2867857711 2932903922 1772719625
1772719625 -22.9950428 -43.3781064 1772719611 2932903948
1766647522 -22.9950167 -43.3765097 1766647477
2932903926 -22.9950122 -43.3766567 2932903950 2932903914
2932903922 -22.9949875 -43.378582 2932903897 2932903948
2932903917 -22.9949778 -43.3790247 2932903898 2932903965
2932903914 -22.9949608 -43.37682 2932903926 1772719611
1772719611 -22.9949422 -43.3772753 2932903914 1772719625
1766647477 -22.9948437 -43.3766625 1767912457
2932903898 -22.9948257 -43.3790724 2932903917
2932903897 -22.9948196 -43.3786583 2932903922 2932903892
1766647457 -22.9948026 -43.3762568 1766647515
1767912469 -22.9947724 -43.3766082 1767912471
1767912471 -22.9947689 -43.3766811 1767912463
1767912463 -22.9947432 -43.3767702 1767912457
1767912452 -22.9947383 -43.3765341 1767912469
1766660394 -22.9947231 -43.3792914 2932903902 1766660390
1767912457 -22.9946926 -43.3768721 1766647487
2932903892 -22.9946808 -43.3786058 2932903897 2932903891
1767912478 -22.9946741 -43.3764859 1767912452
2932903891 -22.9946361 -43.3785593 2932903892
1767912455 -22.9945951 -43.3764644 1767912478
1767912476 -22.9945161 -43.3764483 1767912455
1766660390 -22.9944959 -43.3784224 1766660394 1766660397
1767912465 -22.9944578 -43.3764518 1766647457 1767912476
1767912470 -22.9943458 -43.3764876 1767912465
1766647487 -22.9942965 -43.3772416 1766647497 1767912467
1766660397 -22.994238 -43.3776642 1767912473 1766660390
1767912467 -22.9942351 -43.3773643 1767912453
1766660398 -22.9942144 -43.3775282 1766660397
1767912453 -22.9942126 -43.3774628 1766660398
2932903888 -22.9941991 -43.3766332 1767912470 2996077292
1767912473 -22.9941672 -43.3775869 1767912466
1766647497 -22.9941544 -43.3773513 1767912461
1766647508 -22.9941131 -43.3767226 2932903888
1767912466 -22.9940992 -43.3775421 2841023608
1767912461 -22.994078 -43.3773925 1766647529
2841023608 -22.9940178 -43.3774971 2841023605
1766647459 -22.9940026 -43.3768002 1766647508
1766647529 -22.9939899 -43.377427 2841023605
2996077292 -22.9939405 -43.3766155 2932903888 2841023606
2841023605 -22.9938575 -43.3774498 1766647513
2841023606 -22.9938558 -43.3766436 2996077292 2938054999
1766647513 -22.9936525 -43.377417 1766647461 1767912458
1767912458 -22.9935643 -43.3774026 1767912456
1766654359 -22.9935056 -43.3770027 1766647459
1767912456 -22.9934942 -43.3773736 1766654355
1767912462 -22.9934648 -43.3770577 1766654359
1766654355 -22.9934352 -43.3773087 1767912454
1767912468 -22.9934278 -43.3771261 1767912462
1767912454 -22.9934179 -43.3772124 1767912468
1766647461 -22.99332 -43.3773582 1767912464
2938205858 -22.9933125 -43.374119 2938205857
1772771909 -22.993266 -43.3710234 1772771924
1772771890 -22.993226 -43.3723756 1772771909
2938205857 -22.9932149 -43.3741804 2938205856
2938140658 -22.9931463 -43.3729506 1772771890
2938205856 -22.9931361 -43.3740805 1772771875
1767912464 -22.9931338 -43.3773331 1766647489
1772771875 -22.9930998 -43.3738272 2938140658
1766647489 -22.9929827 -43.3773348 1766647484
1766647484 -22.9928727 -43.3773563 1766647525
1767912459 -22.9928407 -43.3772556 1766654359
1767912480 -22.9926623 -43.3773548 1767912459
1766647525 -22.9925027 -43.377474 1767912480 1772726591
2841020302 -22.9909565 -43.3799922 2841022108 1772726710
2841022108 -22.990687 -43.3795999 2841020302 2841021903
2841021903 -22.9904236 -43.3791109 2841022006 2841022108
2841022006 -22.9902728 -43.3787166 2841021903
2841022102 -22.9898317 -43.3799065 2891992366
2891992366 -22.9896947 -43.379629 1772726649 2841022102 2841018508
1772726649 -22.9895721 -43.379334 2891992366 2841021502 2841021601
2841021601 -22.9894425 -43.3790197 1772726649
2841018508 -22.9892852 -43.3798682 2891992366 2841021102
2841021502 -22.9891402 -43.3795044 2841021102 1772726649
2841021102 -22.989132 -43.3797315 1772726629 2841021502 2841018508
1772726629 -22.9887649 -43.3799312 2841021102 1772726635 1772726594
1772726594 -22.9885169 -43.3792618 1772726629 1772726591
1772726591 -22.9884482 -43.379063 1766647525 1772726587 1772726594
1772726587 -22.9882089 -43.3791439 1772726591 1772726347 1772726621
2938054999 -22.9863017 -43.3795678 2841023606 2841020501
2841020201 -22.9842761 -43.3785132 2841019901 2841020501
2841019901 -22.9824404 -43.3781465 2841020201 2938054949
