2666257830 -23017207 -43449919 2675827597 2666257823
3872333593 -23016153 -43448528 2666281488
2675827597 -23016081 -43448589 3816512475
3816512475 -23015714 -43448156 2666257811 3816512474
3816512474 -23015635 -43448140 3816512472
3816512473 -23015579 -43448083 2666257811
3816512472 -23015571 -43448148 2666257796 3816512473
2666257811 -23015558 -43447971 3635193889
349338961 -23015114 -43447296 3872333593
2666257796 -23015058 -43448659 3632308332 2666257791 3816512472 2666257819
3635193889 -23014728 -43446989 3635193886
493640635 -23014581 -43440016 2700714834 2700714832
3635193886 -23014503 -43446689 493576847
2666257791 -23014503 -43449205 2666257796 2666257816 3777520264
1789433121 -23014448 -43446383 349338961
2700714832 -23014375 -43440367 493640635 493640333
3777520264 -23014235 -43448906 2666257788 2666257791
493576847 -23014132 -43446270 3632308342 3632308339
1789433128 -23014130 -43446011 1789433121
493640333 -23014107 -43440628 2700714832 493640341
3632308346 -23014103 -43445978 1789433128
3632308342 -23014058 -43446219 3632308338
2666257788 -23014029 -43448725 493576860 2667889939 3777520264
3632308339 -23014010 -43446110 3467949984
3632308338 -23013986 -43446185 3632308335
2664145738 -23013966 -43445910 2666206296
2666206296 -23013964 -43445947 3632308337
3632308337 -23013962 -43445973 3467949984
3632308336 -23013958 -43445846 2664145738
3467949984 -23013947 -43446035 2664145736 3632308333
3632308335 -23013939 -43446175 2664145733
2664145739 -23013939 -43445786 3632308346 3632308336
493640341 -23013933 -43440839 2700714824 3816512467 493640333
3777520263 -23013925 -43448273 2666257788
2664145736 -23013925 -43446083 3632308334
2667889939 -23013925 -43448754 3777520262
3632308334 -23013896 -43446127 2664145733
3632308333 -23013892 -43445963 349339468
3632308332 -23013875 -43447262 2666257796 3632308331
2664145733 -23013861 -43446166 493576846
3632308331 -23013843 -43447242 3632308330
2700714824 -23013823 -43441024 3651057460 493640341
3777520262 -23013821 -43448303 493576830
3816512467 -23013816 -43440612 493640341 3816512466
3632308330 -23013808 -43447234 3632308329
3632308329 -23013771 -43447237 3632308328
3632308328 -23013737 -43447252 3632308327
493576830 -23013732 -43447928 3632308315 493576831
3632308327 -23013709 -43447277 3632308326
3632308326 -23013688 -43447309 3632308325
3632308325 -23013677 -43447347 3777520263
2666257787 -23013569 -43446918 3632308325 3632308332
3651057460 -23013512 -43441467 2700714824 493640260
493576846 -23013451 -43446304 3632308321 493576845
3632308321 -23013435 -43446334 3632308319
3632308320 -23013430 -43446393 2666257787
3632308319 -23013429 -43446359 3632308320
349339468 -23013360 -43445326 493576848
3632308315 -23013323 -43446424 3632308314
3632308314 -23013309 -43446390 3632308313
3632308313 -23013296 -43446375 3632308310
3632308310 -23013280 -43446363 493576845
493576845 -23013254 -43446367 1941981915
493640260 -23013144 -43441929 3651057460 493640649 3816512463
1941981915 -23013086 -43446412 1941981942 3632308308
493576831 -23013031 -43448143 493576830 1941982130 493576833
3816512463 -23013012 -43441711 493640260 3816512462
1941981942 -23012995 -43446388 3632308307
493640649 -23012986 -43442175 493640658 493640260
3816512462 -23012970 -43441550 3816512460 3816512463
3632308308 -23012937 -43446462 1941981703
493576848 -23012936 -43444820 3467949981
3632308307 -23012909 -43446353 1941981721
1941981703 -23012863 -43446496 1941981895
1941982130 -23012841 -43447490 3632308302 493576831
3632308306 -23012839 -43446463 3632308305
3632308305 -23012838 -43446484 3632308304
1941982007 -23012836 -43446443 3632308306
3632308304 -23012834 -43446502 1941981895
3632308303 -23012830 -43446426 1941982007
1941981895 -23012827 -43446520 1941981838
1941981721 -23012827 -43446305 1941982127
493640658 -23012826 -43442343 493640649 3651057459
3632308302 -23012823 -43447471 3632308301
3816512460 -23012814 -43440950 3816512459 3816512462
1941981748 -23012811 -43446405 3632308303
3632308301 -23012803 -43447456 3632308299
1941981838 -23012798 -43446558 1941981710
3632308300 -23012789 -43446391 1941981748
3632308299 -23012780 -43447446 1941982142
1941981710 -23012773 -43446606 3632308296
1941982029 -23012766 -43446384 3632308300
1941982142 -23012756 -43447440 3632308295
1941982127 -23012751 -43446246 1941981804
3632308296 -23012742 -43446694 493576832
3632308297 -23012741 -43446383 1941982029
3632308295 -23012731 -43447439 1941982056
3632308294 -23012718 -43447011 1941982130
1941981909 -23012717 -43446393 3632308297
1941982056 -23012707 -43447442 3632307591
3632307592 -23012703 -43446927 3632308294
493576832 -23012702 -43446837 3632307589 3632307592
3632308293 -23012697 -43446408 1941981909
1941981804 -23012683 -43446177 1941981860
3632307591 -23012683 -43447451 1941981918
1941982166 -23012681 -43446429 3632308293
1941982041 -23012668 -43446457 1941982166
3632307589 -23012665 -43447007 3632307587
1941981918 -23012662 -43447464 3632307588
1941982044 -23012648 -43446437 1941981999
493576822 -23012648 -43446525 1941982041 1941982044
3632307588 -23012642 -43447481 1941981936
1941981999 -23012632 -43446336 1941982074
1941981936 -23012626 -43447501 3632307586
1941981860 -23012624 -43446100 1941982164
1941981907 -23012614 -43446768 493576822
3632307586 -23012614 -43447524 1941981707
3632307587 -23012614 -43447309 2841027213
1941981707 -23012605 -43447549 1941981794
2841027213 -23012600 -43447411 1941981794
1941981794 -23012598 -43447584 3643515780
3643515780 -23012588 -43447663 2664120875
1941982164 -23012575 -43446014 1941982074
2664120875 -23012540 -43448021 2664120873 3632307584
1941982074 -23012529 -43445927 3632307581
3632307584 -23012527 -43448050 3632307583
3632307583 -23012507 -43448073 3632307580
3632307581 -23012496 -43445695 493576821
3632307580 -23012487 -43448085 2664120872
2667889937 -23012486 -43449092 3635193850 493576882
3632307579 -23012478 -43447451 1941981907
2664120873 -23012475 -43448376 493576843
3635193850 -23012474 -43449070 2667889936
3632307578 -23012470 -43448327 2664120873
2664120872 -23012469 -43448092 3632307575
3632307577 -23012463 -43448290 3632307578
2778610612 -23012461 -43442962 2778610610
2667889936 -23012458 -43449052 3635193848
2664120868 -23012455 -43443965 2664145739
3632307576 -23012454 -43448266 3632307577
3632307575 -23012453 -43448096 3632307572
3632307574 -23012439 -43448246 3632307576
3635193848 -23012438 -43449039 3635193846
3632307572 -23012423 -43448093 3632307571
3632307573 -23012420 -43448231 3632307574
3635193846 -23012416 -43449031 3635193844
2664120871 -23012397 -43448222 3632307573
3632307571 -23012396 -43448081 3632307569
2778610610 -23012395 -43442710 2778610612 3651057458
493576843 -23012395 -43448662 2667889935 2667889937
3635193844 -23012393 -43449029 3635193842
2664059546 -23012392 -43447748 3632307579
3632307568 -23012388 -43443927 2664120868
3632307570 -23012374 -43448219 2664120871
3632307569 -23012373 -43448061 3632307566
3635193842 -23012370 -43449032 3635193840
3632307567 -23012364 -43447788 2664059546
3632307566 -23012356 -43448035 2664120870
3632307565 -23012350 -43448223 3632307570
3635193840 -23012349 -43449041 3635193839
2664120870 -23012348 -43448005 2664120869
2664120869 -23012346 -43447945 2664059546
2664120867 -23012340 -43443911 3632307568
493576821 -23012337 -43445066 3643515737 493576826
3632307564 -23012336 -43447810 3632307567
3635193839 -23012330 -43449055 3635193838
3632307563 -23012329 -43448234 3632307565
3643515737 -23012318 -43444992 3643515734
3651057459 -23012317 -43442491 493640658 493640242
3635193838 -23012314 -43449074 3635193837
3632307562 -23012311 -43448251 3632307563
3635193837 -23012303 -43449096 2667889935
2664059544 -23012303 -43447821 3632307564
3632307555 -23012301 -43443907 2664120867
2667889935 -23012296 -43449120 3643515728
3632307559 -23012291 -43448219 3632307550 2664120869
3632307560 -23012290 -43448277 3632307562
3643515734 -23012288 -43444876 3643515730
3632307550 -23012282 -43448143 2664059541
3632307558 -23012279 -43448298 3632307560
3632307552 -23012272 -43443909 3632307555
3632307556 -23012267 -43447819 2664059544
493576849 -23012265 -43448336 3632307559 3632307558
3632307554 -23012235 -43448550 493576849
3632307553 -23012235 -43447805 3632307556
3467949981 -23012233 -43443920 3632307552 493576857
3632307551 -23012216 -43448760 3632307554
3632307549 -23012209 -43447779 3632307553
3632307548 -23012194 -43448922 3632307551
2664059541 -23012192 -43447746 3632307549 493576853
3632307547 -23012187 -43443946 3467949981
2664120866 -23012154 -43443976 3632307547
3643515730 -23012142 -43444318 2664120864
3632307546 -23012123 -43444017 2664120866
2664120865 -23012107 -43444050 3632307546
3643515729 -23012098 -43449405 3632307548
3632307545 -23012097 -43444084 2664120865
2664120864 -23012095 -43444149 3632307542 3632307545
493576853 -23012083 -43447364 493576854 2664059541 493576826
2664059539 -23012078 -43449508 3643515729
3635193825 -23012063 -43449540 2664059539
2664059536 -23012039 -43449565 3635193825
2778610606 -23012032 -43443428 2664120868
3635193821 -23012010 -43449581 2664059536
493576850 -23011992 -43449980 2664059533 2664059539
3632307542 -23011986 -43443749 3632307541
2778610604 -23011980 -43443181 2778610602 2778610603
3635193819 -23011977 -43449587 3635193821
3632307541 -23011951 -43443659 493576857
3635193817 -23011944 -43449581 3635193819
3635193816 -23011915 -43449564 3635193817
493640390 -23011907 -43441690 3816512456 3816512453
2778610603 -23011900 -43443278 2778610606 2778610604
3816512456 -23011893 -43441808 493640390 3816512455
3635193815 -23011892 -43449538 3635193816
2664059533 -23011877 -43449505 3635193815 493576854
3651057458 -23011874 -43442856 3651057457 2778610610
493576857 -23011855 -43443459 3467949976
3816512455 -23011854 -43441900 493640245 3816512456
3651057457 -23011841 -43442874 3651057456 3651057458
2778610602 -23011833 -43443019 3651057455 2778610604
3651057456 -23011817 -43442906 3651057457 3651057454
3651057455 -23011813 -43442985 2778610602 3651057454
3651057454 -23011807 -43442945 3651057455 3651057456
2664044064 -23011754 -43443111 2778610603
493640242 -23011746 -43442660 3651057459 493640245
2664044062 -23011690 -43443069 2664044064
3797946640 -23011639 -43443054 2664044062
2664044060 -23011606 -43443055 3797946640
3651057453 -23011570 -43443058 2664044060
493576826 -23011567 -43445292 493576853 493576825 493576821
493640245 -23011542 -43442371 493640242 1789433090 3816512455
3467949976 -23011501 -43443069 3651057453 349339470
3816512453 -23011497 -43440066 493640390 3816512451
493576854 -23011408 -43447559 493576853 2664059533 3816512448
349339470 -23011388 -43442939 2664044051
1789433090 -23011299 -43442602 2664044064 493640245
2664044056 -23011228 -43449807 2664044038 3816512452 493576855
3632312392 -23011137 -43442874 2664044053
3632312391 -23011135 -43442972 3632312392
2664044053 -23011127 -43442784 2664044054
2664044049 -23011120 -43443077 3632312391
2664044054 -23011103 -43442697 2664044051
493576827 -23011088 -43443193 3467949976 2664044049 493576826
2664044051 -23011050 -43442556 2675758565
3816512448 -23011041 -43446195 493576854 493576825
1789433079 -23010952 -43442223 1789433090
2675758565 -23010908 -43442400 2664044030
2675758559 -23010874 -43443257 493576827
493576825 -23010872 -43445492 493576824 493576826 3816512448 3816512441
3816512441 -23010700 -43444771 493576825 3816512433
493576855 -23010692 -43447780 2664044056 493576854 3816512424
3816512433 -23010496 -43443951 3816512441 493576828
493576828 -23010365 -43443410 2675758559 3816512433
3816512424 -23010346 -43446410 493576824
2664044030 -23010260 -43441662 3280355914 2664044020
493576824 -23010182 -43445705 1769660093 493576829
1789433018 -23010066 -43441178 1789433079
3651245559 -23010047 -43447959 493576855
1769660109 -23009968 -43447980 3651245559 2664044038
2060690941 -23009966 -43449903 2060690945 2506806005
2810138623 -23009954 -43447924 1769660109
3280355914 -23009953 -43441291 3280355915
2664044026 -23009950 -43443534 493576828
2506806007 -23009943 -43447874 2810138623
3280355915 -23009924 -43441255 349339472
2664044020 -23009909 -43441402 2664044004
2664044022 -23009892 -43443525 2664044026
3797946627 -23009866 -43443512 2664044022
3632312379 -23009849 -43443494 3797946627
2060696592 -23009845 -43447488 2506806007 2060696597
2675827666 -23009836 -43440933 1789433018
2060696597 -23009830 -43447654 3651245558
2664044018 -23009826 -43443451 3632312379
3651245558 -23009812 -43447727 2685849544
493576856 -23009811 -43448025 2060690947
2506806006 -23009800 -43447977 493576856
2685849544 -23009791 -43447790 2593865547
3632312378 -23009774 -43443291 2664044018 2664044014
2664044014 -23009772 -43443308 3632312377
2593865547 -23009768 -43447838 3797946624 2506806006
3632312377 -23009766 -43443323 3632312376
3632312376 -23009756 -43443336 3632312375
3632312375 -23009744 -43443346 3632312374
3632312374 -23009730 -43443352 3632312373
3797946624 -23009726 -43447890 3651245555
2664044012 -23009716 -43443530 3632312368
3651245557 -23009716 -43443562 2664044012
3632312373 -23009715 -43443353 3632312372
3651245556 -23009701 -43443593 3651245557
3632312372 -23009700 -43443351 3632312371
3651245555 -23009688 -43447916 2593865546
3651057444 -23009687 -43442926 3632312378 3651245552
3632312371 -23009686 -43443344 3632312369
3632312369 -23009674 -43443333 3632312368
3632312368 -23009665 -43443320 3632312367
493576829 -23009658 -43443622 2664044026 3651245556
2593865546 -23009645 -43447940 2060696593
2664044004 -23009637 -43441225 3650149387
3632312367 -23009636 -43443223 3651245552
2060696593 -23009601 -43447950 2060696590
2664044006 -23009600 -43440674 2675827666
3651245552 -23009574 -43442962 3651245546 3651057444
3650149387 -23009568 -43441197 3632312366
3816512385 -23009557 -43442406 3651057444
2060696590 -23009552 -43447955 3797946622
2060690945 -23009536 -43449013 2506806008
3797946622 -23009520 -43447950 3313332467
3632312366 -23009510 -43441188 2664044002 3650149386
2506806005 -23009497 -43448066 3313332467
349339472 -23009480 -43440739 1789433074
3313332467 -23009467 -43447943 3651245549 2060696591
2664044002 -23009448 -43441203 3632312362
1769660093 -23009439 -43445916 2060696592
3650149386 -23009430 -43441183 3650149385
2060696591 -23009423 -43447762 2593865541
3632312362 -23009404 -43441232 2664044000
3651245549 -23009397 -43447897 2593865544
2664044000 -23009370 -43441266 3632312361
2593865544 -23009351 -43447855 2060696594
3632312361 -23009345 -43441300 3651057435
3651245546 -23009337 -43442063 2664043992
2664043998 -23009330 -43441505 2664043992 3816512385
3651057435 -23009323 -43441349 2664043996
2664043996 -23009317 -43441409 2664043998
2060696594 -23009304 -43447786 2060696599
2506806008 -23009297 -43448091 2810138620
2810138620 -23009286 -43448043 2662160721
2060696599 -23009247 -43447685 2060696589
2662160721 -23009243 -43447876 2662160716 2060696589
2664043992 -23009206 -43441537 2664043998 2664043990
2664043990 -23009160 -43441416 3632312360
2060696589 -23009140 -43447468 2662160713
2060706247 -23009127 -43444699 1769660093
3632312360 -23009124 -43441354 2664043988
2664043988 -23009070 -43441304 3632312358
2664043984 -23009059 -43443802 493576829
1789433020 -23009022 -43440062 2664044006
3632312358 -23009012 -43441276 2664043986
3651245545 -23009008 -43444450 2060706247
3650149385 -23009008 -43441220 3650149384
3651245544 -23008977 -43443826 2664043984
2664043986 -23008949 -43441268 2664043980
3280368922 -23008946 -43444028 2060706247
2506805990 -23008932 -43443979 3280368922
2060706255 -23008924 -43444340 3651245545
3650149384 -23008908 -43441248 3632312353
2664043982 -23008906 -43443848 3651245544 2506805990
3280368923 -23008903 -43444468 2593865547
1789433074 -23008893 -43440164 3467949969
2662160718 -23008893 -43448597 2662160717 2662160715
2664043980 -23008878 -43441274 3632312353
2662160717 -23008864 -43448678 493640999 2662160718
2593865543 -23008857 -43444288 2060706255 3280368923
2662160716 -23008849 -43447960 2662160714 2662160721
3632312353 -23008821 -43441290 2664043978
3797946619 -23008819 -43444129 2593865543
2506806000 -23008807 -43444080 3797946619
2060706243 -23008799 -43444256 2593865543
2662160715 -23008792 -43448181 2662160714 2662160718
2664002480 -23008789 -43443428 2664043982
2662160714 -23008786 -43448038 2662160716 2662160715
3467949969 -23008771 -43440014 493640488
2662160713 -23008769 -43446047 2060706246
2060706249 -23008749 -43444244 2060706243
2664043978 -23008748 -43441340 3632312352
3797946616 -23008700 -43444244 2060706249
3797946615 -23008653 -43444255 3797946616
3632312352 -23008634 -43441470 2664043974
2060706238 -23008613 -43444270 3797946615
1769660088 -23008612 -43442760 2664002480
2060706242 -23008587 -43444286 2060706238
2664043974 -23008564 -43441580 2664043971
2593865541 -23008544 -43444319 2060706242 2506805998
3797946614 -23008520 -43444343 2593865541
2664043971 -23008514 -43441693 3632312351
2506805998 -23008506 -43444168 3280368927
2593865540 -23008496 -43444384 3797946614
3280368927 -23008493 -43444122 2060706231
3632312351 -23008483 -43441792 3632312350
2060706237 -23008473 -43444443 2593865540
2664043969 -23008460 -43442138 1769660088
3632312350 -23008457 -43441916 3632312349
2060706230 -23008448 -43444578 2060706237
3632312349 -23008446 -43442019 2664043969
2060706246 -23008439 -43444718 2506805999 2060706230
2506805999 -23008331 -43444289 3280368930
3280368930 -23008302 -43444180 2060706244
146452577 -23008253 -43441903 1769660088 2506806000
2060706244 -23008231 -43443904 1759975665 583011556
3797946612 -23008165 -43441564 146452577
3797946611 -23008152 -43441515 3797946612
1759975665 -23008089 -43443344 2060706231 2663756598
493640999 -23008041 -43448927 2662160717 2593378013 2662160701
2060706231 -23007995 -43442186 3797946606
2663756598 -23007899 -43442596 3797946604
2662160701 -23007879 -43448228 2662160695 493640999 2662160696
3797946606 -23007855 -43441640 3797946605
3797946605 -23007843 -43441596 2055468985
2662160696 -23007702 -43448319 2662160670 2662160701
3797946604 -23007672 -43441693 3797946603
3797946603 -23007660 -43441647 1772987629
2662160695 -23007634 -43447262 2662160671 2972901443 2662160701
1772987629 -23007368 -43440486 2663756572 1772987626
2972901443 -23007160 -43445371 2662160695 583011556
583011556 -23006880 -43444252 583011632 2060706244 583011555 2972901443
583011555 -23006752 -43444134 2663196647 583011556
2663196647 -23006303 -43442373 1772987628 583011555
2663196645 -23006223 -43441719 2663196639 2663196642
2663196642 -23006223 -43441665 2663196645 2663196636
2663196639 -23006203 -43441766 1772987628 2663196645
2663196636 -23006190 -43441619 2663196633 2663196642
1772987628 -23006170 -43441790 2663196639 2663196630 2663196647
2663196633 -23006155 -43441598 2663196636 2663196627
2663196630 -23006124 -43441792 1772987628 2663196624
2663196627 -23006119 -43441591 1772987627 2663196633 2663196621
2662160670 -23006100 -43448822 2662160696 2663196609
2663196624 -23006085 -43441767 2663196630 2663196618
2662160672 -23006075 -43449185 2663196604
2663196621 -23006074 -43441627 2663196627 2663196615
1772987627 -23006073 -43441441 2663196612 2663196627
2663196618 -23006056 -43441726 2663196615 2663196624
2663196615 -23006054 -43441669 2663196621 2663196618
2663196612 -23006037 -43441295 1772987627 1772987626
2662160671 -23006028 -43447743 2662160695 2662160668
2663196609 -23006026 -43448887 2662160670 2663196604
2663196604 -23006015 -43448976 2663196609 2662160672
1772987626 -23005933 -43440911 1772987629 2663196601 2663196612
2663196601 -23005886 -43440847 583011554 1772987626
2662160668 -23005837 -43447743 2662160671 2662160667
583011554 -23005781 -43440427 1772987625 2663196601
2662160667 -23005619 -43447823 2662160668
583011632 -23004886 -43444820 1772987613 2663086454 583011556
2662978045 -23004202 -43449975 2662978047 583093564 2662978043
2662978043 -23004042 -43449322 583093555 2662978041 2662978045
1772987619 -23003972 -43440231 1772987625
2662978041 -23003943 -43448899 583093558 2662978043
583093555 -23003670 -43449433 583093556 2662978043 583093564
1772987614 -23003613 -43441510 2663045304
2663086454 -23003507 -43445264 2662978034 583011632 2663086453
583093558 -23003490 -43449033 583093559 2662978041
2663045304 -23003466 -43441005 1772987610 1772987614
1772987610 -23003370 -43440493 1772987608 2663045304
583093550 -23003352 -43449869 583093548 583093556 583093563
2663086453 -23003331 -43445164 2663086454 2663086450 2663086452
583093556 -23003266 -43449534 583093555 583093559 583093550
2663086452 -23003226 -43445099 2663086453 2663086451
2662978037 -23003180 -43446721 2662978034
583093559 -23003166 -43449128 583093558 583093556
1772987606 -23002989 -43441713 1772987604
583093548 -23002957 -43449980 583093569 583093550 2663002321
2663086451 -23002951 -43444077 2663086452
2663086450 -23002917 -43445271 2663086453 2663086448 2663086449
2662978034 -23002863 -43445481 583093523 2663086454 2662978037
1772987604 -23002834 -43441300 1772987606 1772987603
583093569 -23002753 -43449169 583093548 583093570
1772987603 -23002732 -43440674 1772987599 1772987604
2663086449 -23002636 -43444256 2663086450
2663002320 -23002601 -43446996 2663002319
1772987600 -23002601 -43441996 1772987596
2663086448 -23002587 -43445347 2663086446 2663086447 2663086450
1772987599 -23002539 -43440038 1772987608 1772987603 1772987597
2663002319 -23002488 -43446510 2663002317 2663002320 2663002318
1772987597 -23002458 -43440067 1772987599 1772987596 2663045291
2663002318 -23002419 -43445912 2663002319
2663086447 -23002322 -43444420 2663086448
583093570 -23002279 -43447195 583093569 2663002317
2663086446 -23002236 -43445458 2663086448 2663086445
2663002317 -23002189 -43446581 2663002319 583093570 583093571
583093571 -23002160 -43446380 2663002317 583093523
1772987596 -23002134 -43440164 1772987590 1772987600 1772987597
583093523 -23002121 -43445725 583093522 2662978034 583093571
2663086445 -23001925 -43444451 2663086446
1772987594 -23001899 -43442146 1772987590
583093522 -23001874 -43445768 583093520 583093523
1772987590 -23001471 -43440346 1772987594 1772987596 1772987589
583093520 -23001420 -43443966 583093522 583093517
583093516 -23001271 -43442421 583093515 583093517
1772987589 -23001147 -43440437 1772987590
583093517 -23001133 -43442464 583093520 583093516
3778076652 -23000179 -43449110 3778076649
3778076650 -23000114 -43448371 3778076646
