3084323755 -23.0270709 -43.5469732 3084323752 3084323754
3084323754 -23.0270694 -43.5466973 3084323755 3084323753
3084323753 -23.0270218 -43.5463681 3084323749 3084323754
3084323752 -23.0270175 -43.5470939 3084323755 3084323740
3084323751 -23.026923 -43.545917 3084323750 3084323748
3084323750 -23.0269205 -43.5459636 3084323751 3084323747
3084323749 -23.0269165 -43.546158 3084323753 3084323746
3084323748 -23.0269039 -43.5458637 3084323751 3084323745
3084323747 -23.0268876 -43.5460228 3084323746 3084323750
3084323746 -23.0268812 -43.5460765 3084323749 3084323747
3084323745 -23.0268797 -43.5458241 3084323748 3084323744
3084323744 -23.0268447 -43.5458053 3084323745 3084323743
3084323743 -23.0268043 -43.5458014 3084323742 3084323744
3084323742 -23.0267217 -43.5458233 3084323739 3084323743
3084323741 -23.0267123 -43.5498487 3084323756 3084323732
3084323740 -23.0265298 -43.5476676 3084323738 3084323752
3084323739 -23.0265135 -43.546002 3084323742 3084323736
3084323738 -23.0264476 -43.5477554 3084323737 3084323740
3084323737 -23.0263841 -43.5479232 3084323735 3084323738
3084323736 -23.0263735 -43.546107 3084323739 3084323733
3084323735 -23.0263351 -43.547978 3084323737 3084323734
3084323734 -23.0262644 -43.5479859 3084323731 3084323735
3084323733 -23.0262408 -43.546129 3084323736 3084323730
3084323732 -23.0262369 -43.5495982 3084323729 3084323741
3084323731 -23.0261389 -43.5479467 3084323728 3084323734
3084323730 -23.0260922 -43.5461102 3084323733 3084323722
3084323729 -23.0260411 -43.5495228 3084323725 3084323732
3084323728 -23.0260249 -43.5479028 3084323721 3084323731
3084323727 -23.0259839 -43.5496558 3084323723 3084323724
3084323725 -23.0259758 -43.5495184 3084323729 3084323723
3084323724 -23.0259737 -43.5498531 3084323727 3084323726
3084323723 -23.0259513 -43.5495627 3084323725 3084323727
3084323722 -23.0259306 -43.5460929 3084323730 3084323717
3084323721 -23.0258763 -43.5478887 3084323714 3084323728
3084323720 -23.025859 -43.5483997 3084323719 3084323718
3084323719 -23.0258518 -43.5484562 3084323720 3084323716
3084323718 -23.0258345 -43.5483527 3084323720 3084323710
3084323717 -23.0257878 -43.546013 3084323722 3084323705
3084323716 -23.025784 -43.5485032 3084323719 3084323695
3084323714 -23.0257565 -43.5479122 3084323709 3084323721
3084323710 -23.0256844 -43.5480987 3084323718 3084323708
3084323709 -23.0256671 -43.5479859 3084323708 3084323714
3084323708 -23.0256584 -43.5480172 3084323710 3084323709
3084323706 -23.0256291 -43.546339 3084323702
3084323705 -23.025606 -43.5458797 3084323703 3084323717
3084323703 -23.0255237 -43.5458703 3084323705 3084323701
3084323702 -23.0254473 -43.5460913 3084323700 3084323706
3084323701 -23.0254357 -43.5459079 3084323703 3084323700
3084323700 -23.0254184 -43.5459957 3084323701 3084323702
3084323698 -23.0253584 -43.5483449 3084323694
3084323697 -23.0250482 -43.5479718 3084323693
349321537 -23.0248386 -43.5499594 2894743276 349321538
2894743276 -23.02477 -43.5496986 2894743280 349321536 349321537
349321536 -23.0246461 -43.549435 3084323695 2894743276
3084323695 -23.024497 -43.5491813 349321535 349321536 3084323716
349321535 -23.0243555 -43.5489407 3084323694 3084323695
3084323694 -23.0243309 -43.548905 349321535 3084323698 3084323693
3084323693 -23.0240411 -43.548484 3084323697 349321534 3084323694
349321534 -23.0238036 -43.5481391 349321533 3084323693
349321533 -23.0233461 -43.547521 349321534 349321532
349321532 -23.0231018 -43.5472324 349321531 349321533
349321531 -23.0227962 -43.5470355 2894743275 349321532
2894743275 -23.0222455 -43.5466682 349321529 349321531
349321529 -23.0219813 -43.5465255 349321528 2894743275
349321528 -23.0217899 -43.5464766 349321527 349321529
349321527 -23.021429 -43.5464642 2894743274 349321528
2894743274 -23.0212313 -43.5464389 349321526 349321527
349321526 -23.0210255 -43.5463618 2894743274 349321525
349321525 -23.0208729 -43.5462618 349321524 349321526
349321524 -23.0206033 -43.5459796 2894743273 349321525
