3267695084 -23011026 -43330365 3267695085
3267695085 -23011022 -43330416 349340972
349340972 -23010990 -43330897 349340971
3267695087 -23010828 -43330282 3214166278
3267695086 -23010822 -43330334 3267695087
349340971 -23010816 -43332425 349340970
339015288 -23010785 -43330700 3267695086
349340970 -23010737 -43334219 511973548
339015487 -23010723 -43331321 2028746641 339015288
511973548 -23010707 -43334939 511973539 511973547
339016021 -23010684 -43331862 339015487
511973506 -23010679 -43331960 339016021
511973547 -23010638 -43335393 511973546
2028746641 -23010637 -43331260 339015490
2028746607 -23010628 -43330750 339015288
511973539 -23010624 -43336964 349340969
2323337724 -23010612 -43333276 511973506
511973540 -23010591 -43336457 511973539
511973546 -23010591 -43335427 511973545
3215291685 -23010579 -43333936 2323337724
349340969 -23010575 -43337423 2323337684
339016023 -23010565 -43334213 3215291685
339015289 -23010560 -43330757 2028746607
511973541 -23010559 -43336397 511973540
511973545 -23010551 -43335393 511973544
3215291664 -23010545 -43330851 3215291663
2900095852 -23010540 -43334730 339016023
339015490 -23010534 -43331236 3215291661
511973544 -23010531 -43334912 2900095852
3215291663 -23010530 -43331068 3215291662
3215291665 -23010520 -43330795 3215291664
511973542 -23010504 -43336466 511973541
511973528 -23010498 -43335608 511973544 511973527
3215291662 -23010490 -43331149 3215291661
2323337684 -23010476 -43339633 348173731
348173731 -23010473 -43339699 2323354259
3215291666 -23010441 -43330747 339015289 3215291665
511973543 -23010433 -43336938 511973542 511973528
339016025 -23010415 -43337312 511973543
511973560 -23010411 -43337470 339016025 511973556
511973557 -23010331 -43338593 511973555 511973560
2323337672 -23010308 -43339571 511973557
339016027 -23010307 -43339615 2323337672
511973576 -23010293 -43339716 511973554 339016027
3215291661 -23010235 -43331199 2028746495
2028746495 -23009734 -43331136 2028746600
339015291 -23009673 -43330686 3215291666
2028746526 -23009578 -43330664 339015291
2028746518 -23009511 -43330634 2028746526
2028746600 -23009505 -43331123 339015492
511973556 -23009460 -43337406 511973555 511973553 511973560
339015292 -23009453 -43330583 2028746518
511973555 -23009417 -43338544 511973556 511973554 511973557 511973552
339015492 -23009413 -43331132 2028746547
511973554 -23009350 -43339669 511973551 511973555 511973576
2028746547 -23009341 -43331149 2028746510
339015294 -23009118 -43330264 339015292
2028746510 -23009089 -43331225 2028746603
2028746575 -23009066 -43330230 339015294
2028746505 -23009005 -43330201 2028746575
339015296 -23008921 -43330189 2028746505
2028746603 -23008875 -43331271 2028746549
511973553 -23008805 -43337367 511973556 511973552 349340470
2028746549 -23008787 -43331278 339015496
511973552 -23008750 -43338500 511973551 511973553 511973555 511973558
511973551 -23008711 -43339632 511973561 511973554 511973552
339015496 -23008709 -43331261 2028746553
2028746582 -23008640 -43330179 339015296
2028746614 -23008587 -43330187 2028746582
339015299 -23008544 -43330200 2028746614
2028746644 -23008498 -43330219 339015299
339015301 -23008455 -43330242 2028746644
511973527 -23008442 -43335487 511973526 511973528
2028746553 -23008417 -43331171 339015499
339015303 -23008267 -43330375 339015301
2028746593 -23008214 -43330405 339015303
2028746507 -23008172 -43330420 2028746593
339015306 -23008114 -43330426 2028746507
511973558 -23008078 -43338466 511973552 511973559 511973561
2028746488 -23008032 -43330413 339015306
511973561 -23008031 -43339603 511973550 511973551 511973558
511973535 -23008007 -43334577 511973534 511973536
511973536 -23007999 -43335230 511973535 511973537 511973526
511973526 -23007968 -43335633 511973525 511973529 511973527 511973536
339015308 -23007962 -43330380 2028746488
339015499 -23007938 -43330993 2028746625
511973537 -23007920 -43335307 511973529 511973536
339015310 -23007909 -43330332 339015308
511973534 -23007889 -43334492 511973533 511973535
2028746625 -23007865 -43330954 2028746512
339015350 -23007822 -43330229 339015310
2028746512 -23007807 -43330905 2028746589
339015352 -23007787 -43330121 339015350
2028746589 -23007755 -43330848 2028746628
339015312 -23007740 -43330141 339015350
2028746611 -23007737 -43330040 339015352
2028746628 -23007721 -43330804 2028746646 2028746618
511973529 -23007707 -43335307 511973530 511973537 511973526
2028746586 -23007668 -43330084 339015312
2028746618 -23007648 -43330732 2028746562
511973533 -23007628 -43334492 511973532 511973534
511973559 -23007604 -43338431 511973558 511973565 511973566
511973530 -23007589 -43335247 511973529 511973531
2028746562 -23007582 -43330629 2028746501
511973525 -23007581 -43335770 349340468 511973526
2028746646 -23007562 -43330448 2028746539
511973532 -23007549 -43334560 511973533 511973531
511973566 -23007541 -43338491 511973567 511973559
511973565 -23007541 -43338363 511973564 511973559
2028746501 -23007539 -43330571 2028746531
511973531 -23007533 -43335170 511973530 511973532
2028746539 -23007515 -43330374 2028746521
2028746531 -23007498 -43330538 2028746544
2028746497 -23007493 -43330007 2028746586
2028746544 -23007466 -43330521 2028746516 2028746620
2028746521 -23007451 -43330301 339015135
2028746516 -23007390 -43330462 2028746569
511973567 -23007383 -43338491 511973562 511973566
511973564 -23007383 -43338363 511973562 511973565
2028746620 -23007382 -43330508 2028746536
2028746536 -23007342 -43330515 2028746565
339015135 -23007338 -43330217 339015134
511973562 -23007336 -43338431 511973567 511973563 511973564
2028746569 -23007323 -43330398 2028746499
2028746499 -23007298 -43330359 2028746596
2028746565 -23007297 -43330531 2028746573
2028746596 -23007268 -43330309 2028746579
2028746573 -23007254 -43330561 2028746541
2028746579 -23007238 -43330218 339015354 2028746503
2028746541 -23007214 -43330599 2028746503
2028746503 -23007172 -43330664 2028746579 349340465
349340465 -23007150 -43330811 2028746503 349340466
349340466 -23007063 -43331652 349340465 2323337782
2323337782 -23007005 -43333126 349340466 349340467
349340467 -23006992 -43333463 2323337782 349340468
349340468 -23006905 -43335721 511973525 349340467 349340470
511973563 -23006893 -43338414 511973562 511973568 511973549
349340470 -23006834 -43337283 511973553 349340468 511973568
511973568 -23006798 -43338234 349340470 511973569 511973563
511973549 -23006775 -43338526 511973550 511973563 511973569
511973550 -23006735 -43339547 511973561 511973549
511973569 -23006727 -43338371 511973568 511973549
400646692 -23006476 -43330587 376203367 376203374
376203374 -23006393 -43331482 400646692 1772683567
1772683567 -23006313 -43333540 376203374 1772683564 1772683556
1772683564 -23006242 -43334965 1772683567 1772683522 376203375
376203375 -23006235 -43335585 1772683564 1772683561
1772683561 -23006229 -43335701 1772683542 376203375 1772683558
1772683558 -23006093 -43338680 1772683561 376203376 1772683539
376203376 -23006053 -43339316 2348779818 1772683558
2348779818 -23006044 -43339482 2348779738 376203376 1373104967
1772683556 -23005883 -43333197 1772683522 1772683513 1772683567
1772683542 -23005537 -43335110 1772683532 1772683561 1772683505
1772683539 -23005448 -43338252 1772683558 1772683526
1772683532 -23005372 -43337714 1772683542
1772683526 -23005338 -43338210 1772683519 1772683539
1772683529 -23005301 -43331363 1772683394 1772683536
1772683536 -23005266 -43331597 1772683529 1772683513
1772683522 -23005224 -43334058 1772683556 1772683480 1772683564
1772683519 -23005137 -43338175 1772683526 1772683516
1772683516 -23004962 -43338009 1772683519 1772683507
1772683513 -23004806 -43332261 1772683480 1772683495 1772683556 1772683536
1772683505 -23004771 -43334372 1772683542 1772683459 1772683501
1772683507 -23004745 -43337808 1772683503 1772683516
1772683503 -23004647 -43337761 1772683507 1772683494
1772683501 -23004552 -43337034 1772683505
2348779738 -23004487 -43338614 2348779794
1772683495 -23004478 -43332058 1772683469 1772683513
2348779830 -23004446 -43338453 376203376
1772683494 -23004411 -43337658 1772683503 1772683482
1772683482 -23004297 -43337554 1772683472 1772683494
1772683480 -23004278 -43333079 1772683522 1772683513
1772683472 -23004212 -43337498 1772683482 1772683464
1772683469 -23004088 -43331850 1772683495 1772683442 1772683462
1772683464 -23004035 -43337374 1772683472 1772683403
1772683459 -23003959 -43333667 1772683505 1772683453 171605994
1772683453 -23003879 -43334959 1772683459 1772683450 1772683415
1772683462 -23003862 -43331747 1772683374 1772683469
2348779794 -23003814 -43338267 2348779746
1772683450 -23003782 -43336549 1772683453
2348779746 -23003735 -43338243 2348779804
2348779804 -23003611 -43338224 2348779742
1772683442 -23003559 -43332606 1772683469
2348779742 -23003471 -43338244 2348779810
2348779810 -23003335 -43338281 1772683418
2348779781 -23003289 -43338003 1772683438
1772683438 -23003283 -43338085 1772683440
1772683440 -23003274 -43338164 1772683434
2348779764 -23003266 -43337931 2348779781
1772683434 -23003235 -43338274 2348779792
2348779816 -23003228 -43337855 2348779764
2348779792 -23003202 -43338330 1772683418
2348779795 -23003198 -43337807 2348779816
1772683421 -23003197 -43334044 3515173524 1772683415
1772683415 -23003130 -43334912 1772683453 1772683421 1772683409
1772683418 -23003128 -43338376 1772683372
1772683436 -23003100 -43337694 2348779830 2348779795
1772683409 -23003057 -43335857 3515173523 1772683415
1772683403 -23003022 -43336693 1772683392 1772683464
1772683394 -23002984 -43330280 1772683529
1772683392 -23002913 -43336551 1772683381 1772683403
1772683381 -23002728 -43336457 1772683392 1772683376
1772683372 -23002572 -43338612 2348779800 2348779752
1772683370 -23002528 -43337409 1772683436
1772683376 -23002526 -43336457 1772683381 1772683364
1772683374 -23002495 -43331177 1772683346 1772683462
3515173524 -23002489 -43333438 3515173523 1772683421 1772683358
2348779800 -23002481 -43338617 2348779758
2348779809 -23002414 -43337415 1772683370
2348779758 -23002374 -43338620 1772683368
3515173523 -23002337 -43335377 1772683354 3515173524 1772683409
2348779739 -23002324 -43337442 2348779809
1772683368 -23002291 -43338606 2348779814
2348779785 -23002242 -43337475 2348779739
2348779814 -23002237 -43338578 2348779838
2348779838 -23002181 -43338531 2348779778
2348779822 -23002167 -43337532 2348779785
2348779778 -23002149 -43338489 1366793966
1772683366 -23002137 -43337591 2348779822 2348779772
2348779772 -23002133 -43337465 2348779840
1366793966 -23002129 -43338443 1772683366
2348779834 -23002106 -43338540 1366793966
2348779840 -23002091 -43337376 2348779796
2348779782 -23002086 -43338596 2348779834
1772683364 -23002063 -43336220 1772683352 1772683376
2348779753 -23002059 -43338652 2348779782
2348779796 -23002041 -43337318 2348779787
1366793953 -23002023 -43338713 2348779753
1772683362 -23001993 -43336698 1772683340
2348779770 -23001976 -43338760 1366793953
2348779787 -23001965 -43337271 1772683360
2348779820 -23001933 -43338790 2348779770
1772683360 -23001827 -43337182 2348779749
2348779749 -23001758 -43337139 2348779755
2348779752 -23001728 -43339044 2348779766
1772683358 -23001699 -43332761 3515173524 1772683356
2348779766 -23001683 -43339075 2348779743
2348779755 -23001656 -43337079 1772683350
1772683354 -23001653 -43334921 3515173523 1772683356
1772683356 -23001643 -43333966 1772683354 1772683344 1772683358
2348779743 -23001642 -43339121 2348779826
2348779826 -23001602 -43339186 2348779828
2348779828 -23001573 -43339255 2348779836
2348779836 -23001555 -43339323 1366793907
1366793921 -23001549 -43338964 2348779820
1366793907 -23001543 -43339400 2348796040
1772683352 -23001539 -43335926 1772683348 1772683364
2348779776 -23001475 -43338997 1366793921
1772683350 -23001456 -43337005 2348779760
1367388609 -23001410 -43339009 171621835 2348779776
1366793886 -23001408 -43339140 1367388609
2348779760 -23001348 -43336977 2348779761
2324928348 -23001253 -43330204 1772683346
2348779761 -23001232 -43336960 2348779832
1772683348 -23001224 -43335182 1772683342 1772683352
1772683346 -23001193 -43330514 1772683374 171605994
171605994 -23001103 -43331245 171638033 1772683459
2324928379 -23001099 -43330086 146452649
2348779832 -23001049 -43336946 2348779774
2348779824 -23001015 -43336571 1772683370
146452649 -23000971 -43330753 171638037
171638033 -23000955 -43333375 1772683344
2348779774 -23000941 -43336946 2348779842
1772683344 -23000935 -43333903 171639004 1772683356
171638034 -23000924 -43333023 171638033
171638035 -23000924 -43332697 171638034
171639004 -23000920 -43334199 171639003 2370326385
171638037 -23000908 -43332113 171638035 2631394825
2370326385 -23000898 -43334575 3868603452
3868603452 -23000896 -43334627 1772683342
171639003 -23000867 -43334286 171639002
1772683342 -23000863 -43335102 171605992 1772683348
2348779842 -23000860 -43336951 2348779788
171635912 -23000850 -43330021 146447051
171605992 -23000838 -43335373 1772683340
171639002 -23000814 -43334353 2631394825
1772683340 -23000791 -43336040 678834536 1772683362
2348779788 -23000788 -43336984 1772683338
678834536 -23000767 -43336321 2348779798
2348779798 -23000763 -43336407 678833979 2348779824
678833979 -23000757 -43336555 2348779824 2323271189
2323271189 -23000753 -43336674 1772683338
146447053 -23000748 -43330748 171635912
1772683338 -23000726 -43337050 171621835
2631394825 -23000721 -43334413 2370326393 3868603450
2370326393 -23000705 -43334585 3868603451
3868603451 -23000702 -43334629 678833972
146447054 -23000689 -43331430 146447053
3868603450 -23000671 -43334448 171638999
2348779812 -23000654 -43336560 678833979
171621835 -23000627 -43338961 3782817336 1367388609 2348779791
3782817336 -23000620 -43339077 1367370158
1367370158 -23000618 -43339132 171621888
171638999 -23000596 -43334476 3868603447
171600808 -23000591 -43330386 3867984723
171621888 -23000590 -43339650 2631394824
678833972 -23000586 -43336391 678833971
2631394824 -23000577 -43339890 171605991
171623613 -23000568 -43339469 171621888
678833971 -23000557 -43336587 2348779812 2631418895
2631418895 -23000553 -43336648 2631418894
2631418894 -23000552 -43336695 146452646
3868603447 -23000540 -43334480 2631394821
1772683336 -23000523 -43330833 171600808 1772683296
2631418893 -23000514 -43336608 678833971
146452646 -23000513 -43337825 2938260664
1367370157 -23000505 -43339366 171623613
2631394822 -23000504 -43334314 146447054
2631394821 -23000496 -43334461 171638997 2631394822
171637001 -23000494 -43331367 1772683336 171635912
2631418892 -23000493 -43336619 2631418893
2370326398 -23000483 -43334668 2631394821
2938260664 -23000471 -43338769 2348779791
2348779791 -23000462 -43338953 3782817335 1367370125
3782817335 -23000454 -43339079 2631394819
2631394819 -23000439 -43339321 1367370157 1367370144
146447056 -23000434 -43335593 2370326398
1367370144 -23000427 -43339482 2631394817
171638997 -23000424 -43334415 171638996
1772683334 -23000420 -43332359 171637001 1772683275
2631394817 -23000418 -43339660 146452644
171623617 -23000390 -43339289 2631394819
1367370125 -23000381 -43338952 171621829
171638996 -23000380 -43334366 3868603443
678834313 -23000356 -43336508 146447056
2368164436 -23000350 -43333409 1772683334
2323271193 -23000348 -43336613 678834313
3868603443 -23000342 -43334295 171638334
678833980 -23000342 -43336708 2631418892 2323271193
171621829 -23000295 -43338942 2348779806
171638334 -23000295 -43334164 2368164436
1367370131 -23000284 -43339272 171623617
678834548 -23000270 -43334592 171638334
2370326389 -23000268 -43334661 678834548
2631394815 -23000263 -43336767 678833980
146447057 -23000260 -43338211 678833980
1367370096 -23000223 -43338743 146447057
2348779806 -23000218 -43338932 1367370098 1367370096
1367370109 -23000205 -43339073 2348779806
2323271188 -23000203 -43336838 2631394815
1367370091 -23000202 -43339134 1367370109
2348755255 -23000197 -43339286 1367370091 1367370131
1367370098 -23000171 -43338912 2348779768
171623620 -23000134 -43339315 2348755255
1772683333 -23000124 -43336307 2370326389 1772682993
2348779768 -23000116 -43338860 2348779748
678834549 -23000105 -43336710 1772683333
2323271187 -23000103 -43336765 678834549
678833981 -23000092 -43337096 2323271187 2323271188
2348779748 -23000083 -43338818 171621828
1772683331 -23000063 -43337624 1772683259 678833981
171621828 -23000061 -43338758 171621827
1367370142 -23000055 -43339400 171623620
171621827 -23000032 -43338641 1772683331
1772683329 -23000014 -43338962 1772683236 171621827
1367370067 -23000005 -43339133 1772683329
1367370079 -23000002 -43339185 1367370067
