349335752 -23.0339853 -43.4891331 349335753 3467950596 2689154309
2689154309 -23.0339661 -43.4890164 2689154308 349335752 3467950595
3467950596 -23.0339619 -43.4891387 2689154292 349335752
2689154308 -23.0339472 -43.4889007 349335751 3467950594 2689154309
3467950595 -23.0339426 -43.4890211 2689154289 2689154309
3467950594 -23.0339235 -43.4889044 2689154308 2689154304
2689154307 -23.033919 -43.4896904 2689154298 2689154306
2689154306 -23.033848 -43.489239 2689154307 2689154294
2689154304 -23.033809 -43.488922 3467950594 2689154303
2689154303 -23.033731 -43.488834 2689154293 2689154283 2689154304
2689154300 -23.0337 -43.489819 2689154298 2689154277
2689154298 -23.0336848 -43.4897379 2689154295 2689154307 2689154300
349335751 -23.0336773 -43.4874442 3011833755 2689154308
2689154295 -23.0336686 -43.4896516 2689154298 2689154291 2689154276
2689154294 -23.033659 -43.489275 2689154287 2689154306 2689154292
2689154293 -23.033651 -43.48843 2689154282 2689154303
2689154292 -23.0336489 -43.4892135 2689154294 3467950596 2689154289 2689154285
2689154291 -23.0336415 -43.4895072 2689154295 2689154288 2689154274
2689154289 -23.033621 -43.489086 2689154292 3467950595
2689154288 -23.0336176 -43.4893804 2689154287 2689154271 2689154291
2689154287 -23.0336007 -43.4892902 2689154288 2689154294 2689154285
2689154285 -23.033589 -43.4892278 2689154287 2689154268 2689154292
2689154283 -23.0335839 -43.4888266 2689154279 2689154303 2689154275
2689154282 -23.0335693 -43.4884491 2689154279 2689154293
3011833755 -23.0335337 -43.4867352 349335750 349335751
2689154279 -23.0335054 -43.4884646 2689154283 2689154273 2689154282
2689154277 -23.0334769 -43.4898711 2689154257 2689154300 2689154276 2689154280
2689154276 -23.0334385 -43.4896923 2689154295 2689154274 2689154277
2689154275 -23.033411 -43.488818 2689154283 2689154269
2689154274 -23.0334086 -43.4895596 2689154271 2689154291 2689154276
2689154273 -23.033403 -43.488489 2689154279 2689154269
2689154271 -23.0333786 -43.4894263 2689154288 2689154268 2689154274
349335750 -23.0333718 -43.4861824 3011833720 3011833755
2689154269 -23.033368 -43.488566 2689154273 2689154275
2689154268 -23.033347 -43.489286 2689154271 2689154242 2689154285
3011833720 -23.033299 -43.4860157 349335750 2666202480
3011833719 -23.0332517 -43.4858604 2666202480 2666202482
2666202482 -23.0332512 -43.4857711 3011833719 2666202476
2666202480 -23.0332328 -43.4859276 3011833720 3011833718 3011833719
3011833718 -23.0331392 -43.4858435 3011833717 2666202480
2689154257 -23.033096 -43.48996 2689154258 2689154277
3011833717 -23.0330681 -43.4858024 3011833718 349335747
2666202476 -23.0326416 -43.4837217 2666202482 2666202474 3467950593
2666202474 -23.0325965 -43.4835401 2666202476 2666202472
349335747 -23.0324416 -43.4855876 3011833715 3011833717
2689154242 -23.032401 -43.489452 2689154241 2689154268
2689154241 -23.032375 -43.489617 2689154240 2689154242
3011833715 -23.0323324 -43.4855223 3011833714 349335747
2689154240 -23.032281 -43.489635 2689154235 2689154241
3011833714 -23.0322525 -43.4854424 3011833713 3011833715
3011833713 -23.0321878 -43.4853128 349335746 3011833714
349335746 -23.0321363 -43.4850563 349335743 3011833713
2689154235 -23.032073 -43.48962 2689154230 2689154240
2666202472 -23.0319805 -43.4814072 2666202470 2666202474
2666202470 -23.0319347 -43.4813576 2666202472 2666202468
2689154230 -23.031923 -43.48957 2689154235
3467950593 -23.0318944 -43.4839547 349335743 2666202476
2666202468 -23.0318623 -43.4813461 2666202470 2666202466
349335743 -23.0318361 -43.4839729 3011833712 2689151826 349335746 3467950593
3011833712 -23.0317236 -43.484002 349335743 2689151829
2689151829 -23.0315879 -43.4840165 2689151828 3011833712
2666202466 -23.0315533 -43.4813995 2666202464 2666202468
2666202464 -23.031498 -43.4813766 2666202466 2666202462
2666202462 -23.031395 -43.4812851 2666202464 2666202459
2666202459 -23.031353 -43.4811821 2666202457 2666202462
2689151828 -23.031341 -43.4839817 2689151827 2689151829
2666202457 -23.0312081 -43.4811755 3467950592 2666202459
2689151827 -23.0311665 -43.4840027 2689151828 2689151825
3467950592 -23.0311009 -43.4812001 2666202457 349335741
2689151826 -23.0310629 -43.4813017 349335743 349335741
349335741 -23.0310407 -43.4812139 2689151826 3467950592 3283750617
2689151825 -23.0309954 -43.4841054 2689151821 2689151827 2689151819
2689151821 -23.0304531 -43.4843681 2689151817 2689151814 2689151825
2689151819 -23.0303893 -43.4819507 2689151825
2689151817 -23.03034 -43.484586 2689151821 3011833706
2689151814 -23.0303245 -43.4843701 2689151821 3011833708
3011833708 -23.0302484 -43.4843135 3011833705 2689151814
3011833706 -23.0302065 -43.4847339 3011833702 2689151817
3011833705 -23.0301773 -43.4842308 3011833708 2689151806
2689151806 -23.0301208 -43.4841321 3011833705 2689151802
2689151802 -23.0300834 -43.4839969 2689151806 2689151799
3011833702 -23.0300644 -43.4848469 2689151800 3011833706
3302912273 -23.0299792 -43.4823837 3302912272
3218782291 -23.0299239 -43.4828483 3218782290
2689151800 -23.0299052 -43.4849432 3011833702 2689151798
2689151799 -23.0298696 -43.4833391 2689151802 3218782289
3302912272 -23.0298681 -43.4824642 3302912271 3302912273
474816057 -23.0298314 -43.4801097 474819168 474816067 474816056
3218782289 -23.0298227 -43.483323 2689151799 3218782290
2689151798 -23.029774 -43.4849867 2689151797 2689151800
3302912271 -23.0297249 -43.4824749 3302912270 3302912272
3218782290 -23.0296869 -43.4829395 3218782289 3218782291 3302912267
3302912270 -23.0296558 -43.4824588 3302912271 3302912269
3302912267 -23.029641 -43.4828558 3218782290 3302912268
3302912268 -23.0296262 -43.4827431 3302912267 3302912269
2689151797 -23.0295602 -43.4849982 3302903932 2689151798
3302912269 -23.0295595 -43.4825661 3302912268 3302912270
3302903932 -23.0291594 -43.4851313 2689151797 2689151793
474819168 -23.0290329 -43.4803711 474819170 474819167 474816057
2689151793 -23.0289252 -43.4851468 3302903932 2689151792
474819170 -23.0289113 -43.4800098 474819168 474819172
2689151792 -23.0287298 -43.4851136 3302903939 2689151793
3302903939 -23.0285466 -43.4851381 2689151791 2689151792
2689151791 -23.028489 -43.4851458 2689151785 3302903939
474819167 -23.0281813 -43.4806488 3274714062 474819168 474819165
3274714061 -23.0279851 -43.4808379 3274714062
3274714062 -23.0279505 -43.4807239 474819162 3274714061 474819167
2689151785 -23.0277926 -43.4852953 2689151783 2689151791
2689151783 -23.02762 -43.485366 1789433025 2689151785
1789433127 -23.0275905 -43.4868439 1789433012 2689162324
1789433012 -23.0275641 -43.4871356 1789433058 1789433127
2689162324 -23.0274328 -43.4860619 1789433127
1789433058 -23.0273809 -43.4876951 1789433060 1789433012
474819162 -23.0273502 -43.4809168 3274714062 474816066 474819161
1789433060 -23.0272721 -43.488098 1789433058 1789433098
1789433098 -23.0272407 -43.4883793 1789433063 1789433060
474819161 -23.0271762 -43.4803219 474819162 474819160
1789433025 -23.0269017 -43.4855371 2689151783 1789433075 3011833694
3011833694 -23.0268624 -43.485807 1789433083 1789433025
1789433075 -23.0268304 -43.4852616 2689151759 1789433025
2689162312 -23.0266914 -43.4853806 2689162310 2689162311
2689162311 -23.0266901 -43.4855441 2689162309 2689162312
1789433083 -23.0266868 -43.4864762 3218835332 3011833694 3011833691
2689162310 -23.0266679 -43.4852151 2689162297 2689162312
1789433077 -23.0266669 -43.4898071 2689162302 1789433113 1789433117
2689151759 -23.0266584 -43.4846692 1789433075 2689151757
2689151757 -23.0266146 -43.4844335 2689151759 2689151755
2689162309 -23.0266003 -43.4860293 2689162311 2689162308
3011833691 -23.0265953 -43.4864451 1789433083 3011833689
2689151755 -23.0265678 -43.4842881 2689151754 2689151757
3218835332 -23.0265602 -43.4869732 1789433083 1789433108
2689162308 -23.0265198 -43.4861046 2689162309 1789433034
474816066 -23.0265163 -43.4811813 3011833687 474819162 474816070
1789433108 -23.0264447 -43.4874263 3218835332 1789433006
2841031416 -23.0264174 -43.4858667 1789433034 474815970
474815970 -23.0264127 -43.485617 474815969 2841031416 474815925
3011833689 -23.0264106 -43.4863949 583093021 3011833691
1789433006 -23.0263837 -43.4876585 3011833688 1789433108
1789433034 -23.0263818 -43.4862224 583093021 2841031416 2689162308
583093021 -23.026331 -43.486367 583093020 1789433034 3011833689
2689151754 -23.0263228 -43.4834812 2689151755 2689151753
474815969 -23.026317 -43.4852732 474815968 474815970
3011833688 -23.0262997 -43.4878194 1789433113 1789433006
3011833687 -23.0262675 -43.4812282 3011833683 474816066
2689162302 -23.0262659 -43.4899317 1789433077 2689162293 2689162299
2689151753 -23.0262583 -43.4832151 2689151754 2689151751
474816070 -23.026238 -43.4801062 474811192 474816066
1789433113 -23.0261828 -43.4879712 3011833688 1789433077 3011833685
474815968 -23.0261748 -43.4850758 474815965 474815969
2689162301 -23.026129 -43.488995 2689162299
2689151751 -23.0261227 -43.4828142 2689151753 2689151749
3011833685 -23.0260957 -43.488062 1789433113 1789433003
2689151749 -23.0260582 -43.4825219 2689151751 2689151747
2689162299 -23.026048 -43.489023 2689162302 2689162301
474815965 -23.0260089 -43.4848613 474815963 474815968
474815963 -23.025922 -43.4845952 474815965 474815962
474815925 -23.0259122 -43.4856732 474815926 474815970
2689151747 -23.0258896 -43.4819077 3467950584 2689151749
583093020 -23.0258624 -43.4872258 583093019 583093021 3011833681
3011833683 -23.0258375 -43.4812765 3011833687 474816032
2689162297 -23.0258198 -43.4821587 2689162310 3467950583
474815926 -23.0258114 -43.4852818 474815925 474815927
474815962 -23.0257719 -43.4842948 474815961 474815963
3011833681 -23.0257482 -43.4871346 583093020 1789433004
474815961 -23.0257166 -43.4840029 474815960 474815962
3467950584 -23.025713 -43.4813496 2689151747 474816032
474816032 -23.0257054 -43.4813256 1941981797 3289979624 3467950584 3011833683
1789433004 -23.0256959 -43.4870464 3011833681 2689162251
1941981797 -23.0256672 -43.4813464 474816062 474816032
2689162251 -23.0256569 -43.4868949 1789433033 1789433004
474815927 -23.0256534 -43.4846553 474815926 474815929
474815960 -23.0256376 -43.4833678 474815958 474815961
474815929 -23.0255902 -43.4843978 474815927 2687821803
3467950583 -23.025587 -43.4814225 2689162297 474816062
474816062 -23.0255771 -43.4813913 1941981797 3290014890 3467950582 3467950583
3467950582 -23.0255691 -43.4813507 2689151740 474816062
1789433033 -23.0255621 -43.486527 3011833673 2689162251
474815958 -23.0255508 -43.4828528 474815957 474815960
3290014890 -23.0255399 -43.4814081 474816062 3337492144
2687821803 -23.0255261 -43.4841394 1789433132 474815929 2687821802
3011833673 -23.025506 -43.4864348 3218372481 1789433033
3218372481 -23.0254693 -43.4864016 2687808320 3011833672 3011833673
583093019 -23.0254563 -43.4879682 583093020 583093018
3011833672 -23.0254522 -43.4863861 2687808321 3218372481
2689151740 -23.0254078 -43.4805336 3283739989 3467950582
3337492144 -23.0254022 -43.4814879 3290014892
3337492145 -23.0253911 -43.4814295 3290014890
3283739989 -23.0253906 -43.480475 2689151736 2689151740
2687821802 -23.0253893 -43.4841217 2687808318 2687821803
2687808321 -23.0253818 -43.4863773 1789433008 3011833672
1789433132 -23.0253489 -43.4834245 2687821803 474815931 3467950578
2687808320 -23.0253456 -43.4856256 2687808319 3218372481
474815957 -23.0253371 -43.4825561 474815955 474815935 474815958
474815931 -23.0253217 -43.4832991 1789433132 474815932
474815955 -23.0253217 -43.4822949 474815957 474815954
1789433129 -23.0252693 -43.4894049 2689162282 2689162286
474815932 -23.0252626 -43.4830417 474815933 474815931 2687821801
474815954 -23.0252506 -43.4819001 474815953 474815955
474815953 -23.0252506 -43.4817198 3467950581 474815954
2687808319 -23.0252333 -43.4853857 2687808320 2687808317 1789433054
3290014893 -23.0252035 -43.4814791 474815977 3337492145
3467950581 -23.0252022 -43.4815717 3290014892 474815953
2689162282 -23.0251939 -43.4894088 1789433129
3290014892 -23.025193 -43.4815435 474815940 3467950581
1789433054 -23.0251884 -43.485235 2687808319 1789433017
474815933 -23.0251813 -43.4827015 474815932 474815935 2687821800
474815977 -23.0251758 -43.4813537 3290014893 474816041
474815940 -23.02517 -43.4815494 492467886
583093018 -23.0251557 -43.4882401 583093019 3011833664
3290014891 -23.0251552 -43.4814958 3290014893
2687808318 -23.0251313 -43.4842452 2687808316 1789433017 2687821802
474816041 -23.0251242 -43.4811791 474816039 474815977
474815935 -23.0251163 -43.4824065 474815957 474815933 1789433131
1789433131 -23.0250942 -43.4823211 474815935 492467886 3467950575
474816039 -23.0250926 -43.4810332 474816041 474816038
2687808317 -23.0250758 -43.4854624 2687808319 2687808315
2687821801 -23.0250702 -43.4830933 2687821797 474815932
474816038 -23.0250531 -43.4809474 3235110051 474816039
3235110051 -23.0250166 -43.4807887 474816037 3248222150 474816038
2687821800 -23.0250111 -43.4827423 2687821795 474815933
474816037 -23.0249978 -43.480707 3235110051 474816036
1789433017 -23.0249846 -43.484398 1789433011 2687808318 1789433054
474816036 -23.0249662 -43.4804925 474816037 3278286580
3248222150 -23.024959 -43.4808308 3235110051 3235110050 3248222151
3235110050 -23.0249392 -43.4808453 3248222150 3235110049
492467886 -23.0249293 -43.4816178 1789433044 1789433131
492467854 -23.0249182 -43.4815494 3235110049 3290014891
3278286580 -23.0249025 -43.4802442 3278286581 474816036
2687808316 -23.0248978 -43.4840603 2687808318 1789433029
3248222151 -23.0248953 -43.4807351 3248222150 3248222152
3248222152 -23.0248582 -43.4806734 3248222153 3248222151
2687821797 -23.0248413 -43.4831123 3467950577 2687821801
3248222153 -23.0248261 -43.4806064 3248222152 3248222154
3467950578 -23.024823 -43.4835917 1789433132 1789433029
2687808315 -23.024817 -43.4855352 2687808317
3248222154 -23.0248113 -43.480534 3248222153 3248222155
3248222155 -23.0248089 -43.4804133 3248222154 3278286581
1789433029 -23.024801 -43.4835987 2687808316 3467950578 2687821793
3278286581 -23.0247984 -43.4802537 3248222148 3248222155 3278286580
3248222148 -23.0247903 -43.4801316 3248222156 3278286581 3248222147
1789433024 -23.0247754 -43.487454 1789433109 1789433091
3235110049 -23.0247732 -43.4808931 492467854 3248222147 3235110050
2687821795 -23.024765 -43.4827652 2687821800 3467950576
1789433003 -23.0247499 -43.4889501 3011833685 1789433136
1789433008 -23.0247352 -43.4865683 3011833667 2687808321
3467950577 -23.0247092 -43.4831464 2687821797 2687821793
2687821793 -23.024686 -43.4831524 2687821792 1789433029 3467950577
3011833667 -23.0246682 -43.4866161 3286243287 1789433008
3286243287 -23.0246594 -43.4866289 3286243286 3011833667 3011833665
3286243286 -23.0246268 -43.4865725 3286243285 3286243287
3467950576 -23.0246222 -43.4828084 2687821792 2687821795
3011833665 -23.0246198 -43.4866863 1789433109 3286243287
1789433109 -23.024607 -43.4867602 1789433024 3011833665
3286243285 -23.0246046 -43.486543 3286243284 3286243286
2687821792 -23.0245992 -43.4828154 1789433031 2687821793 3467950576
3248222147 -23.0245933 -43.4801493 474811251 3248222148 3235110049
3286243284 -23.0245626 -43.4864974 3286243283 3286243285
3286243283 -23.0245465 -43.4864693 3286243282 3286243284
3467950575 -23.0245322 -43.4824594 1789433031 1789433131
3286243282 -23.0245293 -43.4864116 3286243283 3286243281
2689162270 -23.0245132 -43.4898834 2689162272
1789433031 -23.0245131 -43.4824641 2687821792 3467950575 3278267063
3286243281 -23.0245071 -43.4863218 3286243282 3286243280
3286243280 -23.0244885 -43.4862601 3286243279 3286243281
3278267063 -23.0244787 -43.482324 3278265256 1789433031
3286243279 -23.0244676 -43.4862386 2687821788 3286243280
3011833664 -23.0244311 -43.4884329 3011833657 583093018
2687821788 -23.024422 -43.486145 2687821786 3286243279
3278265256 -23.0244168 -43.4820724 1789433044 3278267063
492467763 -23.024361 -43.4816715 492467854 3467950572
3467950572 -23.0243552 -43.4816485 2687806548 492467763
1789433044 -23.0243517 -43.4818075 1789433137 492467763 3278265256
3011833657 -23.0242992 -43.4884991 349333576 3011833664
1789433011 -23.0242325 -43.4846316 1789433111 1789433017
2687821786 -23.02421 -43.485241 2687821788 1789433056
349333576 -23.0241894 -43.4885791 492467574 3011833657
1789433111 -23.0241575 -43.4847362 1789433056 1789433011 2687821783
492467574 -23.024106 -43.4886632 349333576 2687819718 3315615968
1789433056 -23.0240555 -43.485056 1789433111 2687821786 1789433055
2687821783 -23.02399 -43.484481 1789433111 2687821780
1789433055 -23.0239589 -43.485174 1789433087 1789433056
1789433091 -23.0239558 -43.4876746 349333576 1789433024
1789433136 -23.0239258 -43.4894498 1789433003 1789433028
3218782102 -23.0238625 -43.487308 1789433091
2687821780 -23.0238245 -43.4837401 1789433069 2687821783
1789433028 -23.0237881 -43.4895753 1789433136 1789433071
1789433069 -23.0237196 -43.4832277 2687821780 3484038187
2687819718 -23.0236731 -43.4869856 3229077768 3189349381
3484038187 -23.0235585 -43.4826012 1789433137 1789433069
3315615968 -23.0235103 -43.4892884 492467396 492467574
3189349381 -23.0234384 -43.4860796 3311216163
492467582 -23.0234351 -43.4891839 3315615968
1789433137 -23.0234229 -43.482074 2687806547 3484038187
3229077768 -23.0234203 -43.4870913 492467611 2687819718
1789433112 -23.0233872 -43.4819566 1789433052 492467763
1789433087 -23.0233666 -43.4853592 3218782102 1789433055
492467396 -23.0233622 -43.4894578 492467390 349333444 3315615968
492467588 -23.0233561 -43.4889178 492467582
3311216163 -23.0233396 -43.4857059 3189349385
492467390 -23.0233388 -43.48927 2687808314
3194613022 -23.0233282 -43.4888507 492467588
3189349385 -23.0233023 -43.485554 1789433039
2687808314 -23.0232468 -43.4889789 3194613021
492467595 -23.0232446 -43.4886497 3194613022
3194613021 -23.0232113 -43.4889102 492467381
492467381 -23.0231963 -43.488881 3200452044
3200452044 -23.023184 -43.4888581 492467370
492467370 -23.023131 -43.4887591 2687819716
2687819717 -23.0230635 -43.4880062 492467595
1789433039 -23.0230417 -43.4845482 3219698970 3467950561
3467950561 -23.0230197 -43.4845541 1789433039 492466872
3332818792 -23.0229962 -43.4877557 2687819717
2687819716 -23.0229461 -43.4880408 3332818791
492467601 -23.0229333 -43.487505 3332818792
3332818791 -23.0228851 -43.4877906 492467362
492467362 -23.0228743 -43.4877677 492467359
492467611 -23.022868 -43.4873342 3229077768 492467601
3315615961 -23.0228641 -43.4873239 492467611
2687806547 -23.022853 -43.4822543 492467883
3411322178 -23.0228285 -43.4832687 1789433087
3411322180 -23.0227923 -43.4831284 3411322178
492467359 -23.0227874 -43.4875188 3269845769
492467883 -23.0227698 -43.4823021 492467559
3269845768 -23.0227089 -43.4872312 3315615961
3219698972 -23.0227086 -43.4828031 3411322180
492466882 -23.0226768 -43.4867206 3189349384 492466885
3269845769 -23.0226711 -43.4873775 492467356
492467547 -23.0226617 -43.4821958 492467883 1789433112
492467356 -23.0226531 -43.4873557 492467353
492467559 -23.0226513 -43.4825807 3219698972 492467568
3467950555 -23.0226246 -43.4821627 492467547
492467620 -23.0226136 -43.4871755 3269845768
3219698970 -23.0226031 -43.4828357 492467568
3189349384 -23.0225861 -43.4863496 492466878 492466882
3218127989 -23.0225802 -43.4871646 492467620
3467950553 -23.0225649 -43.4821096 3467950555
492466885 -23.0225614 -43.4871584 3218127989 492466882
492467568 -23.022548 -43.4826206 492467880
492467353 -23.0225346 -43.487287 2687819706
492467549 -23.0225188 -43.4820685 3467950553
492466878 -23.0225008 -43.4860011 3189349384
492467627 -23.0224556 -43.487124 492466885
492467533 -23.0224193 -43.4820799 2687806544
2687819710 -23.0223963 -43.4856573 3269845762
492466872 -23.0223588 -43.4847319 3467950561 2687808312 2687808313
3467950551 -23.0223566 -43.4822439 492467533
3269845762 -23.0223309 -43.4853986 2687808313 2687819710
492467536 -23.0223309 -43.4823111 492467547 3467950551
2687806545 -23.022298 -43.4811852 2687806544 492467549
492467880 -23.0222233 -43.4824423 492467536 3190530683
2687808313 -23.0222226 -43.4849706 3269845762 492466872
2687806544 -23.0222162 -43.4812097 492467531 2687806545
2687819645 -23.0222008 -43.4870901 492467627 2687819706
2687819706 -23.0221784 -43.487241 492467351
3190530683 -23.0221164 -43.4824749 2118673957
3190530682 -23.0220898 -43.4823473 492467536
2687808312 -23.0220633 -43.4844277 2687819703 492466872 492466869
3467950550 -23.0220424 -43.4800721 1789433052 492467551
492467551 -23.0220214 -43.4800784 2687806545 492467531 3467950550
3467950547 -23.0220165 -43.4800591 492467551
2687819703 -23.0220084 -43.4841612 2687808312 492466861
492466869 -23.0219342 -43.4843945 2687808312 492467439
492467531 -23.0219313 -43.4801056 3467950546 3467950539 492467551
3467950546 -23.0219263 -43.4800864 2687806543
2118673957 -23.0218965 -43.4825419 3190434669
3190530679 -23.0218782 -43.48241 3190530682
492466861 -23.0218468 -43.4834814 492466858 2687819703
492466858 -23.0218464 -43.4831328 492466853 492466861
492467641 -23.021792 -43.4870381 2687819645
3269845766 -23.0217754 -43.4870273 492467641
492467351 -23.0217683 -43.487184 492467347
3218904677 -23.0217472 -43.4870089 3269845766
492466853 -23.0217275 -43.4826423 492466858
3190434669 -23.021717 -43.482597 492466846 3190434672
492467644 -23.021713 -43.4869866 3218904677
492467347 -23.0216831 -43.4871517 492467345
492467648 -23.0216814 -43.4868751 492467644
492467652 -23.0216004 -43.4866349 3246437126 492467648
492466846 -23.0215994 -43.482496 3190530679 3467950545
3467950545 -23.021593 -43.4824711 492466846 492466841
492467345 -23.0215746 -43.4870047 492467341
2687819695 -23.0215475 -43.4860357 2687819690
492467341 -23.0215149 -43.4867909 492467327
3246437126 -23.0215121 -43.4862189 492467652
492467656 -23.0214581 -43.4864799 492467652
492467327 -23.0214287 -43.4866605 492467323
2687819690 -23.021379 -43.485306 492467481 2687819695
492467658 -23.021349 -43.4864539 492467656
492467323 -23.0213418 -43.4866347 3467950540
492467439 -23.0213097 -43.4845878 3213199279 492466869
3213199279 -23.021288 -43.484609 492467439 492467465 492467447
492467465 -23.0212221 -43.4844449 3213199280 3213199279
492467447 -23.0212154 -43.4846626 3213199279 492467477
492467662 -23.0211917 -43.4864287 492467658
3467950541 -23.0211842 -43.4864279 492467662
3213199280 -23.0211334 -43.4843779 2687808311 492467465
492467477 -23.0211302 -43.4850676 492467481 492467447
3467950540 -23.0211195 -43.4866013 3271975882
492467481 -23.021108 -43.4851816 3300273553 492467477 2687819690
3467950539 -23.0210769 -43.4803666 492467531 492466841
3271975882 -23.0210672 -43.4865935 492467319
492466841 -23.0210532 -43.4803738 3467950539 3467950536 3467950545 3467950526
3467950536 -23.0210479 -43.4803532 492466838 492466841
2687808311 -23.0209584 -43.4837251 3213199280 492467462
492467663 -23.0208678 -43.4863944 3467950541
492467462 -23.0208465 -43.4835136 492467459 2687808311
492467319 -23.0207888 -43.4865489 492467317
492467667 -23.0207651 -43.4863257 492467663
3467950534 -23.0207539 -43.4863113 492467667
349333403 -23.0207198 -43.4897756 2689162254 3011833633
492467456 -23.0207092 -43.4827694 3467950533 492466846 3190434671
3467950533 -23.0207006 -43.4827362 3939499365 492467456
492467459 -23.0206956 -43.4829514 492467462
3011833633 -23.0206889 -43.4897492 349333403 3467950532
492467670 -23.0206782 -43.4862142 3467950534
3190434671 -23.0206777 -43.4828904 492467456
3190434672 -23.0206777 -43.4828904 3190530680
3467950532 -23.0206696 -43.4897379 3011833633 349333404
492467317 -23.0206647 -43.4864477 492467313
2687819675 -23.0206217 -43.4859902 492467670 2687819674
3939499365 -23.0206177 -43.4824109 3467950533 492467454
349333404 -23.0206132 -43.489705 2060536564 3467950532
492467313 -23.0205755 -43.4863086 2687819674
492467677 -23.0205123 -43.4855876 2687819675
2687819674 -23.0205081 -43.4860303 492467304
492467679 -23.0204628 -43.4854104 492467677
2685901517 -23.020443 -43.4890497 349333404
349333418 -23.020414 -43.4899229 2060536557
3300273553 -23.0204131 -43.4853412 492467679 492467481
2687819673 -23.0203986 -43.4853239 3300273553
492467304 -23.0203946 -43.4855373 492467302
3369571463 -23.0203779 -43.4853117 2687819673 3369582374
3369582374 -23.0203548 -43.4852304 3369571463 3369571464
158415717 -23.0203537 -43.4896846 349333418
2060560189 -23.0203453 -43.4890117 2060560191
3369571464 -23.0203424 -43.4851867 3369582374 3369571465
2663992464 -23.0203402 -43.488822 2060560189
2687819672 -23.020322 -43.484788 2687819668
2060560191 -23.0203169 -43.489288 158415717
492467302 -23.0203161 -43.4854469 492467297
492467484 -23.0203069 -43.48527 3369571463
1769660091 -23.0202974 -43.4885424 2663992464 2685901517
3369571465 -23.0202881 -43.4849654 3369571464
3250898190 -23.0202404 -43.488329 1769660091
929694478 -23.0202224 -43.48904 158415717
3190530680 -23.0202037 -43.4830299 2687808310
492467297 -23.0201912 -43.4853993 3218864564
3467950526 -23.0201834 -43.4806409 492466841 492467454
3190530681 -23.020176 -43.4829276 492467456
492467454 -23.0201598 -43.4806481 3467950523 3939499365 3287542984 3467950526
3467950523 -23.0201538 -43.4806246 492467453 492467454
2687819669 -23.020131 -43.483705 2687808310 2687819668
2685901512 -23.0201172 -43.4878676 3250898190
2687819668 -23.020116 -43.483988 2687819669 2687819672
3250898191 -23.0200689 -43.4883802 929694478
2664002490 -23.02005 -43.4876251 2685901512
3300263957 -23.020038 -43.4852305 492467484
