1542875117 -22.9962838 -43.5586455 1542875107
1542875107 -22.9961653 -43.5589244 1542875117 1542875113
1542875113 -22.9958097 -43.5588386 1542875121 1542875107
1542875121 -22.9940715 -43.5582807 1542875113 1542875184
1542875184 -22.9938542 -43.5580232 1542875121 1542875156
1542875156 -22.9933801 -43.5572293 1542875118 1542875184
1542875118 -22.9926888 -43.5559847 1542875156 1542875185
1542875185 -22.9917999 -43.555105 1542875118 1542875114
1542875114 -22.9914443 -43.5546973 1542875119 1542875185
1542875119 -22.9906779 -43.5542123 1542875114 1542875172
1542875172 -22.9900221 -43.5537317 1542875119 1542875171
3613809312 -22.9899499 -43.5501788 349332203 349332202
1542875171 -22.989631 -43.5531609 1542875172 1542875105
1542875105 -22.9893307 -43.5527661 1542875171 1542875116
349332203 -22.9891041 -43.5521251 3613809312 1542875116
1542875116 -22.9889933 -43.5524275 349332203 349332204 2985996087 1542875105
2985996087 -22.9889718 -43.552278 2985996088 1542875116
2985996088 -22.9889052 -43.5521846 2985996087 2985996089
2985996089 -22.988814 -43.552057 2985996088 2985996090
2985996090 -22.988716 -43.5519348 2985996089 2985996091
2985996091 -22.988617 -43.55178 2985996090 2985996092
2985996092 -22.988362 -43.551353 2985996091 2985996068
2985996068 -22.988269 -43.551234 2985996093 2985996092
349332204 -22.9880626 -43.5550053 349332205 1542875116
2985996093 -22.987906 -43.550979 2985996068 2985996094
2985996094 -22.987739 -43.550907 2985996093 2985996095
349332212 -22.9876897 -43.559867 2985996086 349332211
2985996095 -22.987606 -43.550784 2985996094 2985996096
349332211 -22.9875949 -43.5594979 349332210 349332212
349332210 -22.9873025 -43.5587855 349332209 349332211
349332205 -22.9872629 -43.5570227 349332204 349332206
2985996201 -22.987223 -43.559849 2985996200 2985996202
349332209 -22.9870996 -43.5581856 349332208 349332210
349332206 -22.9870974 -43.5575271 349332205 349332208
2985996200 -22.987093 -43.559785 2985996199 2985996201
349332208 -22.9870437 -43.5578633 349332206 349332209
2985996096 -22.986972 -43.550336 2985996095 2985996097
2985996199 -22.986757 -43.559558 2985996200 2985996198
2985996198 -22.986656 -43.559516 2985996085 2985996199
2985996085 -22.98645 -43.55936 2985996197 2985996198
2985996197 -22.986257 -43.559255 2985996196 2985996085
2985996196 -22.986052 -43.55918 2985996195 2985996197
2985996195 -22.985945 -43.55916 2985996084 2985996196
2985996084 -22.985587 -43.559144 2985996194 2985996195
3082442316 -22.9853137 -43.5500387 3082442314 3082442315
3082442315 -22.9852845 -43.5501657 3082442312 3082442316
2985996194 -22.985248 -43.559012 2985996193 2985996084
2985996193 -22.985096 -43.558908 2985996083 2985996194
3082442312 -22.9850741 -43.5503922 3082442311 3082442315
2985996083 -22.985049 -43.558849 2985996193 2985996192
3082442311 -22.9849767 -43.5504641 3082442310 3082442312
3082442310 -22.9849046 -43.5504747 3082442309 3082442311
2985996229 -22.9848813 -43.5599968 2985996225 2985996230
3082442309 -22.9848052 -43.5504133 3082442308 3082442310
3082442308 -22.9845909 -43.5501826 3082442307 3082442309
2985996192 -22.984477 -43.558382 2985996083 2985996191
3082442307 -22.9844331 -43.5500874 3082442308 3082442306
2985996230 -22.9844004 -43.559532 2985996229 2985996233
3082442306 -22.9842753 -43.5501318 3082442303 3082442307
3082442303 -22.9841272 -43.5502334 3082442302 3082442306
3082442302 -22.9840006 -43.5504239 3082442300 3082442303
2985996191 -22.983996 -43.558124 2985996190 2985996192
2985996233 -22.983904 -43.5590576 2985996230 2985996234
3082442300 -22.98387 -43.5507202 3082442296 3082442302
3082442296 -22.983757 -43.5508197 3082442300 3082442291
2985996190 -22.9837324 -43.557945 2985996082 2985996191
2985996234 -22.983668 -43.558714 2985996233 2985996235
3082442291 -22.9836557 -43.5508641 3082442289 3082442296
2985996235 -22.983589 -43.558537 2985996234 2985996236
2985996082 -22.9835346 -43.5577302 2985996189 2985996190
2985996236 -22.9835032 -43.5583806 2985996186 2985996235
3082442289 -22.9835018 -43.5508239 3082442281 3082442291
3082442281 -22.983268 -43.5506842 3082442289 3082442277
2985996189 -22.9832155 -43.5573991 2985996186 2985996082
3082442277 -22.9831374 -43.550625 3082442281 3082442260
3082442260 -22.9829855 -43.5506377 3082442242 3082442277
2985996186 -22.9829221 -43.5571622 2985996189 2985996184 2985996236
2985996184 -22.982802 -43.557084 2985996183 2985996186
3082442242 -22.9827224 -43.5506948 3082442032 3082442260
2985996183 -22.982536 -43.556887 2985996081 2985996184
3082442032 -22.9824555 -43.5507731 3082442242 3082442030
3082442030 -22.9823795 -43.5508133 3082442032 3082442027
2985996081 -22.982333 -43.556667 2985996182 2985996183
3082442027 -22.9823113 -43.5508705 3082442023 3082442030
3082442023 -22.9822353 -43.5509678 3082442021 3082442027
2985996182 -22.982221 -43.556467 2985996181 2985996081
3082442021 -22.9821691 -43.5510482 3082442020 3082442023
3082442020 -22.9820951 -43.5510757 3082442017 3082442021
2985996181 -22.982076 -43.556153 2985996182 2985996180
2985996180 -22.981912 -43.555721 2985996179 2985996181
3082442017 -22.9818126 -43.551063 3082441977 3082442020
2985996179 -22.981798 -43.555525 2985996178 2985996180
2985996178 -22.981729 -43.555345 2985996177 2985996179
2985996177 -22.981456 -43.554937 2985996176 2985996178
2985996176 -22.981358 -43.554823 2985996177 2985996080
2985996080 -22.981279 -43.554692 2985996176 2985996175
2985996175 -22.981151 -43.554555 2985996174 2985996080
2985996174 -22.980878 -43.554303 2985996173 2985996175
3082441977 -22.9805851 -43.5508493 3082442017 3082441974
2985996173 -22.98045 -43.55402 2985996172 2985996174
2985996172 -22.980352 -43.553976 2985996171 2985996173
3082441974 -22.9803142 -43.5507794 3082441977 3082441971
2985996171 -22.98024 -43.553878 2985996170 2985996172
2985996170 -22.980075 -43.553802 2985996171 2985996169
